## Time Delay Challenge light curves
##
## [time]=days, [lc]=[err]=flux in nanomaggies
##
##       time       lc_A      err_A       lc_B      err_B
##-------------------------------------------------------
      2.02000    0.06139    0.06895    0.96266    0.03985
      6.70000    0.11591    0.04225    0.94061    0.05148
      9.38000    0.13781    0.03137    1.02340    0.05975
     12.61000    0.18039    0.06637    1.00784    0.05762
     17.21000    0.19735    0.06414    0.97505    0.07484
     20.94000    0.14886    0.02670    1.02078    0.03266
     25.00000    0.08855    0.02983    1.02906    0.06044
     28.22000    0.20323    0.03827    0.93214    0.07200
     30.64000    0.14053    0.04939    0.96093    0.07188
     31.90000    0.15046    0.04277    0.94447    0.03352
     34.58000    0.19227    0.04516    0.91432    0.09258
     38.33000    0.06936    0.06549    0.97280    0.03155
     41.63000    0.12220    0.01211    0.94665    0.01556
     44.94000    0.08831    0.09658    1.00488    0.03235
     48.69000    0.13639    0.05366    0.96663    0.03869
     49.54000    0.15101    0.05581    0.94837    0.03398
     53.38000    0.13965    0.05167    0.93585    0.03009
     58.19000    0.11719    0.04213    0.97474    0.04092
     61.39000    0.14013    0.00828    1.00731    0.05590
     63.83000    0.03626    0.05021    1.02879    0.04542
     67.45000    0.20466    0.05015    1.00698    0.05336
     70.07000   -0.00365    0.03781    1.03190    0.03126
     72.77000    0.24340    0.05090    0.96929    0.06058
     77.05000    0.12032    0.02345    0.99455    0.05769
     80.35000    0.08307    0.06058    1.06667    0.04839
     82.39000    0.15116    0.05627    1.09660    0.03273
     86.23000    0.10686    0.05370    1.14867    0.06551
     89.61000    0.16989    0.02982    1.03588    0.05061
     91.88000   -0.02025    0.08546    1.06914    0.06004
     96.09000    0.13877    0.03004    1.06999    0.05746
    100.74000    0.18323    0.05730    1.19007    0.03959
    104.44000    0.01805    0.07601    1.15181    0.06861
    105.14000    0.09850    0.04958    1.11408    0.05144
    108.56000    0.24602    0.06395    1.07276    0.07960
    110.65000    0.06436    0.07158    1.13258    0.08292
    114.67000    0.17913    0.07527    1.08174    0.08289
    117.57000    0.21216    0.03090    1.17035    0.07300
    121.07000    0.18422    0.07417    1.04615    0.07348
    123.33000    0.11879    0.07245    1.18377    0.03890
    126.62000    0.15271    0.03848    1.21179    0.05020
    129.06000    0.11564    0.05343    1.11927    0.06287
    132.48000    0.15371    0.04800    1.06713    0.06067
    134.52000    0.23327    0.08734    1.17684    0.04453
    137.30000    0.21144    0.07024    1.06708    0.05115
    140.02000    0.17878    0.06421    1.09213    0.06147
    142.80000    0.17010    0.02856    1.20922    0.04979
    145.65000    0.12653    0.04274    1.11226    0.06435
    149.54000    0.17901    0.02930    1.14517    0.06937
    152.22000    0.28731    0.08845    1.13550    0.02420
    157.12000    0.17806    0.03214    1.09585    0.06263
    159.51000    0.12054    0.06713    1.17517    0.03806
    161.29000    0.15392    0.06444    1.15446    0.06666
    163.69000    0.02587    0.06890    1.16878    0.04051
    167.36000    0.11172    0.06674    1.17428    0.06007
    169.98000    0.15133    0.03525    1.15565    0.03932
    172.91000    0.19250    0.03972    1.22990    0.05153
    177.21000    0.14759    0.02738    1.38692    0.05333
    181.10000    0.10228    0.06559    1.32849    0.03808
    184.42000    0.16296    0.06273    1.32216    0.07413
    186.45000    0.11491    0.06292    1.23792    0.03051
    190.04000    0.19389    0.07744    1.25743    0.05482
    193.17000    0.17998    0.07556    1.25868    0.03777
    195.77000    0.17966    0.05454    1.22112    0.03038
    198.95000    0.17386    0.05886    1.22382    0.03833
    202.29000    0.16444    0.02995    1.30521    0.05525
    203.96000    0.15872    0.03277    1.22190    0.02993
    206.37000    0.14012    0.05969    1.21218    0.05675
    209.30000    0.11611    0.03470    1.26801    0.05426
    212.66000    0.18775    0.02721    1.16835    0.07245
    215.48000    0.16513    0.04166    1.17412    0.03728
    219.09000    0.19941    0.05740    1.13201    0.07191
    221.57000    0.12912    0.04253    1.21738    0.06166
    223.24000    0.18538    0.04317    1.22582    0.04602
    227.81000    0.13749    0.05131    1.18593    0.01675
    230.94000    0.16130    0.05519    1.13720    0.06898
    233.70000    0.16428    0.02126    1.14738    0.06678
    236.11000    0.13675    0.05257    1.13999    0.07221
    238.14000    0.20025    0.03031    1.17515    0.05063
    368.09000    0.05502    0.05767    0.94374    0.04434
    372.14000    0.10728    0.03240    0.98674    0.04576
    374.54000    0.03700    0.05674    1.06235    0.08541
    377.97000    0.15942    0.07683    0.95712    0.04971
    380.37000    0.15536    0.06680    0.88423    0.07588
    383.41000    0.14884    0.05132    0.92308    0.04744
    387.02000    0.06255    0.03665    0.92321    0.03017
    390.51000    0.10066    0.04238    0.90920    0.07839
    392.53000    0.14220    0.06208    0.88794    0.04512
    393.82000    0.15546    0.04768    0.92738    0.03492
    395.81000    0.09460    0.06739    0.90855    0.02473
    397.99000   -0.00344    0.06854    0.92801    0.04115
    399.20000    0.11677    0.06271    0.83077    0.04760
    402.61000    0.04394    0.05502    0.97611    0.05981
    405.05000    0.19165    0.04635    0.83998    0.04680
    408.40000    0.17414    0.07023    0.90325    0.04912
    409.74000    0.07483    0.05458    0.94809    0.07246
    414.15000    0.10460    0.05459    0.79373    0.05017
    417.82000    0.15504    0.06307    0.90247    0.04900
    421.31000    0.03976    0.04655    0.94482    0.04668
    423.94000    0.02576    0.06541    0.89232    0.03410
    426.90000    0.13440    0.03288    0.87825    0.06240
    429.86000    0.11444    0.04089    0.89068    0.06426
    432.59000    0.10646    0.04542    0.90363    0.04383
    434.89000    0.06079    0.05986    0.85835    0.05286
    436.48000    0.14507    0.05542    0.92094    0.04120
    441.79000    0.15310    0.04374    0.90929    0.03628
    445.01000    0.10901    0.04101    0.78598    0.05157
    447.66000    0.11667    0.04218    0.78468    0.06197
    449.42000    0.20291    0.04873    0.97917    0.07196
    453.23000    0.11001    0.03655    0.88080    0.03033
    456.19000    0.17273    0.06107    0.87915    0.06627
    459.60000    0.08595    0.04711    0.81934    0.05724
    462.61000    0.10961    0.04991    0.77453    0.07185
    464.35000    0.06471    0.03656    0.89934    0.04558
    469.33000    0.12415    0.05868    0.94638    0.06038
    470.34000    0.08711    0.06044    0.97290    0.07758
    472.45000    0.11878    0.04194    1.01410    0.06971
    475.91000    0.14836    0.08395    0.93851    0.08458
    479.33000    0.09070    0.04670    0.88474    0.04074
    482.16000    0.14374    0.04073    0.88456    0.02734
    484.73000    0.11892    0.04202    0.97627    0.04817
    486.86000    0.16215    0.07011    0.87122    0.05866
    492.16000    0.14742    0.01845    1.01904    0.04968
    495.32000    0.10541    0.02716    0.96191    0.05480
    498.41000    0.09383    0.07016    0.99787    0.05801
    500.54000    0.10130    0.04744    0.94244    0.06597
    502.66000    0.14957    0.05218    0.87889    0.04219
    507.07000    0.18294    0.05655    0.81147    0.05736
    510.34000    0.11832    0.09828    0.91109    0.05354
    512.48000    0.18888    0.07022    0.81731    0.06282
    516.12000    0.15207    0.04824    0.83272    0.05372
    518.62000    0.13354    0.04085    0.81746    0.07385
    521.72000    0.17970    0.08553    0.96317    0.02208
    523.98000    0.09942    0.05337    0.84733    0.07246
    526.05000    0.10184    0.03200    0.93039    0.07427
    529.50000    0.12087    0.05238    0.93199    0.03044
    532.55000    0.10951    0.01574    0.86140    0.05868
    534.78000    0.12287    0.03063    0.78623    0.08192
    537.62000    0.11075    0.07182    0.87182    0.04496
    540.35000    0.16248    0.05752    0.93568    0.04272
    543.20000    0.18831    0.05998    0.92609    0.03385
    546.44000    0.17684    0.05558    0.84439    0.05964
    549.27000    0.18666    0.02562    0.85666    0.04905
    551.80000    0.09037    0.04180    0.99963    0.06144
    555.29000    0.12432    0.03888    0.87025    0.07013
    558.76000    0.12684    0.05326    0.87419    0.04620
    563.57000    0.18934    0.04363    0.89449    0.05689
    568.39000    0.11211    0.05200    0.89515    0.04418
    571.66000    0.25676    0.07595    0.90135    0.02265
    573.99000    0.16303    0.06064    0.89948    0.05920
    577.39000    0.27670    0.07572    0.84834    0.06705
    580.57000    0.11416    0.03455    0.90139    0.04930
    583.19000    0.16412    0.02180    0.79246    0.03812
    586.87000    0.12472    0.03281    0.83043    0.05921
    590.39000    0.17984    0.05243    0.89637    0.05500
    592.82000    0.15050    0.03351    1.01962    0.06123
    598.63000    0.10897    0.06845    0.89838    0.02543
    602.08000    0.03198    0.08366    0.78287    0.05262
    732.25000    0.06284    0.04762    0.77884    0.05427
    734.94000    0.15163    0.06642    0.72668    0.04081
    737.33000    0.18475    0.08198    0.80366    0.05285
    740.45000    0.17674    0.03244    0.75651    0.04306
    743.39000    0.13744    0.06956    0.86060    0.05085
    747.13000    0.20738    0.04693    0.73246    0.03360
    749.27000    0.17986    0.03290    0.69253    0.05138
    752.22000    0.26011    0.05943    0.70777    0.06135
    756.02000    0.20687    0.03812    0.66492    0.03718
    759.23000    0.11654    0.06226    0.74925    0.03597
    763.11000   -0.01305    0.07015    0.65102    0.03611
    765.24000    0.30875    0.07423    0.68878    0.04789
    767.98000    0.15917    0.02442    0.74579    0.04620
    769.82000    0.12838    0.03758    0.70127    0.03570
    774.38000    0.17257    0.03674    0.63831    0.05614
    778.12000    0.12210    0.05447    0.69129    0.05632
    782.63000    0.11308    0.04036    0.67498    0.05279
    784.28000    0.12717    0.04079    0.68775    0.05162
    787.43000    0.10907    0.06015    0.69558    0.07282
    789.90000    0.19838    0.05801    0.68690    0.07481
    793.62000    0.10780    0.06154    0.68460    0.04120
    796.92000    0.01504    0.06040    0.70531    0.00612
    799.98000    0.10571    0.05762    0.69146    0.04095
    802.48000    0.24823    0.04668    0.76599    0.07872
    805.68000    0.26157    0.07451    0.69860    0.03508
    809.25000    0.34489    0.06953    0.66834    0.06371
    813.22000    0.16724    0.03571    0.76844    0.07124
    815.90000    0.20354    0.05448    0.66658    0.04483
    817.53000    0.09320    0.03505    0.77890    0.07375
    822.73000    0.15292    0.06977    0.59844    0.08303
    825.03000    0.09964    0.06136    0.59654    0.06082
    827.62000    0.15926    0.03764    0.78009    0.05384
    830.87000    0.11696    0.07300    0.80673    0.05819
    834.57000    0.08304    0.04113    0.75946    0.03457
    837.11000    0.27166    0.05880    0.72598    0.01381
    839.84000    0.16793    0.05643    0.74226    0.06078
    843.64000    0.21609    0.05132    0.70272    0.03192
    846.67000    0.13098    0.05157    0.72538    0.07251
    848.61000    0.08216    0.05861    0.76110    0.03594
    851.42000    0.14967    0.06041    0.64482    0.04633
    853.61000    0.13011    0.06965    0.74386    0.02898
    857.44000    0.15079    0.03738    0.66234    0.03637
    859.91000    0.12201    0.05239    0.69391    0.02903
    863.87000    0.16780    0.04659    0.71981    0.04465
    866.63000    0.17384    0.04804    0.63579    0.06100
    869.22000    0.13688    0.06753    0.80367    0.09057
    871.73000    0.14242    0.02787    0.73957    0.08604
    874.91000    0.17080    0.07820    0.72071    0.05129
    877.70000    0.20957    0.06489    0.67430    0.06148
    880.72000    0.19159    0.05457    0.77604    0.06182
    884.40000    0.12142    0.04753    0.67766    0.06315
    887.08000    0.13516    0.04211    0.60690    0.07017
    889.43000    0.16634    0.02515    0.65157    0.06318
    891.79000    0.17921    0.06706    0.70945    0.03885
    894.88000    0.06645    0.06535    0.70030    0.07103
    898.32000    0.14183    0.06251    0.75891    0.04868
    903.03000    0.12266    0.02890    0.69177    0.03664
    905.08000    0.15014    0.03583    0.70567    0.02388
    907.72000    0.12425    0.07463    0.73556    0.05475
    909.38000    0.13198    0.04147    0.74835    0.05015
    913.02000    0.08924    0.04138    0.63685    0.05236
    916.13000    0.12489    0.01897    0.68832    0.03911
    917.80000    0.12722    0.03878    0.61972    0.08472
    922.95000    0.07632    0.04993    0.69392    0.03669
    924.03000    0.13492    0.05375    0.66230    0.05704
    927.36000    0.24049    0.06601    0.64755    0.02834
    929.33000    0.08985    0.03355    0.78385    0.06031
    932.65000    0.15868    0.05033    0.77056    0.06164
    935.86000    0.13141    0.05249    0.73446    0.05825
    938.41000    0.14542    0.02567    0.67362    0.05467
    941.37000    0.15641    0.03662    0.59980    0.08248
    942.48000    0.03650    0.05240    0.69194    0.02578
    944.77000    0.12080    0.06737    0.64667    0.06964
    949.25000    0.25554    0.04111    0.54770    0.06679
    952.05000    0.18950    0.03552    0.72151    0.02692
    954.61000    0.16201    0.06576    0.74556    0.06873
    957.67000    0.18363    0.02335    0.69941    0.07151
    962.06000    0.21780    0.05179    0.75056    0.03877
    965.73000    0.10369    0.05443    0.76974    0.05184
    969.31000    0.16161    0.04382    0.64477    0.03357
   1096.67000    0.13889    0.06287    0.56999    0.04884
   1097.67000    0.25536    0.03509    0.63935    0.00506
   1100.18000    0.08367    0.03597    0.68441    0.03899
   1103.43000    0.33739    0.08570    0.67592    0.04224
   1107.47000    0.18944    0.03558    0.59295    0.03519
   1109.71000    0.17193    0.02203    0.63768    0.03437
   1113.69000    0.13104    0.03959    0.57983    0.01353
   1117.91000    0.14959    0.04934    0.64876    0.03653
   1121.86000    0.21335    0.03717    0.55359    0.03800
   1124.40000    0.15722    0.06115    0.70879    0.06993
   1128.93000    0.15874    0.03169    0.54747    0.04798
   1131.48000    0.22020    0.02931    0.74849    0.08264
   1134.10000    0.22398    0.04569    0.56997    0.02655
   1137.58000    0.20215    0.05107    0.52376    0.06348
   1139.60000    0.14965    0.05003    0.58948    0.04824
   1144.08000    0.19224    0.05804    0.59907    0.07215
   1145.34000    0.26965    0.07310    0.57757    0.03715
   1149.05000    0.23026    0.04791    0.60187    0.02574
   1151.30000    0.05118    0.06632    0.62277    0.04089
   1155.41000    0.30711    0.06840    0.60624    0.05394
   1158.48000    0.26810    0.05309    0.57576    0.06449
   1162.17000    0.18872    0.07794    0.52452    0.03669
   1167.65000    0.26334    0.07048    0.53555    0.03944
   1171.83000    0.15505    0.05395    0.54115    0.06809
   1176.54000    0.17518    0.07349    0.55674    0.02329
   1180.38000    0.11919    0.07432    0.56566    0.04614
   1184.94000    0.12668    0.06503    0.55874    0.01048
   1186.30000    0.22406    0.04393    0.59285    0.04187
   1188.41000    0.17621    0.03230    0.64294    0.05394
   1191.70000    0.17379    0.05355    0.58732    0.04425
   1194.60000    0.12907    0.03249    0.54236    0.06808
   1198.73000    0.28207    0.06231    0.52049    0.06197
   1200.98000    0.26107    0.08129    0.54665    0.04360
   1203.31000    0.11353    0.05597    0.47931    0.06839
   1205.89000    0.07893    0.05434    0.56031    0.04692
   1208.79000    0.15174    0.03901    0.57776    0.04049
   1212.33000    0.24310    0.05253    0.53098    0.05305
   1216.24000    0.22065    0.06365    0.53430    0.09479
   1218.89000    0.13817    0.04761    0.51098    0.05353
   1221.91000    0.14343    0.02963    0.50680    0.08012
   1225.09000    0.16658    0.06090    0.62018    0.09129
   1228.40000    0.17315    0.05390    0.46675    0.04520
   1230.86000    0.19227    0.05729    0.57766    0.04625
   1233.32000    0.13268    0.01899    0.60760    0.03961
   1235.25000    0.17061    0.07335    0.62533    0.04866
   1239.22000    0.15357    0.06874    0.55903    0.04486
   1241.59000    0.17554    0.05788    0.57254    0.05948
   1245.64000    0.16705    0.03833    0.47639    0.06614
   1248.03000    0.19644    0.06421    0.58372    0.05355
   1251.06000    0.19372    0.04242    0.66480    0.04451
   1256.18000    0.12111    0.04928    0.59352    0.03896
   1258.87000    0.16535    0.07558    0.53948    0.02359
   1262.23000    0.13054    0.06765    0.58207    0.02757
   1265.26000    0.06717    0.08062    0.57656    0.04302
   1268.29000    0.11554    0.05169    0.49188    0.05407
   1270.00000    0.11349    0.03222    0.50984    0.05033
   1273.18000    0.15076    0.07981    0.61426    0.06826
   1276.06000    0.17558    0.01168    0.55866    0.06711
   1278.55000    0.16979    0.01000    0.59341    0.04383
   1282.06000    0.08868    0.05854    0.52727    0.03699
   1286.69000    0.20016    0.06387    0.61526    0.04494
   1290.56000    0.17915    0.05790    0.56069    0.03123
   1294.10000    0.20442    0.03893    0.59690    0.03038
   1298.21000    0.18178    0.03149    0.55179    0.03729
   1301.21000    0.12956    0.04957    0.46252    0.07442
   1303.20000    0.09832    0.06516    0.58334    0.03873
   1306.59000    0.17120    0.03634    0.47999    0.05353
   1309.53000    0.20729    0.08787    0.52215    0.03327
   1313.10000    0.20217    0.07269    0.54648    0.05110
   1315.63000    0.23742    0.06044    0.57505    0.01562
   1319.06000    0.18632    0.04430    0.58488    0.04246
   1323.93000    0.18504    0.06370    0.58516    0.05565
   1325.49000    0.11712    0.05556    0.52319    0.05546
   1329.32000    0.15939    0.04384    0.48308    0.05667
   1461.43000    0.18160    0.05292    0.57728    0.04999
   1463.97000    0.15941    0.02935    0.50695    0.05993
   1466.98000    0.22695    0.06373    0.54404    0.04648
   1469.83000    0.17003    0.03356    0.55905    0.03967
   1471.23000    0.23581    0.05881    0.52118    0.05013
   1473.63000    0.18083    0.05322    0.56228    0.06284
   1477.37000    0.13730    0.05062    0.62468    0.05701
   1481.86000    0.17312    0.04553    0.49675    0.02894
   1486.95000    0.11648    0.04965    0.54371    0.05047
   1487.25000    0.10657    0.03977    0.65176    0.05330
   1491.09000    0.19375    0.04869    0.63116    0.04246
   1493.34000    0.19133    0.05978    0.57602    0.05597
   1497.63000    0.18907    0.06103    0.63470    0.07471
   1501.85000    0.15589    0.05841    0.55341    0.05167
   1504.00000    0.19859    0.05810    0.62189    0.05753
   1506.81000    0.27128    0.05299    0.56152    0.05402
   1509.29000    0.20687    0.05378    0.51998    0.06690
   1511.56000    0.17778    0.05467    0.62887    0.05665
   1514.94000    0.14192    0.04130    0.50087    0.03162
   1516.85000    0.20520    0.07202    0.56257    0.04687
   1518.25000    0.17744    0.05499    0.54477    0.04593
   1520.27000    0.14857    0.03276    0.58256    0.05826
   1523.15000    0.20889    0.04102    0.55085    0.04974
   1526.18000    0.14814    0.02773    0.54040    0.02802
   1528.78000    0.22702    0.05611    0.62924    0.06837
   1531.74000    0.14284    0.03899    0.60598    0.08120
   1533.50000    0.11831    0.04834    0.56184    0.04538
   1536.86000    0.16272    0.04122    0.66788    0.06148
   1538.77000    0.17807    0.04426    0.62151    0.03972
   1542.50000    0.16341    0.03664    0.60365    0.06336
   1547.41000    0.09954    0.05084    0.57356    0.06414
   1550.69000    0.09885    0.05531    0.59264    0.04508
   1554.44000    0.18519    0.04138    0.65328    0.04538
   1556.21000    0.18802    0.05638    0.55426    0.03228
   1559.66000    0.16527    0.06423    0.59979    0.01757
   1562.86000    0.16283    0.04924    0.62409    0.04423
   1564.66000    0.17789    0.04502    0.53852    0.05262
   1567.90000    0.19986    0.05925    0.56689    0.06124
   1570.32000    0.11217    0.06282    0.66477    0.05857
   1573.43000    0.15449    0.04761    0.60545    0.04213
   1576.52000    0.20769    0.04587    0.73762    0.05348
   1579.77000    0.21919    0.02627    0.48768    0.06765
   1583.60000    0.25949    0.03711    0.56469    0.06074
   1585.98000    0.21735    0.06749    0.52092    0.08833
   1590.01000    0.34364    0.06639    0.61436    0.04082
   1592.58000    0.22488    0.05368    0.57422    0.05714
   1594.30000    0.18479    0.07791    0.46430    0.06028
   1598.26000    0.24204    0.05343    0.60627    0.05495
   1600.76000    0.11214    0.06393    0.57936    0.05300
   1603.52000    0.23241    0.03215    0.51663    0.04834
   1606.16000    0.26853    0.02649    0.49462    0.05916
   1608.76000    0.33933    0.05054    0.54404    0.03399
   1612.72000    0.17317    0.03989    0.50745    0.06929
   1616.32000    0.18904    0.02312    0.53848    0.05606
   1619.16000    0.15896    0.04047    0.64259    0.08478
   1622.58000    0.24237    0.03256    0.46901    0.03962
   1626.33000    0.14854    0.06552    0.58216    0.03544
   1629.41000    0.21716    0.06333    0.57785    0.08239
   1631.11000    0.24077    0.05013    0.56659    0.05134
   1634.74000    0.23374    0.04824    0.47416    0.04217
   1637.78000    0.20391    0.04837    0.61569    0.04379
   1640.69000    0.28243    0.05373    0.60084    0.02139
   1644.92000    0.19561    0.03921    0.64862    0.04017
   1647.29000    0.18654    0.04630    0.53627    0.05646
   1649.38000    0.14207    0.08222    0.53567    0.06115
   1651.76000    0.22020    0.06061    0.51146    0.05925
   1655.41000    0.22071    0.05991    0.68942    0.07542
   1657.56000    0.24743    0.04532    0.58202    0.07064
   1661.16000    0.17551    0.02445    0.42652    0.06981
   1665.44000    0.15077    0.05091    0.55648    0.05721
   1668.04000    0.22337    0.01205    0.50091    0.03727
   1671.79000    0.19886    0.04704    0.53516    0.06408
   1675.43000    0.24211    0.06863    0.49907    0.06605
   1679.56000    0.15011    0.03694    0.47816    0.09667
   1683.27000    0.26402    0.04615    0.53931    0.05309
   1686.65000    0.15760    0.06381    0.57707    0.08725
   1690.88000    0.20049    0.05068    0.49487    0.03370
   1694.38000    0.16741    0.06880    0.53566    0.07629
   1696.54000    0.30262    0.08018    0.58621    0.06395
