## Time Delay Challenge light curves
##
## [time]=days, [lc]=[err]=flux in nanomaggies
##
##       time       lc_A      err_A       lc_B      err_B
##-------------------------------------------------------
      1.42000    0.79282    0.05952    0.57453    0.06758
      3.78000    0.89503    0.04456    0.46225    0.02532
      7.84000    0.87327    0.05536    0.50231    0.04633
     12.68000    0.78652    0.05562    0.48430    0.03125
     14.75000    0.78200    0.02962    0.57921    0.06777
     17.82000    0.77841    0.06626    0.52793    0.02757
     19.85000    0.80586    0.07152    0.52549    0.05237
     24.91000    0.80046    0.06116    0.56364    0.05636
     26.90000    0.79632    0.03187    0.45817    0.05388
     29.52000    0.91524    0.07322    0.48319    0.04173
     32.82000    0.85780    0.05172    0.47444    0.04025
     36.53000    0.79706    0.03247    0.48828    0.04136
     39.93000    0.83382    0.09391    0.54367    0.05884
     41.65000    0.87968    0.03096    0.46680    0.07771
     43.80000    0.88602    0.06005    0.54667    0.06387
     47.15000    0.83915    0.04026    0.52358    0.11108
     49.46000    0.79052    0.02493    0.54771    0.04961
     53.91000    0.86433    0.07609    0.55511    0.05982
     58.93000    0.93711    0.09305    0.58267    0.04559
     62.06000    0.81159    0.05221    0.47918    0.02326
     63.67000    0.84797    0.03177    0.54558    0.08617
     66.91000    0.82418    0.06087    0.45254    0.06009
     69.12000    0.73433    0.06956    0.43801    0.06452
     72.06000    0.88519    0.05873    0.46543    0.10077
     75.67000    0.74297    0.04719    0.43969    0.04264
     79.58000    0.85108    0.04014    0.53011    0.04152
     82.19000    0.85205    0.04389    0.53888    0.07214
     85.97000    0.82278    0.06770    0.47193    0.02532
     89.82000    0.85965    0.05677    0.51904    0.06032
     92.07000    0.82521    0.06572    0.41246    0.04237
     95.35000    0.89941    0.04459    0.48595    0.04647
     97.85000    0.88227    0.02058    0.53167    0.03359
     99.94000    0.90069    0.06343    0.46997    0.04068
    104.26000    0.79027    0.06743    0.52867    0.05951
    108.48000    0.90496    0.07145    0.34550    0.04775
    111.82000    0.92644    0.03685    0.39392    0.04894
    113.07000    0.83121    0.05225    0.48007    0.02405
    118.04000    0.82594    0.03683    0.55515    0.04588
    120.58000    0.88521    0.06461    0.45901    0.08384
    123.13000    0.85840    0.01048    0.49948    0.06236
    126.75000    0.78681    0.06494    0.40603    0.07488
    128.66000    0.89242    0.05749    0.45812    0.06905
    131.52000    0.81262    0.05649    0.44336    0.04578
    134.35000    0.85686    0.04913    0.57452    0.07195
    138.41000    0.94913    0.06469    0.34733    0.06691
    141.06000    0.88879    0.04045    0.47245    0.01498
    144.21000    0.84120    0.04732    0.54391    0.06377
    148.44000    0.90798    0.05846    0.48514    0.05482
    150.96000    0.82539    0.04790    0.47333    0.03872
    154.31000    0.91283    0.04049    0.46484    0.04197
    155.91000    0.90686    0.09410    0.35638    0.05438
    158.51000    0.94952    0.06398    0.48406    0.04847
    161.24000    0.84154    0.06576    0.44389    0.07697
    164.16000    0.92847    0.03243    0.38640    0.05556
    166.75000    0.83680    0.05772    0.49757    0.05028
    170.31000    0.81273    0.06024    0.47781    0.04282
    173.65000    0.93459    0.06716    0.46006    0.05964
    175.22000    0.95962    0.03419    0.31520    0.05998
    179.59000    0.92322    0.05307    0.45968    0.04281
    182.15000    0.90759    0.07624    0.50151    0.04217
    185.58000    0.93939    0.05101    0.47136    0.03466
    188.20000    0.93063    0.05784    0.49120    0.04848
    191.86000    0.93191    0.04583    0.47005    0.08353
    195.30000    0.93221    0.05529    0.43440    0.04574
    198.51000    0.87272    0.02975    0.58974    0.07545
    202.49000    0.80730    0.06316    0.50524    0.04554
    205.68000    0.91490    0.05707    0.49330    0.02723
    209.76000    0.99048    0.04801    0.46948    0.04415
    213.63000    0.91284    0.03457    0.55515    0.04567
    215.21000    0.88546    0.05945    0.38571    0.07127
    217.51000    1.00639    0.08721    0.40327    0.03303
    221.71000    0.86142    0.04081    0.48182    0.01203
    224.42000    0.94065    0.02398    0.45215    0.03089
    227.09000    0.87509    0.03618    0.44518    0.05138
    230.53000    0.82795    0.06284    0.49445    0.06830
    233.01000    0.94152    0.04181    0.45003    0.04232
    236.63000    0.91680    0.08456    0.46991    0.04128
    239.62000    0.87898    0.05731    0.55449    0.04626
    368.81000    0.93332    0.06612    0.53179    0.01912
    370.75000    0.89810    0.04118    0.39316    0.07693
    374.91000    0.80855    0.06398    0.52092    0.04924
    377.96000    0.85421    0.03789    0.51394    0.06026
    380.84000    0.84725    0.09265    0.52767    0.06995
    385.59000    0.88836    0.03484    0.45949    0.04351
    391.93000    0.91173    0.02865    0.48905    0.04557
    393.75000    0.91533    0.03581    0.51857    0.03262
    395.59000    0.80603    0.09583    0.52944    0.07455
    397.94000    0.92474    0.07098    0.57554    0.04628
    400.87000    0.89011    0.04596    0.49122    0.07050
    404.21000    0.87894    0.04140    0.48040    0.04042
    406.89000    0.86226    0.04381    0.49626    0.06462
    410.41000    1.00866    0.06568    0.42899    0.05381
    414.07000    0.88324    0.04596    0.54186    0.03913
    419.42000    0.81122    0.06545    0.49096    0.05149
    421.76000    0.82709    0.06988    0.53864    0.04861
    425.32000    0.89643    0.04794    0.50768    0.07465
    429.03000    0.90226    0.03531    0.58306    0.05901
    431.30000    0.85640    0.06692    0.47984    0.05573
    433.70000    0.91164    0.03952    0.44394    0.04240
    436.39000    0.91139    0.06250    0.47364    0.04985
    438.90000    0.93323    0.05668    0.48817    0.04626
    440.99000    0.92366    0.04650    0.61553    0.06351
    442.45000    0.96190    0.06096    0.49217    0.05571
    444.71000    0.89434    0.02054    0.43321    0.03449
    448.50000    0.84006    0.06007    0.54282    0.05026
    451.19000    0.81340    0.04988    0.59739    0.04908
    455.35000    0.91167    0.04770    0.52748    0.07781
    459.08000    0.95603    0.05364    0.48528    0.05439
    462.72000    0.92261    0.05415    0.49931    0.04844
    466.25000    0.84558    0.09256    0.64134    0.05449
    469.60000    1.00068    0.03535    0.52454    0.04116
    473.57000    0.95153    0.04512    0.47170    0.08387
    476.13000    0.90785    0.06623    0.49701    0.05015
    480.35000    0.90849    0.07442    0.51966    0.03745
    483.12000    0.98719    0.07110    0.64685    0.05443
    485.36000    0.91039    0.04780    0.62022    0.04659
    489.24000    0.94296    0.06067    0.53622    0.03613
    493.17000    0.97229    0.04815    0.52318    0.03463
    497.00000    0.91834    0.05185    0.49485    0.02470
    500.92000    0.93765    0.03111    0.49607    0.06847
    504.06000    0.96039    0.07062    0.61214    0.09111
    506.48000    0.89528    0.04494    0.53489    0.03705
    509.72000    0.91069    0.05086    0.49977    0.05650
    513.89000    0.95473    0.02988    0.53841    0.08487
    517.30000    1.02190    0.05040    0.52892    0.03741
    519.84000    0.90059    0.06083    0.51878    0.01765
    524.57000    0.85120    0.07252    0.49611    0.05318
    528.45000    0.84582    0.04423    0.55519    0.06071
    532.36000    1.01133    0.05445    0.57407    0.04201
    536.76000    1.03263    0.08230    0.58091    0.04425
    539.37000    0.91824    0.03833    0.40957    0.07105
    543.04000    0.98444    0.06088    0.50537    0.05427
    545.28000    0.79311    0.06823    0.54630    0.05565
    549.15000    0.89556    0.03855    0.53640    0.00658
    551.69000    0.80929    0.05363    0.47355    0.08991
    556.76000    0.89262    0.07356    0.48817    0.05009
    560.56000    0.86929    0.04651    0.54899    0.05026
    563.94000    0.93773    0.04708    0.47336    0.07552
    567.84000    0.92997    0.04997    0.41719    0.04990
    570.16000    0.91257    0.05326    0.57223    0.05985
    573.14000    0.95443    0.05571    0.50339    0.03616
    575.97000    0.97911    0.07268    0.60955    0.05604
    579.72000    0.88346    0.04924    0.56828    0.06241
    582.11000    0.87772    0.05446    0.55795    0.07794
    584.95000    0.91267    0.05018    0.61635    0.04587
    589.03000    0.82733    0.06211    0.53466    0.02654
    592.84000    0.77776    0.09636    0.59042    0.04691
    594.66000    0.98808    0.06523    0.42186    0.03375
    597.02000    1.00612    0.06193    0.38566    0.08296
    599.29000    0.95827    0.05959    0.44042    0.05728
    603.92000    0.88321    0.06402    0.59312    0.05124
    732.12000    0.85877    0.08378    0.43998    0.05425
    735.30000    0.90137    0.01395    0.47166    0.06793
    738.61000    0.86129    0.02378    0.52405    0.07812
    740.72000    0.90982    0.04833    0.51801    0.04624
    742.72000    0.84577    0.05276    0.50957    0.02433
    746.01000    0.83605    0.06125    0.43639    0.05596
    749.33000    1.08061    0.08832    0.56034    0.03734
    753.39000    0.85863    0.06313    0.42499    0.04408
    755.46000    0.88645    0.05411    0.52054    0.03012
    758.11000    0.79671    0.08778    0.53052    0.03964
    761.05000    0.84130    0.04197    0.54505    0.07898
    761.62000    0.82156    0.05730    0.43879    0.04940
    763.61000    0.87654    0.06749    0.49000    0.08439
    765.90000    0.90074    0.01985    0.42172    0.06340
    771.01000    0.97690    0.03951    0.53414    0.05958
    773.98000    0.99207    0.08036    0.44463    0.06154
    774.66000    0.87503    0.04341    0.51000    0.05403
    777.96000    0.92880    0.04439    0.46764    0.07498
    778.79000    0.89236    0.03747    0.53578    0.04766
    781.54000    0.92345    0.08319    0.50229    0.03221
    786.40000    0.87646    0.05450    0.56157    0.07337
    790.41000    0.93381    0.01595    0.48393    0.05082
    793.88000    0.86784    0.05299    0.47111    0.06235
    797.84000    0.88070    0.04594    0.49416    0.03791
    798.40000    0.88142    0.03853    0.53006    0.05890
    801.42000    0.85388    0.04609    0.44317    0.06180
    803.44000    0.91640    0.03508    0.47305    0.03005
    808.20000    0.84355    0.03763    0.49743    0.06109
    810.83000    0.89103    0.06037    0.48631    0.03364
    812.98000    0.82835    0.06271    0.47041    0.05195
    817.06000    0.80473    0.06590    0.53464    0.05038
    821.57000    0.94290    0.06656    0.47352    0.04009
    823.91000    0.84638    0.05361    0.47917    0.04385
    827.72000    0.89838    0.06986    0.49578    0.05930
    830.30000    0.90064    0.07307    0.46595    0.05100
    833.82000    0.96503    0.04909    0.53019    0.03854
    836.00000    0.93029    0.03209    0.47286    0.03963
    838.08000    0.87959    0.03251    0.49090    0.03535
    841.45000    0.89335    0.06229    0.43919    0.04793
    844.67000    0.79682    0.08150    0.46513    0.04710
    846.77000    0.88382    0.06530    0.63372    0.05486
    847.74000    0.94605    0.04378    0.39799    0.07844
    849.76000    0.95248    0.07347    0.53082    0.04257
    852.57000    0.91468    0.06296    0.44806    0.05545
    855.46000    0.87649    0.05396    0.46306    0.07462
    858.42000    0.85833    0.06184    0.47988    0.04110
    860.35000    0.92448    0.03421    0.35145    0.05255
    863.59000    1.03921    0.06458    0.51118    0.03899
    869.33000    0.99959    0.03876    0.44273    0.04639
    872.61000    0.89432    0.04800    0.41226    0.06184
    876.10000    0.96883    0.03882    0.43737    0.04060
    881.61000    0.86196    0.05427    0.54105    0.06996
    883.92000    0.98730    0.05480    0.50616    0.06922
    886.04000    0.85079    0.06090    0.47593    0.05864
    889.33000    0.91949    0.05199    0.43459    0.09360
    891.50000    0.90520    0.01938    0.49687    0.05862
    895.32000    0.88993    0.06982    0.51920    0.04242
    897.99000    0.98193    0.07481    0.49294    0.03993
    899.32000    0.85835    0.04247    0.50838    0.06092
    901.45000    0.76108    0.05620    0.50309    0.06219
    903.59000    0.97607    0.04697    0.46088    0.06433
    907.06000    0.89355    0.04012    0.54125    0.05043
    910.55000    0.82055    0.06978    0.46162    0.04860
    913.74000    0.89368    0.07395    0.49826    0.04205
    915.00000    0.89722    0.01398    0.43767    0.03672
    917.25000    0.93955    0.04722    0.47017    0.04459
    920.32000    0.86357    0.02806    0.41722    0.08467
    925.83000    0.91160    0.05571    0.48592    0.02165
    929.44000    0.89679    0.02018    0.47926    0.06990
    932.40000    0.87249    0.05500    0.33718    0.06529
    934.23000    0.91281    0.02516    0.54370    0.05763
    936.23000    0.90651    0.03914    0.46118    0.06115
    938.80000    0.87749    0.07214    0.56652    0.06960
    940.42000    0.86553    0.04073    0.43375    0.03999
    942.56000    0.87155    0.03549    0.47046    0.03184
    946.30000    0.90149    0.03518    0.55186    0.05859
    948.82000    0.86425    0.04795    0.55339    0.06234
    951.63000    0.96153    0.04661    0.34037    0.06794
    955.34000    0.96489    0.04694    0.42288    0.05766
    959.07000    0.92118    0.04924    0.49220    0.03369
    961.21000    0.89495    0.01560    0.58333    0.04119
    962.52000    0.94038    0.04310    0.52009    0.04608
    965.53000    0.84731    0.04888    0.51661    0.02806
    967.79000    0.86785    0.04292    0.52545    0.04680
   1096.09000    0.89621    0.05050    0.43207    0.07050
   1099.01000    0.82788    0.05062    0.47663    0.07094
   1100.96000    0.90405    0.03827    0.46871    0.05240
   1103.04000    0.99993    0.06616    0.51239    0.06161
   1106.03000    0.88248    0.03706    0.44729    0.03160
   1107.99000    0.98396    0.04457    0.41266    0.03783
   1112.02000    0.90723    0.02224    0.44502    0.07939
   1115.82000    0.89795    0.03728    0.52303    0.07319
   1119.54000    0.90304    0.05222    0.49000    0.06006
   1123.33000    0.92021    0.04047    0.53293    0.05912
   1124.68000    0.93598    0.05838    0.47080    0.05143
   1129.82000    0.96038    0.04385    0.46147    0.02799
   1131.71000    0.84630    0.05189    0.40133    0.05323
   1136.12000    0.90782    0.04884    0.50998    0.04324
   1139.31000    0.83531    0.06442    0.42321    0.04751
   1141.11000    0.81847    0.06847    0.52272    0.03502
   1143.71000    0.86484    0.05044    0.51984    0.04022
   1147.45000    0.90664    0.02287    0.41393    0.06198
   1150.19000    0.95075    0.04779    0.49194    0.07803
   1153.75000    0.81921    0.04807    0.54569    0.04745
   1157.91000    0.87250    0.05609    0.39293    0.06055
   1160.71000    1.08507    0.06960    0.47272    0.02892
   1163.76000    0.86126    0.05342    0.53452    0.05077
   1165.41000    0.91049    0.06310    0.43543    0.06607
   1169.21000    0.92982    0.08484    0.49347    0.05402
   1171.12000    0.95245    0.05839    0.52260    0.03628
   1173.45000    0.92674    0.07558    0.42775    0.05960
   1176.79000    1.01081    0.05214    0.48495    0.02589
   1180.34000    0.90528    0.02903    0.47665    0.06626
   1183.41000    0.89540    0.07814    0.56282    0.04126
   1187.14000    0.76231    0.07680    0.49086    0.03730
   1190.12000    0.86408    0.04879    0.49739    0.10511
   1192.91000    0.92985    0.05329    0.35546    0.06944
   1195.57000    0.95774    0.05305    0.56698    0.08479
   1197.88000    0.83889    0.06789    0.57030    0.05457
   1201.96000    0.90012    0.06412    0.56006    0.04268
   1203.96000    0.80847    0.08608    0.56869    0.06257
   1204.87000    0.87684    0.05063    0.51194    0.05669
   1209.46000    0.95285    0.06697    0.46215    0.02009
   1211.90000    0.95741    0.04342    0.40834    0.08292
   1215.54000    1.00064    0.07466    0.41055    0.05162
   1216.62000    0.95477    0.06598    0.37141    0.05986
   1219.22000    1.03796    0.07519    0.37643    0.07911
   1220.71000    0.98655    0.04906    0.51046    0.05201
   1222.91000    0.94690    0.03773    0.55191    0.06058
   1226.30000    0.79669    0.06033    0.41921    0.04831
   1230.25000    0.86654    0.07317    0.44473    0.06904
   1233.29000    0.93457    0.07783    0.45114    0.05822
   1236.65000    1.00617    0.05946    0.45207    0.07278
   1238.53000    0.93988    0.07226    0.47513    0.06064
   1241.86000    0.90059    0.05136    0.49240    0.04347
   1244.48000    0.90877    0.07326    0.44866    0.03990
   1247.12000    0.78857    0.05603    0.54197    0.05665
   1251.58000    1.04987    0.10183    0.51669    0.05291
   1255.85000    0.95498    0.06716    0.42587    0.07160
   1257.79000    0.98270    0.04490    0.46606    0.02994
   1262.09000    0.93555    0.08288    0.60949    0.07456
   1264.09000    1.02719    0.04700    0.61020    0.05102
   1267.28000    0.94475    0.02852    0.49190    0.06642
   1271.68000    0.90178    0.08481    0.51511    0.05825
   1274.06000    1.01754    0.04084    0.58706    0.04307
   1277.82000    0.85806    0.07051    0.56460    0.05508
   1279.56000    0.98745    0.03594    0.50505    0.05943
   1283.69000    0.95099    0.05421    0.48386    0.06557
   1287.84000    0.99497    0.06650    0.48812    0.05894
   1290.45000    1.06723    0.07255    0.57270    0.06576
   1294.79000    1.03380    0.05543    0.39883    0.06036
   1297.13000    1.08583    0.06497    0.54525    0.03669
   1299.88000    0.94328    0.02878    0.45854    0.04753
   1302.66000    0.97563    0.05730    0.45562    0.05383
   1305.68000    0.97356    0.05367    0.49940    0.08248
   1308.46000    0.94953    0.07687    0.48162    0.03694
   1312.08000    1.06037    0.04938    0.48403    0.04503
   1314.68000    0.99661    0.04231    0.56906    0.07286
   1318.58000    0.96201    0.04643    0.49885    0.04001
   1320.56000    0.99240    0.06315    0.52326    0.03921
   1324.46000    0.97982    0.04125    0.44410    0.03796
   1328.49000    0.97035    0.03941    0.52994    0.03941
   1330.58000    0.89592    0.07095    0.55589    0.04344
   1333.25000    0.95998    0.01854    0.46543    0.07163
   1460.31000    0.92496    0.02890    0.47319    0.07337
   1464.11000    0.85020    0.04756    0.43487    0.06661
   1465.89000    0.87120    0.02995    0.49233    0.04621
   1468.69000    0.87238    0.07637    0.49069    0.05177
   1471.63000    0.94073    0.08294    0.52024    0.06123
   1474.36000    0.90120    0.03486    0.34312    0.05193
   1478.43000    0.91760    0.03393    0.56725    0.08301
   1482.63000    0.79085    0.05891    0.43292    0.07747
   1485.57000    0.82262    0.06387    0.53829    0.06031
   1486.96000    0.88607    0.03346    0.53469    0.03190
   1491.10000    0.86133    0.06576    0.48434    0.02306
   1494.06000    0.87197    0.04434    0.49844    0.04053
   1495.86000    0.70155    0.09243    0.44643    0.06610
   1498.38000    0.79834    0.05998    0.57159    0.05270
   1502.45000    0.85734    0.05909    0.46726    0.05870
   1504.37000    0.92311    0.03870    0.56386    0.07264
   1507.11000    0.93393    0.04629    0.44832    0.06528
   1510.32000    0.78217    0.05018    0.48119    0.01281
   1512.78000    0.90572    0.02450    0.41867    0.06779
   1515.75000    0.83062    0.03715    0.47560    0.04960
   1519.70000    0.83171    0.03605    0.49888    0.07724
   1522.31000    0.92332    0.08473    0.46475    0.03578
   1524.84000    0.80319    0.04877    0.47355    0.03406
   1526.51000    0.83705    0.05035    0.51326    0.05842
   1528.66000    0.84495    0.04884    0.38676    0.09346
   1530.61000    0.88605    0.04285    0.45213    0.02629
   1534.09000    0.82860    0.04183    0.48631    0.03676
   1537.22000    0.79031    0.04790    0.55540    0.05551
   1538.61000    0.87269    0.01770    0.46867    0.05419
   1542.14000    0.85770    0.04585    0.34014    0.08168
   1547.90000    0.87901    0.03425    0.54247    0.04592
   1552.07000    0.91239    0.05595    0.45450    0.06504
   1555.04000    0.88035    0.04619    0.53988    0.07697
   1559.25000    0.84598    0.03055    0.45088    0.03186
   1562.26000    0.84129    0.06200    0.49157    0.05599
   1566.57000    0.89050    0.06347    0.43918    0.05084
   1569.43000    0.81748    0.04679    0.58180    0.07771
   1572.86000    0.79882    0.05147    0.54408    0.03023
   1575.28000    0.71650    0.07330    0.54461    0.05303
   1576.57000    0.76187    0.04704    0.44751    0.03545
   1579.44000    0.89108    0.04196    0.53414    0.04906
   1581.69000    0.76928    0.05534    0.50461    0.03325
   1586.79000    0.90912    0.05532    0.42643    0.05710
   1588.19000    0.82408    0.05441    0.54177    0.06145
   1591.51000    0.90100    0.05565    0.47645    0.06377
   1596.10000    0.86019    0.06037    0.46661    0.04599
   1598.66000    0.99697    0.05219    0.47175    0.03318
   1602.30000    0.88762    0.04167    0.46971    0.01633
   1606.62000    0.89769    0.02803    0.59477    0.07731
   1610.31000    0.90478    0.04960    0.47855    0.03126
   1613.91000    0.86508    0.04364    0.53894    0.05038
   1615.72000    0.82705    0.06828    0.55700    0.05685
   1618.64000    0.83750    0.09102    0.44237    0.05026
   1622.60000    0.88237    0.04852    0.46465    0.05431
   1625.89000    0.85083    0.04907    0.56679    0.06470
   1629.01000    0.95930    0.05562    0.51846    0.07444
   1633.16000    0.97796    0.05636    0.47426    0.05954
   1635.96000    0.91259    0.04182    0.53078    0.03656
   1638.73000    0.88788    0.04739    0.51954    0.06765
   1642.92000    0.94502    0.04773    0.39030    0.04401
   1646.48000    0.95330    0.04803    0.52057    0.07237
   1647.73000    0.79679    0.05766    0.46902    0.03100
   1650.52000    0.80825    0.05028    0.62909    0.06015
   1651.84000    0.91661    0.07279    0.49051    0.06574
   1654.09000    0.87071    0.05800    0.46890    0.05932
   1657.70000    0.98935    0.04244    0.43851    0.04197
   1661.29000    0.93150    0.06118    0.51416    0.07577
   1665.10000    1.03261    0.04993    0.47256    0.02536
   1667.04000    0.93888    0.07756    0.54959    0.05379
   1669.67000    0.93455    0.06529    0.50845    0.02788
   1673.14000    0.91874    0.05797    0.47419    0.07263
   1676.53000    0.98633    0.04344    0.48134    0.05408
   1679.39000    0.93621    0.06469    0.48935    0.05065
   1682.34000    0.91529    0.05320    0.47728    0.05506
   1684.56000    0.86643    0.03829    0.48697    0.05486
   1688.68000    0.91925    0.04704    0.47290    0.06445
   1690.37000    0.91127    0.05554    0.46411    0.07833
   1692.57000    0.92551    0.07323    0.50924    0.03507
   1693.81000    0.96671    0.04580    0.47465    0.06493
   1696.95000    0.85581    0.06606    0.51447    0.01541
   1698.22000    0.92420    0.03145    0.51167    0.06457
