## Time Delay Challenge light curves
##
## [time]=days, [lc]=[err]=flux in nanomaggies
##
##       time       lc_A      err_A       lc_B      err_B
##-------------------------------------------------------
      0.42000    4.90925    0.08011   44.50137    0.05938
      1.59000    5.03769    0.04478   43.18306    0.05241
      5.23000    4.87706    0.08156   45.16276    0.04818
      9.36000    5.15158    0.08995   43.70728    0.03302
     11.85000    5.68242    0.05702   41.71194    0.03086
     13.72000    5.45064    0.05020   45.75378    0.04332
     18.22000    4.77451    0.05535   39.33900    0.03561
     19.56000    5.03995    0.06310   42.76617    0.02991
     23.30000    4.73112    0.06432   44.80406    0.05289
     28.04000    4.40187    0.02477   49.09725    0.04377
     32.34000    4.34265    0.06092   45.31412    0.04333
     34.85000    3.93280    0.04820   47.75627    0.03924
     35.91000    4.15280    0.04946   48.51326    0.02843
     39.64000    3.94018    0.06237   51.82989    0.05273
     44.12000    4.17812    0.04521   52.02982    0.05916
     47.16000    4.43327    0.02481   49.15578    0.04140
     50.94000    4.13086    0.06389   51.85312    0.03520
     54.67000    4.29534    0.06388   52.71457    0.05162
     57.73000    4.45500    0.03540   52.81350    0.04457
     61.29000    4.93557    0.08689   56.76676    0.05747
     64.86000    4.68283    0.05347   56.31345    0.04369
     67.11000    5.12602    0.00338   56.09124    0.07580
     69.85000    4.84144    0.08757   55.97153    0.02796
     74.83000    4.55632    0.04190   53.19115    0.07310
     77.77000    4.97330    0.06965   53.27383    0.08709
     82.10000    5.14205    0.04831   52.37662    0.05987
     85.98000    5.55788    0.05519   57.87400    0.03312
     88.78000    5.35709    0.05327   56.40185    0.06328
     89.31000    5.30239    0.04447   56.57357    0.04270
     92.61000    4.63147    0.06472   55.25079    0.03020
     94.07000    4.42584    0.08115   50.96829    0.05178
     97.51000    4.28627    0.05761   51.37707    0.03124
    100.38000    4.49377    0.05462   48.95561    0.07464
    104.26000    4.89673    0.06879   50.78445    0.07647
    107.81000    4.84472    0.05862   51.47092    0.03897
    111.56000    5.50687    0.04327   50.13482    0.05530
    114.07000    5.25953    0.04893   53.55949    0.05001
    117.04000    5.04863    0.05466   52.24962    0.04992
    118.91000    5.50498    0.06057   51.91860    0.09120
    121.93000    5.06491    0.03649   49.86224    0.02230
    124.98000    5.35704    0.04802   52.95448    0.05383
    130.51000    4.70926    0.06756   52.35581    0.03593
    132.26000    4.92864    0.05848   54.21290    0.01842
    134.52000    5.32142    0.06067   58.70455    0.04771
    137.50000    5.37966    0.04160   52.54407    0.06595
    139.92000    5.55813    0.05502   51.34189    0.04493
    142.82000    5.52573    0.03836   51.53781    0.03409
    144.79000    5.20246    0.04395   49.39585    0.06973
    149.33000    5.40546    0.04177   55.28758    0.06426
    152.68000    6.13749    0.05772   60.03852    0.06691
    155.43000    6.29680    0.04697   64.17757    0.04561
    160.32000    5.51880    0.04805   55.14495    0.10036
    162.70000    5.75730    0.03329   54.25106    0.03814
    165.60000    6.34180    0.06446   55.87095    0.07991
    169.10000    6.20775    0.03113   51.82289    0.04424
    171.16000    6.34667    0.01636   48.48372    0.05947
    174.95000    6.57226    0.03019   51.70426    0.04839
    177.94000    6.59832    0.06229   50.32464    0.04080
    182.30000    6.68095    0.03923   53.46052    0.06670
    186.09000    6.40892    0.07279   59.99082    0.06193
    191.24000    6.44920    0.08137   54.50984    0.05271
    195.72000    6.80328    0.02727   53.20831    0.06797
    198.68000    6.87894    0.04356   52.12269    0.06767
    202.11000    6.80960    0.08023   53.42120    0.03886
    203.76000    6.95523    0.04626   51.70027    0.05091
    206.50000    6.37496    0.03542   49.04040    0.06948
    209.22000    5.97902    0.03640   53.60702    0.04269
    212.62000    6.07364    0.06306   52.53333    0.04184
    213.87000    6.31762    0.02206   51.98177    0.02588
    218.01000    6.34810    0.05638   46.74010    0.05380
    221.14000    5.95450    0.07643   49.41409    0.06439
    224.93000    6.24486    0.05211   48.12701    0.05679
    229.33000    6.55773    0.05584   48.38134    0.05838
    231.98000    6.34473    0.06493   45.93258    0.04440
    235.54000    6.17730    0.08387   46.49739    0.06887
    238.46000    6.47998    0.04123   45.53900    0.05443
    367.93000    4.93939    0.05531   44.27168    0.06714
    372.44000    4.64613    0.01890   42.79391    0.03467
    376.16000    4.79741    0.07057   44.52746    0.02969
    380.30000    4.86617    0.04961   43.54308    0.06866
    383.28000    4.63255    0.07491   38.82819    0.04945
    385.91000    4.98471    0.03087   39.11973    0.03851
    390.25000    4.69318    0.04341   38.90116    0.04550
    393.29000    4.92231    0.03633   38.85463    0.04083
    393.76000    4.93669    0.06468   38.11110    0.07177
    397.76000    5.16893    0.03930   41.72919    0.04619
    400.83000    5.27605    0.06548   40.86055    0.06463
    403.47000    4.93872    0.03325   39.71440    0.05443
    407.12000    5.04823    0.07198   40.99467    0.04923
    410.36000    4.98124    0.03519   44.33068    0.02274
    412.19000    5.14496    0.05577   46.40017    0.06781
    413.82000    5.11865    0.04077   49.16110    0.04930
    417.07000    4.59652    0.04900   51.28164    0.05865
    421.40000    5.29979    0.05253   52.36621    0.06649
    424.30000    4.91966    0.03484   50.04836    0.05652
    426.82000    4.82961    0.03686   49.62718    0.06008
    431.47000    4.60834    0.03966   57.12977    0.05999
    434.05000    4.36361    0.05239   61.08618    0.04660
    436.60000    4.49039    0.02422   61.03328    0.08211
    439.56000    4.75542    0.06074   60.21462    0.05607
    441.21000    4.56715    0.04788   62.04973    0.02250
    445.37000    4.91676    0.04934   61.94247    0.04157
    448.52000    4.94979    0.06830   57.66230    0.05714
    450.43000    5.15130    0.04463   54.34677    0.06599
    454.61000    5.70273    0.05695   62.87506    0.03933
    459.18000    5.34647    0.02945   61.19878    0.07037
    461.95000    4.69654    0.05164   59.02491    0.05545
    466.38000    4.46164    0.07785   56.43127    0.04482
    470.78000    4.69098    0.08442   58.63862    0.04683
    473.87000    5.28560    0.05605   59.62793    0.02683
    477.48000    5.34294    0.04296   62.33316    0.06911
    480.73000    5.35121    0.03860   60.92048    0.04599
    484.42000    5.39896    0.07388   64.56325    0.04292
    488.43000    5.42975    0.05597   63.38586    0.02972
    493.11000    5.32658    0.03949   68.74193    0.06581
    495.27000    5.03750    0.07245   63.32020    0.03930
    498.32000    4.93597    0.05751   61.32314    0.03981
    501.70000    4.62049    0.05369   59.00859    0.06487
    504.65000    4.89696    0.07284   55.22653    0.06558
    508.73000    4.68876    0.03251   54.64446    0.04900
    512.25000    5.11544    0.03085   52.09647    0.05354
    514.59000    4.86848    0.04233   53.82296    0.07422
    519.38000    4.97021    0.06199   61.00810    0.03307
    522.27000    5.23130    0.04068   60.30761    0.05252
    525.69000    5.88216    0.05819   56.34205    0.03231
    527.12000    5.69506    0.06186   55.84875    0.04671
    530.39000    6.22359    0.06709   60.87857    0.05528
    532.47000    6.85666    0.07547   57.53397    0.05709
    536.21000    5.83576    0.03378   60.05355    0.04603
    539.08000    6.09261    0.05474   55.51664    0.05118
    542.58000    6.40472    0.06243   60.78361    0.02990
    544.75000    6.85690    0.05690   61.39466    0.03904
    548.14000    7.19575    0.04579   51.81734    0.04440
    549.76000    7.31407    0.05577   47.12558    0.04676
    553.51000    7.26859    0.03996   43.58363    0.05551
    557.29000    7.08937    0.05310   45.05154    0.05356
    558.88000    6.87591    0.05241   46.33416    0.04096
    560.09000    6.87473    0.04003   47.35457    0.03344
    563.83000    6.67561    0.07688   43.54968    0.02807
    565.91000    6.78648    0.05249   40.25494    0.07788
    567.89000    7.24705    0.06297   40.74232    0.03987
    573.36000    6.66856    0.08891   40.63759    0.04569
    576.10000    6.37343    0.04796   37.44283    0.07201
    578.68000    6.63346    0.04055   43.75399    0.03703
    580.78000    6.32425    0.06001   42.95357    0.06290
    584.07000    6.61379    0.04680   41.95485    0.01559
    586.55000    6.89264    0.09099   40.56936    0.06925
    589.87000    7.18180    0.05111   43.10830    0.07302
    592.67000    6.78618    0.06352   43.14010    0.05948
    594.56000    7.25447    0.08242   44.55449    0.07637
    599.45000    7.53711    0.04379   44.92566    0.06711
    603.93000    7.57807    0.07689   42.89801    0.07441
    731.73000    5.81391    0.06039   53.63194    0.05686
    733.03000    5.76967    0.06126   56.27614    0.05108
    738.00000    6.26609    0.05240   55.03966    0.06262
    740.71000    6.29382    0.03793   57.03514    0.04348
    744.13000    6.05599    0.06449   56.32009    0.08069
    749.43000    6.30427    0.06237   66.46435    0.04577
    752.72000    6.16990    0.04093   64.97650    0.04104
    754.81000    7.07420    0.04030   67.53565    0.08426
    759.82000    7.48896    0.08269   63.67616    0.02940
    763.39000    7.20745    0.03563   57.82961    0.04813
    766.33000    8.77316    0.05713   56.64097    0.07255
    769.09000    8.18793    0.07523   55.61203    0.04235
    772.62000    8.17453    0.08711   49.48892    0.08829
    776.32000    7.38719    0.04064   44.54537    0.03685
    779.13000    7.53506    0.05708   40.73306    0.05934
    782.63000    8.39396    0.03190   40.78624    0.03354
    787.42000    8.53314    0.04782   38.31269    0.06353
    790.16000    9.33720    0.07008   37.58326    0.02786
    791.89000    8.70938    0.02999   36.03684    0.07740
    794.81000    8.63098    0.06180   38.18152    0.04758
    798.24000    8.56187    0.06834   37.87624    0.07298
    801.71000    7.95387    0.06679   36.88619    0.04697
    806.07000    7.69019    0.07213   39.65264    0.03085
    810.79000    7.06641    0.07505   38.53372    0.04953
    813.31000    6.71174    0.04113   37.41083    0.04307
    817.92000    6.63463    0.07722   36.60345    0.04481
    821.53000    6.88325    0.04413   43.13900    0.04727
    826.27000    6.55437    0.04688   41.75472    0.06288
    828.17000    6.74100    0.04937   42.82990    0.06807
    831.71000    7.08855    0.04369   43.01708    0.07376
    833.73000    7.14621    0.04828   42.57382    0.03150
    837.18000    7.40542    0.05853   43.52521    0.05179
    841.04000    7.06978    0.06261   42.23193    0.07324
    845.47000    6.77948    0.06391   41.45574    0.03268
    849.36000    6.35321    0.07000   47.88925    0.08201
    853.40000    6.90684    0.04186   52.88527    0.04714
    857.92000    6.84856    0.05900   47.54727    0.09514
    860.45000    7.63170    0.04724   48.50196    0.07128
    864.49000    7.84115    0.06975   47.36720    0.08165
    867.91000    7.90374    0.03917   44.15303    0.01362
    871.81000    8.36920    0.03082   47.13612    0.06564
    874.67000    7.57809    0.05258   49.62995    0.06143
    877.28000    7.07621    0.04648   49.01027    0.05060
    879.79000    6.91268    0.05160   51.17978    0.04954
    881.77000    6.86262    0.04990   51.83484    0.05693
    883.46000    6.33126    0.02854   54.58445    0.06141
    887.87000    5.59742    0.04743   62.62875    0.02174
    889.89000    5.62469    0.04915   62.21001    0.06280
    894.10000    4.73856    0.04997   64.46424    0.07074
    899.18000    4.64898    0.03986   68.30312    0.03542
    902.65000    4.74885    0.04166   70.19200    0.04900
    906.17000    4.64532    0.04060   70.18161    0.04802
    910.30000    4.64459    0.04022   61.91798    0.03165
    914.58000    4.47517    0.04918   67.39050    0.07369
    918.70000    4.84526    0.03579   64.46669    0.04882
    921.64000    4.83658    0.06929   62.53648    0.05952
    925.97000    4.50835    0.03991   61.04388    0.06228
    926.48000    4.26673    0.04984   60.49022    0.04533
    928.63000    4.30391    0.07739   53.63342    0.06756
    931.05000    4.54874    0.06856   59.66510    0.04511
    936.24000    5.04894    0.02473   60.85861    0.04636
    939.57000    4.73360    0.05073   59.55786    0.06023
    943.04000    5.11446    0.05530   57.81048    0.03976
    947.22000    4.71196    0.04486   56.86450    0.05208
    949.11000    4.97527    0.05736   59.13179    0.03254
    953.00000    4.80811    0.06398   62.91516    0.01903
    955.75000    4.94935    0.01968   60.60173    0.05718
    959.85000    4.94946    0.03358   64.41645    0.03619
    964.93000    5.69101    0.03795   57.37185    0.04114
    969.12000    5.61705    0.05885   63.23152    0.01869
   1097.08000    7.86590    0.08038   44.06641    0.05285
   1099.02000    7.91178    0.05125   44.09081    0.05485
   1103.03000    8.49358    0.04547   46.61941    0.04478
   1105.74000    8.14393    0.04534   44.44714    0.06810
   1109.23000    7.58121    0.07656   44.34050    0.04551
   1111.89000    7.89775    0.03992   46.27868    0.05404
   1114.39000    7.34898    0.05218   46.17925    0.06557
   1118.07000    7.81354    0.03108   47.36151    0.07713
   1120.63000    7.77282    0.04503   49.34779    0.05240
   1123.69000    7.21832    0.06250   47.71403    0.04521
   1127.99000    6.28658    0.07406   48.28827    0.04420
   1131.47000    5.79090    0.03958   52.42103    0.05757
   1136.47000    5.57473    0.04799   46.59940    0.04947
   1138.73000    5.38443    0.07229   45.02304    0.06327
   1140.70000    5.52938    0.02992   45.07460    0.05443
   1142.22000    5.56776    0.06645   41.18293    0.04507
   1144.95000    5.66014    0.05736   40.12637    0.04075
   1147.05000    5.87132    0.04104   41.54427    0.05186
   1150.84000    6.39185    0.06184   40.88359    0.08024
   1151.99000    6.48431    0.06418   44.14206    0.04881
   1153.30000    6.34640    0.05685   45.12307    0.05987
   1156.89000    6.06781    0.06693   39.26121    0.05794
   1159.46000    6.47064    0.09277   41.28033    0.06447
   1163.71000    5.64075    0.07739   44.16409    0.05015
   1166.40000    5.80389    0.06270   40.90448    0.07270
   1169.32000    5.68757    0.01992   39.12010    0.05560
   1173.04000    6.08413    0.05282   37.62143    0.03447
   1175.86000    6.62847    0.05948   36.76516    0.06881
   1176.39000    6.36033    0.04622   36.08100    0.06188
   1179.94000    6.26834    0.05395   37.27463    0.04626
   1182.20000    6.82165    0.05353   38.85825    0.05467
   1184.26000    6.67455    0.05055   42.83899    0.04317
   1186.56000    6.37585    0.01550   39.52136    0.04776
   1189.39000    6.30760    0.04996   36.24566    0.07794
   1191.13000    6.15079    0.06802   35.65664    0.06791
   1193.90000    5.69323    0.05156   34.27112    0.06305
   1197.65000    5.85525    0.05732   34.81972    0.06237
   1199.88000    6.28561    0.05519   32.99840    0.05064
   1203.42000    5.76548    0.08605   35.35559    0.05971
   1205.38000    5.61818    0.03831   33.40122    0.04634
   1206.89000    5.67784    0.05774   33.64273    0.06695
   1208.70000    5.29789    0.04717   31.68758    0.08219
   1211.53000    5.16154    0.05874   31.55083    0.04942
   1214.35000    5.40613    0.03463   31.45232    0.05596
   1216.99000    5.38979    0.05467   31.45460    0.06786
   1221.11000    5.20041    0.06032   31.96813    0.04818
   1225.02000    5.52987    0.06297   31.66456    0.08301
   1227.76000    5.10230    0.07258   29.62650    0.05147
   1229.73000    5.24985    0.06701   30.42284    0.03735
   1232.17000    5.32511    0.05307   30.37702    0.01768
   1235.99000    5.26468    0.04334   30.96993    0.06613
   1237.94000    5.52074    0.05348   33.12616    0.06117
   1240.19000    5.56154    0.04061   35.23226    0.04514
   1243.43000    6.01498    0.05429   40.79537    0.04235
   1246.28000    5.35363    0.03876   41.92274    0.07478
   1249.55000    5.35509    0.04428   42.42794    0.08451
   1253.05000    5.13300    0.06939   42.56432    0.03814
   1257.07000    4.49907    0.07417   39.44748    0.06129
   1260.45000    4.90174    0.07642   37.66973    0.04884
   1262.56000    4.79306    0.07483   36.50576    0.04011
   1264.81000    5.12606    0.02765   34.37253    0.04130
   1268.57000    4.72096    0.03955   33.31173    0.05408
   1271.25000    4.92547    0.05445   36.46270    0.05378
   1272.96000    4.64545    0.05555   35.65588    0.05341
   1274.48000    5.16792    0.09326   37.12772    0.03952
   1278.48000    4.95794    0.02716   37.32753    0.05730
   1281.46000    4.65244    0.02839   40.35451    0.03467
   1284.23000    4.51032    0.03257   40.26414    0.05315
   1286.47000    4.65239    0.03546   47.15642    0.05068
   1290.22000    4.38730    0.05503   46.94343    0.04724
   1293.12000    4.42219    0.05859   49.76004    0.06202
   1295.43000    4.63371    0.02662   49.87456    0.05287
   1297.61000    4.85286    0.07716   43.88195    0.06860
   1298.71000    4.61584    0.03336   41.57420    0.09137
   1301.87000    4.12094    0.05819   39.49944    0.07099
   1302.89000    4.24632    0.03027   39.65244    0.05387
   1306.57000    3.97780    0.05316   39.93469    0.04347
   1310.97000    3.94855    0.04392   40.22682    0.04874
   1314.20000    3.84992    0.05319   41.71631    0.03565
   1316.54000    4.22702    0.02537   42.55994    0.03027
   1320.06000    3.93352    0.07214   44.99675    0.03875
   1322.43000    3.81610    0.04193   50.01248    0.03772
   1324.94000    3.64010    0.04351   51.62341    0.04363
   1326.62000    3.71253    0.03266   49.85101    0.05184
   1329.54000    3.66667    0.06110   51.58150    0.08828
   1331.32000    3.83814    0.03476   49.26100    0.02775
   1462.48000    6.02584    0.02758   31.72738    0.05577
   1465.91000    6.23117    0.01995   31.53254    0.04838
   1470.47000    5.25353    0.06195   31.66101    0.04838
   1473.37000    5.50120    0.04563   32.02542    0.01186
   1476.31000    5.47037    0.05115   30.08675    0.08475
   1479.68000    5.63300    0.06232   33.09262    0.04561
   1485.17000    5.83422    0.03643   35.06880    0.05081
   1487.71000    5.93437    0.05199   34.39248    0.07350
   1490.47000    5.77412    0.05243   34.40975    0.06471
   1494.63000    6.28966    0.06899   38.20551    0.01219
   1497.23000    6.22308    0.05071   42.25779    0.07864
   1499.72000    6.07462    0.06835   39.61325    0.05991
   1503.15000    5.89538    0.06508   39.26588    0.06682
   1506.77000    6.60117    0.03737   37.22943    0.04045
   1508.95000    6.44066    0.06278   37.62211    0.08404
   1513.69000    6.01703    0.05990   38.16229    0.05457
   1515.48000    6.08739    0.03555   39.04358    0.04321
   1518.55000    6.08771    0.08172   38.79908    0.05457
   1521.81000    6.15307    0.05053   37.34251    0.06837
   1526.55000    6.14278    0.05869   35.08820    0.04605
   1530.30000    5.58013    0.05547   33.19289    0.04527
   1533.77000    5.64653    0.06219   30.94078    0.07197
   1536.18000    5.36295    0.05149   29.90589    0.03569
   1538.77000    5.05141    0.06299   30.14327    0.05492
   1541.12000    5.22000    0.04037   30.53502    0.03263
   1543.86000    5.25629    0.04467   33.93333    0.02934
   1547.29000    5.29074    0.03877   32.85407    0.06387
   1550.65000    5.42894    0.06289   31.11579    0.05767
   1553.93000    5.59594    0.02954   30.26367    0.04741
   1557.93000    5.29354    0.04489   31.57353    0.03444
   1559.54000    5.47386    0.06034   32.80245    0.07020
   1562.18000    5.23830    0.05922   31.73283    0.02857
   1565.32000    4.63054    0.03952   31.63632    0.05301
   1569.09000    4.08205    0.05353   31.35254    0.01867
   1571.64000    4.04528    0.04888   34.65178    0.04757
   1573.23000    3.79015    0.05172   35.65298    0.03944
   1575.31000    3.61569    0.05497   36.63593    0.05245
   1578.97000    3.73037    0.05067   36.52128    0.05612
   1581.17000    3.69129    0.05976   35.75656    0.06964
   1584.37000    3.96026    0.04187   33.59961    0.00287
   1588.52000    3.68165    0.03768   30.18750    0.05780
   1591.79000    3.95624    0.04446   32.80505    0.04981
   1596.47000    4.13624    0.05873   36.03620    0.06379
   1599.36000    4.16903    0.05201   34.76256    0.05638
   1603.35000    4.07011    0.03906   34.07153    0.04474
   1606.87000    4.61701    0.01501   37.53943    0.04319
   1609.87000    5.13098    0.06887   38.94446    0.03984
   1612.84000    4.70199    0.05114   38.38823    0.03159
   1615.63000    4.66958    0.05973   37.09854    0.06110
   1617.48000    4.51550    0.05749   36.83856    0.05028
   1618.16000    4.64606    0.08180   38.14718    0.03899
   1621.52000    4.59805    0.08539   37.81087    0.05993
   1621.95000    4.48074    0.05067   38.68697    0.05171
   1623.05000    4.55303    0.04635   37.19239    0.05290
   1627.11000    4.60788    0.05898   42.38084    0.05334
   1630.30000    4.77189    0.05474   43.11332    0.05113
   1631.53000    4.60257    0.01962   45.80267    0.03137
   1636.35000    4.03792    0.06253   42.56389    0.04766
   1638.52000    4.12357    0.07029   44.24073    0.06928
   1643.33000    3.99503    0.04703   38.49974    0.04713
   1646.32000    3.74895    0.05452   38.31076    0.06404
   1649.82000    3.64383    0.04090   36.59218    0.07339
   1651.87000    3.53073    0.03519   36.22325    0.06230
   1654.93000    3.95014    0.04484   37.34627    0.05596
   1657.43000    4.13298    0.02337   40.07880    0.07594
   1660.62000    3.84472    0.03955   41.20486    0.07513
   1662.26000    4.01109    0.05825   40.49343    0.05613
   1665.02000    3.58457    0.04994   42.04913    0.05431
   1667.89000    3.89462    0.07756   39.13541    0.05918
   1671.98000    3.78113    0.04533   40.97260    0.04206
   1674.27000    3.63685    0.04085   40.23721    0.05299
   1677.01000    3.64193    0.05511   38.83634    0.06744
   1678.33000    3.76671    0.02356   38.82468    0.01718
   1680.99000    3.69727    0.05862   37.45504    0.04598
   1685.40000    3.90198    0.05417   37.40330    0.06605
   1688.11000    4.11426    0.05830   39.34824    0.03428
   1690.51000    4.37975    0.03595   37.11327    0.06127
   1693.36000    4.05617    0.06146   37.68823    0.03284
   1696.07000    3.82493    0.03970   37.15525    0.06809
   1698.61000    3.72433    0.05517   35.97970    0.05034
