## Time Delay Challenge light curves
##
## [time]=days, [lc]=[err]=flux in nanomaggies
##
##       time       lc_A      err_A       lc_B      err_B
##-------------------------------------------------------
      0.27000    1.11163    0.06509    8.92617    0.03519
      3.31000    1.09092    0.05648    9.00365    0.04445
      4.64000    1.18301    0.04864    9.00702    0.06227
      5.32000    1.12471    0.06044    8.98609    0.06706
      8.65000    1.18428    0.04706    9.09300    0.03528
     10.80000    1.16816    0.05635    9.20081    0.07232
     14.04000    1.24482    0.06975    9.36231    0.07681
     16.63000    1.21323    0.04086    9.53327    0.06099
     18.31000    1.29882    0.05933    9.23754    0.05873
     21.05000    1.18508    0.04985    9.54456    0.04936
     24.38000    1.17890    0.06609    9.65017    0.05708
     25.81000    1.20179    0.01741    9.70014    0.08733
     27.63000    1.18745    0.05653    9.56461    0.07454
     29.27000    1.21508    0.06570    9.63395    0.04446
     33.41000    1.35657    0.07182    9.47959    0.01766
     38.38000    1.26376    0.03474    9.57892    0.02334
     42.30000    1.17512    0.03965    9.62386    0.06511
     44.76000    1.11914    0.04401    9.58023    0.03859
     48.09000    1.20028    0.03001    9.66271    0.06049
     50.46000    1.11985    0.07465    9.71537    0.07001
     53.72000    1.17096    0.07002    9.61304    0.01372
     56.28000    1.23232    0.05450    9.76915    0.04673
     58.60000    1.16206    0.03603    9.71623    0.04673
     60.67000    1.08117    0.06665    9.69626    0.02105
     63.95000    1.13277    0.05936    9.66335    0.05618
     65.86000    1.17428    0.04521    9.90756    0.03846
     68.20000    1.00696    0.08151    9.64775    0.03808
     73.00000    1.16343    0.04401    9.66172    0.04952
     75.61000    1.09030    0.06403    9.58026    0.05727
     77.96000    1.16422    0.04067    9.63544    0.06786
     80.21000    1.14280    0.06109    9.71343    0.05883
     83.96000    1.17496    0.02286    9.82860    0.07751
     86.61000    1.15215    0.04968    9.71494    0.08463
     87.68000    1.15930    0.05898    9.80879    0.05718
     90.01000    1.18734    0.06018    9.50741    0.05329
     91.77000    1.15151    0.04168    9.45653    0.05459
     95.61000    1.17509    0.01960    9.45009    0.06881
     99.18000    1.17688    0.05100    9.42954    0.02431
    102.56000    1.17005    0.05905    9.51791    0.08258
    105.59000    1.14586    0.03589    9.62267    0.03865
    109.11000    1.09222    0.06567    9.89934    0.03240
    111.76000    1.05875    0.05998    9.75662    0.03955
    114.63000    1.13443    0.07167    9.79719    0.07064
    119.79000    1.09160    0.06720    9.80464    0.07261
    122.97000    1.24974    0.05204    9.87980    0.05022
    125.29000    1.14639    0.05441    9.91563    0.03466
    130.73000    1.21667    0.05753    9.94376    0.01705
    133.07000    1.19907    0.05237   10.11490    0.07393
    137.97000    1.22793    0.03480   10.20478    0.06321
    142.94000    1.19566    0.04471   10.35097    0.06019
    146.73000    1.38719    0.08379   10.35984    0.04632
    151.42000    1.22562    0.05809   10.52861    0.06721
    155.53000    1.17907    0.04871   10.39700    0.06275
    156.38000    1.24318    0.04485   10.42636    0.05255
    158.19000    1.18956    0.05270   10.33847    0.07370
    162.32000    1.23547    0.06104   10.23220    0.04713
    164.24000    1.26845    0.03821   10.11009    0.09014
    166.51000    1.35501    0.04853   10.21517    0.06634
    167.88000    1.26077    0.03554   10.06772    0.02855
    172.97000    1.23960    0.06076    9.82948    0.06645
    176.82000    1.15162    0.05113    9.75915    0.05646
    178.20000    1.24042    0.06563    9.66059    0.04472
    180.08000    1.26686    0.04874    9.77139    0.02097
    183.20000    1.28642    0.05483    9.62684    0.06126
    185.76000    1.27052    0.04087    9.74582    0.06863
    188.63000    1.36328    0.05584   10.02522    0.10482
    191.80000    1.25823    0.04527   10.16564    0.03585
    194.85000    1.21762    0.06942   10.11267    0.05155
    197.76000    1.25091    0.05399    9.94098    0.06346
    201.20000    1.16449    0.04379   10.24326    0.07387
    204.45000    1.20709    0.05075   10.21921    0.05859
    206.38000    1.22506    0.05465   10.23303    0.03226
    210.26000    1.17130    0.04416   10.15700    0.04683
    212.40000    1.23341    0.02104   10.41310    0.05499
    215.61000    1.18115    0.04513   10.18769    0.08123
    220.01000    1.20771    0.03493   10.11438    0.03908
    222.25000    1.22999    0.07429    9.97270    0.04162
    224.41000    1.18179    0.04592   10.17490    0.07794
    228.06000    1.27011    0.02300   10.33303    0.03704
    231.85000    1.13788    0.04682   10.15949    0.08257
    234.19000    1.27697    0.04265   10.49976    0.06788
    237.84000    1.29427    0.05221   10.71873    0.06800
    367.06000    1.33923    0.06287   10.03458    0.05073
    369.30000    1.44089    0.05406   10.06302    0.01850
    370.96000    1.50490    0.05483   10.05860    0.04821
    374.64000    1.46172    0.05038   10.29681    0.04660
    375.05000    1.43859    0.01954   10.27041    0.04697
    377.17000    1.48079    0.06562   10.25768    0.05351
    379.10000    1.41077    0.04319   10.49123    0.03550
    382.49000    1.40325    0.02441   10.80834    0.03770
    387.32000    1.41610    0.04756   10.50002    0.07573
    391.78000    1.36949    0.06196   10.73929    0.04363
    394.92000    1.41434    0.06729   10.61727    0.06813
    399.03000    1.33739    0.02765   10.67501    0.07203
    402.61000    1.39345    0.05554   10.69989    0.02233
    404.08000    1.32408    0.08168   10.62058    0.04162
    406.59000    1.33180    0.04671   10.75966    0.06389
    410.40000    1.38066    0.03316   11.03826    0.06960
    412.09000    1.36546    0.04064   10.99751    0.03823
    414.04000    1.42933    0.05087   11.06793    0.05351
    417.43000    1.30118    0.09578   11.00333    0.05695
    423.82000    1.31899    0.05166   11.05295    0.04999
    425.84000    1.28986    0.02239   10.95806    0.04035
    428.88000    1.21887    0.05237   11.01973    0.06646
    432.34000    1.25960    0.02262   11.00444    0.06497
    436.23000    1.34201    0.05190   11.09567    0.04901
    438.35000    1.20126    0.05765   11.12656    0.06263
    441.02000    1.39532    0.06447   11.02562    0.05643
    444.52000    1.31043    0.05265   11.21762    0.08175
    446.88000    1.25366    0.03969   11.16277    0.05464
    450.08000    1.32038    0.02226   11.22203    0.05260
    452.47000    1.30549    0.03401   11.27508    0.04763
    456.12000    1.39712    0.08284   11.33464    0.04961
    458.71000    1.48023    0.04818   11.53569    0.04429
    461.72000    1.28180    0.05078   11.57701    0.04419
    465.13000    1.39516    0.07398   11.33800    0.03787
    468.01000    1.37578    0.04374   11.46887    0.02908
    470.70000    1.33970    0.02448   11.39946    0.06740
    474.26000    1.41784    0.05460   10.97919    0.05410
    478.86000    1.32787    0.07083   10.86971    0.07235
    481.15000    1.32606    0.03485   10.88844    0.04798
    484.45000    1.32426    0.03678   10.88044    0.06617
    485.91000    1.41818    0.07019   10.56121    0.04047
    488.73000    1.23013    0.04400   10.39886    0.02844
    492.60000    1.35609    0.05536   10.27184    0.06374
    495.91000    1.32516    0.04030   10.25525    0.05128
    496.93000    1.23455    0.05753   10.24917    0.05758
    499.41000    1.32329    0.02710   10.15550    0.04629
    503.37000    1.37273    0.03877   10.38131    0.05519
    506.74000    1.32078    0.05810   10.33974    0.04912
    509.05000    1.54785    0.09218   10.53753    0.07091
    514.01000    1.46100    0.06305   10.54509    0.06944
    517.52000    1.35949    0.04404   10.31952    0.05723
    518.91000    1.43643    0.05530   10.66672    0.08027
    522.69000    1.23306    0.05737   10.33435    0.02811
    525.13000    1.38921    0.04305   10.56958    0.06424
    525.76000    1.38528    0.05935   10.59762    0.03823
    528.59000    1.40298    0.04552   10.39903    0.05982
    531.37000    1.39244    0.05144   10.56856    0.05305
    533.63000    1.35763    0.05824   10.68046    0.06787
    537.02000    1.37459    0.05607   10.39621    0.07306
    541.45000    1.35682    0.03457   10.12887    0.01377
    545.12000    1.45777    0.05411   10.04917    0.04834
    548.17000    1.35016    0.03737    9.98260    0.07432
    553.05000    1.39808    0.03599    9.87234    0.03921
    556.09000    1.40360    0.06199    9.99373    0.05719
    560.62000    1.40110    0.03962    9.97278    0.07108
    563.07000    1.41289    0.04817    9.90691    0.07069
    565.29000    1.45338    0.07056    9.81890    0.05936
    568.64000    1.58768    0.06908    9.91264    0.02729
    572.74000    1.56194    0.07159   10.09268    0.02788
    576.61000    1.45963    0.08060   10.00501    0.03707
    579.92000    1.42880    0.08160    9.80697    0.08073
    581.54000    1.33825    0.03758   10.02905    0.05998
    582.16000    1.34309    0.08178    9.98874    0.03605
    586.19000    1.43336    0.05014   10.04172    0.07583
    587.82000    1.43996    0.06513    9.71016    0.07431
    590.90000    1.46943    0.04417    9.75681    0.03614
    593.43000    1.40174    0.04269    9.71616    0.04520
    596.38000    1.40464    0.06234    9.71747    0.04799
    599.87000    1.33336    0.06195    9.85525    0.01944
    604.06000    1.36685    0.05456    9.59304    0.05459
    732.55000    1.25827    0.05952   10.48354    0.06648
    734.42000    1.13973    0.07713   10.60030    0.04657
    738.01000    1.19883    0.05287   10.86508    0.02779
    739.31000    1.06829    0.06125   10.62244    0.02252
    741.09000    1.21400    0.03702   10.62565    0.03629
    744.09000    1.32668    0.05417   10.45272    0.02373
    747.34000    1.39420    0.07975   10.52588    0.05067
    749.20000    1.18389    0.05182   10.59342    0.06124
    751.58000    1.24964    0.04133   10.60160    0.03481
    754.59000    1.19043    0.04661   10.43995    0.03349
    758.26000    1.27792    0.02101   10.33002    0.05090
    763.87000    1.36209    0.04060   10.41685    0.07682
    764.96000    1.36070    0.05911   10.47664    0.05787
    768.06000    1.27465    0.05904   10.83541    0.05315
    770.15000    1.30067    0.05291   10.92522    0.04132
    772.61000    1.35460    0.04605   10.96169    0.05117
    774.76000    1.32579    0.04316   10.70204    0.05537
    777.54000    1.40964    0.04379   10.56428    0.02942
    780.43000    1.23593    0.07328   10.47681    0.04959
    783.82000    1.27676    0.07793   10.38291    0.01549
    786.46000    1.40594    0.06676   10.49984    0.05497
    788.99000    1.27517    0.03955   10.59463    0.05073
    791.10000    1.28650    0.07591   10.77182    0.06098
    795.20000    1.31457    0.05123   10.67330    0.07451
    797.35000    1.39756    0.07912   10.73530    0.03817
    800.52000    1.44259    0.05154   10.87350    0.07299
    802.23000    1.34642    0.04731   10.85492    0.06237
    805.70000    1.31199    0.05664   10.45341    0.04969
    808.31000    1.36818    0.04077   10.22613    0.04417
    813.66000    1.30098    0.05607   10.10165    0.04316
    817.25000    1.32159    0.05785    9.73892    0.08206
    820.89000    1.24509    0.03277    9.80679    0.07187
    824.68000    1.31617    0.03479    9.98516    0.04497
    827.71000    1.35117    0.03189    9.78652    0.02651
    831.50000    1.29294    0.02085    9.70454    0.06515
    834.75000    1.30178    0.02803    9.81167    0.05652
    837.86000    1.30915    0.04544    9.93626    0.06354
    839.84000    1.31639    0.05649    9.86856    0.06304
    842.48000    1.32127    0.04052   10.10503    0.06721
    845.63000    1.28435    0.02982   10.20457    0.04202
    849.28000    1.31088    0.06419   10.04020    0.05832
    850.76000    1.31748    0.04280   10.03875    0.02734
    855.51000    1.35937    0.05107   10.16313    0.05780
    858.41000    1.29829    0.03119   10.05974    0.05723
    860.26000    1.32478    0.06217   10.08971    0.05494
    861.39000    1.24352    0.05670   10.21285    0.07488
    865.43000    1.35775    0.07023   10.44930    0.02483
    869.39000    1.31270    0.06963   10.18051    0.05862
    873.82000    1.37240    0.07913   10.41819    0.03884
    875.35000    1.32681    0.03109   10.41959    0.07721
    878.10000    1.33401    0.05833   10.33629    0.03304
    882.08000    1.24015    0.04954   10.33495    0.03402
    884.52000    1.34718    0.04081   10.49076    0.06968
    888.95000    1.39210    0.04827   10.36934    0.06315
    892.46000    1.41682    0.04498   10.34974    0.03273
    894.93000    1.37431    0.02934   10.19104    0.07099
    897.76000    1.42449    0.04342   10.27017    0.05360
    901.92000    1.35236    0.04982   10.39215    0.06670
    904.41000    1.32667    0.03521   10.17038    0.03515
    907.76000    1.36248    0.06824    9.98752    0.04399
    911.16000    1.27117    0.04579    9.78405    0.03678
    913.60000    1.39027    0.04581    9.64586    0.04009
    915.07000    1.37285    0.05647    9.57765    0.05699
    917.37000    1.34452    0.02595    9.59641    0.05111
    920.65000    1.38179    0.02543    9.64095    0.03092
    925.16000    1.19283    0.05631    9.65415    0.01571
    927.42000    1.35533    0.05455    9.41354    0.02845
    930.70000    1.21996    0.05739    9.61404    0.05882
    934.34000    1.31054    0.04685    9.58425    0.03712
    936.77000    1.31150    0.04768    9.48971    0.04785
    940.41000    1.17696    0.04363    9.54439    0.02361
    942.45000    1.23160    0.04551    9.50977    0.06724
    944.59000    1.22376    0.06164    9.54715    0.07747
    947.64000    1.32420    0.08330    9.95920    0.03029
    950.44000    1.19532    0.05533    9.94586    0.03774
    953.24000    1.30061    0.03848    9.79694    0.04812
    956.67000    1.21078    0.07597    9.75948    0.05062
    958.81000    1.30004    0.05048    9.83954    0.02479
    959.93000    1.34399    0.05144    9.82156    0.02593
    960.23000    1.30917    0.06922    9.86394    0.03613
    963.39000    1.30667    0.07396    9.77101    0.04814
    966.18000    1.22680    0.04288    9.92892    0.02841
    969.45000    1.26433    0.07963    9.89449    0.06836
   1098.06000    1.26763    0.03450   11.65427    0.05128
   1100.96000    1.17689    0.05885   11.68972    0.05882
   1104.06000    1.21205    0.04440   11.35327    0.04520
   1108.37000    1.28235    0.04256   11.55811    0.05164
   1111.15000    1.20346    0.05034   11.41891    0.05699
   1113.17000    1.29024    0.05029   11.55323    0.05698
   1116.89000    1.20256    0.07130   11.19970    0.03773
   1120.12000    1.22501    0.02126   11.29617    0.02570
   1123.48000    1.32588    0.06163   11.21913    0.08616
   1125.77000    1.26590    0.05256   11.31960    0.05360
   1128.39000    1.25906    0.06595   11.13144    0.05387
   1131.60000    1.22120    0.03884   11.00319    0.03735
   1134.57000    1.40645    0.05939   10.93582    0.03059
   1138.16000    1.21245    0.04818   10.92750    0.07607
   1139.11000    1.30198    0.05993   10.72921    0.06624
   1142.25000    1.26202    0.06278   10.83913    0.04639
   1144.16000    1.23828    0.04908   10.78539    0.04468
   1146.07000    1.27753    0.05240   10.89262    0.05912
   1149.60000    1.30198    0.06060   10.80309    0.04476
   1152.33000    1.36062    0.03746   10.74574    0.05789
   1155.98000    1.39592    0.06861   10.79297    0.05802
   1159.19000    1.32789    0.05265   11.04271    0.04197
   1161.59000    1.41981    0.07723   11.12187    0.05825
   1164.95000    1.40469    0.04746   11.31996    0.08642
   1167.24000    1.26158    0.06392   11.26985    0.03499
   1170.76000    1.28000    0.03370   11.12966    0.05006
   1173.38000    1.34761    0.05452   11.44662    0.04890
   1176.15000    1.36578    0.05951   11.43034    0.05570
   1179.63000    1.43249    0.03401   11.52831    0.07207
   1181.64000    1.48234    0.05057   11.34075    0.05292
   1183.73000    1.50578    0.02953   11.29418    0.02417
   1187.46000    1.40466    0.05055   11.07073    0.06124
   1190.30000    1.48816    0.07188   11.27473    0.02602
   1194.16000    1.43920    0.04457   11.37303    0.06104
   1198.20000    1.45733    0.03977   11.26847    0.04395
   1202.44000    1.51056    0.05597   11.06649    0.03981
   1205.54000    1.45648    0.05141   11.13113    0.04513
   1207.91000    1.46692    0.05802   10.94985    0.06155
   1210.14000    1.48078    0.06766   10.99012    0.05729
   1213.78000    1.46318    0.07346   11.17887    0.06190
   1214.72000    1.42215    0.06287   11.11150    0.05765
   1217.27000    1.49601    0.03111   11.12394    0.04897
   1220.41000    1.45456    0.03595   11.15159    0.02660
   1223.90000    1.35716    0.05267   10.92147    0.05863
   1228.08000    1.47006    0.03848   10.96141    0.04941
   1231.27000    1.46838    0.03570   11.08887    0.06433
   1234.02000    1.40612    0.04129   10.89058    0.07001
   1237.08000    1.38190    0.05087   10.70568    0.05646
   1241.00000    1.41685    0.02584   10.58174    0.04547
   1243.24000    1.43015    0.02833   10.62135    0.01782
   1245.55000    1.40912    0.05023   10.38752    0.06436
   1248.40000    1.41274    0.03419   10.58562    0.05351
   1252.24000    1.39567    0.06043   10.64910    0.06825
   1256.37000    1.40777    0.06682   10.44779    0.07012
   1259.75000    1.40547    0.05758   10.44981    0.04158
   1263.29000    1.37957    0.05775   10.52695    0.05789
   1268.26000    1.17879    0.07082   10.75880    0.05120
   1270.19000    1.30092    0.07961   10.82750    0.04936
   1272.53000    1.44738    0.06329   10.81887    0.06611
   1273.26000    1.55224    0.05717   10.68274    0.03819
   1275.46000    1.37531    0.05516   10.82842    0.03355
   1277.45000    1.37163    0.04069   10.91450    0.04922
   1281.94000    1.31156    0.08480   11.31994    0.04971
   1286.62000    1.50682    0.03844   11.38007    0.02743
   1288.27000    1.38195    0.05821   11.49548    0.01470
   1292.97000    1.42365    0.05640   11.30568    0.04739
   1296.90000    1.37634    0.06812   11.29856    0.02895
   1300.56000    1.27059    0.06810   11.23831    0.01181
   1303.14000    1.42108    0.06685   11.04979    0.08262
   1306.94000    1.51623    0.07825   10.96779    0.05455
   1309.72000    1.34844    0.04161   11.29180    0.06442
   1311.46000    1.43777    0.06349   11.41262    0.04142
   1312.98000    1.39568    0.02915   11.31958    0.09592
   1315.38000    1.41069    0.06728   11.39671    0.05795
   1317.30000    1.39857    0.07392   11.42133    0.05641
   1319.25000    1.42114    0.03972   11.22837    0.03825
   1320.47000    1.32728    0.06561   11.22216    0.04444
   1325.69000    1.27820    0.03699   11.17412    0.02672
   1328.65000    1.32188    0.06370   11.16180    0.04217
   1331.20000    1.31733    0.03463   10.98962    0.08903
   1460.63000    1.35398    0.04632   10.83493    0.06602
   1463.89000    1.34033    0.05661   10.72168    0.06079
   1467.35000    1.28958    0.05493   10.79277    0.05458
   1471.41000    1.23020    0.05360   10.31059    0.05810
   1472.46000    1.36315    0.06546   10.42311    0.03407
   1476.05000    1.42765    0.05044   10.75308    0.05113
   1476.32000    1.32149    0.07332   10.81531    0.03700
   1480.14000    1.30369    0.04654   10.87077    0.05470
   1483.86000    1.24843    0.04784   10.93738    0.05051
   1487.86000    1.40056    0.06912   10.80599    0.04884
   1491.50000    1.26356    0.07545   10.68082    0.06462
   1494.52000    1.38814    0.07044   10.45803    0.06536
   1498.21000    1.26133    0.04787   10.42093    0.04913
   1500.05000    1.22941    0.04507   10.42592    0.06150
   1503.00000    1.23013    0.07753   10.34600    0.06574
   1505.49000    1.33991    0.04291   10.34987    0.07632
   1509.61000    1.31531    0.04543   10.37327    0.03814
   1513.10000    1.41716    0.05589   10.57216    0.07139
   1514.69000    1.31046    0.05847   10.63435    0.04299
   1517.26000    1.33214    0.03159   10.33340    0.07827
   1520.66000    1.31039    0.02156   10.80744    0.06225
   1523.69000    1.30122    0.05665   10.38835    0.04607
   1526.12000    1.34209    0.04581   10.48041    0.04043
   1529.10000    1.21826    0.04539   10.59335    0.06728
   1531.50000    1.25997    0.05799   10.37262    0.04969
   1533.78000    1.36818    0.03726   10.40192    0.02702
   1536.90000    1.31615    0.04465   10.03810    0.07373
   1540.30000    1.34061    0.05849   10.16013    0.05888
   1543.20000    1.30256    0.04724   10.28726    0.04750
   1548.34000    1.28137    0.04875   10.56562    0.05192
   1552.81000    1.28016    0.06121   10.92900    0.07150
   1554.20000    1.35441    0.03738   10.91308    0.04319
   1558.34000    1.32325    0.06828   10.61551    0.05023
   1561.71000    1.31845    0.05588   10.64371    0.06559
   1564.51000    1.37356    0.05079   10.42679    0.04639
   1567.99000    1.36248    0.03808   10.42292    0.05912
   1571.01000    1.40397    0.03689   10.40560    0.03915
   1576.08000    1.46494    0.04177   10.09343    0.06206
   1578.61000    1.40896    0.03121   10.21193    0.06401
   1582.18000    1.32287    0.02510   10.00283    0.04867
   1586.84000    1.40247    0.05696    9.71595    0.03809
   1588.59000    1.31388    0.06631    9.61641    0.05226
   1589.84000    1.40404    0.07421    9.75527    0.06674
   1592.72000    1.35776    0.06601    9.58122    0.07998
   1596.53000    1.37053    0.04624    9.89015    0.05919
   1598.27000    1.46475    0.04662    9.78253    0.06919
   1600.85000    1.36881    0.03422   10.09596    0.05483
   1604.16000    1.35258    0.05405    9.97816    0.05356
   1609.18000    1.39009    0.05550    9.91698    0.04763
   1613.20000    1.40410    0.06430    9.97858    0.06032
   1616.05000    1.27753    0.05199    9.78896    0.05193
   1618.60000    1.23136    0.06953    9.89210    0.08328
   1620.79000    1.26606    0.02344    9.86449    0.03437
   1624.19000    1.28469    0.03127    9.86111    0.06831
   1628.49000    1.30109    0.03062    9.72207    0.04534
   1633.80000    1.24130    0.08352    9.65736    0.05069
   1634.81000    1.35437    0.06036    9.71475    0.07370
   1636.51000    1.30148    0.05922    9.58200    0.04773
   1637.12000    1.39157    0.03952    9.86373    0.07281
   1640.10000    1.37920    0.06515   10.04001    0.09426
   1644.11000    1.26308    0.04683    9.98787    0.04056
   1646.22000    1.27811    0.08229    9.90812    0.06370
   1648.07000    1.22635    0.08109   10.13213    0.05770
   1650.68000    1.33495    0.04312   10.10265    0.00692
   1654.36000    1.02876    0.07578   10.32269    0.04833
   1656.13000    1.27665    0.03223   10.28279    0.05503
   1658.45000    1.32629    0.05785   10.48666    0.05107
   1660.64000    1.25836    0.04148   10.28026    0.05804
   1662.32000    1.27640    0.03304   10.24488    0.03564
   1664.65000    1.27257    0.07344   10.43477    0.03465
   1668.05000    1.30325    0.02647   10.24925    0.05684
   1672.13000    1.24074    0.05441   10.49756    0.04757
   1676.13000    1.30564    0.05256   10.34516    0.06312
   1680.28000    1.38200    0.03631   10.32367    0.03093
   1683.50000    1.27731    0.04275   10.45924    0.06448
   1688.23000    1.38967    0.05663   10.31265    0.03789
   1691.10000    1.22727    0.04489   10.34677    0.02306
   1693.19000    1.29042    0.02721   10.18084    0.05220
   1697.22000    1.28280    0.06211    9.96072    0.03451
   1699.87000    1.29619    0.03387    9.92308    0.02234
