## Time Delay Challenge light curves
##
## [time]=days, [lc]=[err]=flux in nanomaggies
##
##       time       lc_A      err_A       lc_B      err_B
##-------------------------------------------------------
      0.21000    2.51204    0.05733    0.92183    0.04923
      4.25000    2.70532    0.03562    0.88908    0.05026
      4.85000    2.74730    0.03193    0.88353    0.05432
      8.37000    2.73250    0.04254    0.87380    0.06333
     10.93000    2.62312    0.05382    0.86673    0.06114
     13.94000    2.58819    0.04303    0.82900    0.03919
     16.78000    2.53784    0.02923    0.79800    0.05222
     18.73000    2.65533    0.05784    0.86808    0.07399
     22.36000    2.56872    0.06166    0.82647    0.06944
     24.78000    2.65896    0.04095    0.74087    0.06078
     26.69000    2.58431    0.04624    0.94659    0.07104
     29.41000    2.62825    0.00373    0.91278    0.03297
     33.10000    2.63466    0.05938    0.82042    0.05648
     34.84000    2.64377    0.08624    0.90567    0.06309
     37.48000    2.48796    0.04355    0.87642    0.04807
     41.22000    2.56162    0.06858    0.90929    0.04613
     42.38000    2.51082    0.06372    0.78965    0.07660
     44.99000    2.47435    0.06110    0.83620    0.05309
     48.78000    2.50470    0.04819    0.84883    0.07203
     53.67000    2.44659    0.06703    0.89250    0.04699
     56.70000    2.59305    0.04400    0.88777    0.04240
     59.76000    2.52410    0.02860    0.87376    0.05831
     63.26000    2.52414    0.02500    0.93789    0.06215
     66.04000    2.51551    0.06195    0.87789    0.05327
     69.07000    2.44720    0.05551    0.82445    0.06914
     73.02000    2.35032    0.05734    0.84168    0.06342
     77.15000    2.49822    0.05454    0.83370    0.06163
     78.51000    2.41111    0.04097    0.84949    0.03914
     82.10000    2.45719    0.03776    0.89710    0.05540
     84.64000    2.54049    0.06369    0.80558    0.03712
     88.45000    2.42824    0.05334    0.86361    0.03158
     90.31000    2.50511    0.02266    0.70764    0.06326
     91.12000    2.59408    0.06228    0.84956    0.06010
     94.82000    2.52995    0.05186    0.79925    0.05725
     97.82000    2.50196    0.08640    0.80144    0.06466
    102.08000    2.38671    0.02965    0.72685    0.04409
    103.35000    2.34580    0.06285    0.82233    0.06051
    105.85000    2.42209    0.05396    0.63063    0.05145
    109.18000    2.35375    0.00975    0.93453    0.06866
    112.37000    2.37894    0.06218    0.71676    0.06288
    116.78000    2.29683    0.06396    0.81895    0.03468
    119.47000    2.41879    0.06024    0.73987    0.04494
    123.11000    2.39373    0.05069    0.82238    0.05127
    126.79000    2.25709    0.04109    0.84884    0.06471
    129.91000    2.35588    0.04580    0.71271    0.06792
    135.12000    2.36140    0.05896    0.83946    0.05855
    140.02000    2.33667    0.05565    0.72396    0.02495
    144.20000    2.35935    0.06250    0.82128    0.05881
    148.02000    2.27194    0.07564    0.84452    0.05142
    149.88000    2.37076    0.03190    0.70481    0.03717
    153.78000    2.40192    0.05231    0.68319    0.05186
    158.33000    2.49784    0.07162    0.77208    0.05897
    160.64000    2.39125    0.05532    0.75709    0.03615
    165.73000    2.47382    0.02275    0.70366    0.05428
    169.14000    2.53496    0.05550    0.80701    0.04663
    171.91000    2.55181    0.05240    0.69170    0.05615
    174.50000    2.50393    0.05276    0.69274    0.07220
    176.48000    2.62628    0.05904    0.67132    0.04528
    178.93000    2.58892    0.03792    0.69217    0.04119
    180.91000    2.58423    0.01662    0.63745    0.05812
    183.00000    2.54594    0.05618    0.78640    0.02156
    184.41000    2.54858    0.05602    0.80113    0.03624
    186.96000    2.56654    0.04162    0.73410    0.03025
    189.71000    2.63108    0.06020    0.73163    0.05755
    194.28000    2.44962    0.07188    0.84834    0.07921
    195.60000    2.36097    0.05927    0.68985    0.04835
    198.33000    2.34778    0.04923    0.72723    0.06812
    203.38000    2.36051    0.06442    0.78908    0.03505
    204.78000    2.35965    0.04000    0.74540    0.06231
    207.04000    2.33771    0.06489    0.72030    0.04367
    211.52000    2.46315    0.04884    0.91819    0.04498
    215.79000    2.49639    0.03461    0.71095    0.05747
    219.19000    2.49926    0.04304    0.74798    0.04113
    223.17000    2.44888    0.02910    0.73118    0.04253
    226.50000    2.37547    0.07650    0.89671    0.04745
    229.76000    2.48881    0.02895    0.75147    0.04230
    231.98000    2.51266    0.03529    0.78801    0.06555
    234.28000    2.55039    0.07432    0.82343    0.06634
    236.32000    2.55723    0.05455    0.81893    0.05646
    239.27000    2.43604    0.04690    0.67332    0.06728
    365.19000    2.23304    0.05426    0.80575    0.07961
    368.77000    2.31518    0.05884    0.65517    0.05711
    370.73000    2.26433    0.03880    0.70749    0.07237
    372.90000    2.17271    0.05630    0.75316    0.07175
    374.51000    2.26681    0.05260    0.74648    0.04367
    377.06000    2.21240    0.05686    0.69570    0.04228
    379.93000    2.07214    0.07677    0.64959    0.04910
    382.59000    2.23073    0.05439    0.72695    0.03000
    384.42000    2.15213    0.06454    0.77001    0.04615
    386.90000    2.07848    0.05256    0.66517    0.06789
    390.03000    2.19702    0.06202    0.68952    0.05697
    393.38000    2.19536    0.08956    0.68058    0.04603
    396.02000    2.21761    0.05189    0.73630    0.06001
    397.39000    2.06604    0.05073    0.70318    0.07020
    399.12000    2.16547    0.04742    0.66689    0.04730
    401.41000    2.17686    0.06175    0.68986    0.05466
    404.79000    2.11935    0.03296    0.63284    0.06913
    407.31000    2.12165    0.02602    0.80536    0.06176
    408.02000    2.13842    0.03629    0.69779    0.08359
    410.26000    2.10849    0.05568    0.48461    0.07336
    413.93000    2.12536    0.05848    0.62692    0.05047
    415.88000    2.10015    0.06061    0.65648    0.02918
    417.69000    2.12645    0.04163    0.69446    0.03562
    420.18000    2.11582    0.03518    0.71547    0.04141
    422.17000    2.23669    0.06443    0.70467    0.05535
    426.40000    2.05907    0.05818    0.65821    0.02705
    429.61000    2.23403    0.04113    0.66577    0.04558
    433.81000    2.18565    0.05173    0.74845    0.06044
    436.37000    2.08153    0.05604    0.63467    0.04841
    437.54000    2.09392    0.05811    0.67437    0.06473
    441.78000    2.12701    0.03695    0.66529    0.06760
    444.52000    2.19364    0.04933    0.60192    0.05729
    447.81000    2.18254    0.07841    0.74922    0.06768
    450.51000    2.17584    0.02807    0.46997    0.08318
    453.40000    2.25759    0.05910    0.65718    0.04112
    454.98000    2.13182    0.05452    0.62659    0.05365
    457.08000    2.19325    0.05176    0.66875    0.04251
    459.83000    2.21502    0.06966    0.64631    0.06113
    462.03000    2.30989    0.04305    0.58412    0.06684
    465.22000    2.26162    0.03135    0.72528    0.05217
    466.05000    2.08050    0.05698    0.54026    0.06989
    469.41000    2.20891    0.00178    0.65264    0.05543
    472.95000    2.24434    0.04755    0.60852    0.04870
    476.08000    2.14932    0.02693    0.68817    0.06816
    480.74000    2.06662    0.06948    0.71686    0.04781
    483.66000    2.22223    0.03367    0.63293    0.04607
    485.75000    2.14451    0.07061    0.61015    0.04592
    488.79000    2.10230    0.02987    0.63651    0.02910
    490.74000    1.96154    0.06520    0.68977    0.07486
    495.25000    2.07704    0.05574    0.64569    0.06193
    497.35000    2.02724    0.03339    0.73005    0.06568
    500.55000    2.01264    0.03167    0.73325    0.05995
    503.08000    2.08266    0.03731    0.64468    0.04645
    508.50000    1.99027    0.06834    0.75576    0.08459
    512.21000    2.03192    0.01148    0.65032    0.06791
    517.17000    2.07313    0.05691    0.66359    0.06408
    520.99000    2.02041    0.07285    0.61963    0.02871
    522.91000    2.01713    0.05833    0.56899    0.04680
    526.47000    2.04965    0.04952    0.57051    0.05743
    530.03000    2.04012    0.08289    0.65654    0.05888
    533.54000    1.95810    0.04156    0.62684    0.05025
    536.06000    2.05702    0.04969    0.67920    0.02950
    540.17000    2.08448    0.06045    0.56246    0.05802
    543.14000    2.14782    0.05354    0.68755    0.03661
    545.62000    2.15091    0.05168    0.67688    0.02882
    548.43000    2.10804    0.04766    0.60392    0.05388
    552.43000    2.16359    0.05790    0.61238    0.05084
    554.87000    1.99915    0.07783    0.64065    0.01158
    558.79000    2.16949    0.06501    0.61932    0.06304
    559.73000    2.09653    0.04626    0.66569    0.04311
    562.58000    2.07936    0.03207    0.70367    0.04714
    566.05000    2.02113    0.05642    0.73341    0.05058
    568.30000    2.21437    0.06221    0.53665    0.06821
    570.87000    2.13570    0.03780    0.72972    0.04907
    571.95000    2.04911    0.03611    0.75408    0.05065
    574.52000    1.94930    0.03653    0.60906    0.07063
    576.84000    2.02089    0.02359    0.67121    0.06232
    579.93000    1.97279    0.05755    0.61726    0.04247
    582.51000    1.95338    0.03490    0.60115    0.04055
    586.34000    2.01552    0.04139    0.64238    0.04265
    588.22000    1.96471    0.03529    0.56733    0.08813
    592.42000    1.95809    0.03782    0.65416    0.03281
    595.68000    1.94739    0.04084    0.66373    0.03855
    600.84000    2.04163    0.03737    0.66257    0.04744
    603.32000    1.95662    0.04373    0.71458    0.05338
    730.04000    2.02331    0.05465    0.61819    0.06383
    734.22000    2.16579    0.06255    0.54157    0.05461
    736.82000    1.95777    0.05973    0.52071    0.08579
    740.09000    2.09637    0.05723    0.64181    0.04309
    743.42000    2.04760    0.02769    0.60385    0.04703
    747.05000    2.04640    0.03496    0.56143    0.04642
    749.14000    1.99733    0.00675    0.52723    0.04725
    751.16000    2.04035    0.04388    0.51652    0.07215
    755.63000    2.04583    0.03039    0.60019    0.02816
    757.59000    1.98420    0.02102    0.53017    0.04823
    761.67000    1.88468    0.04350    0.62998    0.06094
    763.86000    1.92612    0.03339    0.52812    0.05490
    764.71000    1.91644    0.07817    0.56314    0.07426
    766.89000    1.89597    0.02581    0.67911    0.06324
    769.35000    1.99746    0.05420    0.59705    0.04331
    772.91000    2.00398    0.06023    0.61994    0.05854
    776.62000    1.85492    0.05356    0.54853    0.07795
    778.13000    1.91435    0.06203    0.63329    0.06157
    781.63000    1.89354    0.04787    0.64152    0.02619
    783.69000    1.98836    0.03934    0.52801    0.06591
    785.33000    2.12645    0.07387    0.65544    0.05606
    789.40000    1.92708    0.07808    0.66073    0.08089
    792.28000    1.87269    0.05090    0.47758    0.07625
    796.67000    1.87921    0.03265    0.58903    0.05500
    799.35000    1.80445    0.04080    0.55947    0.06513
    802.87000    1.78982    0.06384    0.62636    0.04216
    806.99000    1.90148    0.04426    0.64898    0.09156
    811.66000    1.87587    0.03632    0.49457    0.06435
    813.35000    1.84372    0.06803    0.55147    0.04768
    814.98000    1.92056    0.06342    0.65034    0.02645
    818.49000    1.91221    0.05769    0.58862    0.02386
    820.03000    1.96856    0.04462    0.66160    0.06357
    824.72000    2.01161    0.02619    0.59398    0.03340
    826.96000    1.99483    0.08539    0.53748    0.06450
    830.16000    2.00066    0.04325    0.56881    0.05733
    834.49000    1.90385    0.05532    0.51003    0.06029
    836.62000    2.02481    0.07356    0.55243    0.05856
    838.54000    1.98989    0.04684    0.59379    0.05069
    840.71000    2.18030    0.05795    0.63609    0.02846
    845.03000    2.12860    0.05804    0.52529    0.04723
    848.21000    1.99689    0.07153    0.60845    0.05390
    852.29000    2.02508    0.06418    0.66158    0.05989
    855.41000    1.97197    0.06775    0.62496    0.05054
    857.61000    2.02930    0.03143    0.66514    0.02915
    861.39000    1.96571    0.05172    0.64329    0.06776
    863.07000    1.97760    0.05715    0.72851    0.05621
    865.68000    2.03761    0.05310    0.59166    0.05577
    869.45000    2.00319    0.03357    0.61732    0.03982
    872.02000    2.02989    0.05739    0.52464    0.07411
    875.22000    2.03731    0.03541    0.74160    0.05999
    878.84000    2.02935    0.02269    0.55885    0.04467
    882.37000    1.94262    0.04712    0.68942    0.05723
    886.23000    1.94869    0.04139    0.68919    0.07849
    890.01000    2.01400    0.05208    0.74546    0.07167
    892.01000    1.82869    0.07208    0.65050    0.06808
    894.03000    2.13300    0.05872    0.66866    0.04292
    897.27000    2.00968    0.01829    0.59156    0.03754
    898.65000    2.06384    0.06873    0.67264    0.08470
    900.90000    1.95977    0.04803    0.50689    0.06076
    904.00000    1.93068    0.05140    0.70229    0.05996
    907.74000    2.01370    0.04827    0.70443    0.05701
    909.95000    2.05074    0.02564    0.55157    0.06600
    912.25000    2.03354    0.02295    0.65140    0.06592
    914.30000    1.93679    0.04817    0.62498    0.03117
    917.86000    2.01547    0.03988    0.63969    0.05924
    919.79000    2.03250    0.07496    0.65996    0.08448
    921.89000    2.11484    0.07549    0.63779    0.03308
    924.92000    2.13966    0.06332    0.72694    0.05774
    927.52000    2.22968    0.07588    0.56972    0.04101
    929.10000    2.14157    0.05393    0.57355    0.05723
    930.77000    2.15243    0.03608    0.62117    0.05441
    932.05000    2.19174    0.04251    0.69221    0.03602
    935.64000    2.20290    0.04240    0.67652    0.05404
    938.45000    2.14353    0.07606    0.63471    0.06936
    942.08000    2.15554    0.02177    0.64038    0.02541
    944.49000    2.15461    0.03965    0.64927    0.06205
    949.03000    2.23443    0.05691    0.70542    0.05025
    952.02000    2.19179    0.06838    0.69351    0.03622
    956.34000    2.24705    0.04481    0.65992    0.05398
    959.45000    2.10690    0.06916    0.71850    0.04789
    962.22000    2.23791    0.04793    0.68562    0.06084
    966.00000    2.21667    0.05808    0.69518    0.07115
    968.48000    2.16337    0.03674    0.70149    0.04869
   1095.99000    2.00193    0.06074    0.71492    0.07369
   1100.65000    2.05205    0.06168    0.76161    0.05449
   1104.86000    2.05978    0.02878    0.82229    0.05885
   1109.73000    1.95814    0.04768    0.75137    0.04412
   1113.05000    2.02923    0.06826    0.73489    0.06994
   1116.84000    2.01118    0.00554    0.72875    0.04510
   1118.60000    2.04110    0.05724    0.70729    0.04775
   1121.42000    2.00123    0.05093    0.69851    0.06353
   1123.35000    2.02498    0.04349    0.62070    0.05417
   1125.03000    2.04103    0.04321    0.68637    0.02061
   1128.64000    2.10106    0.04804    0.66311    0.06160
   1130.62000    2.20319    0.06263    0.68645    0.04944
   1133.52000    2.05320    0.06034    0.54683    0.05956
   1138.13000    2.01445    0.02940    0.75284    0.06269
   1141.80000    1.99053    0.05717    0.66452    0.05510
   1145.19000    1.98627    0.08711    0.64314    0.04561
   1148.35000    1.97451    0.05178    0.63466    0.05913
   1150.66000    1.88800    0.02095    0.72125    0.05296
   1153.09000    1.94023    0.03333    0.66845    0.06299
   1156.20000    1.95955    0.04878    0.68370    0.05985
   1158.58000    1.98839    0.04868    0.56005    0.05881
   1160.65000    2.01338    0.04844    0.67054    0.03588
   1163.35000    1.97900    0.04757    0.66151    0.02803
   1164.81000    1.95327    0.05062    0.71685    0.06196
   1169.81000    1.85535    0.04664    0.67376    0.03223
   1172.83000    1.83541    0.05876    0.70255    0.03114
   1174.38000    1.88459    0.05669    0.74194    0.05165
   1176.79000    1.85365    0.05532    0.64772    0.04883
   1180.45000    1.82512    0.03732    0.47062    0.06412
   1183.31000    1.77600    0.05326    0.66810    0.05688
   1186.50000    1.92394    0.06185    0.72557    0.04447
   1190.06000    2.00267    0.06086    0.59598    0.03800
   1194.62000    1.83638    0.04068    0.75746    0.05568
   1197.90000    1.84476    0.03661    0.63798    0.04811
   1201.62000    1.81836    0.04812    0.73267    0.07804
   1203.09000    1.94460    0.07132    0.64134    0.00646
   1205.91000    1.83017    0.07166    0.73080    0.06710
   1210.42000    1.78625    0.06799    0.63143    0.04961
   1213.09000    1.84510    0.03191    0.64260    0.04864
   1215.47000    1.73751    0.05069    0.57923    0.03813
   1218.15000    1.77766    0.06194    0.63128    0.07960
   1222.33000    1.72708    0.04260    0.61206    0.04156
   1224.43000    1.80707    0.05359    0.64966    0.05563
   1225.83000    1.82058    0.04738    0.67614    0.04918
   1227.30000    1.67158    0.04839    0.70759    0.06719
   1229.35000    1.69905    0.01195    0.75403    0.08548
   1233.12000    1.72041    0.05231    0.66115    0.04498
   1235.91000    1.67556    0.05256    0.65684    0.04439
   1238.64000    1.73754    0.04844    0.56547    0.04541
   1242.19000    1.62668    0.04930    0.49378    0.05755
   1244.56000    1.61556    0.04421    0.67075    0.05345
   1245.83000    1.66042    0.06640    0.56969    0.03267
   1250.77000    1.69970    0.06351    0.56052    0.05997
   1253.28000    1.74680    0.06510    0.53006    0.07859
   1255.95000    1.60690    0.07828    0.63201    0.04683
   1258.35000    1.74105    0.05466    0.51577    0.06311
   1263.40000    1.89569    0.05835    0.60188    0.04974
   1265.78000    1.79865    0.05910    0.54019    0.06356
   1268.86000    1.68785    0.07395    0.55291    0.04633
   1270.96000    1.65150    0.03553    0.64016    0.07580
   1272.88000    1.61105    0.03686    0.61982    0.03466
   1275.14000    1.61378    0.06998    0.68546    0.07335
   1279.13000    1.69298    0.05223    0.54038    0.04561
   1282.58000    1.56883    0.07027    0.62412    0.06472
   1286.41000    1.50070    0.03670    0.55453    0.05673
   1290.58000    1.58542    0.03533    0.59163    0.05439
   1293.23000    1.62806    0.03170    0.60258    0.04485
   1297.42000    1.60383    0.06880    0.56553    0.04992
   1300.48000    1.62980    0.02316    0.55131    0.03762
   1303.29000    1.58900    0.04906    0.56783    0.03679
   1306.29000    1.64931    0.06582    0.61950    0.08423
   1310.69000    1.51488    0.04552    0.63764    0.05520
   1313.48000    1.61810    0.09245    0.58935    0.06596
   1315.76000    1.63809    0.08531    0.59651    0.04440
   1319.29000    1.63868    0.04427    0.58462    0.05034
   1323.87000    1.63451    0.08516    0.54285    0.04549
   1328.61000    1.53006    0.06115    0.52129    0.05399
   1330.93000    1.64867    0.04105    0.56457    0.03322
   1334.87000    1.71102    0.05418    0.53284    0.02662
   1460.97000    1.89471    0.05754    0.70040    0.04962
   1464.59000    1.91686    0.04298    0.75508    0.07559
   1469.58000    1.77075    0.06756    0.78333    0.06136
   1471.69000    1.78081    0.04262    0.70392    0.01691
   1476.15000    1.70216    0.06111    0.81069    0.04887
   1480.39000    1.86483    0.07545    0.70276    0.02829
   1483.54000    1.75852    0.04252    0.68549    0.04651
   1487.52000    1.80322    0.05592    0.75340    0.06540
   1491.12000    1.72519    0.06197    0.67645    0.06963
   1494.21000    1.75288    0.04068    0.73939    0.03786
   1496.88000    1.67966    0.05350    0.74457    0.05521
   1499.01000    1.70712    0.04981    0.65141    0.07129
   1501.35000    1.67261    0.08599    0.70691    0.05480
   1503.81000    1.64009    0.05629    0.88172    0.06851
   1508.11000    1.63387    0.03820    0.68817    0.08725
   1513.04000    1.54163    0.06659    0.76857    0.06619
   1517.11000    1.65142    0.04754    0.69666    0.05624
   1519.53000    1.51559    0.05571    0.70471    0.05942
   1521.93000    1.59788    0.04507    0.67239    0.03771
   1526.37000    1.63144    0.05788    0.71599    0.04347
   1529.14000    1.62502    0.06367    0.63001    0.03631
   1531.99000    1.64292    0.07484    0.48135    0.05706
   1535.55000    1.65383    0.05247    0.64860    0.05122
   1537.87000    1.57888    0.07734    0.60352    0.06764
   1540.78000    1.65657    0.06818    0.63951    0.05730
   1542.57000    1.64205    0.03058    0.67335    0.08061
   1543.61000    1.64227    0.07171    0.70914    0.04175
   1546.79000    1.63101    0.05594    0.62894    0.09146
   1549.04000    1.64638    0.04811    0.62639    0.02125
   1551.56000    1.55983    0.06528    0.67877    0.09386
   1553.81000    1.59421    0.06807    0.65896    0.04547
   1555.55000    1.67852    0.03263    0.72549    0.08892
   1558.07000    1.59411    0.04580    0.57614    0.06450
   1562.68000    1.62887    0.05207    0.67043    0.04881
   1564.77000    1.65331    0.07164    0.64991    0.04078
   1568.15000    1.72515    0.07932    0.75335    0.04548
   1570.88000    1.71607    0.05478    0.65806    0.04874
   1572.74000    1.70496    0.05977    0.66383    0.05055
   1575.62000    1.60538    0.05750    0.57684    0.06025
   1579.54000    1.55703    0.04778    0.63391    0.07181
   1583.14000    1.56603    0.04426    0.66067    0.02035
   1586.44000    1.60793    0.04182    0.67872    0.05301
   1588.00000    1.59853    0.03359    0.79910    0.06736
   1590.20000    1.53641    0.04928    0.67007    0.05966
   1593.14000    1.52138    0.03718    0.71130    0.05073
   1595.27000    1.46808    0.04021    0.73933    0.04544
   1600.09000    1.51538    0.05599    0.73680    0.06151
   1602.47000    1.56792    0.07081    0.75664    0.06567
   1606.18000    1.54279    0.08244    0.65833    0.07257
   1608.93000    1.73446    0.05288    0.67191    0.05007
   1611.32000    1.51474    0.08790    0.59873    0.05394
   1615.04000    1.60843    0.03212    0.74108    0.08585
   1618.06000    1.69598    0.08021    0.75035    0.06808
   1620.80000    1.65521    0.04469    0.75532    0.06963
   1624.53000    1.57346    0.04119    0.61224    0.05461
   1626.82000    1.56900    0.04360    0.68037    0.03815
   1631.93000    1.69253    0.07590    0.64799    0.05708
   1636.11000    1.64452    0.04515    0.71705    0.06005
   1640.11000    1.62152    0.04654    0.76522    0.07396
   1640.26000    1.47180    0.06457    0.70199    0.04284
   1643.36000    1.55852    0.04475    0.71107    0.03853
   1644.78000    1.63404    0.03383    0.62761    0.04831
   1647.06000    1.72923    0.05287    0.70343    0.04014
   1650.09000    1.66389    0.05248    0.63172    0.04840
   1653.14000    1.75779    0.08360    0.69328    0.07603
   1658.22000    1.65388    0.05048    0.68221    0.05996
   1660.06000    1.69561    0.03777    0.66295    0.04326
   1664.37000    1.77951    0.06006    0.74381    0.06552
   1666.76000    1.76126    0.05940    0.70233    0.04369
   1668.87000    1.63654    0.09546    0.66555    0.04275
   1671.64000    1.69978    0.05101    0.60682    0.06464
   1673.65000    1.68428    0.08027    0.66836    0.03982
   1676.16000    1.82814    0.04924    0.63791    0.06092
   1679.18000    1.78639    0.03034    0.60760    0.03828
   1680.49000    1.78260    0.02807    0.78896    0.05676
   1682.90000    1.80730    0.05495    0.62034    0.06858
   1686.34000    1.82102    0.03015    0.63032    0.05180
   1690.74000    1.76356    0.03343    0.67611    0.04545
   1692.83000    1.68630    0.04643    0.61218    0.08297
   1695.34000    1.81376    0.03478    0.77915    0.04131
   1698.78000    1.78636    0.03126    0.75714    0.07786
