## Time Delay Challenge light curves
##
## [time]=days, [lc]=[err]=flux in nanomaggies
##
##       time       lc_A      err_A       lc_B      err_B
##-------------------------------------------------------
      0.32000    4.68429    0.04116    3.59817    0.05123
      2.44000    5.04836    0.04757    3.69843    0.06441
      5.63000    5.07368    0.04783    3.65614    0.04814
      9.15000    5.13383    0.04634    3.59344    0.03850
     12.94000    5.23433    0.05242    3.50811    0.05344
     17.42000    5.08268    0.03442    3.52422    0.06307
     20.11000    5.22549    0.05030    3.30520    0.06588
     22.55000    5.18912    0.03506    3.42354    0.05588
     25.64000    5.34522    0.06706    3.39054    0.02755
     29.55000    5.10244    0.04505    3.13911    0.06771
     33.40000    5.04874    0.06093    3.14346    0.01790
     37.29000    4.97875    0.07413    3.16553    0.05803
     40.48000    4.74136    0.05552    2.97886    0.03189
     43.63000    4.91517    0.04728    3.02911    0.03124
     45.90000    4.69426    0.07605    2.84174    0.04602
     49.50000    4.46807    0.08655    2.75016    0.06467
     52.22000    4.50477    0.04557    2.86052    0.03594
     55.31000    4.46068    0.06111    2.87685    0.07561
     58.42000    4.40479    0.04906    2.79162    0.06012
     61.50000    4.23369    0.07152    2.75712    0.07496
     64.09000    4.24388    0.04173    2.82342    0.01412
     66.28000    4.19218    0.06712    2.89631    0.04369
     69.86000    3.92498    0.04733    2.69512    0.06546
     73.56000    4.02163    0.05486    2.87680    0.04548
     76.37000    4.05674    0.03024    2.80402    0.06165
     81.04000    4.12961    0.05377    2.86421    0.05399
     85.21000    4.07610    0.05442    2.80266    0.06558
     88.77000    4.11751    0.07166    2.84655    0.03495
     92.03000    4.20740    0.05067    2.73819    0.04137
     94.80000    4.11639    0.07329    2.93849    0.03393
     96.67000    4.00031    0.04996    2.82160    0.06895
     98.58000    3.88967    0.06609    2.93635    0.02432
    100.39000    3.82792    0.07094    3.00408    0.07713
    102.35000    4.07861    0.05621    3.08844    0.06431
    106.10000    4.16811    0.06137    3.26605    0.06951
    108.26000    3.99372    0.06745    3.00230    0.04967
    111.18000    3.96777    0.06322    3.04286    0.05159
    115.30000    4.24507    0.04333    2.80490    0.06272
    120.51000    4.25515    0.01853    2.92965    0.06175
    122.78000    4.36711    0.08058    3.03985    0.05377
    124.51000    4.43016    0.06649    2.91852    0.05035
    125.85000    4.31732    0.04403    2.87523    0.05557
    129.88000    4.52345    0.04988    3.09771    0.05055
    133.01000    4.32560    0.03799    3.02648    0.06167
    135.24000    4.31679    0.04952    3.09386    0.08663
    136.58000    4.21940    0.03926    3.06846    0.04891
    140.45000    4.37551    0.03602    3.17459    0.05765
    143.06000    4.40471    0.07836    3.17288    0.04915
    146.56000    4.35511    0.06289    3.28561    0.01363
    150.22000    4.57220    0.04663    3.11350    0.06563
    154.46000    4.46303    0.03590    3.27382    0.04603
    156.65000    4.56518    0.03783    3.40360    0.06312
    160.21000    4.44115    0.08008    3.55412    0.08531
    163.54000    4.60891    0.05987    3.39401    0.09182
    168.28000    4.75125    0.06189    3.53790    0.03397
    172.96000    4.78445    0.05800    3.46814    0.02310
    176.62000    4.84938    0.06218    3.38713    0.04841
    180.74000    5.06815    0.03734    3.63737    0.03957
    184.06000    4.97625    0.06573    3.45613    0.04441
    187.72000    4.94117    0.08247    3.43190    0.07976
    189.35000    5.15097    0.03121    3.30880    0.02617
    192.22000    4.95837    0.06327    3.50084    0.03063
    193.55000    4.96139    0.03402    3.38708    0.06633
    196.31000    4.84259    0.05889    3.45411    0.08050
    199.29000    4.83325    0.06048    3.24321    0.04881
    200.82000    4.93096    0.06092    3.30257    0.08968
    203.67000    4.85324    0.04204    3.31418    0.05795
    207.03000    4.93072    0.05229    3.14382    0.04448
    209.07000    4.80604    0.06283    3.15558    0.02552
    211.20000    4.92478    0.07188    3.14770    0.03479
    213.98000    4.74307    0.06628    3.25365    0.04088
    217.60000    4.69761    0.05358    3.17196    0.04073
    220.81000    4.69279    0.04126    3.05791    0.06760
    224.30000    4.67592    0.05746    3.14819    0.04820
    227.25000    4.49873    0.02918    3.21525    0.04532
    230.94000    4.41707    0.05705    3.13732    0.03115
    233.40000    4.57971    0.06605    3.21713    0.05690
    236.46000    4.58103    0.05504    3.16356    0.04110
    239.26000    4.39899    0.07441    3.19789    0.07035
    365.63000    4.46158    0.03811    2.89948    0.04842
    369.14000    4.49672    0.00567    3.06427    0.06714
    371.84000    4.45267    0.02441    3.06616    0.06038
    376.00000    4.37664    0.05407    3.09484    0.05301
    378.06000    4.19420    0.07132    3.09557    0.06540
    380.56000    4.45189    0.05693    3.08629    0.04875
    383.46000    4.31107    0.03299    3.09692    0.06980
    388.52000    4.37027    0.02419    3.06704    0.06183
    391.37000    4.51920    0.04692    3.19905    0.08584
    394.69000    4.47216    0.01558    3.27769    0.05191
    397.75000    4.39232    0.03088    3.37133    0.06214
    398.94000    4.38662    0.05903    3.24127    0.06756
    403.54000    4.50953    0.05038    3.19756    0.06535
    406.60000    4.40092    0.04506    3.33158    0.06200
    410.51000    4.63948    0.06741    3.35568    0.05767
    412.71000    4.80898    0.05862    3.40044    0.03488
    417.58000    4.54150    0.06934    3.42817    0.05965
    422.07000    4.70876    0.05397    3.60303    0.04371
    424.88000    4.93482    0.04622    3.72023    0.03504
    428.25000    4.86991    0.04072    3.52277    0.06700
    430.95000    4.81095    0.08806    3.47935    0.05201
    435.22000    4.91235    0.05190    3.39253    0.05611
    438.26000    5.05991    0.04038    3.40576    0.07672
    441.58000    5.04909    0.07242    3.31137    0.06375
    445.23000    5.37824    0.01405    3.25449    0.04259
    448.37000    5.20034    0.04919    3.39121    0.05659
    451.51000    4.88500    0.05680    3.29480    0.03813
    455.11000    4.86053    0.05242    3.25376    0.06153
    457.81000    4.92145    0.04205    3.15584    0.06201
    461.07000    4.73756    0.03336    3.43227    0.07289
    465.81000    4.70457    0.07516    3.49975    0.04191
    469.15000    4.68724    0.03436    3.40305    0.05721
    472.89000    4.69954    0.04540    3.50158    0.08459
    476.56000    4.78210    0.04593    3.42782    0.07560
    478.66000    4.71907    0.06274    3.41984    0.04168
    481.09000    4.74025    0.03310    3.53548    0.08085
    485.80000    4.83951    0.06286    3.52211    0.04576
    488.76000    4.94111    0.05852    3.56483    0.03228
    491.44000    4.88299    0.05214    3.50378    0.03162
    495.14000    5.00162    0.04481    3.56454    0.03746
    496.83000    4.82948    0.08461    3.57479    0.04382
    502.68000    5.11820    0.07296    3.38463    0.04435
    505.09000    5.33590    0.05340    3.65914    0.07256
    508.09000    5.14506    0.04072    3.40782    0.06462
    510.83000    5.16841    0.04112    3.46788    0.06334
    515.59000    5.31649    0.05744    3.46895    0.07329
    518.80000    5.36671    0.07544    3.59178    0.06279
    522.92000    4.95545    0.03410    3.50376    0.05313
    524.65000    4.97521    0.03756    3.65459    0.06937
    528.41000    4.72213    0.05500    3.45687    0.07801
    530.85000    4.79390    0.03303    3.48529    0.06018
    532.08000    4.98762    0.04548    3.36212    0.05099
    535.51000    4.98454    0.05468    3.39386    0.06542
    538.73000    5.04008    0.07071    3.41406    0.05191
    539.99000    5.02502    0.03606    3.42532    0.02783
    543.26000    4.85998    0.03910    3.34006    0.07202
    545.45000    4.78229    0.04393    3.45670    0.06611
    549.84000    4.81536    0.04617    3.57323    0.02205
    552.13000    4.83182    0.03990    3.72808    0.06280
    553.35000    4.83867    0.02899    3.61776    0.05391
    556.58000    4.79437    0.05020    3.58268    0.07283
    559.05000    4.88610    0.06438    3.63017    0.02983
    561.80000    4.62395    0.04833    3.67312    0.05183
    564.24000    4.80218    0.05699    3.58516    0.08032
    567.76000    5.02436    0.08185    3.86536    0.03933
    572.17000    5.04964    0.03363    3.77139    0.04429
    574.61000    5.30735    0.06823    3.71578    0.04131
    576.99000    5.17825    0.06247    3.82996    0.08590
    579.46000    5.10713    0.03191    3.62934    0.03986
    582.91000    5.16977    0.03925    3.48656    0.06967
    585.24000    5.37156    0.04407    3.47160    0.04238
    587.29000    5.14581    0.05271    3.45669    0.08959
    588.76000    5.43389    0.04708    3.52947    0.06594
    591.88000    5.45799    0.05270    3.42618    0.03004
    595.77000    5.30584    0.04147    3.39088    0.06360
    599.61000    5.19116    0.05268    3.48742    0.07608
    603.68000    4.82322    0.04544    3.55792    0.04591
    733.11000    4.85452    0.06637    3.69546    0.05912
    735.15000    4.85927    0.04599    3.70101    0.02601
    736.90000    4.79611    0.06573    3.71828    0.05308
    739.74000    4.76180    0.04617    3.82731    0.05090
    743.09000    4.85859    0.06695    3.80484    0.03528
    747.15000    4.98640    0.05276    3.76656    0.05995
    750.18000    5.00168    0.03811    3.81937    0.06534
    754.11000    5.22925    0.07726    3.79331    0.06298
    755.71000    5.22569    0.03115    3.60004    0.05004
    759.32000    5.21107    0.05843    3.45406    0.05541
    760.94000    5.20732    0.02508    3.50262    0.05053
    764.42000    5.59086    0.02651    3.55749    0.06984
    767.63000    5.51122    0.06434    3.52299    0.04620
    770.83000    5.28382    0.08737    3.56232    0.05194
    774.18000    5.17123    0.05577    3.55997    0.05100
    777.83000    4.94523    0.02630    3.51883    0.00934
    779.19000    4.85655    0.03184    3.60102    0.06666
    781.59000    4.96011    0.04793    3.59704    0.05297
    785.22000    4.85784    0.05510    3.66798    0.06093
    787.52000    4.83189    0.02615    3.73169    0.05423
    789.84000    4.80978    0.05064    3.55192    0.06607
    791.25000    4.96494    0.03794    3.43262    0.03332
    795.46000    4.95517    0.05006    3.14274    0.02461
    797.00000    4.86326    0.05353    3.06637    0.03910
    799.99000    4.99613    0.03912    3.07672    0.01869
    804.47000    4.93794    0.07370    3.13793    0.03992
    808.80000    4.88482    0.06478    3.15102    0.06137
    811.43000    4.79301    0.05333    3.29178    0.06300
    814.05000    4.58109    0.04071    3.16747    0.04592
    816.19000    4.36996    0.06321    3.03083    0.06391
    818.12000    4.41876    0.05583    3.16507    0.04633
    822.76000    4.40147    0.05339    3.27927    0.03202
    826.69000    4.55618    0.02609    3.41523    0.05582
    827.18000    4.45365    0.05528    3.36002    0.03429
    829.22000    4.45849    0.04805    3.39913    0.04138
    831.45000    4.43880    0.05446    3.36346    0.07281
    833.94000    4.24966    0.04903    3.36545    0.04111
    836.70000    4.34007    0.04947    3.25591    0.02268
    840.79000    4.38424    0.05215    3.42323    0.07921
    843.40000    4.52530    0.05405    3.51832    0.05017
    846.71000    4.68878    0.05707    3.61886    0.07235
    848.52000    4.83379    0.04634    3.48122    0.06138
    852.12000    4.71619    0.06713    3.16495    0.07084
    853.91000    4.74782    0.05804    3.21994    0.05427
    858.01000    4.74696    0.07465    3.36645    0.04751
    859.68000    4.63700    0.08505    3.34978    0.05825
    863.33000    4.94111    0.05899    3.11237    0.04353
    865.35000    4.95671    0.06630    3.36176    0.07316
    867.72000    4.89043    0.06310    3.30528    0.06990
    871.72000    4.56474    0.05612    3.16182    0.03319
    873.97000    4.60776    0.08275    3.29346    0.07928
    878.13000    4.57557    0.07702    3.32450    0.03129
    880.38000    4.46649    0.05185    3.31337    0.05796
    881.76000    4.55521    0.06068    3.14025    0.07030
    884.53000    4.40064    0.04717    3.24993    0.06378
    886.51000    4.51529    0.04710    3.17412    0.05355
    888.62000    4.45199    0.07706    3.31194    0.06061
    888.84000    4.51664    0.04225    3.29538    0.04740
    893.29000    4.57772    0.06862    3.19655    0.06248
    895.27000    4.50072    0.05710    3.23986    0.05034
    899.46000    4.63169    0.05833    3.29886    0.06507
    902.61000    4.39628    0.04694    3.22104    0.06615
    906.19000    4.41750    0.05420    3.09750    0.07179
    907.00000    4.54273    0.06686    3.01222    0.04204
    911.14000    4.48631    0.04300    3.20912    0.05496
    915.72000    4.54154    0.07551    3.21392    0.04121
    918.88000    4.56046    0.05018    3.15623    0.06391
    922.50000    4.52306    0.08110    3.24736    0.04224
    926.02000    4.40168    0.06194    3.32099    0.03477
    929.14000    4.38698    0.04857    3.54009    0.05761
    931.79000    4.49282    0.06472    3.39452    0.08076
    935.09000    4.48654    0.05782    3.48247    0.06319
    938.90000    4.45879    0.07546    3.53547    0.04244
    940.52000    4.50702    0.05667    3.62019    0.06205
    942.74000    4.46294    0.03805    3.58117    0.04546
    945.15000    4.66889    0.05891    3.68381    0.06081
    948.93000    4.73199    0.05795    3.55416    0.05387
    952.31000    4.89748    0.04006    3.58208    0.05340
    954.76000    4.90638    0.05016    3.43750    0.03475
    957.17000    4.89051    0.04999    3.42671    0.03740
    960.39000    5.06407    0.02870    3.35590    0.04535
    962.06000    5.03275    0.04521    3.37965    0.07825
    964.08000    5.10020    0.07104    3.25790    0.06378
    967.41000    4.99398    0.04765    3.34018    0.03301
    968.97000    5.02135    0.05997    3.28444    0.03784
   1095.17000    4.46872    0.04520    3.04900    0.06285
   1098.66000    4.58490    0.05029    3.07270    0.06680
   1102.40000    4.46255    0.01857    2.93715    0.04581
   1105.33000    4.51628    0.03395    2.83045    0.06004
   1107.30000    4.51094    0.03954    3.07440    0.05313
   1110.64000    4.46032    0.04298    3.13557    0.07113
   1113.94000    4.42718    0.06351    3.15096    0.07768
   1114.85000    4.27883    0.07180    3.05228    0.06178
   1117.92000    4.29520    0.06471    3.07062    0.06044
   1121.50000    4.03117    0.00811    2.91291    0.08724
   1124.63000    3.94054    0.06946    2.92413    0.05581
   1126.63000    4.23225    0.06601    2.94809    0.05806
   1129.61000    4.25191    0.06534    3.09160    0.04290
   1133.51000    4.43888    0.05902    2.94664    0.05955
   1136.04000    4.28094    0.02842    3.13038    0.06829
   1138.91000    4.22403    0.06374    3.08159    0.07562
   1142.58000    4.32355    0.03658    3.17672    0.05181
   1144.42000    4.03714    0.05824    3.12654    0.06160
   1148.58000    4.10422    0.06719    3.24027    0.06428
   1152.73000    4.28043    0.01870    3.36747    0.03076
   1154.44000    4.22802    0.04531    3.32235    0.07256
   1156.09000    4.33359    0.04728    3.28797    0.07539
   1159.98000    4.20832    0.04316    3.26157    0.07179
   1163.39000    4.38521    0.04268    3.32526    0.06456
   1167.66000    4.46302    0.06921    3.25628    0.05549
   1170.75000    4.52208    0.04732    2.98864    0.06122
   1172.07000    4.60051    0.05604    3.28567    0.04936
   1174.49000    4.56161    0.05457    3.41246    0.04526
   1179.16000    4.54761    0.05557    3.35182    0.07421
   1183.94000    4.38329    0.05087    3.38293    0.04245
   1187.33000    4.56030    0.06135    3.33786    0.05620
   1189.67000    4.48730    0.05329    3.29318    0.05263
   1192.44000    4.50890    0.06316    3.52125    0.03941
   1195.43000    4.62832    0.03975    3.42238    0.06334
   1198.17000    4.76538    0.03913    3.43794    0.05622
   1200.76000    4.69782    0.04019    3.40783    0.05203
   1203.88000    4.78222    0.02524    3.58298    0.05347
   1208.01000    4.97837    0.07365    3.62472    0.03681
   1211.80000    4.91451    0.05499    3.52663    0.05808
   1215.99000    5.00249    0.06405    3.51386    0.06231
   1219.77000    4.74964    0.02707    3.34919    0.08100
   1222.37000    5.06880    0.09375    3.49960    0.06254
   1224.64000    5.11671    0.07282    3.38121    0.06261
   1227.41000    5.03192    0.07645    3.33044    0.05204
   1230.28000    4.95764    0.04092    3.29893    0.05339
   1231.66000    4.88154    0.04638    3.39877    0.04523
   1235.38000    4.93029    0.02700    3.60992    0.04737
   1239.09000    4.79685    0.02038    3.36325    0.06477
   1239.18000    4.83735    0.08264    3.22327    0.08072
   1243.66000    4.79132    0.04566    3.27919    0.07608
   1245.05000    4.64552    0.05575    3.41997    0.06725
   1248.03000    4.75084    0.05682    3.17949    0.04340
   1250.62000    4.72694    0.05273    3.27807    0.05608
   1253.15000    4.63565    0.05049    3.39324    0.01583
   1255.62000    4.84606    0.03473    3.39326    0.05247
   1258.10000    4.75559    0.07943    3.40894    0.08671
   1261.89000    4.58978    0.04593    3.58334    0.07216
   1264.83000    4.52718    0.05335    3.51620    0.06151
   1267.51000    4.50845    0.03880    3.34613    0.05203
   1271.73000    4.75904    0.07672    3.51617    0.05168
   1274.66000    4.53806    0.06311    3.58313    0.06977
   1277.79000    4.68680    0.04783    3.63970    0.05462
   1281.24000    4.80411    0.03510    3.60013    0.04604
   1283.29000    4.88463    0.07056    3.55791    0.04455
   1287.03000    4.76727    0.07354    3.39791    0.04628
   1291.18000    4.84439    0.04325    3.46202    0.03782
   1293.75000    4.95590    0.04041    3.54550    0.06648
   1295.85000    4.97847    0.06340    3.43541    0.03171
   1301.11000    5.05492    0.06348    3.71360    0.05587
   1304.19000    4.72381    0.05555    3.72515    0.05438
   1306.33000    4.73707    0.03692    3.64873    0.06038
   1308.94000    4.74588    0.05109    3.41007    0.05917
   1311.29000    4.83582    0.04828    3.24706    0.03851
   1316.25000    4.93339    0.03112    3.35326    0.04488
   1319.11000    5.24794    0.07123    3.22757    0.05733
   1323.27000    5.11020    0.08038    3.12383    0.05952
   1325.77000    5.09347    0.05994    3.30080    0.07281
   1329.52000    4.63954    0.07950    3.33882    0.01792
   1334.13000    4.59585    0.04405    3.33016    0.03636
   1464.25000    4.91732    0.02008    3.50021    0.04020
   1466.85000    4.88245    0.04989    3.52489    0.05383
   1468.60000    4.88172    0.02431    3.53149    0.04027
   1472.68000    4.99418    0.02871    3.36839    0.06541
   1477.00000    4.95206    0.05594    3.42451    0.03217
   1480.56000    4.92699    0.06627    3.60582    0.08110
   1482.58000    4.90123    0.08286    3.46613    0.03325
   1485.36000    4.94744    0.06124    3.49108    0.07228
   1488.05000    4.97325    0.03887    3.33020    0.07846
   1488.90000    4.93033    0.06726    3.58289    0.04066
   1492.10000    4.86990    0.04773    3.58966    0.03802
   1494.64000    4.74858    0.03487    3.60432    0.05286
   1497.90000    4.89383    0.07742    3.70276    0.04281
   1500.46000    5.03879    0.05711    3.86394    0.07439
   1503.47000    4.90678    0.04938    3.78439    0.06876
   1506.58000    5.04583    0.03911    3.88180    0.05619
   1510.18000    5.09293    0.05001    3.66688    0.06206
   1513.53000    5.17394    0.05268    3.57317    0.04420
   1517.57000    5.29707    0.10172    3.58049    0.04506
   1520.05000    5.48253    0.05957    3.60151    0.04499
   1521.72000    5.35987    0.06749    3.47870    0.05082
   1525.24000    5.46412    0.05426    3.36478    0.05418
   1527.36000    5.30737    0.04406    3.30572    0.04976
   1530.69000    5.21525    0.03781    3.22176    0.06049
   1535.23000    5.18602    0.08399    3.28090    0.05553
   1536.28000    5.11944    0.03183    3.17311    0.05896
   1541.21000    4.98098    0.05443    3.38689    0.05923
   1544.67000    4.92492    0.03943    3.44404    0.06518
   1548.81000    4.76646    0.07172    3.26123    0.07812
   1550.96000    4.60118    0.01950    3.36091    0.03326
   1552.72000    4.61242    0.05343    3.38268    0.07244
   1556.53000    4.48791    0.01677    3.42533    0.06460
   1558.62000    4.58722    0.03203    3.44455    0.07791
   1561.54000    4.84452    0.05397    3.41259    0.04194
   1566.68000    4.64839    0.04875    3.49414    0.04825
   1571.09000    4.74187    0.07692    3.43388    0.02679
   1575.20000    5.04858    0.03414    3.42133    0.08169
   1578.73000    4.90022    0.03563    3.61928    0.02341
   1583.51000    4.72263    0.04781    3.65565    0.04472
   1587.84000    4.81730    0.05718    3.46694    0.04787
   1590.31000    4.80561    0.03799    3.73152    0.08216
   1595.23000    4.95239    0.06641    3.52638    0.04218
   1599.51000    5.04866    0.05270    3.31155    0.04203
   1601.99000    5.16047    0.00955    3.27436    0.07760
   1605.26000    5.18842    0.06001    3.26900    0.08423
   1608.02000    4.97493    0.07555    3.17066    0.04765
   1609.64000    5.18973    0.04991    3.36878    0.05420
   1611.40000    5.15545    0.07796    3.18292    0.05298
   1615.73000    4.92568    0.06602    3.24265    0.02925
   1618.74000    4.82474    0.05007    3.22564    0.06493
   1621.57000    4.80229    0.06084    3.23325    0.05591
   1624.39000    4.64589    0.03550    3.31215    0.04942
   1628.18000    4.75005    0.05901    3.68828    0.07549
   1631.76000    4.54691    0.04591    3.76415    0.05424
   1635.06000    4.63010    0.07269    3.94103    0.07170
   1637.66000    4.80779    0.07317    3.91206    0.04248
   1640.66000    4.71516    0.04484    3.72813    0.05661
   1642.74000    4.61445    0.05988    3.71506    0.08160
   1645.27000    4.76185    0.04670    3.67501    0.04529
   1647.66000    5.15426    0.05117    3.75109    0.03013
   1651.30000    5.35393    0.06882    3.92888    0.06701
   1653.22000    5.42413    0.01664    4.01553    0.06334
   1656.73000    5.46317    0.04794    3.71536    0.05819
   1659.88000    5.41169    0.04054    3.65797    0.08224
   1662.92000    5.40336    0.05266    3.67708    0.06196
   1667.84000    5.38674    0.05618    3.61345    0.05390
   1671.16000    5.57550    0.03487    3.76055    0.04957
   1672.91000    5.69970    0.02988    3.65377    0.06596
   1676.11000    5.36406    0.03786    3.51656    0.03375
   1679.67000    5.36220    0.04026    3.50690    0.05565
   1684.30000    5.46840    0.04316    3.44434    0.04452
   1687.44000    5.34446    0.05704    3.37431    0.06201
   1690.35000    5.30988    0.07379    3.38378    0.04001
   1692.96000    5.23706    0.05450    3.41631    0.05646
   1696.67000    4.90926    0.07398    3.50481    0.03181
