## Time Delay Challenge light curves
##
## [time]=days, [lc]=[err]=flux in nanomaggies
##
##       time       lc_A      err_A       lc_B      err_B
##-------------------------------------------------------
      3.32000    0.86052    0.04556    2.44967    0.03810
      4.48000    0.83183    0.05351    2.45248    0.03001
      7.39000    0.77187    0.06758    2.16494    0.05550
     11.37000    0.84329    0.06716    2.17879    0.05911
     13.14000    0.79058    0.04523    2.23416    0.03393
     18.30000    0.82775    0.03548    2.32883    0.06157
     19.79000    0.75093    0.09138    2.41997    0.04619
     22.83000    0.81814    0.02843    2.29209    0.04458
     25.64000    0.82284    0.03929    2.28584    0.05851
     27.72000    0.82132    0.04907    2.46122    0.04632
     32.48000    0.89438    0.04270    2.38012    0.05683
     34.20000    0.87547    0.06838    2.25814    0.05477
     36.53000    0.82111    0.06608    2.07567    0.05782
     37.19000    0.87904    0.05352    2.07118    0.06466
     39.70000    0.86214    0.05701    2.15623    0.06185
     43.56000    0.81038    0.05843    2.22377    0.04809
     46.95000    0.79597    0.02391    2.07758    0.02720
     48.49000    0.80281    0.05159    2.09103    0.06275
     49.63000    0.79682    0.04349    2.17334    0.06414
     51.42000    0.65121    0.08144    2.21277    0.03201
     56.63000    0.88304    0.06326    2.17852    0.07674
     59.15000    0.74749    0.06341    2.03461    0.06060
     61.97000    0.82934    0.04533    2.09035    0.03873
     64.18000    0.88937    0.06051    2.16316    0.04508
     67.66000    0.89063    0.07385    2.10251    0.07778
     71.83000    0.81283    0.04839    2.05901    0.06238
     76.63000    0.83098    0.02509    1.99178    0.01837
     81.81000    0.90131    0.03193    2.01311    0.06112
     84.78000    0.82672    0.02128    2.03025    0.05766
     87.40000    0.79629    0.06925    2.28902    0.07009
     92.70000    0.76639    0.04947    2.11064    0.05902
     94.34000    0.84485    0.06179    2.18447    0.03500
     96.53000    0.76462    0.03930    2.05377    0.08001
    100.46000    0.72751    0.05307    2.04513    0.03396
    102.36000    0.74473    0.07295    2.03257    0.03018
    105.29000    0.68564    0.03913    2.00769    0.04964
    110.96000    0.75437    0.05983    2.04613    0.03919
    114.52000    0.70399    0.03415    2.01701    0.07547
    117.02000    0.80317    0.08148    2.13058    0.03504
    118.56000    0.88437    0.05709    2.17971    0.02240
    121.20000    0.85768    0.07055    2.11796    0.03705
    124.52000    0.76543    0.06151    2.07913    0.04462
    125.35000    0.75568    0.07505    2.00224    0.06336
    128.77000    0.73161    0.02576    2.12315    0.04998
    133.55000    0.74931    0.02138    2.16192    0.07390
    137.90000    0.69932    0.04775    2.16827    0.05593
    141.57000    0.74814    0.07151    2.18543    0.05245
    144.20000    0.76570    0.05524    2.23385    0.03801
    148.87000    0.69148    0.03220    2.12661    0.04393
    152.50000    0.77160    0.07018    2.19086    0.03439
    155.89000    0.69422    0.03413    2.32171    0.03753
    160.51000    0.75074    0.04153    2.41339    0.04033
    163.72000    0.70246    0.05547    2.48090    0.03074
    166.17000    0.63150    0.05724    2.54429    0.06080
    169.69000    0.70930    0.06762    2.51626    0.03161
    171.63000    0.67461    0.02090    2.68398    0.06762
    172.71000    0.62607    0.05629    2.49440    0.03741
    175.37000    0.60879    0.03984    2.47994    0.05261
    177.80000    0.74423    0.05681    2.59136    0.03223
    180.47000    0.79391    0.08546    2.55100    0.07107
    182.14000    0.65819    0.06322    2.62263    0.01840
    186.06000    0.61966    0.05128    2.59551    0.06754
    188.44000    0.73157    0.05684    2.85407    0.05451
    190.84000    0.70928    0.06265    2.84020    0.04373
    193.55000    0.75760    0.04708    2.80021    0.03719
    197.08000    0.60427    0.06410    2.73588    0.02619
    201.48000    0.74249    0.06407    2.90857    0.07503
    204.27000    0.68160    0.05655    3.03151    0.05358
    208.32000    0.64296    0.04856    3.29298    0.02116
    211.65000    0.69197    0.05301    3.05584    0.06490
    215.61000    0.78308    0.08570    3.15136    0.07628
    215.68000    0.74607    0.04153    3.00527    0.07930
    218.65000    0.73081    0.06029    3.24627    0.04065
    221.12000    0.69277    0.04067    3.19511    0.04378
    222.55000    0.64309    0.03542    3.35428    0.06072
    225.19000    0.67733    0.04939    3.23009    0.05490
    228.87000    0.71610    0.05448    3.22732    0.06155
    231.92000    0.55966    0.09364    3.30563    0.07841
    234.84000    0.71444    0.03678    3.17466    0.06736
    239.12000    0.63911    0.04552    3.31902    0.05933
    366.60000    1.14989    0.05821    3.47126    0.04473
    368.80000    1.09363    0.04410    3.49962    0.04354
    370.43000    0.95687    0.05438    3.54153    0.06578
    371.66000    1.21224    0.06797    3.53568    0.03695
    374.50000    1.23508    0.05126    3.53604    0.07449
    377.87000    1.12402    0.02762    3.18876    0.06149
    379.07000    1.27126    0.07319    3.27398    0.08299
    382.16000    1.10578    0.05142    3.36973    0.04595
    385.25000    1.10753    0.04817    3.32095    0.05648
    388.57000    1.17036    0.03960    3.39932    0.04129
    388.71000    1.06754    0.04227    3.42471    0.05472
    391.10000    1.09842    0.06124    3.37630    0.08358
    392.68000    1.09238    0.01415    3.28084    0.06520
    394.56000    1.15404    0.07094    3.11023    0.04203
    397.31000    1.03811    0.06264    3.21592    0.05576
    400.26000    0.95556    0.07460    3.06346    0.06087
    403.97000    1.09085    0.05594    3.03282    0.06551
    407.97000    1.00725    0.06993    3.17685    0.03453
    411.66000    1.13307    0.03176    3.13573    0.05470
    415.09000    1.15649    0.04254    3.11070    0.07253
    416.35000    1.12306    0.04006    3.25588    0.04588
    418.83000    1.07866    0.05012    3.30176    0.03386
    420.35000    0.95027    0.05499    3.24930    0.05221
    422.81000    0.98286    0.05968    3.18266    0.03358
    425.53000    1.05187    0.05971    3.31716    0.05254
    427.54000    0.94869    0.06474    3.45816    0.03038
    430.03000    1.03308    0.05374    3.81476    0.05511
    434.33000    1.02502    0.05761    3.76605    0.06251
    436.32000    1.12520    0.05307    3.89578    0.06254
    440.91000    1.02821    0.02478    3.90724    0.01463
    442.44000    1.05680    0.04262    3.84385    0.03901
    446.26000    0.89222    0.05820    3.86186    0.01043
    447.37000    1.14035    0.05801    3.83490    0.03913
    450.55000    1.03429    0.04366    3.61563    0.04541
    453.32000    1.06737    0.06608    3.63881    0.01630
    456.76000    1.11356    0.05442    3.47775    0.04932
    458.28000    1.12643    0.07784    3.51854    0.04105
    460.36000    1.14060    0.04452    3.47145    0.07616
    463.69000    1.08860    0.07161    3.51151    0.05547
    466.65000    1.05279    0.05307    3.33294    0.05225
    466.81000    1.09024    0.05446    3.47828    0.05555
    469.98000    1.15046    0.04770    3.58135    0.06619
    473.19000    1.15796    0.02760    3.33714    0.06034
    475.21000    1.21627    0.06450    3.20883    0.05183
    478.53000    1.12160    0.08003    3.39334    0.06555
    482.59000    0.96038    0.05607    3.34862    0.03660
    485.11000    1.16668    0.05489    3.15763    0.06138
    487.84000    1.04458    0.04135    3.11655    0.06363
    490.52000    1.08202    0.03606    2.90464    0.07248
    495.50000    1.06661    0.06051    2.97210    0.05178
    499.59000    0.96632    0.05816    2.63909    0.09357
    504.19000    1.09803    0.07526    2.73757    0.03074
    507.34000    1.01447    0.07791    2.82995    0.04596
    510.12000    1.01178    0.04145    2.70580    0.04567
    512.76000    1.07651    0.03371    2.66497    0.06817
    515.01000    0.94396    0.05857    2.82596    0.07097
    517.13000    0.98986    0.05378    2.86669    0.05994
    520.26000    1.04274    0.02348    2.82490    0.04783
    523.29000    1.03923    0.03736    2.64876    0.05116
    526.82000    1.10767    0.05033    2.66356    0.05063
    528.85000    1.16144    0.08215    2.67503    0.04982
    531.59000    1.09300    0.06023    2.64745    0.05315
    533.74000    1.13948    0.05763    2.66310    0.04852
    536.48000    1.25706    0.02670    2.72186    0.04330
    539.41000    1.22917    0.03449    2.64653    0.03552
    540.47000    1.23989    0.08793    2.60626    0.03979
    543.88000    1.26735    0.05651    2.70656    0.04888
    547.89000    1.20063    0.04524    2.91737    0.09562
    549.76000    1.11503    0.06391    2.89716    0.06384
    553.07000    1.16755    0.07921    2.83187    0.06169
    556.63000    1.08474    0.05168    2.91278    0.07104
    558.36000    1.11538    0.03895    2.82563    0.05302
    560.91000    1.19775    0.05054    2.62957    0.05043
    563.10000    1.05760    0.07108    2.87540    0.04462
    565.50000    1.05691    0.06387    2.93681    0.07443
    567.88000    1.21297    0.06728    2.87050    0.06124
    570.51000    1.01080    0.05302    2.79674    0.05104
    573.36000    0.88342    0.07040    2.61671    0.04755
    576.14000    1.00208    0.06012    2.64695    0.02624
    577.91000    1.05952    0.05932    2.63126    0.06228
    580.04000    1.16378    0.07450    2.59918    0.06838
    584.16000    1.00786    0.03495    2.69594    0.05246
    588.14000    1.02450    0.02375    2.67946    0.04581
    592.36000    0.95130    0.04809    2.55412    0.06866
    596.05000    0.88175    0.04646    2.81148    0.06284
    600.02000    0.88711    0.06039    2.84805    0.05469
    604.37000    0.99798    0.06198    3.16599    0.06866
    732.24000    0.91844    0.08239    2.06948    0.04570
    734.62000    0.94545    0.02046    2.12056    0.06024
    738.68000    1.03287    0.04809    1.90422    0.06062
    741.81000    0.91096    0.03540    2.04985    0.02248
    744.03000    0.82169    0.08693    2.16737    0.05230
    745.72000    0.88976    0.04359    2.14817    0.04988
    748.62000    0.94508    0.03011    2.14185    0.05626
    751.91000    0.95872    0.04819    2.06994    0.04769
    753.56000    0.92277    0.04994    2.14282    0.02717
    755.90000    0.89949    0.06026    2.04505    0.06084
    758.39000    0.99319    0.07539    2.19187    0.06480
    762.95000    0.88593    0.05561    2.42424    0.06217
    768.31000    1.01291    0.07302    2.47521    0.06215
    771.83000    0.86041    0.07062    2.37553    0.05015
    774.91000    0.85498    0.03189    2.57966    0.07042
    777.35000    0.87747    0.04990    2.38015    0.04224
    781.85000    0.77489    0.05750    2.47348    0.04842
    782.92000    0.80295    0.03151    2.44796    0.06688
    785.55000    0.76671    0.04642    2.38543    0.05511
    789.14000    0.78337    0.05769    2.45045    0.07171
    790.48000    0.80913    0.06974    2.39259    0.06819
    794.49000    0.71091    0.06606    2.40573    0.03349
    799.72000    0.78541    0.03376    2.27581    0.05123
    803.42000    0.80749    0.05755    2.40397    0.06093
    805.85000    0.87833    0.06470    2.26558    0.06339
    808.51000    0.78284    0.06693    2.30966    0.04047
    810.77000    0.80980    0.05219    2.28703    0.05194
    813.09000    0.79122    0.04499    2.37880    0.05386
    816.21000    0.77402    0.04524    2.35946    0.06095
    820.22000    0.68173    0.00729    2.30186    0.07267
    824.67000    0.58386    0.07220    2.63699    0.02569
    827.71000    0.65480    0.05539    2.46888    0.06035
    831.26000    0.59519    0.04461    2.49552    0.04745
    835.11000    0.67323    0.05880    2.36153    0.07000
    837.47000    0.52831    0.04928    2.49285    0.05979
    841.70000    0.54378    0.07341    2.31013    0.04431
    844.87000    0.69553    0.03867    2.33588    0.03171
    849.26000    0.69085    0.03354    2.30116    0.07654
    851.68000    0.72813    0.08573    2.31139    0.03994
    854.93000    0.76834    0.04947    2.19545    0.04626
    858.02000    0.68140    0.05444    2.27511    0.06976
    858.90000    0.68286    0.04738    2.20421    0.06149
    862.09000    0.73248    0.06704    2.25438    0.01417
    866.47000    0.77009    0.02495    2.26829    0.06509
    869.04000    0.83045    0.04050    2.12412    0.07555
    874.00000    0.77633    0.06083    2.21819    0.05718
    875.61000    0.79192    0.04202    2.28810    0.06591
    877.86000    0.68117    0.08265    2.34652    0.07110
    882.40000    0.76797    0.04527    2.29523    0.02923
    885.38000    0.77671    0.04832    2.11917    0.05039
    889.32000    0.75066    0.05993    2.12301    0.02615
    891.03000    0.77634    0.06907    2.14605    0.04295
    893.42000    0.86438    0.04926    2.06733    0.06396
    896.45000    0.64704    0.07910    2.03440    0.05102
    899.78000    0.79949    0.05904    2.07198    0.02812
    902.66000    0.90505    0.06176    2.20931    0.05629
    906.12000    0.76403    0.05397    2.06791    0.07502
    909.03000    0.65650    0.06804    2.14230    0.07761
    912.93000    0.75512    0.03330    2.15697    0.05682
    915.90000    0.71058    0.04968    2.15008    0.04687
    919.77000    0.65611    0.06956    2.06822    0.08173
    923.50000    0.69661    0.09750    2.14143    0.05050
    925.93000    0.73809    0.06945    2.09389    0.06058
    927.06000    0.87434    0.08022    2.14117    0.04628
    931.67000    0.85002    0.07358    2.02799    0.04184
    936.15000    0.80551    0.06335    1.94124    0.05657
    940.25000    0.73442    0.03964    1.97199    0.05485
    942.28000    0.86259    0.06363    2.04340    0.05904
    945.69000    0.65131    0.03851    2.14758    0.04204
    948.99000    0.64829    0.05679    2.03162    0.03471
    952.90000    0.68365    0.05348    1.85750    0.05414
    955.72000    0.63107    0.07923    1.93882    0.06663
    959.37000    0.70828    0.04145    1.88023    0.04991
    960.49000    0.73242    0.06144    1.76936    0.05534
    964.83000    0.60929    0.04882    2.02510    0.05614
    969.01000    0.72004    0.05484    2.11937    0.05048
   1098.97000    0.64333    0.05787    2.02356    0.04135
   1102.45000    0.75002    0.06694    2.10814    0.06136
   1104.82000    0.65612    0.04100    2.27751    0.04126
   1107.11000    0.64574    0.05230    2.14459    0.03689
   1112.40000    0.71226    0.01630    2.08398    0.06201
   1115.05000    0.68628    0.02753    2.04411    0.05988
   1117.17000    0.67565    0.04299    2.05226    0.06237
   1120.22000    0.69809    0.04543    1.93391    0.03304
   1123.01000    0.65599    0.04835    1.82001    0.04815
   1127.04000    0.70453    0.06840    1.94185    0.03151
   1130.25000    0.79569    0.03820    1.94680    0.06913
   1134.20000    0.75034    0.03966    2.14150    0.04857
   1137.57000    0.73175    0.06714    2.02715    0.04219
   1139.54000    0.59862    0.07777    2.02057    0.03313
   1142.05000    0.63575    0.06027    1.96410    0.03800
   1144.97000    0.63996    0.03300    2.10248    0.05695
   1147.26000    0.65549    0.05710    1.96943    0.03825
   1150.44000    0.60346    0.05348    1.92043    0.06694
   1153.45000    0.66637    0.02778    1.94823    0.04599
   1156.62000    0.62974    0.03950    2.06102    0.06240
   1158.98000    0.66030    0.06406    1.84617    0.05746
   1163.80000    0.58116    0.04731    1.91164    0.06262
   1166.70000    0.62068    0.03384    1.93520    0.04831
   1170.78000    0.57291    0.05275    1.88285    0.06489
   1173.19000    0.68778    0.05825    1.94921    0.06477
   1174.97000    0.64652    0.07685    1.83117    0.06701
   1176.32000    0.51098    0.04818    1.90776    0.07007
   1178.62000    0.49896    0.08780    1.81423    0.03940
   1181.98000    0.61929    0.04651    1.79953    0.05519
   1184.14000    0.51602    0.02520    1.89993    0.01805
   1186.31000    0.63018    0.04807    2.00055    0.05835
   1188.94000    0.52592    0.03228    2.06340    0.08469
   1192.47000    0.68625    0.05447    1.96016    0.03395
   1195.49000    0.65995    0.04314    1.90237    0.04723
   1199.20000    0.63944    0.06669    1.92618    0.06103
   1202.47000    0.67165    0.03885    1.91686    0.04803
   1204.78000    0.61036    0.06128    1.98135    0.03060
   1208.98000    0.69583    0.04501    1.97753    0.06571
   1211.23000    0.67073    0.02943    1.89182    0.07885
   1214.19000    0.61182    0.02428    2.17667    0.04923
   1217.15000    0.61113    0.05516    2.19105    0.03857
   1219.95000    0.67097    0.05743    2.20174    0.06059
   1223.66000    0.60821    0.04374    1.98840    0.07404
   1226.77000    0.67365    0.05265    2.00940    0.07198
   1230.12000    0.63996    0.04318    2.07078    0.03670
   1233.11000    0.59923    0.06089    1.89958    0.08919
   1237.72000    0.58983    0.04753    1.89601    0.04112
   1241.48000    0.66018    0.05970    1.75586    0.04891
   1245.77000    0.68924    0.05368    1.78863    0.05950
   1247.83000    0.66062    0.05225    1.87411    0.05067
   1249.80000    0.66939    0.06753    1.85772    0.05631
   1252.94000    0.55428    0.06697    1.78012    0.03473
   1254.99000    0.59453    0.05877    1.74971    0.07351
   1256.22000    0.62555    0.06671    1.68850    0.05339
   1258.13000    0.64069    0.04141    1.84717    0.06870
   1261.30000    0.60110    0.06323    1.78447    0.05535
   1264.07000    0.61966    0.03859    1.84810    0.05198
   1268.19000    0.68922    0.06609    1.75743    0.06739
   1271.41000    0.58588    0.04499    1.68151    0.06703
   1274.97000    0.58152    0.04596    1.65391    0.06520
   1278.71000    0.62153    0.06343    1.75262    0.07670
   1281.49000    0.67157    0.06054    1.65305    0.03306
   1283.25000    0.72050    0.06630    1.75283    0.05451
   1286.83000    0.60229    0.03745    1.71520    0.06376
   1288.75000    0.70219    0.08440    1.70681    0.06810
   1291.61000    0.62008    0.01758    1.69953    0.04496
   1293.68000    0.68225    0.07621    1.61001    0.03986
   1295.00000    0.54182    0.06784    1.58031    0.06624
   1299.01000    0.67992    0.03278    1.48668    0.06777
   1301.49000    0.62436    0.05879    1.51865    0.06664
   1304.73000    0.65882    0.03747    1.67624    0.08805
   1307.72000    0.72346    0.06975    1.59644    0.04312
   1309.29000    0.63946    0.01538    1.71168    0.06628
   1311.67000    0.63288    0.04258    1.69979    0.06510
   1314.22000    0.71667    0.05749    1.66034    0.06644
   1317.10000    0.65339    0.05648    1.59770    0.04510
   1319.36000    0.66712    0.07552    1.44391    0.08761
   1322.99000    0.64204    0.03335    1.60329    0.08517
   1325.92000    0.65831    0.01791    1.49507    0.05675
   1329.98000    0.64201    0.03461    1.34984    0.04912
   1334.22000    0.63488    0.04169    1.42980    0.04687
   1460.05000    0.42350    0.05403    1.11640    0.08019
   1464.13000    0.41672    0.06480    1.00010    0.08675
   1467.06000    0.52640    0.04839    1.05279    0.03859
   1470.63000    0.62990    0.05903    1.05927    0.04535
   1474.34000    0.57069    0.01824    1.03264    0.05061
   1477.12000    0.59166    0.06372    1.13273    0.06996
   1480.27000    0.45570    0.03964    0.98556    0.05185
   1482.69000    0.52524    0.05845    0.96240    0.07217
   1485.86000    0.42540    0.06904    0.99910    0.02606
   1487.81000    0.46016    0.05012    1.04530    0.04743
   1491.55000    0.39748    0.06294    0.95958    0.05871
   1493.77000    0.42000    0.05007    1.05825    0.05857
   1496.66000    0.40163    0.03720    0.95843    0.04833
   1499.19000    0.44160    0.05234    1.05474    0.03364
   1500.71000    0.43711    0.04806    0.98358    0.09168
   1501.65000    0.57754    0.08155    1.16333    0.05849
   1504.98000    0.53130    0.06712    1.04394    0.05606
   1508.47000    0.42578    0.05434    1.06510    0.05532
   1510.93000    0.38775    0.04571    1.05353    0.00910
   1514.43000    0.47873    0.06241    1.01309    0.03780
   1517.41000    0.38540    0.04741    1.08224    0.04592
   1522.21000    0.36522    0.08653    1.15240    0.04818
   1525.19000    0.37459    0.04247    1.03498    0.06387
   1528.07000    0.41276    0.00100    1.17032    0.04504
   1532.14000    0.43626    0.03115    1.10586    0.03002
   1536.70000    0.50751    0.05554    1.09572    0.03675
   1539.99000    0.50340    0.05432    1.07540    0.07038
   1541.32000    0.43528    0.07660    1.06639    0.05255
   1545.30000    0.34081    0.06883    1.22571    0.05942
   1549.51000    0.29817    0.04992    1.22403    0.06184
   1553.92000    0.34936    0.01844    1.29248    0.04478
   1558.21000    0.40813    0.05508    1.27684    0.04347
   1558.97000    0.32606    0.05136    1.31823    0.06216
   1562.63000    0.30285    0.06696    1.38047    0.03435
   1565.52000    0.30811    0.04999    1.49127    0.03678
   1568.22000    0.35366    0.08096    1.52258    0.07299
   1570.12000    0.32403    0.07559    1.50405    0.05159
   1573.79000    0.36653    0.06742    1.69409    0.05875
   1578.23000    0.31560    0.04891    1.57536    0.06114
   1580.71000    0.34865    0.05150    1.67969    0.02844
   1584.42000    0.26980    0.03649    1.71018    0.03348
   1587.85000    0.31593    0.06780    1.72265    0.05025
   1589.21000    0.31922    0.03240    1.66709    0.02382
   1591.40000    0.35863    0.05468    1.68364    0.09717
   1595.26000    0.30321    0.03202    1.74309    0.03978
   1597.83000    0.19060    0.07009    1.69141    0.05822
   1600.75000    0.39838    0.08556    1.56179    0.02168
   1601.57000    0.32691    0.05084    1.60013    0.05463
   1603.85000    0.40458    0.06279    1.72562    0.06501
   1605.50000    0.31331    0.05498    1.64239    0.04774
   1608.92000    0.26128    0.06990    1.82471    0.05326
   1612.31000    0.42106    0.06596    1.64001    0.08408
   1613.49000    0.42167    0.04550    1.61196    0.07018
   1617.32000    0.46103    0.08427    1.75580    0.08239
   1619.68000    0.36036    0.05301    1.62959    0.01939
   1621.52000    0.30857    0.05083    1.64471    0.06020
   1624.18000    0.37758    0.03298    1.52306    0.05370
   1627.56000    0.35716    0.08188    1.66943    0.05415
   1628.84000    0.30304    0.03870    1.74720    0.06067
   1630.98000    0.28182    0.06612    1.73612    0.07051
   1633.65000    0.31720    0.04202    1.74080    0.05985
   1635.71000    0.42026    0.04265    1.81330    0.04991
   1639.29000    0.22400    0.07500    1.72369    0.03574
   1641.42000    0.40027    0.06624    1.72691    0.03583
   1642.64000    0.35104    0.04435    1.75674    0.07728
   1644.23000    0.39646    0.06734    1.72519    0.05633
   1648.75000    0.42395    0.05162    1.85157    0.04051
   1650.70000    0.40560    0.05964    1.91094    0.06483
   1653.91000    0.42364    0.04673    1.93229    0.03628
   1658.21000    0.40672    0.05183    1.81552    0.04531
   1662.29000    0.42964    0.08096    1.95496    0.07883
   1667.44000    0.46337    0.05561    1.89913    0.04100
   1669.01000    0.55151    0.06857    1.87709    0.03499
   1671.46000    0.29622    0.08738    1.83646    0.06184
   1673.66000    0.50850    0.07444    1.75659    0.04840
   1677.11000    0.46242    0.05519    1.81280    0.06090
   1681.05000    0.42424    0.05783    1.95737    0.07191
   1683.41000    0.45948    0.06163    1.88539    0.05093
   1686.26000    0.43193    0.07066    1.80393    0.08072
   1689.32000    0.56603    0.03235    1.88490    0.04163
   1692.57000    0.50172    0.04399    1.83343    0.06433
   1696.06000    0.49811    0.03578    1.91423    0.04566
