## Time Delay Challenge light curves
##
## [time]=days, [lc]=[err]=flux in nanomaggies
##
##       time       lc_A      err_A       lc_B      err_B
##-------------------------------------------------------
      1.27000    3.77117    0.07253   13.34085    0.07798
      3.72000    3.66009    0.04164   12.96520    0.03544
      5.56000    3.62105    0.05903   13.17682    0.06694
      7.60000    3.61707    0.04675   13.06648    0.04991
     10.34000    3.61258    0.03785   12.98235    0.06031
     14.95000    3.54698    0.05061   13.05626    0.06522
     17.97000    3.54955    0.03751   13.17014    0.05996
     20.09000    3.55902    0.06279   13.12766    0.08327
     23.33000    3.55409    0.07418   13.05437    0.06850
     27.68000    3.44613    0.02457   13.24576    0.01235
     32.38000    3.40722    0.03077   13.09957    0.06050
     33.78000    3.38996    0.06901   13.15742    0.04719
     37.31000    3.40597    0.05556   13.06276    0.06061
     41.10000    3.21731    0.03459   12.95800    0.06827
     42.60000    3.24166    0.03698   12.86304    0.03671
     44.22000    3.18743    0.05155   13.04653    0.03434
     47.38000    3.18173    0.03849   13.05351    0.07391
     49.01000    3.17725    0.05033   12.71194    0.06466
     51.52000    3.27574    0.06409   12.66789    0.05438
     54.45000    3.13385    0.05409   12.55118    0.06987
     56.96000    3.27183    0.02741   12.36540    0.08248
     60.17000    3.20866    0.04285   12.38043    0.05776
     63.19000    3.16410    0.05139   12.30848    0.03133
     64.62000    3.19281    0.06143   12.16446    0.04745
     69.13000    3.32609    0.04364   11.68021    0.05099
     72.70000    3.49063    0.06650   11.63883    0.06060
     75.28000    3.32577    0.03599   11.59053    0.06827
     77.37000    3.41492    0.08410   11.82909    0.03598
     79.66000    3.41470    0.04344   11.80405    0.06598
     81.86000    3.42648    0.09256   11.72222    0.08224
     85.92000    3.51009    0.01344   11.69918    0.05995
     89.34000    3.46371    0.04898   11.52623    0.02876
     92.39000    3.46234    0.04713   11.64777    0.05301
     95.11000    3.50452    0.07184   11.68117    0.05589
     98.21000    3.42141    0.06155   12.07963    0.03603
    101.04000    3.44807    0.04676   12.09267    0.03803
    105.82000    3.44778    0.04847   12.09819    0.02541
    109.30000    3.47017    0.05630   12.19358    0.04162
    111.98000    3.47296    0.06623   12.50494    0.08413
    115.84000    3.33566    0.07336   12.41658    0.03074
    117.11000    3.43111    0.04625   12.43145    0.03368
    121.98000    3.25386    0.08645   12.32368    0.04455
    125.33000    3.38422    0.06396   12.19825    0.03900
    127.78000    3.44960    0.06454   12.26496    0.03300
    130.06000    3.42763    0.03940   12.13284    0.06219
    133.08000    3.47680    0.07388   12.42535    0.02361
    134.92000    3.62333    0.08503   12.46915    0.04706
    139.55000    3.55773    0.06055   12.43852    0.04186
    143.73000    3.53729    0.07242   11.97570    0.05061
    146.89000    3.62009    0.04362   12.20041    0.05964
    149.96000    3.53069    0.03436   11.75365    0.03574
    153.74000    3.54240    0.06897   12.12426    0.03749
    155.81000    3.57585    0.05324   12.24092    0.06886
    158.39000    3.53617    0.06683   12.31685    0.07289
    160.92000    3.61436    0.01378   12.51090    0.02852
    163.55000    3.66747    0.05689   12.73191    0.04515
    165.42000    3.70935    0.02558   12.56180    0.05137
    168.32000    3.77512    0.03850   12.54518    0.04850
    172.21000    3.88053    0.07664   12.59298    0.03768
    174.36000    3.74694    0.03761   12.59078    0.04033
    176.79000    3.68973    0.02927   12.46442    0.05172
    181.31000    3.63610    0.08648   12.38301    0.05354
    183.01000    3.62607    0.03107   12.36512    0.07219
    186.66000    3.64463    0.05121   12.56710    0.05437
    190.00000    3.68914    0.05189   12.68663    0.05054
    193.58000    3.78225    0.03322   12.78356    0.08712
    194.34000    3.61481    0.05376   12.78613    0.05036
    197.96000    3.58579    0.03022   12.90819    0.05813
    202.00000    3.72231    0.05104   12.76415    0.02236
    203.39000    3.69035    0.06180   12.64867    0.04844
    205.12000    3.73984    0.06073   12.68130    0.04739
    207.90000    3.89248    0.04613   12.72995    0.02036
    210.32000    3.77352    0.00776   12.62881    0.08730
    214.79000    3.72775    0.05903   12.55179    0.03374
    217.03000    3.70588    0.04315   12.71534    0.05866
    219.85000    3.78131    0.06318   12.83425    0.04984
    221.74000    3.77113    0.04792   12.73713    0.04013
    224.69000    3.73550    0.07348   12.47699    0.06090
    227.86000    3.64879    0.03921   12.52787    0.07650
    230.42000    3.71958    0.07200   12.53319    0.04838
    234.78000    3.74243    0.07487   12.66123    0.03245
    237.29000    3.69317    0.07350   12.72776    0.05017
    239.80000    3.78350    0.06278   12.79970    0.04666
    365.20000    3.58827    0.04778   12.97282    0.07936
    368.15000    3.52617    0.07189   12.67653    0.05897
    370.76000    3.59890    0.05340   12.73606    0.06466
    373.66000    3.53050    0.07018   12.68125    0.05957
    377.57000    3.53994    0.04658   12.54354    0.05106
    380.07000    3.61258    0.06909   12.56618    0.06475
    381.61000    3.52232    0.05790   12.48882    0.04452
    385.25000    3.59827    0.06818   12.54923    0.04572
    387.83000    3.71249    0.05852   12.18642    0.04862
    390.87000    3.69580    0.03577   11.94009    0.05387
    392.79000    3.69363    0.04422   11.70728    0.04110
    394.87000    3.71134    0.07363   11.60388    0.04243
    397.19000    3.69863    0.05334   11.74140    0.04201
    398.17000    3.68098    0.05645   11.77542    0.06249
    401.25000    3.73548    0.03514   11.56616    0.08081
    405.24000    3.70491    0.03121   11.60779    0.02773
    408.89000    3.62598    0.07005   11.90700    0.08517
    414.39000    3.69204    0.02383   12.13001    0.05921
    417.22000    3.73342    0.06405   12.23708    0.04086
    420.21000    3.63637    0.06132   12.19132    0.03426
    422.71000    3.68792    0.05204   12.14374    0.04103
    426.39000    3.74675    0.05360   12.17123    0.05873
    428.56000    3.66153    0.04848   12.47631    0.04940
    433.04000    3.78013    0.03928   12.35353    0.03377
    435.47000    3.75838    0.05571   12.37278    0.05000
    435.84000    3.93724    0.05424   12.37761    0.11340
    437.58000    3.84216    0.06577   12.26718    0.05600
    442.62000    3.80881    0.07301   12.33266    0.06126
    445.31000    3.77286    0.04526   12.22414    0.06742
    449.66000    3.93613    0.03153   12.05169    0.06854
    451.07000    3.88189    0.04706   12.28114    0.01953
    453.01000    3.93976    0.06381   12.59832    0.07313
    455.34000    4.01219    0.08835   12.24094    0.09074
    458.30000    3.89439    0.02357   12.64250    0.03861
    459.52000    3.97307    0.07002   12.59786    0.05050
    462.39000    4.01164    0.03849   12.62570    0.03976
    465.30000    4.10320    0.02941   12.78147    0.06475
    467.26000    4.10644    0.04402   12.78288    0.05123
    469.13000    4.18353    0.06822   12.55904    0.06431
    472.99000    4.30491    0.03345   12.80592    0.03748
    476.64000    4.20654    0.04012   13.09816    0.06040
    480.11000    4.18890    0.05142   13.21590    0.04208
    481.77000    4.19316    0.02231   13.29246    0.05728
    485.66000    4.26813    0.06111   13.17268    0.04509
    488.91000    4.22340    0.04132   13.01628    0.07632
    492.47000    4.32224    0.02058   13.45567    0.03893
    495.14000    4.30990    0.04012   13.73926    0.03959
    498.74000    4.26674    0.09396   13.98943    0.04541
    503.02000    4.21579    0.05227   13.97287    0.05228
    505.45000    4.28294    0.06061   13.85163    0.03026
    508.65000    4.34573    0.04539   13.78248    0.09585
    510.41000    4.19104    0.04197   13.91983    0.04663
    515.64000    4.24123    0.05208   14.14995    0.04381
    519.24000    4.17811    0.06805   14.06187    0.08074
    522.09000    4.10172    0.02665   14.21469    0.04385
    525.16000    4.02639    0.08539   13.96109    0.05935
    528.40000    4.10155    0.05508   13.87302    0.05461
    530.73000    4.24669    0.05287   13.83323    0.06725
    532.71000    4.09608    0.05448   14.03317    0.08354
    534.99000    4.21476    0.04047   13.96729    0.04147
    539.59000    4.06210    0.04470   13.65701    0.07869
    543.85000    4.08549    0.04879   13.67860    0.05944
    546.07000    4.06820    0.06063   13.69481    0.05605
    549.86000    4.06323    0.08144   13.37002    0.06638
    553.31000    4.16281    0.06788   13.45655    0.06502
    555.91000    3.90641    0.04554   13.74498    0.07893
    559.11000    3.82710    0.06361   13.63012    0.07157
    563.12000    3.89080    0.02840   13.78873    0.07831
    567.81000    3.82857    0.05616   13.23285    0.05610
    571.38000    3.81588    0.02414   13.22877    0.08177
    575.05000    3.95050    0.03710   13.13423    0.07483
    577.70000    4.03110    0.05271   13.17604    0.06800
    579.59000    3.81139    0.04752   13.00490    0.05038
    582.98000    3.80168    0.03305   12.94543    0.04688
    586.26000    3.83770    0.08322   12.41964    0.05189
    590.10000    4.05165    0.06947   12.61345    0.06257
    595.32000    3.89431    0.05165   12.91414    0.08700
    598.87000    3.91781    0.08555   12.41451    0.06767
    602.59000    3.95342    0.05127   12.50590    0.04875
    733.12000    4.00604    0.04264   12.77843    0.02273
    736.52000    3.97529    0.04110   12.58188    0.02655
    737.73000    3.97469    0.05272   12.51525    0.05284
    740.60000    4.05664    0.03604   12.28619    0.07252
    745.26000    4.15920    0.05912   12.23364    0.04581
    747.92000    4.03360    0.05510   12.31145    0.06909
    750.14000    4.05270    0.04784   12.15783    0.04923
    751.24000    4.00174    0.07799   12.45324    0.03527
    753.66000    4.13732    0.05975   12.86437    0.06578
    757.07000    4.12260    0.05285   12.68364    0.03225
    760.39000    4.17828    0.07710   12.65763    0.07635
    764.91000    4.04612    0.03753   12.64178    0.04666
    766.50000    3.97821    0.03741   12.82347    0.03643
    769.74000    4.07555    0.02794   12.84136    0.07045
    772.84000    3.99721    0.04790   13.01458    0.04372
    775.12000    4.01759    0.03823   13.12495    0.05289
    780.07000    3.93283    0.04444   13.35898    0.05157
    783.12000    3.93424    0.03470   13.19054    0.06948
    785.08000    4.01858    0.02282   13.26407    0.07814
    787.29000    3.93829    0.05965   13.30962    0.05975
    791.47000    3.99980    0.03486   13.08047    0.03325
    794.93000    3.84785    0.06883   13.19562    0.02938
    797.71000    3.95021    0.03465   13.23592    0.03411
    802.07000    3.95850    0.06661   13.13522    0.02583
    804.78000    4.04073    0.04896   12.95583    0.05480
    807.13000    3.93084    0.04805   12.96942    0.06507
    810.78000    4.08232    0.06699   13.15923    0.03737
    814.54000    4.20692    0.07038   13.29652    0.07252
    816.61000    4.11530    0.05417   13.20385    0.02818
    820.14000    3.94590    0.07317   13.11357    0.07318
    823.16000    4.01143    0.05221   13.16864    0.06700
    828.50000    4.02084    0.04004   13.34113    0.01571
    831.02000    4.05741    0.05225   13.21714    0.04597
    832.63000    4.16027    0.05283   13.45872    0.06119
    834.91000    4.00284    0.02758   13.42134    0.04609
    836.87000    4.02586    0.05940   13.65022    0.06979
    839.63000    4.00798    0.03527   13.76121    0.05397
    842.37000    3.89271    0.04632   13.70848    0.04774
    845.46000    3.94997    0.05943   13.71197    0.03091
    849.86000    3.88688    0.04869   13.89819    0.07593
    851.23000    3.86854    0.05802   13.89899    0.04463
    853.49000    3.90708    0.03322   13.84556    0.07639
    856.25000    3.87347    0.03418   14.02146    0.06490
    859.43000    3.80902    0.10286   14.12403    0.05543
    863.23000    3.91288    0.06861   13.81167    0.04680
    867.04000    3.94549    0.06935   13.80712    0.05268
    870.25000    4.03436    0.03521   13.69055    0.06210
    870.43000    4.12306    0.06049   13.62845    0.05387
    872.57000    4.05370    0.03599   13.60194    0.06520
    873.82000    4.00353    0.06822   13.79680    0.05833
    877.34000    4.03625    0.05136   13.81149    0.04640
    880.18000    3.99153    0.04185   13.82758    0.08227
    883.09000    3.98619    0.06468   13.46318    0.05427
    885.41000    4.01154    0.04176   13.33978    0.06533
    887.12000    3.97774    0.03175   13.44147    0.03583
    889.03000    3.96852    0.04607   13.45539    0.07042
    891.56000    4.04252    0.04232   13.62658    0.02781
    896.18000    3.93326    0.02990   14.07563    0.02998
    900.61000    3.91340    0.05001   14.21012    0.05235
    902.70000    3.85926    0.03308   14.16505    0.06117
    906.42000    3.86421    0.05530   14.28873    0.04806
    909.22000    3.99897    0.07389   14.14150    0.06263
    912.67000    3.82208    0.04255   14.30139    0.05102
    915.65000    3.83422    0.05512   14.23273    0.04053
    920.24000    3.90476    0.04875   14.03818    0.04717
    921.56000    3.87530    0.06386   13.99500    0.05924
    922.61000    3.78445    0.02382   13.90589    0.06283
    925.07000    3.85327    0.08317   13.90130    0.05130
    928.82000    3.76075    0.06939   13.86745    0.06006
    932.68000    3.87159    0.06453   13.80827    0.05072
    934.88000    3.82159    0.04268   13.90526    0.04255
    936.98000    3.91168    0.02894   13.76047    0.06775
    938.33000    3.99511    0.04925   13.92253    0.06502
    939.84000    3.98320    0.06086   13.97591    0.08187
    943.17000    3.81448    0.05413   13.58589    0.05960
    945.79000    3.78994    0.02950   13.57212    0.08461
    949.23000    3.71314    0.07263   13.49088    0.05537
    950.15000    3.79286    0.04753   13.52127    0.03255
    954.41000    3.74628    0.03033   13.60095    0.04959
    956.60000    3.79611    0.02177   13.70338    0.04485
    960.92000    3.74426    0.03743   13.85614    0.07146
    963.51000    3.88670    0.07637   13.86015    0.06014
    966.59000    3.77364    0.04400   13.85321    0.04646
    968.16000    4.00992    0.08231   13.95218    0.05726
   1096.63000    4.09284    0.05754   13.86894    0.05288
   1098.40000    4.01616    0.05501   13.66350    0.06970
   1101.01000    4.11430    0.05760   13.61236    0.04645
   1103.92000    4.06007    0.05133   14.04030    0.05709
   1106.08000    4.01776    0.06889   14.07031    0.03688
   1109.21000    4.02471    0.03409   13.97222    0.05320
   1111.77000    4.09412    0.09169   13.77840    0.07554
   1117.39000    4.14584    0.05465   14.05327    0.06904
   1119.52000    4.12814    0.07784   14.09970    0.07235
   1120.57000    4.16968    0.06537   14.48272    0.06974
   1123.92000    3.84194    0.06102   14.49758    0.03010
   1128.81000    4.03889    0.06215   14.44484    0.04501
   1133.61000    3.87494    0.01393   14.38974    0.05516
   1135.72000    3.81105    0.04684   14.32331    0.03476
   1139.73000    3.92109    0.05276   14.29955    0.04007
   1143.91000    3.82377    0.04087   14.16734    0.06298
   1147.77000    3.81295    0.05748   14.36212    0.04645
   1148.64000    3.82633    0.06526   14.23827    0.05158
   1152.71000    3.85451    0.02642   13.35478    0.03711
   1155.04000    3.93593    0.02431   13.83253    0.04638
   1158.05000    3.94235    0.05043   13.69638    0.06318
   1160.05000    4.01740    0.03148   13.47148    0.02692
   1163.96000    4.07794    0.02597   13.23065    0.04190
   1165.56000    4.06405    0.04233   13.57306    0.06136
   1168.78000    4.04868    0.08048   13.55234    0.06619
   1171.45000    3.97664    0.03012   13.22725    0.07183
   1173.98000    3.96943    0.03080   12.86720    0.05647
   1175.83000    4.03587    0.02759   13.00155    0.06261
   1179.73000    4.02798    0.06739   13.00016    0.06076
   1181.84000    4.04272    0.07063   13.16449    0.05902
   1185.75000    4.04316    0.03184   13.63042    0.07977
   1188.38000    3.92542    0.03087   13.77478    0.04127
   1190.53000    3.99442    0.06530   13.81398    0.07065
   1194.67000    4.02170    0.05606   13.81639    0.07316
   1198.42000    4.12191    0.02769   13.54941    0.08481
   1200.89000    3.96684    0.06263   13.32395    0.05247
   1204.38000    4.25502    0.05085   13.42195    0.05079
   1207.34000    4.21659    0.01922   13.60967    0.06844
   1209.79000    4.20957    0.04840   13.68533    0.07913
   1211.15000    4.20963    0.06453   13.69651    0.04266
   1215.13000    4.18193    0.04250   12.91773    0.05669
   1219.28000    4.18387    0.06441   12.93014    0.02757
   1224.29000    4.08698    0.04177   13.36370    0.09891
   1226.93000    4.21848    0.02619   13.67448    0.06365
   1230.31000    4.33696    0.06697   13.64797    0.02958
   1233.46000    4.24195    0.06908   13.99743    0.08154
   1235.66000    4.20142    0.06190   13.94081    0.04564
   1238.10000    4.13346    0.04670   13.89318    0.03970
   1238.51000    4.28208    0.05860   13.92844    0.03269
   1241.12000    4.26209    0.02007   13.64513    0.01712
   1244.86000    4.36541    0.04972   13.50353    0.05319
   1248.12000    4.46514    0.05284   13.42939    0.07011
   1249.48000    4.50138    0.04569   13.24094    0.05063
   1251.88000    4.58363    0.07882   13.51845    0.04431
   1253.70000    4.44743    0.04793   13.65752    0.05651
   1258.74000    4.37121    0.05648   13.61736    0.05289
   1262.49000    4.57168    0.04625   13.56432    0.00100
   1265.31000    4.48963    0.02891   13.43518    0.03658
   1267.38000    4.54576    0.07741   13.59153    0.05426
   1271.50000    4.41181    0.05966   14.09372    0.04969
   1274.36000    4.42221    0.03507   14.36345    0.05829
   1277.42000    4.26880    0.05845   14.50339    0.05872
   1281.55000    4.36476    0.04676   14.52214    0.04865
   1285.14000    4.32391    0.04438   14.31325    0.03227
   1286.71000    4.20134    0.06909   14.36898    0.04591
   1290.07000    4.38122    0.05222   14.53312    0.03170
   1292.46000    4.26352    0.07374   14.42641    0.05981
   1293.51000    4.18398    0.01790   14.46527    0.07244
   1297.35000    4.22069    0.02532   14.24459    0.02945
   1299.72000    4.23778    0.05944   14.21975    0.04272
   1302.30000    4.32419    0.05817   14.01059    0.04531
   1306.26000    4.32006    0.05109   13.97791    0.03366
   1309.25000    4.28660    0.04800   14.08634    0.09176
   1314.11000    4.28708    0.07634   13.80997    0.06490
   1316.48000    4.35775    0.06863   13.91308    0.05837
   1318.84000    4.20992    0.04826   13.90646    0.03091
   1321.50000    4.24284    0.05752   13.48353    0.09808
   1323.51000    4.38882    0.07395   13.72917    0.03077
   1327.97000    4.24473    0.04435   13.66196    0.03768
   1331.51000    4.36082    0.04717   13.74947    0.02904
   1333.49000    4.48315    0.05390   13.77728    0.07582
   1334.49000    4.43874    0.04675   13.79958    0.04654
   1460.48000    4.18631    0.03896   13.76082    0.04045
   1462.78000    4.15454    0.07296   13.82003    0.04685
   1465.86000    4.07360    0.05154   13.53121    0.06540
   1470.14000    4.09803    0.04622   13.34994    0.02493
   1472.76000    4.27200    0.05966   13.69667    0.04301
   1476.61000    4.32952    0.05570   13.36923    0.06344
   1479.42000    4.30640    0.03400   13.70068    0.03251
   1482.39000    4.37741    0.04557   13.75641    0.06822
   1486.46000    4.34038    0.04744   13.89005    0.06705
   1489.88000    4.28362    0.06655   13.59863    0.08976
   1494.27000    4.28322    0.03726   13.68366    0.03553
   1498.53000    4.28695    0.04792   13.97888    0.05050
   1502.22000    4.18796    0.05118   14.01066    0.06383
   1504.30000    4.23223    0.07158   13.98557    0.08050
   1506.81000    4.17512    0.04471   13.98501    0.04826
   1508.87000    4.25931    0.06995   14.22827    0.07012
   1511.33000    4.12708    0.07753   14.32698    0.04773
   1514.51000    4.09390    0.02926   14.22091    0.05255
   1517.77000    4.12706    0.05918   14.23513    0.03866
   1521.26000    4.01860    0.06202   14.21082    0.04659
   1526.16000    3.95111    0.04424   13.84616    0.07471
   1530.59000    4.24906    0.03855   13.58683    0.07039
   1532.57000    4.14885    0.05844   13.72105    0.03533
   1534.07000    4.09193    0.05087   13.56251    0.03505
   1537.40000    4.16340    0.04428   13.56468    0.04014
   1539.12000    4.19842    0.06689   13.60315    0.05327
   1540.41000    4.13457    0.06787   13.46076    0.04900
   1543.34000    4.12697    0.04517   13.35582    0.03549
   1547.35000    4.20915    0.04618   13.18882    0.05474
   1550.18000    4.09361    0.04600   13.24266    0.08149
   1552.13000    4.06156    0.05581   13.05258    0.05207
   1554.72000    4.11879    0.05675   13.04566    0.06036
   1557.75000    4.01567    0.05806   13.37591    0.08256
   1559.97000    4.16072    0.05649   13.49362    0.07599
   1562.40000    4.07693    0.05573   13.28102    0.06988
   1565.96000    4.08440    0.07920   13.34043    0.06518
   1569.83000    4.10609    0.02174   13.51602    0.04354
   1573.80000    4.14906    0.06589   13.58897    0.05675
   1577.51000    4.06493    0.06390   13.35869    0.05857
   1580.11000    3.97150    0.04867   13.18725    0.05287
   1584.22000    4.16601    0.06270   13.12242    0.06901
   1585.58000    4.16597    0.02231   13.28582    0.07081
   1588.61000    4.17999    0.06015   13.08948    0.05566
   1591.81000    4.12639    0.04070   13.02787    0.06820
   1594.58000    4.11245    0.03743   13.23671    0.03522
   1597.81000    4.05187    0.05650   13.06674    0.06949
   1602.24000    4.22845    0.03760   13.09532    0.04257
   1605.80000    4.07633    0.05978   13.05951    0.02732
   1607.83000    4.20932    0.06413   12.87765    0.07706
   1609.52000    4.12153    0.07493   12.90378    0.07058
   1611.06000    4.26948    0.07609   13.05463    0.05558
   1614.14000    4.04770    0.05377   13.26500    0.07050
   1617.45000    4.05542    0.05757   13.27213    0.05692
   1620.25000    4.23832    0.06075   13.09072    0.05794
   1624.34000    4.08289    0.05090   12.94263    0.03900
   1627.58000    4.11543    0.03106   13.38067    0.04089
   1630.09000    4.04112    0.05987   13.56624    0.04107
   1633.16000    4.20458    0.04039   13.21856    0.09181
   1635.40000    4.19438    0.05152   13.01210    0.05443
   1638.78000    4.26170    0.02884   12.97873    0.05838
   1642.70000    4.20391    0.00872   12.94991    0.05925
   1645.75000    4.38218    0.06442   13.05186    0.03264
   1646.74000    4.17345    0.06077   13.07585    0.06790
   1648.07000    4.19245    0.05089   13.23932    0.05709
   1650.67000    4.22031    0.06498   13.01331    0.03933
   1653.40000    4.19722    0.07621   13.15704    0.05829
   1657.08000    4.25471    0.07984   12.94212    0.05709
   1660.07000    4.24389    0.04006   13.03544    0.04184
   1661.82000    4.16792    0.05490   13.26042    0.04149
   1663.16000    4.25097    0.03479   13.33963    0.02580
   1666.69000    4.12852    0.06299   13.40215    0.05099
   1670.43000    4.25813    0.02928   13.29342    0.06388
   1672.91000    4.20865    0.04432   13.44234    0.02995
   1675.08000    4.27105    0.04140   13.38179    0.02002
   1678.56000    4.08498    0.04437   13.43077    0.04549
   1682.10000    4.01735    0.06523   13.34340    0.04292
   1683.66000    4.15467    0.05098   13.27070    0.04010
   1687.03000    4.03505    0.01671   13.37849    0.02734
   1688.77000    4.01667    0.06221   13.65862    0.06010
   1691.73000    4.12374    0.04955   13.49261    0.07926
   1695.53000    4.24855    0.06638   13.46653    0.04212
   1699.59000    4.26711    0.06941   13.64702    0.07072
