## Time Delay Challenge light curves
##
## [time]=days, [lc]=[err]=flux in nanomaggies
##
##       time       lc_A      err_A       lc_B      err_B
##-------------------------------------------------------
      1.09000    0.55745    0.05801    0.38449    0.03384
      5.46000    0.60343    0.02972    0.37752    0.03034
      9.73000    0.62577    0.05382    0.41336    0.04659
     13.26000    0.64377    0.05921    0.35732    0.00100
     16.95000    0.59924    0.04562    0.40718    0.07486
     19.84000    0.64365    0.06946    0.33902    0.04362
     22.46000    0.65349    0.04057    0.38165    0.04951
     25.86000    0.76372    0.06217    0.45254    0.05336
     28.41000    0.65437    0.07510    0.50499    0.07147
     31.66000    0.66594    0.03817    0.49161    0.04626
     34.79000    0.74756    0.04364    0.43143    0.02132
     38.74000    0.72681    0.02755    0.38191    0.07832
     43.11000    0.68958    0.05640    0.41852    0.04760
     45.78000    0.80919    0.05629    0.40648    0.02467
     50.76000    0.74340    0.02364    0.45327    0.06827
     54.34000    0.82777    0.04472    0.48073    0.04480
     58.69000    0.73913    0.04670    0.48867    0.04981
     61.23000    0.77353    0.03882    0.59969    0.05098
     64.15000    0.79360    0.05188    0.41319    0.05616
     67.20000    0.70891    0.08002    0.62628    0.04885
     69.27000    0.71173    0.02860    0.55063    0.04197
     72.42000    0.71409    0.04899    0.54626    0.02841
     75.97000    0.71400    0.03160    0.61038    0.06143
     80.10000    0.74523    0.04326    0.51497    0.04927
     83.92000    0.75992    0.07436    0.50902    0.04108
     85.99000    0.64300    0.05628    0.59986    0.04442
     88.86000    0.76333    0.05275    0.56675    0.06796
     92.18000    0.77323    0.05229    0.44330    0.05114
     94.19000    0.79253    0.06770    0.51655    0.05476
     96.33000    0.70728    0.06419    0.56667    0.05586
     98.93000    0.71534    0.01303    0.44046    0.05270
    100.82000    0.70889    0.02415    0.59078    0.05115
    103.30000    0.69205    0.06571    0.46156    0.05305
    107.67000    0.78894    0.05215    0.48040    0.03727
    110.13000    0.80269    0.06569    0.54006    0.05253
    115.24000    0.69826    0.05516    0.56258    0.05413
    118.15000    0.75914    0.04710    0.57734    0.04981
    120.33000    0.71614    0.06608    0.62529    0.04041
    124.84000    0.70377    0.05827    0.51981    0.06326
    127.07000    0.71910    0.03563    0.52301    0.02694
    131.58000    0.67740    0.05550    0.50034    0.05799
    134.70000    0.84090    0.06632    0.51662    0.04009
    138.37000    0.61133    0.04602    0.55139    0.05220
    140.79000    0.61011    0.04676    0.53574    0.07268
    142.49000    0.71617    0.04313    0.40462    0.06264
    147.65000    0.70188    0.07603    0.61818    0.05874
    152.65000    0.68931    0.06427    0.46522    0.04394
    154.90000    0.61630    0.06008    0.39533    0.07308
    158.50000    0.57709    0.03891    0.53838    0.05027
    161.31000    0.63612    0.05790    0.44259    0.05321
    164.70000    0.62016    0.06690    0.59223    0.05304
    167.41000    0.58681    0.05815    0.52857    0.06835
    170.11000    0.51437    0.05875    0.49415    0.04221
    172.96000    0.53504    0.05038    0.54654    0.07010
    177.27000    0.60355    0.05150    0.49766    0.07286
    179.44000    0.50036    0.05081    0.55521    0.04126
    181.68000    0.57636    0.01845    0.44327    0.04863
    184.54000    0.66541    0.05795    0.58335    0.04923
    187.77000    0.58883    0.04485    0.45774    0.04969
    192.37000    0.63808    0.04996    0.46191    0.02227
    195.06000    0.60274    0.05699    0.47380    0.04565
    198.38000    0.50888    0.07769    0.37594    0.05779
    202.23000    0.74770    0.06242    0.40942    0.04065
    203.97000    0.59060    0.04882    0.39503    0.02656
    206.89000    0.53580    0.07839    0.41309    0.03920
    210.46000    0.62636    0.05455    0.37219    0.04905
    214.23000    0.65023    0.04478    0.41174    0.04499
    216.18000    0.64733    0.06502    0.36529    0.07485
    219.54000    0.64902    0.05306    0.45510    0.05290
    223.79000    0.73667    0.08382    0.53053    0.05956
    226.05000    0.62297    0.01738    0.44002    0.07025
    230.76000    0.68053    0.06024    0.41013    0.04106
    234.31000    0.61464    0.05508    0.46606    0.04894
    238.65000    0.55393    0.05527    0.41970    0.03453
    367.13000    0.71214    0.05782    0.46807    0.03468
    369.59000    0.72990    0.04731    0.48870    0.02806
    370.99000    0.62645    0.06130    0.48517    0.04776
    374.62000    0.68065    0.06256    0.40030    0.04169
    378.30000    0.71821    0.05051    0.42342    0.04149
    381.53000    0.68698    0.03166    0.41167    0.05761
    383.55000    0.72529    0.05524    0.57687    0.06323
    385.97000    0.75843    0.03628    0.46683    0.04951
    388.47000    0.86893    0.06241    0.50206    0.05487
    391.14000    0.65957    0.04156    0.71513    0.07767
    394.50000    0.76435    0.04734    0.48646    0.03475
    399.85000    0.65098    0.04175    0.44721    0.06124
    403.16000    0.60627    0.03534    0.28068    0.07406
    407.15000    0.71554    0.02062    0.46793    0.06983
    411.17000    0.79443    0.05657    0.52882    0.04413
    412.68000    0.70436    0.04216    0.46521    0.02009
    416.16000    0.67362    0.04882    0.49081    0.02275
    418.36000    0.73341    0.05878    0.49898    0.03942
    420.92000    0.64347    0.05934    0.40932    0.04849
    424.01000    0.62033    0.05671    0.49180    0.05308
    426.85000    0.53469    0.06559    0.50814    0.05787
    427.45000    0.64360    0.06489    0.57914    0.04815
    430.34000    0.69938    0.05840    0.43730    0.04074
    435.39000    0.64943    0.04698    0.48253    0.04937
    439.84000    0.69929    0.04689    0.50322    0.02058
    442.30000    0.68721    0.03580    0.45324    0.04894
    444.21000    0.75432    0.04010    0.50936    0.04194
    448.14000    0.72510    0.08001    0.34069    0.06088
    453.52000    0.81975    0.08373    0.41966    0.04112
    455.38000    0.60387    0.06078    0.38471    0.05238
    457.70000    0.67318    0.06059    0.43591    0.04458
    458.74000    0.66070    0.07861    0.42505    0.04045
    460.85000    0.66218    0.03277    0.49569    0.03070
    464.37000    0.59975    0.05781    0.47371    0.04212
    467.92000    0.61240    0.05438    0.48973    0.06173
    471.25000    0.60698    0.04513    0.42273    0.06876
    474.65000    0.66076    0.07942    0.51806    0.04334
    477.96000    0.69228    0.06140    0.51874    0.05730
    481.51000    0.70627    0.03833    0.52536    0.03322
    485.32000    0.61407    0.08097    0.42438    0.04977
    487.88000    0.72787    0.04789    0.44527    0.03525
    490.68000    0.59726    0.08354    0.41338    0.05689
    494.24000    0.73389    0.05677    0.53132    0.05929
    498.10000    0.66942    0.02943    0.48185    0.04039
    499.40000    0.57953    0.06217    0.45010    0.06481
    501.91000    0.50341    0.06323    0.46639    0.06344
    503.52000    0.60666    0.06146    0.44901    0.05409
    506.11000    0.71964    0.07109    0.39859    0.05936
    510.14000    0.65036    0.03889    0.42032    0.05454
    514.24000    0.63183    0.07068    0.43997    0.04691
    519.21000    0.68802    0.05031    0.52458    0.05370
    522.07000    0.57659    0.05201    0.52032    0.06919
    524.52000    0.60102    0.05225    0.47332    0.00288
    527.04000    0.78506    0.06867    0.44824    0.04718
    531.63000    0.62677    0.02656    0.54464    0.04521
    534.70000    0.59114    0.03053    0.44352    0.08118
    537.64000    0.67888    0.06254    0.42142    0.06333
    540.84000    0.63558    0.04639    0.43449    0.05164
    543.84000    0.60332    0.05716    0.56580    0.06171
    546.20000    0.64208    0.02086    0.46194    0.04311
    549.97000    0.73216    0.04634    0.41949    0.04416
    552.64000    0.71812    0.04128    0.48239    0.06089
    555.36000    0.67755    0.03790    0.50714    0.06678
    558.92000    0.68048    0.07383    0.46814    0.03306
    562.20000    0.65718    0.06696    0.48471    0.03998
    565.74000    0.61318    0.06181    0.40848    0.03427
    569.84000    0.68298    0.03794    0.46385    0.03283
    571.73000    0.70667    0.03987    0.44220    0.05971
    574.88000    0.56799    0.04591    0.56031    0.08190
    577.90000    0.64670    0.04622    0.51456    0.02723
    578.46000    0.61408    0.06084    0.48519    0.01232
    581.53000    0.67357    0.03542    0.52051    0.04719
    585.84000    0.66056    0.03687    0.47773    0.07153
    588.80000    0.50891    0.07114    0.37216    0.06557
    591.99000    0.55620    0.05855    0.56672    0.06604
    594.04000    0.73798    0.06002    0.44312    0.06377
    596.34000    0.60784    0.03232    0.47398    0.06358
    599.94000    0.55933    0.06616    0.27027    0.06439
    604.46000    0.61831    0.04736    0.41154    0.04201
    730.97000    0.83630    0.03821    0.47551    0.05461
    733.06000    0.79864    0.04469    0.60140    0.06138
    735.02000    0.88405    0.04776    0.64065    0.07161
    739.41000    0.87734    0.02642    0.57349    0.03678
    744.63000    0.95416    0.04866    0.60490    0.04086
    747.41000    0.85716    0.07292    0.52247    0.04965
    749.37000    1.09195    0.06619    0.66166    0.04148
    751.63000    1.04265    0.06019    0.61144    0.05217
    754.40000    0.90494    0.06325    0.60065    0.04525
    757.62000    0.89232    0.06250    0.63622    0.04531
    761.10000    0.73739    0.05629    0.47555    0.04527
    763.60000    0.77411    0.05188    0.64613    0.05932
    767.59000    0.87767    0.06161    0.60289    0.02772
    770.88000    0.86097    0.05660    0.63662    0.03446
    773.71000    0.91296    0.03160    0.63597    0.03564
    777.19000    0.88947    0.03262    0.65032    0.03897
    778.58000    0.89711    0.02010    0.66126    0.04682
    782.50000    0.99318    0.06483    0.68108    0.07637
    784.99000    0.90605    0.07449    0.65220    0.06548
    789.08000    0.92635    0.04627    0.71365    0.08630
    790.71000    0.93993    0.02996    0.52903    0.05306
    794.76000    0.79226    0.06601    0.53489    0.03689
    798.34000    0.97254    0.05977    0.50987    0.03861
    799.78000    0.87213    0.07438    0.61745    0.02640
    803.95000    0.96821    0.05686    0.68989    0.05999
    805.19000    0.97388    0.04535    0.70490    0.03994
    808.71000    0.98080    0.05051    0.56654    0.05348
    810.44000    0.93015    0.03994    0.45787    0.08179
    812.49000    0.94124    0.03842    0.67394    0.02632
    814.16000    0.90539    0.06023    0.74133    0.05937
    818.93000    1.00641    0.05073    0.68305    0.05981
    821.24000    1.05161    0.06099    0.61164    0.04808
    822.55000    1.05448    0.04277    0.59991    0.05024
    824.63000    0.90152    0.05697    0.59277    0.07805
    827.79000    1.05776    0.06587    0.63439    0.06772
    831.00000    1.04126    0.06683    0.67350    0.05743
    833.61000    0.97291    0.04308    0.71850    0.06087
    836.16000    0.99154    0.05793    0.71588    0.04818
    837.57000    1.05513    0.05034    0.72270    0.04832
    841.84000    1.01092    0.06742    0.63727    0.05398
    844.64000    0.97754    0.07968    0.63008    0.06784
    848.18000    1.02516    0.02712    0.82731    0.05412
    850.98000    1.07255    0.05866    0.70174    0.05361
    853.49000    0.94886    0.03009    0.70158    0.04149
    856.97000    0.97386    0.05042    0.67514    0.05889
    860.86000    0.97790    0.05726    0.81356    0.06693
    864.05000    1.06339    0.04540    0.83822    0.08212
    870.13000    0.94767    0.06056    0.73318    0.05284
    874.41000    0.94402    0.05029    0.84431    0.06529
    877.88000    1.00596    0.02475    0.79395    0.04330
    882.47000    0.95884    0.06162    0.72616    0.06681
    885.75000    0.97279    0.05523    0.69208    0.02544
    889.87000    0.93219    0.04445    0.63968    0.05940
    893.54000    0.96743    0.05433    0.67170    0.05423
    896.49000    0.96538    0.06715    0.69191    0.06516
    899.33000    0.91492    0.03207    0.75837    0.09565
    900.98000    0.78481    0.06977    0.72478    0.05420
    905.66000    0.84625    0.05667    0.69395    0.03790
    908.67000    0.77052    0.05630    0.83315    0.04515
    910.35000    0.88879    0.04186    0.73292    0.06210
    911.70000    0.76629    0.04953    0.66221    0.06222
    914.66000    0.70620    0.05666    0.69941    0.03903
    917.62000    0.78458    0.04817    0.73295    0.04382
    919.91000    0.74491    0.06348    0.67057    0.04197
    924.63000    0.70718    0.04943    0.70263    0.03772
    927.43000    0.82325    0.06156    0.54229    0.06344
    929.13000    0.72226    0.03366    0.64016    0.06303
    931.73000    0.74198    0.03423    0.47318    0.07043
    934.36000    0.65601    0.06834    0.58238    0.07230
    936.15000    0.64792    0.06028    0.48209    0.05139
    940.27000    0.66033    0.07027    0.58329    0.04081
    942.32000    0.63506    0.05310    0.65253    0.07840
    945.62000    0.58663    0.03802    0.63586    0.09053
    948.57000    0.64224    0.05962    0.51150    0.03715
    952.60000    0.66218    0.04625    0.48315    0.03624
    954.81000    0.66084    0.05714    0.51666    0.03828
    957.35000    0.55159    0.05109    0.54995    0.03713
    959.88000    0.58980    0.05064    0.50524    0.03168
    961.99000    0.57717    0.06998    0.48440    0.01102
    964.36000    0.53491    0.06136    0.50794    0.05391
    967.80000    0.58710    0.04633    0.45154    0.04407
   1096.99000    0.41301    0.02534    0.24508    0.05301
   1099.65000    0.36916    0.02541    0.35957    0.05500
   1104.89000    0.32443    0.03425    0.13150    0.06549
   1106.32000    0.36604    0.05257    0.30452    0.07748
   1109.09000    0.34540    0.02749    0.18189    0.06213
   1110.81000    0.45803    0.05523    0.30481    0.05771
   1112.60000    0.31718    0.02289    0.24388    0.06229
   1116.48000    0.37543    0.05479    0.27668    0.05510
   1119.11000    0.31902    0.05632    0.34674    0.06962
   1123.12000    0.38131    0.06581    0.31638    0.03979
   1127.19000    0.39474    0.06438    0.24523    0.07598
   1128.10000    0.29778    0.05475    0.22536    0.05555
   1130.56000    0.35998    0.02577    0.24426    0.03401
   1133.76000    0.43080    0.03384    0.21551    0.06356
   1137.67000    0.36766    0.04331    0.13642    0.06069
   1140.55000    0.36752    0.05030    0.21664    0.02813
   1143.35000    0.34973    0.06889    0.32717    0.05403
   1145.61000    0.43084    0.03077    0.22881    0.05220
   1149.04000    0.30447    0.05235    0.32497    0.06167
   1152.35000    0.38832    0.08110    0.09400    0.05225
   1156.29000    0.42053    0.04784    0.26773    0.06163
   1159.23000    0.54352    0.07767    0.30057    0.05169
   1162.84000    0.36666    0.03920    0.29304    0.01747
   1165.42000    0.35408    0.05479    0.43525    0.04788
   1168.16000    0.52733    0.05353    0.25957    0.06061
   1169.96000    0.37764    0.05973    0.29967    0.03224
   1174.11000    0.43778    0.04651    0.24680    0.04903
   1177.18000    0.45077    0.06468    0.31487    0.04268
   1179.44000    0.39387    0.05624    0.33286    0.05861
   1182.56000    0.39171    0.06399    0.36520    0.03142
   1185.85000    0.35295    0.05003    0.33222    0.03667
   1187.00000    0.40328    0.02405    0.31038    0.06057
   1189.50000    0.33904    0.05740    0.29332    0.04387
   1193.41000    0.38882    0.04891    0.33163    0.06102
   1197.06000    0.38530    0.01438    0.20407    0.06869
   1198.27000    0.41787    0.05653    0.30166    0.06600
   1199.64000    0.50174    0.05843    0.25087    0.05616
   1202.39000    0.38643    0.05376    0.33015    0.04980
   1204.97000    0.38956    0.06712    0.33913    0.05779
   1206.84000    0.37797    0.04046    0.29850    0.03632
   1211.74000    0.38178    0.05752    0.23211    0.03845
   1215.97000    0.39037    0.05068    0.31125    0.05334
   1218.91000    0.36483    0.07316    0.21200    0.05438
   1224.32000    0.39481    0.07394    0.21357    0.07675
   1226.94000    0.36373    0.04338    0.25264    0.04116
   1229.68000    0.29635    0.07741    0.24016    0.05692
   1232.33000    0.37815    0.07616    0.27605    0.04134
   1233.77000    0.35594    0.06813    0.21243    0.06011
   1234.97000    0.41489    0.06461    0.23449    0.04501
   1235.83000    0.37359    0.04693    0.28168    0.04302
   1238.26000    0.39914    0.08287    0.28755    0.06638
   1241.76000    0.36441    0.03843    0.28141    0.04963
   1243.98000    0.39106    0.04618    0.38059    0.04208
   1246.37000    0.45234    0.07018    0.25462    0.04453
   1249.76000    0.48092    0.05308    0.22652    0.03740
   1253.46000    0.40594    0.07219    0.40288    0.06579
   1257.16000    0.40767    0.04353    0.30798    0.04575
   1261.59000    0.42118    0.02500    0.29835    0.02105
   1263.99000    0.43067    0.03523    0.31777    0.04440
   1266.68000    0.55945    0.08965    0.25766    0.07077
   1269.76000    0.45932    0.04183    0.30784    0.05381
   1271.97000    0.39815    0.06727    0.31814    0.05806
   1275.48000    0.52047    0.08369    0.33785    0.05228
   1278.57000    0.45563    0.05974    0.29918    0.04565
   1281.28000    0.55285    0.06967    0.33431    0.07385
   1284.68000    0.46676    0.04874    0.21393    0.06413
   1288.37000    0.41955    0.03684    0.29954    0.05644
   1289.54000    0.47183    0.04256    0.34934    0.05693
   1292.60000    0.46481    0.02765    0.35325    0.04197
   1296.35000    0.40980    0.03299    0.34266    0.02940
   1300.32000    0.41449    0.06663    0.29271    0.06945
   1302.68000    0.58158    0.04537    0.35226    0.02527
   1306.15000    0.46514    0.02971    0.30521    0.06828
   1308.63000    0.66692    0.08622    0.33589    0.04629
   1312.22000    0.49217    0.04071    0.37976    0.03898
   1316.36000    0.44027    0.06906    0.30227    0.04268
   1319.71000    0.40927    0.05312    0.33813    0.06969
   1323.55000    0.51686    0.06764    0.29179    0.05718
   1325.56000    0.56975    0.05411    0.32141    0.04575
   1327.59000    0.57051    0.05860    0.37626    0.03098
   1330.41000    0.58453    0.05852    0.38130    0.02647
   1333.38000    0.44973    0.05869    0.28062    0.05032
   1334.56000    0.60077    0.07361    0.40289    0.04383
   1462.67000    0.58165    0.04164    0.47355    0.05591
   1464.97000    0.58446    0.05567    0.36035    0.04855
   1469.66000    0.58706    0.05781    0.50000    0.04945
   1473.68000    0.53740    0.06117    0.51383    0.03315
   1477.12000    0.54103    0.04346    0.42492    0.04517
   1480.13000    0.59307    0.06417    0.42498    0.06307
   1483.70000    0.62533    0.05528    0.49586    0.07365
   1485.47000    0.57926    0.06193    0.42118    0.05633
   1487.83000    0.60683    0.03391    0.39845    0.01800
   1491.44000    0.61127    0.06827    0.46251    0.03681
   1494.26000    0.62159    0.02994    0.37546    0.03084
   1497.71000    0.64243    0.06443    0.41651    0.05268
   1499.69000    0.63023    0.06113    0.38328    0.03848
   1503.82000    0.74597    0.06195    0.58234    0.08220
   1506.40000    0.56877    0.05065    0.38252    0.05107
   1510.73000    0.64370    0.04111    0.45351    0.05265
   1514.17000    0.71292    0.07059    0.44696    0.07005
   1518.83000    0.72945    0.03740    0.38589    0.02288
   1521.93000    0.63868    0.04265    0.33368    0.04777
   1526.79000    0.61990    0.02761    0.38278    0.06643
   1530.58000    0.71187    0.04248    0.43786    0.03970
   1533.31000    0.60315    0.04621    0.51319    0.06018
   1535.53000    0.65314    0.08482    0.61720    0.07390
   1539.00000    0.65806    0.05803    0.39647    0.05604
   1541.78000    0.60856    0.05472    0.44854    0.05935
   1544.07000    0.67960    0.05572    0.53210    0.05532
   1546.17000    0.55612    0.07154    0.45693    0.04348
   1549.25000    0.69936    0.06175    0.54507    0.04915
   1553.54000    0.62936    0.06386    0.49406    0.07000
   1555.62000    0.62310    0.03403    0.50628    0.05564
   1557.57000    0.63918    0.05088    0.47753    0.08958
   1559.80000    0.64050    0.04344    0.47443    0.06716
   1561.63000    0.61350    0.03607    0.38179    0.05200
   1563.50000    0.57870    0.04216    0.52324    0.04409
   1565.71000    0.58156    0.06634    0.52654    0.03534
   1568.09000    0.66616    0.04722    0.45781    0.04446
   1569.19000    0.62117    0.06541    0.45178    0.05677
   1571.85000    0.71719    0.06568    0.45483    0.06955
   1575.20000    0.47637    0.05349    0.42179    0.01729
   1576.32000    0.61057    0.03782    0.40338    0.04997
   1578.11000    0.57376    0.05563    0.40300    0.05316
   1580.64000    0.81062    0.06445    0.40816    0.06794
   1584.29000    0.65263    0.03675    0.43193    0.04991
   1588.28000    0.64723    0.04893    0.50814    0.05906
   1590.43000    0.61173    0.06026    0.27480    0.06418
   1593.45000    0.65434    0.06670    0.42079    0.03949
   1596.10000    0.67068    0.04548    0.50741    0.05859
   1598.91000    0.70119    0.07654    0.46518    0.04285
   1600.59000    0.68096    0.02626    0.48928    0.05476
   1602.73000    0.65931    0.03817    0.49196    0.04205
   1604.96000    0.66918    0.05085    0.42664    0.03158
   1607.89000    0.66741    0.06819    0.59730    0.08037
   1610.66000    0.70443    0.05112    0.41845    0.05304
   1612.45000    0.83683    0.04853    0.50346    0.06327
   1617.03000    0.67603    0.07228    0.34633    0.06262
   1618.91000    0.71047    0.04202    0.43799    0.05484
   1622.92000    0.90692    0.05863    0.41858    0.04888
   1626.12000    0.71725    0.05883    0.43245    0.03731
   1628.66000    0.81129    0.05649    0.47364    0.04896
   1630.64000    0.85067    0.05824    0.48881    0.05779
   1633.96000    0.80084    0.06584    0.57522    0.04967
   1636.49000    0.70380    0.02929    0.49169    0.05986
   1638.36000    0.80778    0.05692    0.56717    0.06769
   1640.59000    0.83279    0.07015    0.60361    0.06280
   1642.49000    0.75881    0.05056    0.44891    0.04529
   1647.16000    0.83601    0.04345    0.53871    0.05856
   1650.34000    0.79104    0.05587    0.56522    0.06087
   1653.45000    0.63988    0.07936    0.51885    0.06741
   1656.57000    0.65951    0.01923    0.64044    0.05936
   1658.10000    0.71022    0.05062    0.58162    0.07463
   1660.39000    0.70858    0.05594    0.58845    0.05830
   1663.39000    0.69125    0.03848    0.49276    0.08900
   1666.17000    0.67288    0.06155    0.73170    0.05997
   1668.88000    0.88176    0.06953    0.68083    0.04227
   1673.18000    0.84559    0.07622    0.47728    0.04680
   1675.60000    0.72458    0.08784    0.54191    0.03603
   1678.30000    0.88002    0.04784    0.53643    0.02047
   1681.49000    0.94725    0.05997    0.47026    0.05145
   1682.32000    0.86123    0.05740    0.43991    0.06644
   1684.35000    0.80533    0.05243    0.47363    0.05583
   1686.31000    0.83507    0.05482    0.62445    0.06373
   1689.68000    0.82231    0.04749    0.69005    0.06341
   1693.59000    0.84635    0.06841    0.47437    0.05495
   1696.32000    0.87288    0.05425    0.54110    0.02116
