## Time Delay Challenge light curves
##
## [time]=days, [lc]=[err]=flux in nanomaggies
##
##       time       lc_A      err_A       lc_B      err_B
##-------------------------------------------------------
      0.32000    1.11147    0.06173    1.32651    0.05250
      1.30000    1.09873    0.05128    1.32356    0.07807
      3.21000    1.09538    0.08435    1.25732    0.07581
      7.16000    1.09964    0.06809    1.41679    0.03298
      8.65000    1.18136    0.05620    1.52054    0.08766
     12.46000    1.13271    0.04795    1.50459    0.04166
     16.49000    1.03977    0.03926    1.49189    0.06717
     19.36000    1.07401    0.04444    1.44466    0.04725
     23.23000    1.10714    0.03310    1.32957    0.09829
     25.00000    1.08573    0.05692    1.35550    0.09245
     28.62000    1.10041    0.05610    1.31422    0.06406
     31.55000    1.10337    0.06181    1.40648    0.02379
     34.14000    1.19750    0.06698    1.33880    0.03640
     36.52000    1.16153    0.06067    1.26176    0.06468
     39.48000    1.11581    0.07123    1.33659    0.08029
     40.66000    1.15227    0.03005    1.27909    0.05914
     43.58000    1.22335    0.06075    1.41414    0.03779
     48.01000    1.07217    0.02503    1.38053    0.07197
     50.26000    1.15411    0.05913    1.35892    0.05469
     53.25000    1.09116    0.03729    1.28348    0.04850
     54.73000    1.08395    0.03743    1.25726    0.03288
     58.55000    1.06354    0.03552    1.38780    0.06143
     63.77000    1.04529    0.04908    1.38172    0.05529
     66.11000    1.09775    0.04463    1.32710    0.04129
     68.46000    1.16869    0.07743    1.31532    0.07274
     71.39000    1.02584    0.01896    1.32301    0.03147
     74.09000    0.97257    0.05609    1.19883    0.06409
     76.84000    0.94441    0.05664    1.28309    0.02260
     79.29000    1.06221    0.05444    1.27214    0.04837
     82.74000    1.06312    0.04679    1.24528    0.05164
     86.88000    0.98863    0.05026    1.22241    0.04419
     89.46000    1.05055    0.02644    1.36026    0.05386
     91.81000    1.03989    0.03927    1.35023    0.06576
     94.18000    0.97768    0.03473    1.34696    0.05949
     96.84000    1.04043    0.05747    1.35826    0.05623
    100.13000    0.95639    0.04598    1.34999    0.03438
    103.69000    1.01002    0.04158    1.29035    0.09702
    106.08000    1.04433    0.02321    1.38280    0.01847
    108.57000    1.05882    0.04610    1.32269    0.08629
    111.54000    1.05747    0.05206    1.36048    0.05733
    113.74000    1.12479    0.06295    1.20273    0.08169
    118.25000    0.99333    0.05830    1.32608    0.05495
    120.82000    1.03413    0.06361    1.43842    0.02889
    123.76000    1.02478    0.03315    1.38627    0.05694
    127.58000    1.08119    0.03593    1.42921    0.05030
    131.23000    1.07384    0.02237    1.38889    0.05230
    132.24000    1.04923    0.06213    1.29842    0.06743
    134.34000    1.05919    0.07148    1.33303    0.04329
    137.85000    0.98502    0.07407    1.29550    0.07676
    141.51000    1.07852    0.05320    1.32174    0.05185
    145.43000    1.11903    0.05327    1.31565    0.04079
    148.25000    1.06354    0.04311    1.44307    0.06212
    151.92000    1.04695    0.04724    1.39208    0.04410
    155.07000    1.09894    0.02925    1.35433    0.02734
    158.22000    1.08081    0.04107    1.37769    0.07354
    160.90000    1.00529    0.03896    1.39232    0.05426
    163.47000    1.05697    0.06174    1.30736    0.07840
    165.85000    0.92948    0.08452    1.41434    0.03709
    169.71000    1.09605    0.05222    1.36263    0.06049
    171.64000    1.07048    0.05701    1.47765    0.04626
    173.24000    1.04272    0.06542    1.40250    0.06581
    175.89000    1.06885    0.04740    1.44197    0.06138
    179.56000    1.17667    0.06010    1.41711    0.06433
    182.46000    1.18551    0.05960    1.38024    0.04888
    184.94000    1.08494    0.04220    1.47846    0.04532
    187.22000    1.04190    0.05024    1.63334    0.06919
    189.63000    1.13206    0.05626    1.45702    0.06159
    194.13000    1.10265    0.04949    1.33466    0.04742
    197.29000    1.03829    0.07492    1.41704    0.03372
    199.23000    1.03976    0.03772    1.42579    0.06222
    202.47000    1.02974    0.06911    1.31103    0.05477
    204.63000    1.05976    0.03571    1.29893    0.06823
    207.66000    1.15636    0.07462    1.48206    0.07745
    211.18000    1.18513    0.02385    1.42100    0.06756
    215.53000    1.03999    0.05506    1.43280    0.05773
    218.21000    1.03738    0.05883    1.46796    0.03828
    218.83000    0.96986    0.06639    1.40988    0.07016
    222.27000    1.05018    0.05031    1.39032    0.07297
    225.26000    1.10279    0.04170    1.50641    0.04528
    230.90000    1.12002    0.05884    1.31396    0.05809
    234.33000    1.04130    0.04203    1.43911    0.05779
    238.82000    1.11401    0.03984    1.39968    0.02177
    365.67000    1.25153    0.07695    1.47783    0.05651
    368.79000    1.12134    0.02933    1.42196    0.04501
    371.87000    1.09963    0.06087    1.39234    0.06847
    374.38000    1.16466    0.07018    1.41002    0.05426
    377.66000    1.11991    0.07047    1.42195    0.06166
    379.31000    1.14046    0.04812    1.35116    0.04377
    383.13000    1.09226    0.08147    1.51423    0.03875
    386.98000    1.14175    0.01764    1.42384    0.09044
    389.78000    1.14088    0.04513    1.51230    0.05255
    391.14000    1.08345    0.06479    1.54545    0.04147
    394.92000    1.15394    0.06792    1.47056    0.04359
    397.58000    1.18167    0.06369    1.64520    0.04460
    399.72000    1.25643    0.06265    1.55402    0.05143
    402.30000    1.07099    0.06740    1.45587    0.03959
    406.06000    1.10302    0.06463    1.57164    0.04203
    410.14000    1.20886    0.06512    1.49826    0.05352
    413.79000    1.11127    0.07570    1.57744    0.03797
    416.82000    1.09768    0.05735    1.59746    0.04082
    418.32000    1.19324    0.06577    1.52763    0.05752
    419.61000    1.31060    0.07809    1.55300    0.04114
    423.19000    1.16203    0.06035    1.56740    0.03359
    424.61000    1.20831    0.05246    1.53327    0.07488
    428.48000    1.23707    0.06510    1.36079    0.04947
    429.92000    1.21675    0.08188    1.48640    0.07246
    432.23000    1.24261    0.04157    1.48692    0.04675
    434.60000    1.21887    0.05914    1.29744    0.07710
    439.10000    1.14206    0.05965    1.41473    0.06019
    443.56000    1.13681    0.06685    1.40259    0.06015
    446.22000    1.29912    0.05213    1.44405    0.04532
    447.85000    1.20051    0.06427    1.21459    0.08223
    450.15000    1.14228    0.04454    1.46375    0.06060
    452.41000    1.05141    0.05650    1.47736    0.04713
    455.01000    1.11630    0.03239    1.44875    0.04016
    456.47000    1.14351    0.05262    1.48583    0.03638
    456.98000    1.11128    0.02113    1.47164    0.03155
    459.72000    1.09131    0.05123    1.44363    0.04208
    463.24000    1.03974    0.05587    1.37435    0.02761
    465.74000    0.98972    0.09233    1.37132    0.07181
    467.77000    1.17978    0.07617    1.43665    0.05716
    471.81000    1.00813    0.05170    1.45441    0.03086
    473.81000    1.14186    0.04498    1.46892    0.05437
    478.04000    1.02348    0.07532    1.42474    0.03444
    480.47000    1.06806    0.07689    1.41663    0.05579
    483.29000    1.15312    0.04264    1.41251    0.06656
    487.19000    1.14560    0.06797    1.45724    0.02450
    489.38000    1.12506    0.09200    1.53348    0.07202
    492.38000    1.14818    0.06471    1.40577    0.03592
    495.56000    1.13989    0.07127    1.29480    0.06307
    497.55000    1.13297    0.05513    1.47905    0.02837
    500.32000    1.05268    0.06432    1.41457    0.06440
    502.50000    1.11540    0.02052    1.63237    0.07471
    504.83000    1.10883    0.02839    1.44562    0.04737
    508.63000    1.18187    0.06114    1.45408    0.06801
    512.35000    1.20395    0.07307    1.28423    0.07689
    514.69000    1.00791    0.06968    1.38734    0.05850
    518.29000    1.16753    0.04760    1.50179    0.06484
    521.03000    1.15606    0.03805    1.36543    0.03416
    524.81000    1.14125    0.06866    1.40206    0.04828
    528.23000    1.10330    0.05580    1.49773    0.07460
    530.31000    1.05415    0.06685    1.51475    0.06468
    534.54000    1.07814    0.02825    1.66216    0.07107
    536.16000    1.12381    0.03598    1.52733    0.03418
    540.24000    1.15856    0.04755    1.45158    0.06889
    543.63000    1.04687    0.04998    1.50477    0.05079
    547.11000    1.12190    0.06208    1.46808    0.06385
    549.31000    1.11111    0.04775    1.39836    0.06522
    551.44000    1.13996    0.04540    1.40750    0.03315
    553.13000    1.05956    0.05551    1.44774    0.05050
    556.99000    1.25986    0.05337    1.44064    0.03273
    559.69000    1.03668    0.08736    1.31985    0.05368
    562.99000    1.14071    0.08615    1.28261    0.06835
    565.75000    1.12383    0.07430    1.34236    0.06113
    567.91000    1.04766    0.03510    1.37619    0.02954
    571.09000    1.16933    0.07879    1.42611    0.04501
    573.51000    1.04403    0.05000    1.25754    0.06568
    577.10000    1.08525    0.04016    1.26611    0.05190
    581.35000    1.02587    0.06416    1.32420    0.04735
    584.34000    1.06440    0.06438    1.34442    0.02112
    586.68000    1.16977    0.04396    1.36567    0.02421
    590.32000    1.19091    0.08185    1.34368    0.07101
    592.95000    1.10731    0.05832    1.42224    0.02356
    596.37000    1.09501    0.04546    1.40886    0.06408
    600.45000    1.09367    0.05683    1.43277    0.08148
    602.25000    1.05900    0.06479    1.36350    0.06412
    604.90000    1.12902    0.04849    1.34393    0.06370
    730.45000    1.09087    0.05168    1.37554    0.04460
    732.99000    1.07327    0.03791    1.35987    0.05617
    735.45000    0.98704    0.05222    1.35162    0.05986
    738.09000    1.01477    0.02963    1.30720    0.05995
    740.00000    1.05335    0.03784    1.29092    0.03095
    742.74000    1.06341    0.02935    1.34116    0.04972
    744.83000    1.00668    0.06396    1.25836    0.07135
    749.79000    1.05629    0.04725    1.38907    0.04137
    752.88000    1.00624    0.07253    1.31252    0.02032
    756.62000    0.99282    0.06095    1.38891    0.05069
    759.95000    1.07751    0.05005    1.45410    0.07168
    764.05000    0.97328    0.05146    1.49412    0.06659
    768.88000    0.98458    0.03610    1.39471    0.03723
    770.69000    0.96953    0.04974    1.41007    0.03881
    774.12000    1.04322    0.02773    1.43164    0.05620
    777.20000    1.06133    0.04356    1.36556    0.05559
    779.23000    0.98621    0.02815    1.27529    0.05262
    782.44000    1.22287    0.06158    1.28637    0.05197
    787.19000    1.09055    0.07914    1.22584    0.05266
    792.92000    1.11097    0.04941    1.41474    0.04519
    794.79000    1.04886    0.04610    1.35134    0.06162
    797.83000    1.11730    0.07547    1.35013    0.04458
    801.50000    1.14426    0.07755    1.46934    0.06215
    805.35000    1.01803    0.03587    1.61331    0.06215
    806.64000    1.06132    0.07331    1.43142    0.03598
    810.27000    0.94660    0.03515    1.44419    0.00372
    814.02000    1.00514    0.04907    1.33730    0.05671
    816.08000    1.23275    0.06869    1.40973    0.03785
    820.68000    1.18171    0.06221    1.37628    0.04489
    823.33000    1.06924    0.05463    1.44094    0.04411
    827.32000    1.15448    0.02295    1.39820    0.05883
    830.38000    1.12860    0.06101    1.37760    0.05054
    832.43000    1.02336    0.04924    1.49638    0.06114
    835.26000    1.05940    0.04079    1.33634    0.06213
    836.58000    1.10477    0.05499    1.37426    0.05713
    839.93000    1.07794    0.05205    1.44534    0.04938
    842.25000    1.01044    0.02751    1.38742    0.05228
    844.68000    1.09874    0.03643    1.38394    0.06103
    847.55000    1.24728    0.07448    1.35558    0.02623
    850.72000    1.09284    0.02225    1.35202    0.05343
    854.04000    0.94947    0.07468    1.47429    0.05097
    856.47000    1.00145    0.06408    1.42873    0.04927
    857.87000    1.17777    0.07054    1.56873    0.04631
    859.96000    1.08593    0.07129    1.47049    0.05886
    863.33000    1.22831    0.06482    1.37826    0.04423
    866.26000    1.02958    0.03456    1.42733    0.04624
    868.53000    1.10747    0.03491    1.37417    0.05361
    871.71000    1.03542    0.04901    1.54164    0.05497
    876.61000    1.21399    0.06316    1.41843    0.02519
    882.42000    1.14412    0.06486    1.43030    0.04827
    886.67000    1.12462    0.05598    1.46787    0.05060
    890.37000    1.09195    0.07659    1.34537    0.05763
    894.11000    1.17683    0.05714    1.37700    0.03520
    897.59000    1.04073    0.05050    1.40996    0.04141
    900.34000    1.09954    0.06492    1.46186    0.06225
    902.99000    1.05507    0.03621    1.32488    0.05506
    907.02000    1.02189    0.02992    1.39878    0.05607
    910.15000    1.16740    0.03804    1.37214    0.04115
    912.65000    1.11739    0.04399    1.50062    0.04860
    917.40000    1.06935    0.03214    1.43591    0.04845
    918.94000    1.08834    0.04934    1.43350    0.05347
    922.48000    1.02865    0.04404    1.40161    0.03233
    925.94000    1.03460    0.04104    1.49252    0.03555
    928.19000    1.09351    0.03030    1.34102    0.05294
    930.03000    1.10237    0.06135    1.45744    0.04850
    934.12000    1.13008    0.06431    1.33664    0.06843
    938.35000    1.04037    0.05480    1.49132    0.04430
    943.62000    1.14140    0.04325    1.38887    0.03922
    947.25000    1.16055    0.04863    1.40434    0.03612
    950.49000    1.20989    0.04990    1.38537    0.08309
    952.89000    1.17714    0.05342    1.43157    0.05754
    955.01000    0.95207    0.06653    1.40780    0.05850
    959.62000    1.17335    0.07742    1.64166    0.06646
    961.67000    0.99430    0.04902    1.40306    0.06865
    964.59000    1.03065    0.04998    1.49679    0.05592
    966.85000    1.04171    0.07143    1.55813    0.02986
    969.80000    1.01668    0.07453    1.65061    0.04171
   1097.28000    1.12001    0.04563    1.64202    0.04455
   1102.48000    1.11363    0.05799    1.55782    0.02392
   1106.49000    1.20835    0.03251    1.65708    0.05645
   1110.22000    1.17924    0.09435    1.67744    0.04512
   1114.20000    1.28137    0.05659    1.72606    0.04978
   1117.31000    1.20278    0.02794    1.77300    0.05395
   1120.32000    1.14183    0.04231    1.57203    0.08833
   1123.26000    1.13224    0.07285    1.65734    0.06844
   1126.66000    1.33432    0.04345    1.72667    0.06561
   1129.05000    1.20357    0.06527    1.65907    0.05612
   1132.88000    1.41598    0.05282    1.65136    0.07314
   1134.85000    1.27871    0.06400    1.52164    0.06220
   1138.74000    1.30033    0.04481    1.54941    0.03896
   1143.38000    1.25705    0.06926    1.59198    0.04068
   1146.22000    1.33643    0.04885    1.63892    0.04815
   1147.48000    1.35127    0.04780    1.59587    0.04412
   1151.87000    1.28574    0.06659    1.58106    0.03698
   1154.06000    1.14643    0.03854    1.57405    0.06264
   1156.31000    1.17223    0.05356    1.44907    0.04951
   1158.53000    1.14653    0.05181    1.46761    0.05084
   1161.97000    1.19658    0.02482    1.48312    0.01993
   1165.01000    1.18874    0.07691    1.38286    0.05836
   1168.00000    1.22832    0.04848    1.49965    0.07678
   1170.85000    1.27996    0.04802    1.56518    0.07304
   1173.49000    1.23103    0.04519    1.47293    0.05800
   1177.05000    1.24789    0.05660    1.56504    0.05574
   1180.54000    1.15806    0.01491    1.66349    0.06875
   1181.88000    1.20730    0.06566    1.50575    0.05645
   1185.46000    1.03931    0.05470    1.36953    0.05179
   1187.46000    1.17869    0.08348    1.48755    0.03806
   1189.63000    1.17476    0.05736    1.41224    0.08443
   1192.65000    1.19128    0.06899    1.40843    0.06571
   1194.28000    1.17315    0.04452    1.35135    0.04287
   1198.23000    1.23008    0.03125    1.43122    0.07004
   1201.94000    1.20594    0.05121    1.39255    0.05287
   1206.13000    1.18487    0.04903    1.39874    0.06941
   1211.00000    1.05101    0.03788    1.41379    0.03403
   1215.08000    1.11050    0.06728    1.54017    0.06128
   1217.11000    1.09246    0.04800    1.49722    0.06608
   1221.36000    1.13534    0.06168    1.35400    0.02542
   1223.44000    1.07878    0.05611    1.42601    0.04201
   1224.81000    1.12316    0.03494    1.53500    0.06518
   1225.62000    1.12426    0.03613    1.66106    0.09242
   1229.73000    1.18973    0.04256    1.44545    0.01183
   1232.61000    1.05904    0.09632    1.45836    0.02798
   1236.66000    1.07153    0.05568    1.53161    0.05462
   1238.76000    1.11930    0.05304    1.37157    0.02480
   1241.69000    1.08131    0.05778    1.35686    0.05928
   1244.91000    1.08409    0.05161    1.50101    0.04020
   1246.34000    1.12753    0.03946    1.48355    0.05341
   1249.38000    1.12482    0.06123    1.52526    0.06998
   1252.48000    1.12079    0.06683    1.44172    0.03748
   1253.96000    1.09783    0.06647    1.50516    0.05266
   1256.16000    1.17223    0.06889    1.28688    0.06842
   1260.30000    1.07310    0.04688    1.53682    0.06838
   1264.07000    1.08989    0.05014    1.43232    0.05106
   1266.50000    1.11934    0.06984    1.40023    0.02340
   1270.68000    1.14089    0.04785    1.33819    0.06860
   1271.90000    1.14185    0.04873    1.44902    0.09515
   1273.26000    1.01086    0.07459    1.41169    0.06023
   1276.77000    1.10889    0.04932    1.24942    0.06123
   1277.22000    1.03489    0.05485    1.38918    0.08506
   1282.60000    1.10228    0.05190    1.47823    0.05244
   1286.53000    1.12965    0.04920    1.46549    0.04804
   1290.77000    1.07364    0.02536    1.39423    0.03122
   1291.72000    1.08515    0.04998    1.36621    0.04596
   1293.32000    1.06590    0.03994    1.26768    0.08081
   1295.93000    1.11760    0.04748    1.44716    0.08398
   1297.66000    1.08146    0.05199    1.45905    0.05952
   1301.28000    1.12022    0.04919    1.44755    0.05640
   1303.27000    1.15928    0.05208    1.34024    0.05637
   1306.43000    1.20530    0.06878    1.33125    0.07773
   1308.39000    1.14859    0.05558    1.29672    0.03577
   1309.65000    1.18844    0.05213    1.41892    0.05905
   1311.19000    1.05441    0.05958    1.33097    0.05465
   1314.02000    1.12011    0.05428    1.40813    0.05499
   1317.38000    1.08476    0.06713    1.33607    0.07646
   1319.93000    1.06188    0.03344    1.26428    0.06293
   1323.68000    1.08789    0.07937    1.32580    0.05456
   1327.51000    1.09247    0.05048    1.31957    0.05671
   1329.82000    1.10622    0.02939    1.31792    0.05722
   1333.32000    1.06233    0.05402    1.33731    0.04754
   1460.47000    1.15465    0.04799    1.51246    0.05368
   1462.17000    1.21725    0.05156    1.39040    0.06151
   1466.42000    1.09466    0.03041    1.36340    0.08793
   1470.88000    1.11763    0.07038    1.40212    0.05274
   1475.57000    1.14333    0.04730    1.26936    0.04048
   1479.22000    1.14495    0.03762    1.39700    0.05811
   1482.55000    1.19474    0.06687    1.44612    0.07760
   1485.75000    0.92130    0.05516    1.44709    0.06238
   1488.14000    1.11635    0.05149    1.50209    0.03986
   1490.01000    1.09112    0.05036    1.50277    0.06123
   1491.79000    1.05610    0.01618    1.46565    0.08476
   1492.78000    1.05010    0.06011    1.37611    0.08430
   1496.56000    1.06876    0.04857    1.66170    0.04816
   1499.77000    1.06369    0.06456    1.60894    0.06127
   1502.76000    1.03497    0.06263    1.58577    0.02550
   1505.78000    1.04748    0.05757    1.53186    0.04001
   1508.39000    1.12679    0.06333    1.57167    0.05372
   1511.16000    1.17128    0.05982    1.41864    0.05366
   1514.31000    1.10868    0.05500    1.48659    0.07001
   1516.36000    1.22199    0.06424    1.50729    0.06729
   1519.02000    1.29628    0.05712    1.38690    0.02264
   1522.26000    1.12429    0.09733    1.32949    0.06734
   1526.56000    1.17841    0.03317    1.27260    0.04377
   1530.14000    1.14656    0.05631    1.34896    0.05691
   1533.42000    1.15937    0.04060    1.38704    0.06701
   1535.90000    1.21732    0.05469    1.37995    0.06215
   1539.98000    1.09246    0.05378    1.38470    0.03922
   1543.87000    0.98704    0.05417    1.35533    0.01815
   1547.81000    0.97488    0.04974    1.41308    0.03944
   1552.30000    1.00460    0.05467    1.44335    0.04136
   1554.61000    1.05490    0.08859    1.40129    0.04469
   1558.75000    0.94234    0.07218    1.43760    0.04884
   1561.40000    1.02477    0.04988    1.48114    0.05665
   1563.65000    1.12237    0.04305    1.38069    0.05191
   1566.95000    1.02992    0.04858    1.48897    0.06856
   1570.73000    1.10457    0.04639    1.40755    0.03880
   1574.90000    1.08980    0.05189    1.31582    0.03465
   1578.77000    1.12225    0.07478    1.43522    0.04321
   1582.28000    1.10933    0.03917    1.38050    0.06779
   1585.23000    1.06765    0.03688    1.38451    0.07976
   1590.85000    1.01628    0.03182    1.31405    0.08733
   1593.27000    1.05509    0.03791    1.36568    0.03691
   1596.60000    1.05767    0.02225    1.41008    0.03061
   1598.81000    1.04315    0.04930    1.47092    0.04796
   1600.62000    1.06980    0.06181    1.50305    0.04405
   1603.90000    1.01899    0.02415    1.32372    0.07388
   1607.04000    1.06191    0.04812    1.50725    0.02408
   1609.71000    1.01182    0.05945    1.37974    0.06096
   1611.49000    1.02274    0.06426    1.37304    0.03810
   1612.93000    0.99688    0.03737    1.34025    0.05492
   1616.63000    1.04664    0.04467    1.39245    0.06230
   1620.51000    1.19418    0.06883    1.56438    0.06540
   1623.58000    1.07784    0.05228    1.41885    0.07628
   1627.68000    1.15045    0.02037    1.53493    0.06317
   1630.80000    1.20791    0.05263    1.38421    0.03407
   1633.83000    1.23951    0.06309    1.45737    0.04062
   1636.45000    1.09808    0.05589    1.53119    0.09392
   1639.32000    1.17228    0.08092    1.39082    0.04124
   1643.17000    1.13163    0.01819    1.40405    0.01869
   1644.95000    1.12871    0.06130    1.43779    0.06634
   1646.80000    1.06457    0.06563    1.42196    0.05071
   1651.35000    1.07381    0.03649    1.40104    0.05914
   1653.85000    1.10395    0.04469    1.48534    0.08417
   1656.02000    1.03550    0.07984    1.50026    0.03975
   1660.18000    1.16474    0.05981    1.52353    0.05877
   1663.21000    1.11351    0.05523    1.53732    0.05685
   1665.47000    0.90532    0.06975    1.50108    0.06383
   1669.15000    1.18612    0.06301    1.48135    0.04043
   1671.29000    1.10095    0.05249    1.44693    0.03326
   1674.02000    1.22046    0.06011    1.43564    0.05501
   1677.31000    1.15638    0.05880    1.53489    0.04495
   1680.14000    1.14183    0.02086    1.43704    0.04045
   1683.94000    1.15316    0.02966    1.56871    0.04505
   1686.97000    1.24315    0.08312    1.54267    0.05037
   1691.02000    1.19556    0.05504    1.46372    0.03114
   1695.33000    1.20663    0.03748    1.36640    0.03261
   1697.60000    1.11027    0.03805    1.36626    0.02493
