## Time Delay Challenge light curves
##
## [time]=days, [lc]=[err]=flux in nanomaggies
##
##       time       lc_A      err_A       lc_B      err_B
##-------------------------------------------------------
      0.28000    1.49414    0.05228    1.78869    0.02477
      2.61000    1.38334    0.07283    1.59209    0.03749
      3.89000    1.28349    0.05489    1.70402    0.06653
      7.17000    1.11424    0.06502    1.84437    0.05846
     10.60000    1.27658    0.04778    1.61623    0.05119
     12.54000    1.24038    0.04089    1.67412    0.06591
     15.27000    1.25223    0.05135    1.65056    0.06904
     18.54000    1.17597    0.02985    1.53733    0.06468
     21.04000    1.13497    0.03505    1.65281    0.05596
     24.79000    1.33642    0.07469    1.56250    0.06318
     27.36000    1.40389    0.08027    1.68219    0.06481
     32.11000    1.32147    0.04358    1.90090    0.06372
     33.94000    1.43166    0.06774    1.98612    0.04197
     37.18000    1.64031    0.07237    1.61532    0.06574
     40.75000    1.65180    0.06074    1.49506    0.06668
     43.79000    1.66643    0.06754    1.60193    0.06710
     46.83000    1.42032    0.07201    1.75365    0.06291
     49.44000    1.43551    0.07587    1.73795    0.07540
     51.44000    1.45693    0.02724    1.58529    0.05300
     55.31000    1.40337    0.04456    1.55556    0.06976
     58.83000    1.41337    0.04799    1.69559    0.04991
     61.42000    1.49497    0.04753    1.63106    0.04273
     64.27000    1.63227    0.06807    1.77581    0.03372
     65.82000    1.63325    0.03195    1.85139    0.04686
     68.41000    1.66681    0.03428    2.02765    0.04482
     72.59000    1.74273    0.03304    2.14703    0.05652
     75.15000    1.79006    0.03972    2.13814    0.06381
     78.20000    1.55960    0.04532    2.11517    0.06723
     82.93000    1.51812    0.04503    1.87493    0.06224
     85.85000    1.46131    0.06507    1.94268    0.05750
     89.76000    1.43852    0.06279    1.84571    0.04234
     93.69000    1.31934    0.05011    1.82451    0.05862
     97.19000    1.12173    0.06146    2.04985    0.02719
    100.03000    1.03790    0.04295    2.08148    0.05035
    103.63000    1.12081    0.05275    2.30755    0.02439
    106.31000    0.93715    0.06798    2.17550    0.05846
    109.36000    0.95009    0.03559    2.22825    0.08255
    111.11000    0.95626    0.06404    2.35312    0.05606
    112.46000    1.03593    0.04881    2.10361    0.05876
    115.90000    0.76219    0.04204    1.98013    0.06812
    119.88000    0.90202    0.06302    1.85367    0.06540
    122.35000    1.00642    0.07420    1.71812    0.06536
    124.84000    1.02735    0.05186    1.87098    0.05814
    128.53000    1.07171    0.06646    1.51682    0.04979
    131.92000    1.13477    0.03272    1.50612    0.01652
    135.22000    1.11579    0.04318    1.39396    0.03082
    137.58000    1.10508    0.02641    1.33607    0.05235
    140.94000    0.97801    0.07010    1.23915    0.03698
    145.21000    1.17357    0.06384    1.22346    0.02175
    147.85000    1.18143    0.06590    1.18519    0.05621
    151.20000    1.24811    0.05149    1.12425    0.02919
    152.87000    1.21815    0.03501    1.24900    0.03191
    155.08000    1.15678    0.08083    1.35279    0.05361
    157.38000    1.19890    0.03113    1.39434    0.07856
    161.87000    1.32161    0.05512    1.47029    0.03565
    165.54000    1.26061    0.02772    1.35204    0.03287
    166.11000    1.28877    0.05005    1.53228    0.04472
    169.69000    1.08153    0.05811    1.42978    0.01561
    172.75000    1.23774    0.03595    1.43355    0.06919
    173.50000    1.08978    0.04885    1.41798    0.05232
    175.56000    1.07057    0.04985    1.38215    0.06602
    177.81000    1.11893    0.05840    1.42496    0.05392
    181.36000    1.30620    0.08066    1.38695    0.05560
    185.91000    1.20182    0.04654    1.66375    0.04076
    188.46000    1.16349    0.06062    1.44278    0.06515
    190.10000    1.23663    0.05590    1.55268    0.03986
    194.48000    1.21466    0.06575    1.60661    0.04137
    196.63000    1.16778    0.07326    1.64301    0.07550
    199.18000    1.25282    0.03142    1.68890    0.05872
    205.30000    1.35359    0.05841    1.67119    0.08379
    208.88000    1.51572    0.04991    1.48302    0.04425
    211.16000    1.53863    0.04931    1.42543    0.06926
    213.89000    1.50497    0.06055    1.42993    0.05206
    215.10000    1.46808    0.02207    1.56114    0.06354
    217.60000    1.42427    0.09007    1.52186    0.05647
    218.80000    1.42519    0.06381    1.50294    0.05997
    220.66000    1.52032    0.02192    1.62014    0.05944
    221.44000    1.56503    0.05191    1.47421    0.05265
    225.76000    1.61899    0.02985    1.45258    0.05202
    227.18000    1.70100    0.03887    1.50926    0.06789
    228.90000    1.63726    0.02264    1.58944    0.04255
    231.58000    1.75051    0.05374    1.64120    0.05500
    232.82000    1.90311    0.02293    1.61616    0.08736
    236.37000    2.12423    0.04919    1.63110    0.03743
    238.34000    2.03356    0.04142    1.71532    0.06746
    238.98000    2.02283    0.03568    1.72469    0.03612
    367.03000    1.72583    0.03026    2.01558    0.07542
    371.43000    1.63672    0.05900    2.10838    0.03859
    376.04000    1.82098    0.02707    2.36154    0.04837
    380.60000    1.77774    0.05918    2.47529    0.03834
    382.96000    1.59448    0.04242    2.49396    0.04409
    385.79000    1.56771    0.01372    2.41904    0.07559
    386.74000    1.61485    0.04469    2.44549    0.06362
    388.49000    1.71778    0.02043    2.37776    0.03851
    390.93000    1.70389    0.05048    2.25756    0.06065
    393.40000    1.67106    0.04185    2.10998    0.03909
    396.70000    1.65750    0.05553    2.29739    0.05522
    399.90000    1.74182    0.04429    2.20781    0.02693
    402.24000    1.83276    0.05463    2.31021    0.05828
    405.98000    2.01494    0.06483    2.19005    0.04999
    406.94000    1.90054    0.06745    2.22788    0.07694
    410.87000    2.03041    0.05748    2.44436    0.04166
    414.24000    2.25556    0.05466    2.25628    0.05680
    417.99000    2.17422    0.04740    1.96829    0.05343
    420.22000    2.14950    0.03332    2.09766    0.06141
    423.02000    2.13841    0.04126    2.20028    0.05265
    425.82000    2.04603    0.04408    2.20169    0.04666
    428.31000    2.18731    0.05354    2.09105    0.04725
    432.53000    1.87193    0.04562    2.10303    0.05814
    434.89000    1.76647    0.06266    2.16243    0.02024
    438.24000    1.91167    0.03707    2.19167    0.03808
    441.89000    1.97405    0.06788    2.43782    0.02392
    443.93000    2.06543    0.08212    2.46913    0.07716
    446.98000    1.94160    0.03808    2.72449    0.08410
    450.39000    1.87263    0.07308    2.66729    0.06506
    454.73000    2.12692    0.03286    2.64253    0.02328
    459.00000    1.90081    0.05250    2.86497    0.06994
    461.83000    1.97282    0.07090    2.87168    0.03929
    465.30000    1.75894    0.05191    2.54689    0.06654
    469.54000    1.97204    0.05965    2.26419    0.03476
    470.67000    1.92798    0.04387    2.35059    0.04227
    473.15000    2.10468    0.06899    2.39418    0.07395
    477.20000    2.11263    0.02552    2.69762    0.07322
    480.18000    2.05197    0.05162    2.58276    0.05711
    482.36000    2.02337    0.02470    2.38798    0.02081
    484.74000    2.10355    0.06631    2.59618    0.05739
    487.07000    2.14920    0.05086    2.87121    0.03921
    489.29000    2.25303    0.05724    2.82979    0.04682
    493.93000    2.06082    0.04047    2.46779    0.04292
    496.51000    1.99064    0.05065    2.32530    0.07769
    500.73000    1.95282    0.06212    2.51729    0.07431
    503.36000    2.11289    0.06748    2.48189    0.04534
    507.82000    2.21255    0.02999    2.69156    0.05992
    510.73000    2.36629    0.04010    2.71166    0.06380
    513.27000    2.32108    0.03986    2.73989    0.04426
    516.39000    2.29581    0.03613    2.72748    0.03343
    517.80000    2.44033    0.05686    2.85690    0.04473
    519.70000    2.35568    0.07359    2.72114    0.03462
    522.96000    2.70598    0.04723    2.91969    0.06673
    526.55000    2.71771    0.04890    2.74910    0.04584
    529.42000    2.65916    0.04786    2.81801    0.03427
    532.50000    2.69867    0.03948    2.63326    0.05200
    535.45000    2.50837    0.05358    2.73225    0.03501
    538.35000    2.51914    0.05678    3.04331    0.03241
    541.72000    2.47683    0.05365    3.00753    0.02020
    545.98000    2.46918    0.05917    3.34408    0.08935
    547.34000    2.25212    0.06917    3.22542    0.05282
    549.74000    2.44672    0.05939    3.26514    0.04076
    552.35000    2.38176    0.07242    3.22373    0.07014
    556.34000    2.40660    0.06582    3.63247    0.07533
    559.91000    2.51554    0.05483    3.73474    0.05248
    564.96000    2.25366    0.02343    3.56346    0.06795
    566.91000    2.28631    0.03401    3.72564    0.03880
    570.80000    2.09567    0.03959    3.37737    0.06603
    573.77000    2.09900    0.05471    3.37155    0.04163
    577.52000    2.08847    0.05317    3.46910    0.05949
    580.14000    2.23519    0.03690    3.30899    0.04186
    581.14000    2.21345    0.04292    3.34233    0.05989
    584.57000    2.42917    0.03953    3.27008    0.03292
    586.88000    2.42611    0.06004    3.24402    0.02955
    590.16000    2.31505    0.06350    3.14802    0.07765
    592.41000    2.10778    0.04131    3.32043    0.02871
    595.17000    2.09134    0.06177    3.46576    0.06741
    597.78000    2.25937    0.05617    3.18286    0.04957
    601.47000    2.15833    0.00779    3.22522    0.06035
    604.53000    2.34042    0.05011    3.11234    0.03681
    731.58000    1.74289    0.04398    3.44026    0.05876
    734.78000    1.60040    0.11341    4.03980    0.05021
    736.66000    1.53147    0.04166    3.55339    0.03549
    740.04000    1.64657    0.06078    4.00095    0.04313
    742.31000    1.63194    0.05834    3.62974    0.03468
    745.34000    1.63508    0.05256    3.39936    0.04518
    748.95000    1.55323    0.03048    3.51035    0.06648
    751.69000    1.43880    0.06176    3.90906    0.07052
    755.64000    1.86125    0.05168    3.87643    0.06186
    758.67000    1.81611    0.06366    3.53863    0.06618
    761.69000    1.78306    0.06835    3.38848    0.05012
    764.18000    1.88500    0.05086    3.31784    0.03278
    767.30000    1.68534    0.06419    2.91930    0.04545
    771.05000    1.74163    0.05697    3.03048    0.03004
    775.93000    1.83137    0.02797    3.23084    0.04880
    777.30000    1.75924    0.03340    2.98801    0.05630
    779.67000    1.88088    0.06146    3.34978    0.06255
    781.67000    2.10736    0.05171    3.03424    0.04354
    783.70000    2.23987    0.02930    3.24207    0.02635
    788.69000    2.10230    0.05729    3.17773    0.03500
    789.98000    2.19923    0.04085    3.54788    0.07898
    792.55000    2.22763    0.05367    3.75136    0.04188
    796.43000    2.02959    0.03897    3.70230    0.03548
    801.21000    2.41578    0.04477    3.61762    0.04508
    802.83000    2.39713    0.05890    3.60615    0.05343
    805.88000    2.21159    0.06829    3.84425    0.04996
    809.20000    2.35980    0.04297    3.67922    0.03436
    813.68000    2.33314    0.04641    3.98997    0.04302
    816.85000    2.36633    0.03884    4.94095    0.04294
    819.58000    2.39427    0.04273    4.59684    0.02703
    821.98000    2.62010    0.06225    4.66640    0.03526
    824.62000    2.65822    0.01956    4.63565    0.04783
    826.97000    2.63830    0.04739    4.70800    0.04305
    830.35000    2.76062    0.05422    4.37960    0.04102
    833.65000    2.96665    0.06581    5.15961    0.03504
    834.66000    3.00185    0.05063    5.28970    0.05651
    837.67000    3.00877    0.04540    5.07679    0.04018
    838.91000    2.90785    0.08230    5.12853    0.06611
    844.66000    3.13809    0.03522    5.04361    0.06764
    847.73000    3.07964    0.05556    5.37455    0.04991
    849.60000    3.17390    0.03521    5.38903    0.05723
    854.58000    3.13577    0.02244    5.39620    0.06408
    856.16000    3.01095    0.06527    5.70403    0.04799
    858.25000    2.69638    0.03139    6.01227    0.06697
    863.63000    2.76295    0.03694    6.37307    0.03981
    866.15000    2.42475    0.06060    6.78712    0.05713
    867.21000    2.45315    0.05874    6.88101    0.04802
    869.17000    2.61815    0.06031    6.72407    0.02946
    871.63000    2.45621    0.05253    6.97555    0.04100
    874.39000    2.56904    0.07134    7.07145    0.07162
    877.50000    2.54035    0.04673    6.80939    0.05997
    879.36000    2.57343    0.05396    7.37146    0.04651
    881.69000    2.62022    0.04900    7.20883    0.04274
    884.98000    2.71609    0.05867    7.37205    0.02875
    887.97000    2.54589    0.06716    7.24823    0.05590
    891.87000    2.50249    0.07107    6.74349    0.05510
    894.09000    2.34491    0.05707    6.39492    0.05190
    897.24000    2.14758    0.04161    6.86140    0.06439
    900.21000    2.09241    0.04397    6.04479    0.07209
    903.52000    2.28584    0.07493    6.04757    0.03750
    906.93000    2.15712    0.05568    6.25220    0.03569
    910.13000    2.31556    0.03753    6.11000    0.04539
    914.45000    2.07480    0.06754    6.59661    0.09315
    918.72000    2.20991    0.07513    6.72909    0.05813
    921.90000    2.45653    0.05697    6.27214    0.01640
    924.33000    2.71346    0.06448    6.21833    0.04810
    928.00000    2.75022    0.05348    5.93682    0.04901
    931.48000    3.04958    0.06625    5.53794    0.05933
    935.19000    2.91113    0.03958    5.70803    0.05942
    937.39000    2.60540    0.08549    5.64334    0.03357
    939.73000    2.73202    0.05768    5.46945    0.06482
    944.50000    2.42983    0.04190    5.98228    0.05912
    948.55000    2.46875    0.01749    5.58483    0.06484
    952.74000    2.61881    0.05506    5.95031    0.05543
    955.88000    2.80987    0.06945    6.54085    0.07252
    960.09000    2.64016    0.05974    6.84313    0.03985
    962.79000    2.62269    0.07707    7.16630    0.05774
    966.21000    2.50257    0.06316    7.79488    0.04819
   1097.75000    1.65139    0.04409    5.49849    0.05371
   1101.54000    1.58279    0.03465    5.70831    0.03341
   1105.84000    1.65213    0.03129    4.95087    0.03769
   1109.37000    1.57705    0.03328    5.00569    0.06895
   1112.46000    1.73450    0.06669    5.08724    0.05023
   1115.42000    1.87962    0.02866    5.11383    0.08073
   1118.80000    1.70075    0.06227    5.04544    0.03787
   1122.18000    1.81853    0.04861    5.13154    0.05776
   1125.16000    1.85882    0.04934    5.09715    0.06677
   1128.12000    1.82040    0.04170    4.82415    0.05495
   1131.02000    1.73578    0.07747    5.02540    0.05637
   1136.61000    2.09129    0.03005    4.88639    0.04136
   1139.48000    2.39245    0.05854    4.80582    0.07262
   1142.28000    2.13781    0.04806    4.82057    0.04894
   1145.22000    2.23057    0.06796    5.12748    0.05189
   1148.84000    2.27876    0.03625    5.51740    0.05269
   1151.81000    2.00593    0.04764    5.46380    0.06169
   1155.61000    2.13779    0.01610    5.36354    0.07506
   1159.03000    2.26099    0.07790    5.84678    0.08903
   1162.28000    2.16469    0.06308    5.56197    0.04377
   1166.29000    2.36857    0.05937    5.96199    0.03773
   1170.90000    2.63638    0.03170    6.42407    0.05516
   1174.60000    2.75204    0.08829    6.84935    0.04194
   1177.41000    2.72251    0.06236    6.80051    0.06240
   1181.06000    2.59357    0.07408    7.04983    0.07081
   1183.26000    2.47258    0.03597    6.92652    0.02255
   1185.98000    2.65076    0.07349    5.97618    0.04394
   1190.46000    2.37008    0.04607    6.29249    0.05365
   1194.06000    2.19326    0.03947    6.69030    0.06833
   1196.80000    2.28688    0.05806    6.63909    0.06594
   1198.49000    2.16900    0.06012    7.15272    0.04010
   1202.07000    2.43388    0.05139    7.57255    0.05345
   1206.65000    2.25109    0.05773    8.13875    0.05118
   1209.72000    2.48176    0.04690    8.24930    0.05133
   1213.10000    2.41382    0.05332    7.98443    0.06640
   1215.09000    2.48887    0.05213    7.81534    0.03337
   1216.65000    2.37508    0.03904    7.58627    0.04395
   1217.76000    2.30397    0.07190    7.54335    0.01296
   1219.20000    2.33045    0.03618    7.96167    0.08882
   1221.12000    2.38890    0.05328    7.83257    0.06263
   1226.26000    2.46460    0.05819    7.08868    0.03454
   1228.36000    2.57854    0.03542    6.72835    0.05012
   1230.16000    2.61371    0.07835    6.94593    0.01847
   1232.99000    2.66264    0.02872    6.99187    0.05123
   1237.72000    3.03921    0.04778    7.14436    0.06521
   1240.77000    2.85196    0.03112    7.22008    0.07110
   1243.57000    2.91317    0.02025    7.43886    0.02332
   1246.84000    3.12479    0.06277    7.19331    0.07682
   1250.17000    3.46814    0.04959    7.17531    0.03134
   1254.45000    3.81736    0.07397    6.99193    0.05528
   1258.34000    3.89479    0.02332    7.12624    0.05361
   1259.83000    3.73818    0.06932    7.59124    0.05443
   1262.44000    3.41002    0.05975    7.49744    0.05403
   1266.66000    3.56389    0.06771    7.96579    0.07308
   1268.76000    3.48265    0.07404    8.44803    0.04497
   1272.15000    3.17324    0.05911    9.64042    0.03996
   1274.32000    3.27163    0.03309    8.72121    0.05865
   1276.70000    3.36754    0.03881    8.33798    0.05586
   1279.84000    3.07143    0.03981    9.04487    0.03962
   1282.87000    2.74027    0.05355   10.17060    0.07475
   1284.96000    2.97213    0.04604   10.00872    0.03355
   1289.68000    2.87479    0.06571   11.22171    0.03778
   1293.43000    2.93464    0.02664   11.23360    0.04100
   1294.40000    3.04018    0.06178   11.01541    0.03522
   1297.14000    3.15252    0.07936   10.53373    0.04728
   1300.15000    3.08291    0.03409   10.39159    0.06061
   1302.20000    3.19892    0.03468   10.10320    0.04891
   1306.28000    2.85870    0.03430    9.31109    0.05011
   1308.46000    2.89854    0.06782    9.85172    0.04566
   1312.82000    2.75475    0.04620    8.91523    0.07580
   1314.64000    2.81632    0.06556    8.50102    0.03839
   1317.48000    2.42727    0.00114    8.41502    0.03080
   1321.31000    2.53372    0.06843    9.25738    0.01286
   1323.45000    2.53952    0.06541    8.36534    0.03943
   1325.96000    2.43015    0.04874    8.69917    0.03573
   1330.02000    2.38969    0.02234    9.24677    0.05218
   1333.15000    2.25561    0.07440    8.70510    0.06886
   1460.38000    1.60956    0.05202    3.74547    0.05368
   1463.24000    1.60297    0.07258    3.47593    0.04184
   1465.25000    1.60157    0.01699    3.34471    0.03247
   1470.03000    1.76704    0.05260    3.23110    0.05660
   1473.50000    1.53269    0.03866    3.32975    0.02180
   1477.04000    1.48646    0.05390    3.41109    0.03952
   1479.04000    1.45799    0.04020    3.26765    0.06780
   1481.54000    1.48984    0.04716    3.36932    0.05366
   1484.60000    1.43632    0.03331    3.52117    0.06423
   1488.08000    1.52438    0.06690    4.16573    0.07760
   1491.78000    1.52248    0.04097    4.17941    0.07024
   1494.52000    1.38665    0.04308    4.18755    0.06849
   1496.36000    1.43317    0.02138    4.05185    0.03548
   1499.00000    1.46950    0.05203    4.27877    0.06090
   1502.25000    1.30936    0.05951    4.42593    0.06939
   1505.36000    1.33093    0.04698    4.25819    0.04318
   1507.37000    1.29776    0.06082    3.95896    0.05664
   1510.30000    1.23661    0.07607    3.98777    0.06246
   1513.55000    1.38760    0.04000    3.92535    0.07343
   1515.93000    1.52220    0.07626    3.99035    0.05166
   1519.57000    1.79357    0.06687    4.03595    0.05486
   1522.23000    1.83697    0.05664    4.21997    0.04443
   1524.75000    1.82417    0.07452    4.23057    0.07119
   1529.60000    1.73693    0.06046    3.83075    0.03922
   1532.29000    1.81198    0.06875    3.92241    0.03912
   1536.18000    1.64716    0.06159    3.89102    0.05835
   1539.32000    1.90006    0.07067    3.70586    0.04416
   1541.65000    1.93905    0.05721    3.78200    0.06383
   1545.41000    2.05151    0.06854    3.48315    0.04957
   1548.21000    1.92767    0.06082    3.61917    0.04154
   1552.02000    1.90199    0.04556    4.20052    0.06678
   1556.01000    1.92654    0.04103    4.86635    0.06427
   1560.28000    1.96366    0.06234    5.08769    0.07123
   1563.70000    2.04672    0.08480    4.64766    0.05906
   1566.47000    1.92525    0.07043    4.54545    0.06350
   1569.47000    2.02500    0.05868    4.36995    0.04682
   1573.72000    2.10158    0.06184    5.08622    0.06057
   1577.62000    2.25375    0.02400    5.25536    0.02595
   1580.26000    2.33136    0.04613    5.51641    0.08634
   1582.43000    2.20109    0.05666    5.37587    0.03642
   1584.85000    2.36456    0.05088    4.81242    0.04594
   1585.73000    2.31122    0.05264    4.86842    0.05376
   1587.14000    2.40341    0.04706    4.84107    0.06708
   1589.04000    2.29316    0.04462    4.82247    0.04508
   1592.76000    2.05857    0.08480    4.81747    0.03878
   1594.37000    2.08395    0.04682    5.08766    0.01525
   1594.87000    2.12885    0.05630    4.95360    0.06087
   1598.13000    2.21066    0.06756    4.90206    0.07358
   1599.84000    2.48291    0.06136    5.35734    0.04435
   1603.64000    2.53747    0.04538    5.24519    0.02821
   1606.12000    2.61945    0.03897    5.18370    0.06296
   1608.51000    2.57650    0.03666    5.61324    0.07914
   1612.83000    2.55141    0.08127    5.80115    0.05622
   1614.90000    2.42095    0.05323    5.97893    0.07187
   1617.47000    2.28597    0.04714    5.77991    0.05532
   1619.08000    2.27830    0.06025    5.84817    0.04097
   1621.45000    2.15283    0.06823    6.13168    0.06797
   1626.91000    1.84453    0.05913    5.52426    0.09797
   1630.35000    2.01693    0.03828    5.85767    0.04238
   1632.86000    1.94909    0.06577    6.16145    0.08029
   1633.47000    1.84827    0.04815    6.33887    0.06743
   1637.06000    2.15354    0.04564    6.34472    0.05063
   1639.09000    2.16663    0.06805    6.36810    0.06214
   1642.91000    2.44090    0.00301    6.80027    0.05456
   1646.75000    2.39136    0.03518    6.93343    0.05091
   1649.86000    2.27431    0.07403    6.29359    0.04672
   1654.74000    2.02492    0.07535    5.55682    0.02705
   1657.06000    2.10751    0.02650    5.13212    0.07877
   1660.45000    2.11673    0.06175    5.02190    0.04716
   1664.45000    1.66713    0.03788    5.04042    0.05624
   1666.16000    1.71472    0.02633    4.99140    0.05257
   1668.67000    1.77949    0.04480    5.03669    0.04134
   1672.53000    2.11810    0.05307    5.44300    0.06683
   1674.59000    2.02511    0.06161    5.89539    0.04695
   1678.50000    1.95278    0.03476    6.44213    0.05197
   1681.55000    1.81711    0.04996    5.84871    0.06376
   1683.76000    1.79950    0.03704    5.93945    0.07044
   1686.59000    1.78099    0.03899    5.15204    0.03095
   1689.34000    1.69285    0.03442    5.43838    0.02462
   1694.23000    1.54932    0.06890    5.16376    0.04313
   1696.95000    1.44326    0.03852    4.32022    0.04961
   1698.98000    1.39549    0.05130    4.11234    0.03979
