## Time Delay Challenge light curves
##
## [time]=days, [lc]=[err]=flux in nanomaggies
##
##       time       lc_A      err_A       lc_B      err_B
##-------------------------------------------------------
      2.87000    8.25423    0.05908   33.56758    0.07697
      7.49000    7.89337    0.04429   34.91758    0.03664
      9.03000    8.08447    0.04103   34.22440    0.05242
     13.24000    8.50613    0.05377   33.62300    0.06977
     16.43000    8.72718    0.02956   33.19641    0.08833
     20.04000    8.12663    0.03892   33.62109    0.06253
     22.84000    7.64783    0.05761   35.40555    0.06255
     25.58000    7.86896    0.05170   35.50777    0.03183
     29.87000    7.47320    0.03387   35.38179    0.03795
     32.97000    7.28726    0.03285   32.38035    0.06416
     35.93000    7.15705    0.05144   32.44817    0.06981
     38.66000    7.26578    0.04835   31.97794    0.07056
     41.54000    7.39029    0.04709   31.10250    0.05551
     42.79000    7.63657    0.04447   31.48526    0.04375
     46.21000    7.62124    0.06377   29.99267    0.04984
     50.95000    7.78516    0.03500   30.56093    0.05575
     52.00000    7.65917    0.05330   29.82588    0.05706
     55.45000    7.93304    0.05068   31.25461    0.06643
     59.00000    8.40468    0.03340   32.04925    0.05045
     62.23000    8.47241    0.05412   32.79760    0.08071
     65.42000    8.46842    0.05777   33.30207    0.03609
     67.11000    8.46782    0.05014   32.97049    0.07856
     68.77000    8.51535    0.07385   34.18914    0.02422
     72.72000    8.28613    0.06990   34.96926    0.06343
     74.52000    8.21220    0.05948   35.52550    0.08059
     75.84000    8.09029    0.04429   36.25937    0.01796
     78.33000    8.21987    0.04315   35.64751    0.06767
     79.99000    7.87711    0.03529   35.49003    0.01768
     82.26000    7.86939    0.07279   34.95830    0.04567
     83.47000    7.88234    0.06529   34.90733    0.05446
     86.35000    7.48454    0.06113   33.89089    0.03371
     88.06000    7.62922    0.08535   34.55946    0.08460
     90.81000    7.84328    0.06363   33.09085    0.02659
     93.58000    7.80205    0.05310   32.40869    0.05046
     96.89000    7.93503    0.02022   31.67515    0.05644
     99.95000    7.87092    0.03472   32.49849    0.07351
    102.20000    7.80459    0.06382   32.93808    0.04428
    106.70000    7.78433    0.06835   33.22586    0.04861
    109.84000    7.59887    0.07555   33.29365    0.02950
    113.93000    7.92920    0.08064   32.70273    0.04679
    117.59000    8.35280    0.03932   32.22101    0.02788
    121.48000    8.51244    0.04083   31.75485    0.05509
    123.74000    8.54227    0.01486   32.55934    0.04202
    126.25000    8.53717    0.07315   33.03021    0.04803
    127.99000    8.56445    0.06453   34.50314    0.04443
    131.07000    8.29803    0.07960   34.34695    0.04661
    133.72000    8.51074    0.07266   35.62493    0.05787
    136.10000    8.56761    0.04821   35.35485    0.04422
    137.87000    8.51167    0.04986   35.79025    0.05752
    140.92000    8.52483    0.04188   34.01620    0.06974
    145.22000    7.37303    0.06128   35.98239    0.05018
    150.63000    7.20219    0.06192   35.03360    0.04138
    153.54000    7.30367    0.05539   33.57108    0.07389
    156.13000    7.22020    0.04464   31.39550    0.06316
    158.93000    7.17249    0.09725   30.88051    0.05614
    162.77000    7.39199    0.05688   29.86845    0.04673
    164.15000    7.45798    0.07270   30.31581    0.02450
    167.25000    7.64597    0.06618   29.71301    0.06169
    169.57000    7.65798    0.03693   29.46801    0.04641
    172.35000    8.36816    0.03002   30.17511    0.06884
    176.06000    8.62429    0.02255   31.67573    0.05044
    178.65000    8.78249    0.02571   31.93909    0.06130
    182.22000    8.91162    0.05163   33.36762    0.03756
    185.46000    8.93637    0.05327   35.67058    0.07758
    189.64000    9.69235    0.06253   36.77799    0.05654
    193.15000    8.96749    0.01880   37.21784    0.09236
    197.30000    8.18303    0.03181   37.76811    0.05965
    201.31000    7.91173    0.06278   40.80318    0.06758
    203.34000    7.91066    0.06980   37.74058    0.04903
    206.16000    7.91336    0.06905   36.80586    0.07877
    208.36000    7.73903    0.06437   34.50128    0.05685
    212.74000    7.95851    0.04713   33.52173    0.04027
    215.47000    8.10191    0.06468   33.69332    0.03885
    220.20000    8.01002    0.06137   33.17309    0.03587
    222.88000    8.04396    0.04465   33.83009    0.04476
    224.70000    7.60663    0.02920   33.61239    0.03141
    229.39000    7.60011    0.03230   34.15763    0.07112
    233.04000    7.79645    0.06764   33.44088    0.05241
    236.55000    7.94104    0.07875   32.16041    0.03747
    239.68000    8.09839    0.06175   31.87210    0.07645
    367.45000    8.09093    0.04550   34.97383    0.04186
    369.10000    7.93814    0.04020   33.09085    0.07045
    371.92000    7.63561    0.07182   33.04330    0.03805
    375.44000    7.65695    0.04543   33.02917    0.05918
    378.04000    7.67266    0.05951   33.89353    0.02083
    380.19000    7.58621    0.05627   33.49764    0.06147
    381.83000    7.55146    0.05181   32.18864    0.05443
    383.58000    7.65435    0.03161   31.04629    0.09504
    387.25000    7.46397    0.02395   32.20697    0.07591
    389.81000    7.10834    0.05191   31.98390    0.05765
    391.55000    7.09962    0.04150   31.74274    0.06982
    394.42000    7.43264    0.05181   31.63884    0.05590
    396.92000    7.30258    0.05077   31.58313    0.05485
    398.28000    7.20620    0.04813   31.32426    0.03469
    400.08000    7.39541    0.01711   30.62437    0.04416
    405.28000    6.87370    0.05824   30.74992    0.03793
    408.81000    6.80116    0.02912   29.97378    0.05686
    411.20000    6.79829    0.04299   30.88792    0.05830
    414.08000    6.82953    0.03873   29.93389    0.06083
    416.29000    6.89267    0.05465   28.66237    0.05602
    419.76000    7.07314    0.04798   28.24910    0.04583
    422.70000    6.87154    0.05271   28.84349    0.03408
    426.52000    6.89268    0.05629   28.41651    0.05995
    428.34000    6.89799    0.02715   29.11796    0.05490
    431.80000    7.25343    0.09532   29.46710    0.03834
    433.46000    7.22840    0.05107   28.55498    0.03722
    437.23000    7.38494    0.06790   27.93422    0.06330
    439.44000    7.33331    0.01469   28.78129    0.07244
    444.11000    7.38676    0.07866   29.65186    0.02406
    447.34000    7.17264    0.05192   31.22999    0.08159
    451.98000    7.02620    0.03116   30.16393    0.05266
    454.75000    7.02441    0.05906   30.75075    0.07384
    458.38000    6.88426    0.04965   29.83366    0.03515
    462.53000    6.62434    0.04369   28.78875    0.05251
    465.29000    6.74996    0.05949   28.96275    0.06059
    469.28000    6.70085    0.05482   28.83582    0.07480
    471.21000    7.00920    0.06486   29.38176    0.02460
    473.00000    6.91313    0.05058   27.99457    0.03734
    476.91000    6.72044    0.03804   28.16472    0.07203
    479.72000    6.49996    0.05137   28.47497    0.03235
    482.00000    6.36491    0.02941   28.11127    0.05578
    484.07000    6.39062    0.06277   29.54563    0.06166
    488.04000    5.92759    0.05269   27.75830    0.04009
    490.04000    6.04048    0.02920   27.83388    0.03804
    491.95000    6.08016    0.06805   26.64575    0.05697
    494.09000    5.83452    0.05982   26.50707    0.07451
    495.49000    5.85644    0.06879   26.40973    0.07862
    498.88000    5.91680    0.04921   24.83149    0.09236
    503.16000    5.88953    0.05307   25.54434    0.07883
    507.04000    5.86134    0.03050   24.63997    0.03600
    510.07000    5.60082    0.04029   25.18634    0.04528
    513.91000    5.47398    0.03565   24.55417    0.02946
    515.91000    5.56706    0.06382   24.80038    0.04613
    520.02000    5.39300    0.04622   24.27310    0.07931
    522.92000    5.48277    0.05089   23.57116    0.00584
    525.35000    5.70193    0.05241   23.12299    0.06396
    528.95000    5.90708    0.04054   22.68877    0.03619
    532.49000    6.01523    0.03996   22.35327    0.04561
    535.17000    5.89979    0.06664   22.99692    0.04112
    537.96000    5.97136    0.05423   24.03635    0.07188
    539.86000    5.97140    0.04355   24.53969    0.05458
    542.24000    6.05827    0.04242   24.74757    0.04516
    547.76000    6.17517    0.07060   25.11641    0.05638
    550.32000    6.23348    0.03528   25.28853    0.06980
    555.49000    6.11588    0.08889   25.06229    0.07087
    557.14000    6.11989    0.03866   25.68905    0.01903
    558.41000    6.10316    0.05849   25.44237    0.02486
    561.37000    5.84084    0.06019   25.97994    0.06993
    563.27000    5.96649    0.04336   26.48738    0.07287
    567.47000    6.37739    0.05719   25.50137    0.03161
    570.94000    6.82184    0.03892   25.36597    0.03698
    572.73000    6.92830    0.03778   24.42099    0.04494
    576.66000    7.12237    0.05572   26.55789    0.04262
    579.21000    7.27781    0.02428   27.20862    0.03402
    581.34000    7.44830    0.05658   27.82338    0.02616
    585.23000    8.05405    0.04916   30.19963    0.05795
    587.90000    8.26770    0.05870   29.89065    0.07457
    590.72000    8.11608    0.05303   30.15372    0.03867
    594.92000    8.31016    0.04031   32.49765    0.05990
    597.91000    8.28074    0.07099   34.94965    0.06448
    599.72000    8.48914    0.06084   34.92927    0.05124
    603.57000    8.57026    0.04225   34.84585    0.01317
    730.32000    6.58433    0.06683   28.42503    0.03656
    734.40000    6.36861    0.04781   27.42768    0.04655
    736.47000    6.80436    0.07387   26.50422    0.07115
    738.97000    6.67432    0.07631   26.46204    0.07351
    743.14000    6.75425    0.09526   27.78655    0.05299
    746.75000    6.70082    0.04442   26.89717    0.04819
    748.56000    6.55748    0.02110   27.81722    0.06544
    754.75000    6.80557    0.05668   27.92354    0.06053
    757.30000    6.84362    0.05987   27.59886    0.05892
    759.39000    6.44136    0.04465   27.74594    0.03875
    761.55000    6.31544    0.04367   26.76666    0.03037
    762.88000    6.26991    0.07124   26.80930    0.01733
    764.80000    5.75772    0.06148   27.37482    0.05864
    767.60000    5.86545    0.05346   27.57250    0.08527
    773.37000    5.85849    0.04289   26.64352    0.05482
    776.78000    5.70501    0.02745   24.61147    0.06937
    779.13000    5.80812    0.02478   24.59641    0.06378
    781.84000    5.90132    0.04322   24.86822    0.06133
    783.18000    5.85446    0.05582   24.74615    0.05767
    787.73000    5.87254    0.04859   23.95613    0.06315
    788.93000    5.81376    0.04245   23.76810    0.03918
    790.90000    5.78305    0.06820   24.62633    0.08450
    793.84000    5.69748    0.08804   24.06430    0.01228
    799.21000    6.36112    0.03445   24.73466    0.04220
    801.80000    6.11435    0.03806   24.40922    0.04995
    804.90000    5.95058    0.04664   24.37521    0.07450
    807.62000    6.04834    0.06420   24.69414    0.06027
    810.74000    5.87768    0.01642   26.50702    0.06060
    814.03000    5.80956    0.03897   25.37386    0.05469
    814.18000    5.85126    0.04430   25.41569    0.05370
    818.31000    6.17545    0.05356   25.28774    0.03468
    822.69000    6.05428    0.05421   24.49290    0.07245
    826.16000    5.89848    0.07771   24.42471    0.05237
    829.99000    5.94246    0.07418   26.00030    0.07332
    832.70000    6.01858    0.08017   26.10089    0.07848
    836.72000    5.72772    0.02852   24.54266    0.06018
    839.29000    6.03043    0.07115   25.15512    0.06810
    843.71000    5.94216    0.05880   25.00427    0.03559
    847.43000    5.89422    0.03703   23.96736    0.03462
    850.58000    5.79473    0.02717   25.27529    0.06565
    853.08000    5.83905    0.05918   25.27453    0.07150
    854.40000    5.68718    0.04188   25.30312    0.06416
    857.49000    5.74176    0.04281   24.42629    0.05917
    860.76000    5.85680    0.03636   24.17895    0.06577
    864.09000    5.80580    0.04212   24.63191    0.06346
    868.34000    5.69429    0.02840   24.29037    0.04534
    871.28000    5.90543    0.04579   23.95333    0.02631
    874.88000    5.84303    0.03762   23.97123    0.04750
    878.52000    5.81588    0.02101   24.22970    0.04132
    880.97000    5.71874    0.03379   24.61920    0.06354
    884.84000    5.83262    0.04478   24.34072    0.04343
    887.85000    5.61770    0.04549   24.17763    0.06592
    890.40000    5.74245    0.04192   24.33120    0.05699
    894.05000    5.96037    0.03748   24.67477    0.04175
    896.70000    5.86315    0.04559   24.06004    0.04966
    900.44000    5.92760    0.06606   23.96293    0.06004
    903.36000    6.02493    0.04648   24.14220    0.02802
    905.63000    6.20495    0.04803   24.60984    0.04970
    908.95000    6.09366    0.02414   24.91051    0.05271
    911.96000    6.13229    0.03492   24.30123    0.05712
    915.08000    6.37298    0.04326   25.39885    0.05921
    917.87000    6.14272    0.04997   25.66433    0.03924
    921.72000    6.08523    0.04072   25.34406    0.06132
    927.64000    6.18038    0.05017   25.90984    0.06784
    930.93000    5.92714    0.03060   25.33294    0.06559
    933.78000    5.74379    0.06688   25.22853    0.04480
    938.11000    5.49087    0.07481   26.42143    0.09235
    940.48000    5.48200    0.05492   25.07184    0.07750
    943.79000    5.45084    0.08024   24.65625    0.03072
    945.12000    5.47705    0.06131   24.23258    0.04915
    948.84000    5.22762    0.04677   23.35185    0.06859
    951.54000    5.12230    0.08857   23.26512    0.07177
    954.68000    4.85497    0.03343   22.49589    0.02890
    957.14000    4.84070    0.04867   22.38979    0.03473
    960.77000    4.71871    0.05297   21.42484    0.06682
    962.98000    4.45182    0.04449   20.86305    0.07781
    965.26000    4.40654    0.06173   20.98342    0.07653
    968.15000    4.12439    0.07140   20.09320    0.04300
    969.66000    4.05012    0.04260   20.45075    0.04280
   1096.19000    4.29114    0.06850   17.33648    0.04992
   1097.22000    4.46323    0.04914   17.27909    0.07488
   1098.69000    4.32983    0.03809   17.78386    0.07283
   1102.50000    4.36820    0.05593   17.71150    0.05104
   1105.70000    4.21674    0.05814   17.49775    0.04853
   1109.00000    4.36019    0.05883   18.62740    0.05844
   1111.13000    4.20776    0.07989   18.05120    0.05391
   1114.19000    4.45321    0.07470   18.21733    0.06873
   1117.02000    4.63838    0.07113   17.70371    0.04947
   1117.72000    4.62321    0.05174   17.66122    0.05532
   1122.53000    4.62389    0.05353   18.78391    0.04956
   1126.52000    4.97369    0.04503   18.74063    0.07437
   1129.96000    4.89174    0.03710   19.64995    0.04925
   1133.51000    4.82086    0.07037   19.42206    0.05735
   1136.12000    4.75567    0.04944   20.00204    0.07472
   1138.88000    4.82794    0.05127   20.71457    0.05058
   1140.88000    4.87931    0.05705   20.69150    0.08279
   1142.82000    4.99752    0.06431   20.78971    0.08818
   1146.09000    5.00430    0.06213   20.15618    0.06822
   1149.13000    4.98157    0.05454   20.86916    0.06207
   1151.13000    5.18613    0.05331   20.51814    0.07110
   1151.97000    5.30124    0.04460   20.76432    0.03091
   1152.65000    5.21327    0.04681   20.84894    0.03190
   1156.51000    5.33249    0.05533   21.12426    0.05725
   1159.80000    5.25987    0.07444   20.75841    0.07785
   1163.03000    5.11896    0.07941   21.40371    0.05747
   1167.15000    5.27386    0.04620   22.53056    0.03537
   1170.96000    5.14564    0.05605   22.09539    0.05229
   1173.61000    4.96020    0.04561   21.90626    0.05112
   1177.17000    5.09875    0.04118   21.55074    0.03144
   1180.06000    5.29317    0.04274   21.55943    0.05166
   1182.65000    5.30794    0.07066   21.78615    0.03392
   1186.04000    5.33261    0.04036   21.27481    0.04662
   1190.27000    5.33643    0.04625   22.02569    0.05521
   1193.28000    5.08800    0.02786   21.68517    0.02903
   1196.57000    5.22473    0.04437   22.24492    0.03173
   1200.00000    5.23235    0.05705   22.28652    0.03843
   1203.32000    5.23220    0.05035   22.29397    0.05372
   1207.67000    5.09256    0.06623   21.82600    0.03899
   1210.60000    5.29970    0.07183   21.88771    0.06660
   1213.17000    5.14490    0.04133   22.58094    0.03423
   1217.68000    5.08150    0.05160   20.95750    0.05214
   1221.34000    5.23840    0.06581   21.86645    0.04741
   1223.66000    5.35108    0.05748   21.51165    0.05515
   1228.19000    5.31492    0.08217   21.56457    0.04996
   1230.89000    5.19164    0.06169   21.82414    0.03233
   1235.77000    5.31441    0.05362   22.25714    0.06594
   1238.84000    5.44194    0.07233   22.87633    0.03075
   1240.92000    5.39678    0.09860   21.74230    0.06252
   1244.07000    5.40998    0.06579   21.05428    0.01711
   1248.78000    5.45441    0.05337   22.19519    0.05497
   1250.05000    5.70533    0.04228   22.55273    0.03545
   1253.46000    5.65006    0.05757   22.29953    0.05411
   1256.38000    5.85975    0.03570   22.80905    0.06076
   1258.61000    5.85819    0.05622   23.29769    0.03832
   1261.84000    5.50483    0.07664   23.55658    0.05418
   1262.79000    5.51070    0.03566   23.40556    0.05560
   1265.91000    5.79261    0.04070   24.51061    0.05594
   1267.84000    6.01557    0.06272   24.63000    0.02320
   1269.62000    6.04633    0.05854   24.82514    0.04357
   1272.30000    5.78764    0.06876   23.29357    0.04189
   1276.59000    6.12357    0.07716   24.61555    0.07009
   1278.49000    6.08249    0.03511   24.89284    0.03574
   1280.91000    5.99121    0.06175   24.86982    0.04570
   1285.03000    5.95996    0.04834   24.59157    0.04875
   1289.48000    6.13986    0.05362   24.99109    0.05406
   1292.60000    6.12803    0.05804   25.34270    0.05448
   1296.05000    5.87125    0.04238   25.57804    0.08248
   1298.17000    5.91005    0.04518   25.71730    0.04788
   1302.23000    6.06786    0.03210   25.59745    0.04851
   1303.90000    6.18244    0.06872   25.67836    0.04268
   1304.66000    6.21674    0.05211   25.22297    0.07391
   1308.14000    6.25184    0.04368   24.52975    0.04874
   1309.10000    6.32714    0.08152   24.89718    0.06100
   1314.06000    6.08295    0.08356   25.25085    0.04741
   1316.01000    5.99847    0.06953   26.13146    0.06739
   1319.36000    5.68684    0.05691   26.06629    0.05229
   1322.60000    5.82538    0.03722   25.90484    0.07828
   1324.58000    5.72719    0.04890   25.87218    0.02797
   1328.25000    5.91407    0.05765   24.71828    0.05486
   1331.79000    5.80367    0.03969   24.25369    0.05044
   1334.40000    6.00965    0.06991   24.56256    0.01953
   1462.18000    7.31780    0.04108   29.36262    0.05023
   1465.18000    6.92230    0.08431   31.21423    0.04755
   1466.35000    7.39816    0.06578   31.39719    0.06473
   1470.05000    7.02836    0.06903   30.31129    0.05405
   1472.91000    6.63329    0.03699   30.68635    0.05341
   1474.15000    6.66260    0.05531   30.04036    0.06618
   1478.21000    6.70139    0.08391   29.85119    0.05059
   1481.68000    7.20542    0.05332   29.62157    0.06136
   1484.26000    7.08635    0.05178   28.10199    0.05958
   1488.07000    6.86079    0.05994   28.42005    0.09910
   1490.87000    6.71284    0.06717   29.62947    0.06103
   1494.07000    6.61087    0.05656   30.06231    0.03185
   1497.92000    6.88701    0.02550   28.04535    0.07042
   1501.30000    6.80036    0.05792   28.73151    0.07943
   1505.22000    7.31017    0.05326   27.86485    0.02756
   1507.78000    7.20380    0.04303   28.88480    0.06118
   1509.54000    7.35593    0.04545   28.56106    0.06466
   1511.37000    7.54261    0.03761   28.98312    0.06114
   1516.29000    7.03283    0.07729   30.39097    0.07358
   1518.49000    7.21033    0.03738   31.00441    0.09725
   1521.73000    7.01529    0.04953   31.26458    0.04372
   1526.42000    7.11205    0.04507   29.86322    0.08479
   1527.67000    7.09175    0.06663   29.79322    0.03653
   1529.86000    6.97471    0.06647   30.11385    0.04908
   1533.21000    6.62628    0.04682   29.82269    0.08689
   1533.68000    6.63991    0.02845   29.35198    0.04629
   1536.10000    6.62140    0.07499   29.72204    0.07373
   1537.06000    6.50179    0.02531   29.68468    0.07045
   1539.32000    6.64137    0.06363   29.55548    0.03238
   1543.14000    6.93363    0.04988   27.92684    0.04965
   1544.88000    6.94709    0.07438   28.25997    0.05586
   1547.21000    6.79994    0.04338   27.31686    0.04284
   1552.95000    6.80254    0.05517   29.39312    0.06690
   1554.65000    6.99527    0.02652   29.91633    0.05137
   1558.35000    7.14186    0.05015   28.66596    0.04743
   1560.70000    7.06212    0.07360   29.43298    0.06518
   1564.27000    7.25030    0.01834   28.76091    0.06179
   1567.24000    7.04007    0.04647   29.22873    0.04278
   1570.77000    7.25728    0.10218   29.13539    0.04454
   1574.02000    7.30448    0.03764   29.93495    0.06406
   1576.78000    7.23510    0.05826   29.58477    0.06527
   1579.66000    7.49372    0.03899   30.36692    0.02697
   1581.88000    7.36916    0.04024   30.59957    0.06312
   1586.39000    7.77756    0.04262   29.82117    0.04947
   1588.02000    7.61514    0.06283   30.70661    0.05573
   1591.36000    8.03472    0.05309   31.46041    0.02769
   1595.20000    8.08858    0.05862   31.66522    0.06890
   1596.88000    8.35346    0.07222   32.87132    0.02194
   1597.98000    8.41982    0.06283   32.57923    0.05492
   1601.25000    8.63587    0.07454   33.76048    0.05126
   1604.27000    8.38673    0.08284   32.85986    0.05562
   1604.79000    8.51941    0.08436   32.92474    0.06797
   1607.95000    8.09600    0.08763   34.92410    0.06951
   1612.16000    7.99268    0.04327   36.95537    0.04265
   1616.38000    8.16423    0.05973   35.47021    0.05467
   1621.43000    7.80413    0.02340   33.80865    0.06572
   1624.42000    7.27534    0.05867   33.43059    0.06931
   1626.10000    7.20361    0.04033   33.93671    0.06703
   1629.05000    6.76210    0.04456   34.09430    0.05329
   1633.50000    6.72852    0.05293   32.12745    0.04813
   1636.91000    6.82883    0.03410   30.12551    0.06305
   1640.14000    6.67888    0.07045   28.19173    0.05536
   1641.56000    6.76233    0.03247   27.55546    0.06424
   1645.17000    6.33923    0.06292   28.42410    0.04101
   1648.24000    6.20071    0.05729   28.73444    0.05718
   1651.62000    6.38900    0.05256   27.83740    0.04749
   1654.41000    6.04755    0.05481   27.81700    0.06278
   1657.65000    5.83028    0.06295   26.92061    0.05557
   1659.64000    5.70882    0.03193   25.91763    0.05566
   1663.91000    5.61895    0.06300   25.27321    0.04211
   1666.29000    5.55215    0.04389   25.26721    0.02397
   1668.78000    5.26277    0.03433   24.45863    0.04431
   1672.00000    5.23040    0.05886   23.61502    0.06911
   1677.12000    5.18205    0.04478   23.47778    0.04038
   1680.69000    4.85980    0.06106   21.99207    0.05712
   1685.44000    5.05019    0.07213   21.17697    0.05391
   1688.76000    5.15659    0.05660   21.63266    0.02784
   1691.07000    4.83211    0.04371   21.50251    0.06482
   1692.97000    4.76853    0.05009   20.63715    0.02901
   1696.09000    4.68768    0.05914   21.06106    0.04861
   1697.51000    4.45294    0.05042   20.82462    0.04166
   1699.38000    4.40499    0.04119   21.35244    0.05332
