## Time Delay Challenge light curves
##
## [time]=days, [lc]=[err]=flux in nanomaggies
##
##       time       lc_A      err_A       lc_B      err_B
##-------------------------------------------------------
      3.54000    0.59524    0.07664    5.89392    0.05942
      7.55000    0.66749    0.03976    6.00277    0.05455
     11.54000    0.66829    0.05773    6.05196    0.04765
     14.14000    0.62152    0.05309    5.84990    0.03193
     15.51000    0.56613    0.05709    5.89785    0.06608
     18.54000    0.61170    0.03475    5.94660    0.05017
     21.26000    0.50286    0.05234    5.78271    0.06265
     24.41000    0.52158    0.05387    5.69336    0.05720
     27.59000    0.69188    0.05749    5.87183    0.02441
     31.22000    0.49797    0.03888    5.95221    0.05644
     34.91000    0.65027    0.06870    5.77242    0.05457
     38.78000    0.64493    0.04202    5.77016    0.05780
     41.19000    0.65040    0.03367    5.58329    0.04886
     44.95000    0.49690    0.09273    5.79426    0.04866
     46.31000    0.56705    0.03597    5.80192    0.05111
     50.64000    0.59687    0.07713    5.63199    0.06799
     52.56000    0.69209    0.05798    5.68863    0.07489
     56.01000    0.56603    0.06100    5.91992    0.03198
     58.92000    0.72669    0.05331    5.84221    0.05760
     62.31000    0.62816    0.04512    5.63285    0.05910
     66.23000    0.65553    0.05708    5.81944    0.05427
     69.38000    0.59567    0.04221    5.59676    0.06422
     72.56000    0.59960    0.07392    5.31118    0.07103
     75.70000    0.55080    0.05835    5.26198    0.07478
     79.81000    0.64803    0.03973    5.51286    0.03506
     82.84000    0.56878    0.06291    5.43082    0.02993
     86.66000    0.62405    0.03455    5.08071    0.03717
     90.30000    0.63854    0.02485    5.32262    0.06154
     92.66000    0.53428    0.05809    5.29092    0.05069
     95.04000    0.55650    0.04381    5.37843    0.07226
     99.60000    0.49013    0.07061    5.21857    0.04256
    102.11000    0.53741    0.05794    5.31038    0.04058
    105.64000    0.57716    0.02533    5.11911    0.05620
    107.70000    0.56377    0.08345    5.02514    0.05777
    109.55000    0.71225    0.08717    5.04783    0.04415
    112.88000    0.50576    0.05824    4.92427    0.05676
    118.30000    0.57949    0.06933    5.21818    0.07053
    121.97000    0.46914    0.06712    5.35608    0.04779
    123.22000    0.58978    0.04254    5.36873    0.06752
    124.89000    0.58602    0.06655    5.38018    0.04459
    127.03000    0.59219    0.05611    5.33257    0.03453
    128.95000    0.44234    0.05035    5.31692    0.04853
    132.79000    0.58294    0.06267    5.43667    0.05296
    134.34000    0.60593    0.04614    5.57949    0.10011
    137.84000    0.49858    0.04300    5.36370    0.08258
    141.87000    0.52918    0.06035    5.14657    0.03848
    145.62000    0.64973    0.05264    5.13728    0.05657
    150.68000    0.60706    0.05208    5.13022    0.06219
    152.74000    0.69251    0.07665    5.26327    0.08486
    156.01000    0.54263    0.07252    5.15135    0.06551
    159.25000    0.59776    0.05850    5.31786    0.05046
    162.09000    0.60810    0.03477    5.18816    0.06239
    164.47000    0.52647    0.06075    5.28382    0.05227
    168.38000    0.57896    0.06494    5.18394    0.04646
    171.72000    0.53142    0.05899    5.16893    0.02769
    175.41000    0.49653    0.07031    5.11038    0.05114
    176.96000    0.52607    0.04283    5.11570    0.05523
    178.95000    0.57482    0.06596    5.14949    0.03694
    181.78000    0.62544    0.06976    5.18560    0.07392
    184.91000    0.61812    0.06709    5.15542    0.07068
    188.26000    0.52105    0.05005    5.07615    0.04538
    190.68000    0.59063    0.04661    5.09782    0.01898
    192.99000    0.50095    0.06393    5.06793    0.07279
    195.76000    0.57383    0.04176    5.40394    0.07739
    198.62000    0.65845    0.09114    5.47869    0.05578
    200.13000    0.55749    0.06650    5.62585    0.08126
    203.21000    0.62751    0.05626    5.66525    0.04640
    205.55000    0.51672    0.03032    5.39834    0.05901
    208.09000    0.54621    0.06313    5.43369    0.05100
    209.98000    0.53945    0.03720    5.56585    0.06121
    213.32000    0.66131    0.06298    5.48319    0.01948
    216.87000    0.65183    0.05832    5.45043    0.04515
    218.67000    0.52615    0.05480    5.44496    0.10045
    221.20000    0.49327    0.07420    5.11006    0.03152
    222.83000    0.57979    0.03803    5.26005    0.05509
    223.95000    0.52455    0.07131    5.29533    0.05928
    226.58000    0.73775    0.07969    5.36481    0.04980
    230.08000    0.63150    0.06146    5.40183    0.04908
    233.62000    0.50236    0.05860    5.65647    0.06096
    236.67000    0.59237    0.05618    5.55196    0.05140
    239.34000    0.44646    0.05993    5.65184    0.06307
    368.44000    0.68063    0.05563    6.32371    0.05704
    372.05000    0.64962    0.04357    6.20124    0.05606
    376.54000    0.67535    0.04610    6.04883    0.04889
    378.48000    0.69486    0.02709    6.15643    0.03986
    381.93000    0.52087    0.05696    6.25636    0.07311
    383.91000    0.65738    0.04260    6.29301    0.03584
    387.35000    0.63096    0.04345    6.36455    0.04750
    388.71000    0.64190    0.02457    6.39342    0.06453
    391.24000    0.62202    0.05709    6.49805    0.08671
    394.62000    0.59167    0.07007    6.20611    0.05381
    397.47000    0.79748    0.07585    6.32033    0.05830
    401.39000    0.58763    0.05140    6.07354    0.04703
    404.38000    0.61490    0.08269    5.97365    0.03463
    408.94000    0.65775    0.02909    6.12162    0.05953
    411.28000    0.60427    0.08476    6.12119    0.04848
    413.64000    0.72726    0.03951    6.00805    0.05125
    417.89000    0.70492    0.06381    6.19455    0.04949
    421.37000    0.63658    0.08282    6.35155    0.04512
    422.92000    0.64557    0.03824    6.70066    0.07342
    426.25000    0.76262    0.04552    6.59316    0.04984
    429.12000    0.67330    0.05787    6.52591    0.06161
    433.63000    0.49015    0.08567    6.40982    0.04848
    436.78000    0.60799    0.04265    6.28156    0.05716
    438.35000    0.84494    0.09255    6.23649    0.03297
    440.70000    0.63639    0.04801    6.54513    0.07162
    442.95000    0.61701    0.05882    6.50251    0.05728
    446.47000    0.70956    0.04661    6.63674    0.04480
    449.98000    0.79958    0.04814    6.45182    0.06429
    452.03000    0.66985    0.08366    6.81771    0.04699
    454.36000    0.73952    0.05816    6.71185    0.05182
    459.46000    0.62107    0.08688    6.40288    0.06685
    463.09000    0.72215    0.04233    6.00886    0.05541
    464.36000    0.68228    0.06320    5.99464    0.06604
    467.56000    0.54715    0.06563    6.35977    0.04919
    470.66000    0.71302    0.05404    6.24375    0.02746
    472.75000    0.81884    0.05119    6.10520    0.07647
    475.46000    0.73479    0.04140    5.93725    0.05373
    478.87000    0.79647    0.04183    5.81163    0.06514
    481.90000    0.76345    0.06130    5.73180    0.07977
    485.15000    0.70791    0.05132    5.70282    0.06255
    489.28000    0.66262    0.03110    5.73001    0.06968
    493.23000    0.65456    0.07937    5.38809    0.04021
    497.21000    0.66695    0.05160    5.33086    0.03495
    499.60000    0.67692    0.06541    5.44144    0.04360
    503.25000    0.67261    0.05079    5.32421    0.06697
    505.26000    0.78556    0.07553    5.23268    0.03552
    508.26000    0.63675    0.01753    5.12923    0.04869
    510.75000    0.69908    0.06299    5.18034    0.01940
    514.51000    0.61743    0.05975    5.17819    0.06250
    516.43000    0.57752    0.04327    5.15077    0.05592
    520.58000    0.68887    0.04841    5.18842    0.07998
    523.81000    0.58054    0.02284    5.24176    0.08565
    526.96000    0.59071    0.04679    5.05921    0.05691
    529.22000    0.54723    0.05935    5.17560    0.04023
    531.18000    0.56938    0.05651    5.16519    0.02534
    535.61000    0.60408    0.04679    5.25344    0.06754
    538.47000    0.51968    0.05424    5.49473    0.04393
    543.00000    0.60282    0.03922    5.42338    0.04081
    547.72000    0.56921    0.04681    5.20346    0.05143
    548.73000    0.58781    0.04156    5.38586    0.05465
    550.39000    0.48727    0.06789    5.21806    0.03878
    553.22000    0.55411    0.05219    5.21770    0.06010
    557.63000    0.62508    0.03534    5.06834    0.06767
    560.69000    0.56489    0.06309    4.82546    0.05868
    562.95000    0.69773    0.05959    4.84675    0.05622
    567.22000    0.71539    0.05732    4.63173    0.05932
    569.21000    0.59285    0.08280    4.59371    0.03459
    571.72000    0.48775    0.05317    4.63747    0.03315
    574.36000    0.60902    0.06610    4.66048    0.05171
    576.48000    0.55743    0.03780    4.64826    0.05627
    579.77000    0.55488    0.04920    4.74828    0.07256
    584.94000    0.61482    0.06349    4.84889    0.04223
    586.13000    0.56137    0.05802    4.80131    0.03773
    590.74000    0.59455    0.03520    4.40206    0.04357
    592.12000    0.52715    0.04958    4.39430    0.05016
    595.27000    0.49750    0.08603    4.63637    0.04731
    599.78000    0.59270    0.03752    4.67581    0.06134
    603.33000    0.41594    0.04780    4.49178    0.06328
    731.45000    0.52097    0.06017    5.10734    0.09203
    734.65000    0.57719    0.02880    5.11987    0.05538
    737.69000    0.56885    0.03654    5.06732    0.09280
    740.44000    0.50960    0.06173    5.23380    0.04985
    745.24000    0.57496    0.08161    5.35704    0.08377
    749.86000    0.57262    0.05751    5.33730    0.05323
    752.98000    0.57735    0.03783    5.67131    0.05372
    756.04000    0.56711    0.02296    5.60449    0.04476
    758.34000    0.58112    0.06890    5.44411    0.03769
    761.57000    0.58346    0.01404    5.59526    0.06353
    764.20000    0.59411    0.04728    5.40787    0.07763
    768.17000    0.54950    0.06403    5.60971    0.03702
    772.14000    0.57590    0.07787    5.75569    0.06728
    775.09000    0.55041    0.03937    5.92000    0.05720
    776.23000    0.48362    0.05685    5.94571    0.08092
    780.07000    0.60227    0.05532    5.77513    0.04826
    783.00000    0.62049    0.02995    5.57741    0.06313
    787.38000    0.43565    0.08059    5.41960    0.06950
    791.83000    0.64063    0.05741    5.68159    0.05637
    795.84000    0.66021    0.06346    5.62878    0.07428
    798.84000    0.50758    0.07017    5.63518    0.04715
    802.85000    0.69185    0.03648    5.61266    0.04813
    806.19000    0.73441    0.08051    5.51170    0.03514
    809.28000    0.60540    0.04860    5.42512    0.03187
    811.59000    0.57535    0.06919    5.48737    0.03196
    813.83000    0.72270    0.06955    5.40188    0.05432
    817.36000    0.60758    0.02663    5.32968    0.04911
    820.30000    0.58294    0.05274    5.18729    0.02448
    822.07000    0.51615    0.07026    5.48024    0.07712
    824.28000    0.62060    0.03571    5.16000    0.04792
    827.55000    0.65540    0.07030    4.95545    0.06276
    830.46000    0.63090    0.06540    4.80842    0.07748
    834.48000    0.61195    0.01255    4.84929    0.04946
    835.76000    0.61112    0.04147    4.77493    0.06524
    838.30000    0.62174    0.04107    4.86827    0.04833
    841.36000    0.69571    0.05494    4.81119    0.02343
    843.79000    0.59990    0.06927    4.89379    0.04601
    845.41000    0.62878    0.04806    4.98002    0.04871
    847.85000    0.59057    0.06894    4.97568    0.05256
    851.97000    0.58236    0.03346    4.87263    0.03308
    854.07000    0.61498    0.05997    4.72965    0.05801
    857.32000    0.53628    0.06237    4.53885    0.04164
    859.77000    0.57130    0.06174    4.59567    0.06433
    864.08000    0.51270    0.06605    4.67005    0.05675
    867.29000    0.47668    0.05661    4.82988    0.04552
    869.16000    0.47001    0.10160    4.79699    0.06470
    874.32000    0.62594    0.07645    4.87882    0.04658
    875.67000    0.56495    0.05044    4.77864    0.05526
    880.08000    0.55421    0.02189    4.76233    0.05703
    883.90000    0.52974    0.02334    4.54982    0.07267
    885.59000    0.45779    0.03486    4.69745    0.07588
    886.72000    0.44186    0.06995    4.81687    0.03462
    890.27000    0.47716    0.04673    4.96463    0.02891
    894.37000    0.52248    0.03202    4.89106    0.04568
    897.83000    0.59485    0.05706    5.05631    0.04300
    902.10000    0.52602    0.03728    4.97414    0.05358
    905.84000    0.54081    0.08034    4.99972    0.05381
    909.07000    0.45849    0.05683    4.97229    0.03778
    911.10000    0.57816    0.06510    5.16152    0.06657
    914.92000    0.52167    0.03786    4.99479    0.07592
    917.55000    0.55250    0.03843    4.97546    0.05374
    918.34000    0.59971    0.06513    4.96023    0.04385
    921.58000    0.53923    0.04839    5.18773    0.01569
    924.69000    0.51140    0.04670    5.21218    0.05894
    928.76000    0.54457    0.03832    5.03037    0.08092
    929.78000    0.49487    0.04928    4.93697    0.06789
    934.46000    0.58019    0.07797    4.90783    0.04743
    937.24000    0.53667    0.03597    4.98664    0.05803
    940.71000    0.49993    0.05931    4.85740    0.01421
    944.51000    0.57926    0.04238    4.85040    0.04213
    948.03000    0.58196    0.04530    4.73147    0.06379
    951.21000    0.55305    0.07294    4.65317    0.04302
    955.30000    0.45609    0.06175    4.60230    0.03471
    959.87000    0.55719    0.02891    4.67188    0.05240
    960.22000    0.57768    0.05157    4.73945    0.02783
    966.45000    0.53151    0.07925    4.94395    0.04788
    969.33000    0.50238    0.06414    4.80600    0.04272
   1096.50000    0.59018    0.05495    5.83826    0.06467
   1097.85000    0.74421    0.07369    5.71009    0.03669
   1101.30000    0.70969    0.06271    5.69723    0.06016
   1104.20000    0.59312    0.03766    6.04252    0.06552
   1106.14000    0.64175    0.02989    5.88101    0.04649
   1108.67000    0.55098    0.04589    5.88007    0.04764
   1111.64000    0.63309    0.04606    5.89907    0.06482
   1114.55000    0.60946    0.05604    5.73178    0.04456
   1117.22000    0.60239    0.03286    5.83902    0.07091
   1119.21000    0.63966    0.05165    5.87622    0.05222
   1121.24000    0.61385    0.05376    5.94635    0.03770
   1124.44000    0.62326    0.04832    6.09065    0.05732
   1127.58000    0.55755    0.06298    6.04564    0.06223
   1130.61000    0.59293    0.05861    6.17036    0.02828
   1133.82000    0.60313    0.03583    6.21413    0.05272
   1137.06000    0.56901    0.06521    6.13968    0.05722
   1140.09000    0.55234    0.06992    6.09815    0.07562
   1141.58000    0.64427    0.03851    5.98301    0.05809
   1144.59000    0.63853    0.05466    5.68018    0.06951
   1148.13000    0.66856    0.07726    5.58281    0.03678
   1151.05000    0.70605    0.05084    5.67067    0.02168
   1155.85000    0.74274    0.04424    5.53400    0.05562
   1159.17000    0.67775    0.06413    5.72708    0.07672
   1162.06000    0.63326    0.06464    5.73402    0.04040
   1165.01000    0.70711    0.06524    5.80185    0.08438
   1168.65000    0.64847    0.05595    5.91218    0.05804
   1169.61000    0.60069    0.06849    6.11603    0.06667
   1173.84000    0.59288    0.05496    6.02202    0.07014
   1175.94000    0.54253    0.06341    5.96822    0.06252
   1178.43000    0.61460    0.05746    5.74914    0.08303
   1181.27000    0.59662    0.04182    5.91780    0.06089
   1184.29000    0.61728    0.05718    5.77805    0.07729
   1187.91000    0.60307    0.06861    5.77874    0.04381
   1191.41000    0.64684    0.05010    5.97052    0.06033
   1194.44000    0.62999    0.03790    5.77375    0.06922
   1195.30000    0.64203    0.03815    5.89870    0.05250
   1198.15000    0.79563    0.06053    5.84461    0.03728
   1201.83000    0.73425    0.07146    5.89561    0.04387
   1205.35000    0.72207    0.05608    5.86782    0.03576
   1209.97000    0.69971    0.04020    5.74725    0.05433
   1211.15000    0.67378    0.05243    5.82546    0.05415
   1214.76000    0.60231    0.05898    5.68415    0.09287
   1216.05000    0.66651    0.06151    5.84577    0.03579
   1219.98000    0.57399    0.06725    5.85065    0.05373
   1221.23000    0.61364    0.03250    5.72627    0.04932
   1225.04000    0.65047    0.05593    5.85655    0.06109
   1227.42000    0.66540    0.07264    5.94275    0.05454
   1230.15000    0.73688    0.06068    5.86748    0.04150
   1234.31000    0.66802    0.03330    5.97104    0.03447
   1238.55000    0.76174    0.08714    5.75536    0.05269
   1240.93000    0.63677    0.05376    5.49124    0.05704
   1242.53000    0.76763    0.07130    5.65147    0.05304
   1245.52000    0.64506    0.05371    5.83167    0.06008
   1249.83000    0.61549    0.04255    6.01745    0.05754
   1251.41000    0.52956    0.06675    5.83137    0.06972
   1254.20000    0.60244    0.05910    5.82282    0.05675
   1255.72000    0.84265    0.06346    6.01439    0.05403
   1258.14000    0.62344    0.05154    5.94357    0.03298
   1263.78000    0.63486    0.05357    6.03442    0.05045
   1266.94000    0.63497    0.03668    5.93927    0.04293
   1270.19000    0.43770    0.07957    6.23314    0.04389
   1273.91000    0.69142    0.08666    6.08513    0.07547
   1278.18000    0.68144    0.05016    6.06991    0.08181
   1281.29000    0.70855    0.05802    6.16246    0.06199
   1282.69000    0.56465    0.07240    6.14040    0.03380
   1285.53000    0.60776    0.07586    6.17124    0.03043
   1287.35000    0.71005    0.02934    6.08657    0.05574
   1289.98000    0.66513    0.04917    6.07232    0.01897
   1293.78000    0.66088    0.04231    5.90038    0.05747
   1297.09000    0.70552    0.04738    5.96062    0.03957
   1299.26000    0.73117    0.03632    5.74026    0.05511
   1301.78000    0.63072    0.07201    5.75968    0.05968
   1303.81000    0.69323    0.03306    5.89413    0.07136
   1307.55000    0.83078    0.06154    5.72929    0.04922
   1311.39000    0.70445    0.06394    5.85879    0.05084
   1313.15000    0.68398    0.03979    5.87533    0.03102
   1315.63000    0.68756    0.02376    5.89424    0.05372
   1317.70000    0.63005    0.06393    5.81535    0.06527
   1319.71000    0.66173    0.06590    5.65286    0.05216
   1322.51000    0.68564    0.07432    5.81261    0.04418
   1326.13000    0.71689    0.05561    5.67019    0.03888
   1330.52000    0.83473    0.07450    5.43520    0.04589
   1463.41000    0.50336    0.06202    5.24177    0.06465
   1466.33000    0.61685    0.03439    5.63891    0.02906
   1471.12000    0.58455    0.08654    5.49426    0.05704
   1473.23000    0.52384    0.04276    5.43291    0.05134
   1476.64000    0.62611    0.06423    5.49993    0.03562
   1478.25000    0.54887    0.04303    5.67220    0.05605
   1481.42000    0.61146    0.05377    5.61105    0.04080
   1484.45000    0.66010    0.04378    5.43570    0.04711
   1487.69000    0.52687    0.06528    5.33970    0.04364
   1490.96000    0.56926    0.06612    5.47360    0.02555
   1493.25000    0.63556    0.06102    5.25871    0.04172
   1496.97000    0.68409    0.05521    5.17994    0.04935
   1499.33000    0.60575    0.06440    4.98051    0.06318
   1501.95000    0.56489    0.07053    4.75100    0.05725
   1505.86000    0.70666    0.06160    4.81630    0.06000
   1509.56000    0.65774    0.04877    4.74962    0.04503
   1512.30000    0.61214    0.02542    4.76453    0.04899
   1515.22000    0.54534    0.04785    4.71564    0.06779
   1516.63000    0.84082    0.07131    4.65400    0.04913
   1520.32000    0.60030    0.05444    4.62807    0.02187
   1524.95000    0.56186    0.02555    4.37525    0.04641
   1527.96000    0.51719    0.04675    4.30172    0.04340
   1531.97000    0.49162    0.05293    4.26956    0.04641
   1533.96000    0.65304    0.05957    4.27258    0.06993
   1538.48000    0.61416    0.05734    4.39485    0.05107
   1544.22000    0.53373    0.08531    4.54324    0.04663
   1548.23000    0.57219    0.03858    4.63782    0.04347
   1551.07000    0.49250    0.04878    4.68062    0.03479
   1554.41000    0.40549    0.05740    4.75298    0.04729
   1557.21000    0.56900    0.07111    4.69287    0.04919
   1559.62000    0.48409    0.05097    4.88183    0.07367
   1561.55000    0.49269    0.03273    4.74819    0.05745
   1565.49000    0.32982    0.06446    4.99587    0.05344
   1567.12000    0.49777    0.03882    4.90561    0.06216
   1570.11000    0.52068    0.02862    4.89532    0.05527
   1571.95000    0.47351    0.04421    4.73246    0.05212
   1576.56000    0.44643    0.05240    4.85584    0.04574
   1577.28000    0.56928    0.04331    4.92458    0.04851
   1581.39000    0.60026    0.06623    5.04216    0.03894
   1585.55000    0.56401    0.05789    5.06637    0.02661
   1588.50000    0.50074    0.05450    5.15597    0.03289
   1591.28000    0.60266    0.06909    4.99790    0.05488
   1593.35000    0.45767    0.07437    5.06381    0.03783
   1597.75000    0.59562    0.03715    5.31134    0.04080
   1599.82000    0.53786    0.03781    5.09859    0.06477
   1603.35000    0.42898    0.06076    5.05610    0.06454
   1606.78000    0.59388    0.05815    5.12266    0.03972
   1609.41000    0.51534    0.06144    5.15630    0.07183
   1612.58000    0.57235    0.05921    5.09531    0.05701
   1615.53000    0.55209    0.06169    5.17765    0.08090
   1618.90000    0.56210    0.04548    5.43982    0.04501
   1622.78000    0.67008    0.07815    5.28495    0.04961
   1626.79000    0.57109    0.07835    4.90576    0.05599
   1629.29000    0.54342    0.04607    5.16668    0.07909
   1631.93000    0.58113    0.03748    5.09206    0.05490
   1635.49000    0.47105    0.08405    5.17012    0.03746
   1638.43000    0.65421    0.06298    5.13164    0.05234
   1641.39000    0.60641    0.06869    5.04579    0.05029
   1644.32000    0.60854    0.04573    5.32736    0.06877
   1646.25000    0.65901    0.04803    5.39282    0.04277
   1648.00000    0.61866    0.06742    5.31107    0.02547
   1651.96000    0.59043    0.06785    5.38197    0.05883
   1655.10000    0.54340    0.04386    5.21825    0.03696
   1658.34000    0.58814    0.04162    5.50858    0.03333
   1662.15000    0.67499    0.06109    5.39781    0.06487
   1667.72000    0.57647    0.06426    5.40148    0.06138
   1668.47000    0.56974    0.06017    5.53487    0.07220
   1670.41000    0.52764    0.06634    5.43870    0.07280
   1672.72000    0.58256    0.02432    5.55851    0.03312
   1675.25000    0.65052    0.07140    5.52326    0.04060
   1676.62000    0.64024    0.03658    5.63588    0.07258
   1680.17000    0.52997    0.11149    5.62484    0.04233
   1683.65000    0.63543    0.06830    5.53093    0.05573
   1686.70000    0.58038    0.04605    5.59738    0.06628
   1689.93000    0.60948    0.03146    5.44082    0.04774
   1693.20000    0.67620    0.05838    5.24686    0.04329
   1696.38000    0.65435    0.06545    5.35179    0.05613
