## Time Delay Challenge light curves
##
## [time]=days, [lc]=[err]=flux in nanomaggies
##
##       time       lc_A      err_A       lc_B      err_B
##-------------------------------------------------------
      0.70000    6.36222    0.03353    1.92989    0.03215
      3.05000    6.32148    0.08509    1.80862    0.03860
      7.96000    6.19035    0.04385    2.03408    0.04072
     11.26000    6.25553    0.02724    2.02951    0.05895
     14.38000    6.21054    0.05356    2.15101    0.05779
     16.55000    6.07506    0.08253    2.01720    0.05114
     19.24000    6.24135    0.03032    1.98787    0.04534
     20.67000    6.21117    0.06995    2.00640    0.04861
     22.96000    6.21989    0.03397    1.96817    0.06001
     26.82000    6.23704    0.05018    1.97019    0.04588
     29.73000    6.29744    0.05991    1.97244    0.05369
     33.71000    6.20966    0.05249    1.96299    0.04150
     35.02000    6.22208    0.06610    2.03415    0.02908
     38.24000    6.26888    0.05482    2.03003    0.06087
     41.31000    6.45306    0.07678    2.04920    0.03799
     45.09000    6.47555    0.03620    1.94322    0.08171
     49.19000    6.49642    0.05342    2.04746    0.03490
     52.22000    6.57600    0.04491    2.07585    0.06697
     55.11000    6.56370    0.05654    2.09567    0.02687
     56.96000    6.40907    0.04403    1.98512    0.05881
     59.29000    6.49962    0.02876    2.04025    0.07079
     62.69000    6.66723    0.04563    2.02407    0.06975
     65.99000    6.57800    0.05990    2.15138    0.05523
     69.99000    6.77368    0.05152    2.17086    0.06764
     71.29000    6.83228    0.05114    2.09033    0.03764
     74.74000    6.61610    0.03223    2.09717    0.02805
     76.87000    6.73516    0.03355    2.11625    0.07134
     81.25000    6.41491    0.02632    2.17106    0.02415
     83.62000    6.34457    0.06000    2.09029    0.05419
     86.46000    6.61205    0.05559    2.15653    0.06122
     88.65000    6.61145    0.06043    2.15947    0.03712
     91.47000    6.65717    0.07258    2.10208    0.04926
     94.61000    6.45284    0.07260    1.95566    0.08082
     97.25000    6.67752    0.05375    2.13673    0.05298
    100.43000    6.69688    0.06894    2.11667    0.09752
    104.50000    7.04822    0.05073    2.07822    0.04430
    108.09000    7.05736    0.05831    2.06265    0.09273
    111.67000    6.95014    0.06368    2.14311    0.03650
    114.99000    7.14196    0.03646    2.29385    0.07208
    117.17000    6.83240    0.08267    2.33927    0.03637
    119.80000    6.78023    0.02823    2.27522    0.05588
    123.37000    6.73216    0.04071    2.35541    0.06400
    126.38000    6.49626    0.04441    2.20738    0.04645
    129.75000    6.45227    0.07288    2.22920    0.01907
    132.60000    6.54774    0.06356    2.19178    0.07621
    136.08000    6.39894    0.06283    2.11616    0.02556
    139.65000    6.63723    0.06390    1.99989    0.04400
    143.86000    6.53439    0.05463    2.13621    0.06681
    148.68000    6.65257    0.04767    2.11986    0.07796
    150.82000    6.43895    0.03960    2.04957    0.03897
    152.31000    6.55362    0.03503    2.22434    0.08244
    154.45000    6.53755    0.07817    2.09798    0.07698
    158.44000    6.80947    0.06768    2.07502    0.06587
    161.26000    6.97564    0.02759    2.15150    0.06052
    165.70000    6.88662    0.05253    2.14545    0.03887
    169.81000    6.73580    0.04724    2.19623    0.05402
    172.42000    6.66158    0.07315    2.26821    0.06606
    175.36000    6.61213    0.03962    2.20649    0.04685
    178.18000    6.59922    0.03322    2.26045    0.08305
    181.36000    6.61997    0.05495    2.19220    0.07282
    183.05000    6.76113    0.04451    2.17704    0.07420
    186.26000    6.74879    0.05285    2.10055    0.07578
    189.64000    6.56961    0.02195    2.11770    0.04071
    191.83000    6.51143    0.03608    2.12515    0.05572
    195.42000    6.40445    0.04903    2.14078    0.05556
    198.21000    6.45875    0.03719    2.09954    0.04901
    202.34000    6.51905    0.02655    2.04250    0.05616
    205.13000    6.56224    0.04314    2.08128    0.04769
    209.11000    6.42753    0.05233    2.14452    0.04969
    211.18000    6.38235    0.07514    2.08094    0.03955
    214.08000    6.81042    0.06928    2.16393    0.05212
    217.94000    6.79321    0.02923    1.91901    0.08617
    220.13000    6.75666    0.05712    2.11209    0.03660
    222.37000    6.62729    0.07767    2.10442    0.02970
    223.28000    6.66711    0.05925    2.24509    0.05210
    226.80000    6.71203    0.04830    2.14434    0.01825
    229.09000    6.67715    0.08539    2.14572    0.06521
    230.98000    6.74479    0.04336    2.21808    0.07116
    232.83000    6.67921    0.06147    2.21048    0.05427
    234.59000    6.80651    0.06010    2.20014    0.05653
    236.29000    6.74424    0.05183    2.10099    0.06357
    238.75000    6.81692    0.06719    2.09657    0.06011
    368.26000    6.53701    0.03767    2.10147    0.04164
    369.61000    6.39074    0.05941    2.13877    0.05216
    371.67000    6.49439    0.06108    2.09675    0.06257
    374.09000    6.61352    0.04932    2.03811    0.04602
    377.73000    6.35425    0.04662    2.05111    0.08236
    378.78000    6.47492    0.03189    2.15028    0.06547
    381.02000    6.56609    0.05453    2.06676    0.03371
    384.13000    6.56551    0.04429    2.17723    0.04678
    385.38000    6.43433    0.06530    2.09810    0.02549
    388.64000    6.48084    0.02600    2.06284    0.03503
    391.46000    6.38524    0.06442    2.05815    0.05012
    395.21000    6.57324    0.06640    2.15276    0.04383
    397.90000    6.43343    0.05608    2.08306    0.07035
    400.19000    6.39813    0.07636    2.12871    0.06404
    405.05000    6.42774    0.05516    2.08779    0.03536
    406.85000    6.36925    0.07722    2.04235    0.04309
    410.07000    6.38679    0.07452    2.10236    0.05912
    413.38000    6.33070    0.04923    2.02439    0.06542
    416.81000    6.52795    0.05682    2.07479    0.04148
    420.94000    6.58551    0.07018    2.05104    0.03637
    424.82000    6.37268    0.05112    1.98051    0.07695
    429.65000    6.44043    0.06249    2.03555    0.05576
    432.83000    6.63963    0.07059    2.10965    0.07577
    436.03000    6.58190    0.05629    2.03450    0.07433
    438.10000    6.54642    0.06804    2.11234    0.05294
    440.41000    6.56346    0.06634    2.07869    0.06907
    443.39000    6.54385    0.05900    2.16306    0.03228
    446.60000    6.59578    0.06028    2.14723    0.04869
    450.65000    6.59445    0.03459    2.12517    0.03189
    455.07000    6.74935    0.06796    2.05689    0.04415
    456.47000    6.75778    0.02071    2.09631    0.02388
    460.06000    6.81147    0.07910    2.06197    0.07360
    462.42000    7.00224    0.06495    2.09691    0.04857
    464.39000    7.09204    0.05151    2.26558    0.07482
    467.49000    7.14238    0.04243    2.21261    0.04587
    471.33000    7.03194    0.05514    2.20058    0.01893
    475.85000    6.66373    0.05104    2.27469    0.06279
    478.76000    6.54543    0.07826    2.27884    0.04380
    479.88000    6.72193    0.05494    2.16925    0.06797
    483.04000    6.85844    0.05209    2.17049    0.05120
    485.86000    6.68757    0.02453    2.10528    0.03461
    488.57000    6.94275    0.03568    2.19275    0.03996
    491.06000    6.83822    0.04218    2.14848    0.08012
    493.39000    6.90477    0.02959    2.17110    0.03062
    497.25000    6.85648    0.08977    2.26358    0.05759
    500.22000    6.59599    0.07424    2.27794    0.06332
    503.54000    6.41066    0.06406    2.22764    0.04886
    506.43000    6.57512    0.04903    2.10389    0.07300
    509.23000    6.60262    0.06868    2.17234    0.04842
    512.61000    6.42146    0.03391    2.10115    0.05394
    515.41000    6.48297    0.05266    2.23839    0.05641
    518.61000    6.22860    0.06398    2.14061    0.05940
    522.58000    6.17114    0.06350    2.02641    0.03356
    525.91000    6.06032    0.05713    2.05595    0.01603
    529.92000    6.13648    0.03555    1.92832    0.08190
    532.40000    5.98948    0.05787    1.99472    0.03312
    535.25000    6.08073    0.03486    2.06284    0.07661
    539.30000    5.94762    0.05792    1.94869    0.05702
    541.91000    6.22543    0.06323    1.93897    0.04980
    545.77000    6.27283    0.07174    1.95542    0.04268
    547.71000    6.08470    0.07660    2.00403    0.05541
    550.32000    6.10586    0.06161    1.98703    0.02816
    553.76000    6.17644    0.05294    1.95134    0.03823
    557.27000    6.04995    0.06493    1.99366    0.02327
    561.08000    6.21017    0.02086    1.92988    0.07218
    564.49000    6.21902    0.02613    1.94705    0.05522
    565.87000    6.18966    0.07785    1.92746    0.04763
    567.57000    6.05387    0.05495    1.94272    0.06729
    571.20000    6.24204    0.05557    1.94646    0.06834
    574.55000    6.19012    0.07913    2.03907    0.04651
    578.65000    6.11198    0.04684    2.00365    0.06234
    581.70000    6.16549    0.07894    2.03465    0.04888
    583.87000    6.27233    0.04513    2.16322    0.07553
    586.68000    6.45682    0.05507    2.01651    0.04680
    588.47000    6.33583    0.03424    1.95157    0.06326
    591.44000    6.29224    0.03654    2.02519    0.08906
    595.64000    6.44781    0.06308    1.97415    0.06146
    598.88000    6.44117    0.06093    2.08660    0.04960
    601.97000    6.66861    0.04849    2.03332    0.04822
    602.79000    6.71611    0.05028    1.99929    0.03852
    730.89000    6.93388    0.04437    2.28351    0.06530
    734.94000    6.97801    0.05217    2.23583    0.04420
    737.92000    6.93637    0.06177    2.17946    0.03031
    740.62000    6.89397    0.05044    2.09035    0.06657
    744.23000    6.82569    0.04249    2.31050    0.05685
    746.03000    6.80364    0.06671    2.25635    0.05381
    747.45000    6.70720    0.03841    2.25137    0.07335
    751.18000    6.72791    0.05110    2.17520    0.07049
    753.32000    6.69080    0.04653    2.10674    0.08407
    754.83000    6.68630    0.04957    2.17452    0.03462
    758.38000    6.77762    0.04226    2.16563    0.07768
    760.48000    6.88734    0.06452    2.18298    0.06860
    763.20000    6.69588    0.04548    2.12368    0.04010
    767.24000    6.61824    0.06313    2.14988    0.07377
    769.35000    6.74854    0.01770    2.29072    0.07574
    773.22000    6.73284    0.03844    2.11999    0.06906
    776.19000    6.72588    0.05727    2.15210    0.03860
    779.36000    6.74684    0.03063    2.14997    0.08904
    783.28000    6.81081    0.03600    2.13532    0.06851
    787.28000    6.87361    0.05691    2.25463    0.07483
    790.25000    6.76491    0.04189    2.25665    0.05377
    791.81000    6.80877    0.01703    2.20287    0.02316
    795.42000    6.84532    0.06952    2.19151    0.02157
    798.38000    6.69911    0.04421    2.31248    0.07964
    801.81000    6.73192    0.05361    2.13665    0.07934
    804.65000    6.68716    0.06593    2.08884    0.04227
    806.65000    6.67074    0.05106    2.25249    0.08181
    809.91000    6.58467    0.08100    2.08122    0.06977
    813.33000    6.52449    0.05943    2.15613    0.04802
    816.30000    6.64907    0.06133    2.10309    0.05826
    819.90000    6.54256    0.02006    2.09055    0.03168
    824.54000    6.42919    0.05078    2.08850    0.05940
    829.09000    6.33096    0.04958    2.12858    0.02761
    832.46000    6.33497    0.05866    2.11432    0.05627
    834.32000    6.24341    0.06593    2.06486    0.04550
    837.44000    6.44402    0.02856    2.13373    0.05396
    841.54000    6.61798    0.06119    1.96287    0.04744
    843.06000    6.80437    0.03908    2.04675    0.06073
    846.56000    6.44928    0.05026    2.08392    0.04355
    848.49000    6.59017    0.04705    2.17362    0.05011
    850.65000    6.66396    0.03967    2.09598    0.06383
    853.84000    6.61112    0.06468    2.21555    0.06320
    856.76000    6.66787    0.04333    2.13678    0.04108
    859.70000    6.76143    0.06334    2.17746    0.07715
    863.09000    6.88892    0.05432    2.12547    0.04782
    866.01000    6.84299    0.03791    2.18188    0.03973
    869.14000    6.60886    0.07113    2.14481    0.04376
    871.73000    6.55482    0.04554    2.25743    0.05443
    875.65000    6.43195    0.04320    2.18177    0.03495
    878.46000    6.34686    0.06233    2.21552    0.03225
    881.53000    6.33163    0.05030    2.09514    0.02705
    886.61000    6.46042    0.05554    2.15301    0.06184
    890.63000    6.40623    0.05325    2.07843    0.05921
    892.73000    6.47494    0.06418    2.00000    0.03815
    894.65000    6.43812    0.05244    2.06718    0.05333
    898.32000    6.25659    0.08494    2.04113    0.03889
    901.07000    6.45240    0.02555    2.00245    0.05332
    902.53000    6.47816    0.02582    2.05314    0.10367
    906.31000    6.50832    0.06166    2.17571    0.06587
    908.98000    6.45726    0.04730    2.03400    0.02122
    911.78000    6.30972    0.02412    2.04553    0.04243
    917.10000    6.22858    0.03750    2.03377    0.09215
    921.86000    6.28684    0.04762    2.12408    0.05898
    924.94000    6.30533    0.05246    2.18645    0.06017
    927.54000    6.49026    0.04093    1.98104    0.03670
    929.53000    6.40668    0.04004    2.09132    0.06260
    932.94000    6.51469    0.04929    1.96886    0.04659
    935.58000    6.49040    0.04138    2.15815    0.07656
    939.04000    6.78792    0.04452    2.17488    0.06953
    943.61000    6.83524    0.07416    2.10224    0.03559
    947.02000    6.93916    0.03722    2.10197    0.04560
    949.15000    7.15676    0.02366    2.08805    0.04965
    951.10000    7.18400    0.06916    2.24819    0.04552
    954.53000    7.38741    0.02974    2.21423    0.06174
    959.04000    7.38317    0.06585    2.30345    0.06908
    964.19000    7.39105    0.07259    2.29928    0.06112
    966.43000    7.46761    0.06683    2.38334    0.04735
    969.03000    7.46693    0.01805    2.53065    0.07181
   1096.53000    6.40234    0.06445    2.10401    0.05577
   1098.55000    6.42686    0.06965    2.09252    0.07001
   1102.21000    6.43722    0.07261    2.14402    0.05067
   1104.98000    6.45076    0.03622    2.12135    0.05865
   1108.72000    6.46583    0.05620    2.15062    0.05804
   1109.71000    6.47017    0.03421    2.15760    0.08916
   1112.84000    6.45494    0.04091    2.04139    0.04242
   1115.57000    6.28093    0.02348    2.14499    0.08558
   1119.78000    6.31263    0.06514    2.05128    0.04730
   1123.75000    6.45411    0.07329    2.04329    0.05688
   1127.05000    6.44207    0.05095    2.01511    0.07279
   1128.41000    6.26344    0.05846    2.00874    0.06085
   1131.76000    6.20553    0.04570    2.01958    0.07850
   1134.49000    6.16393    0.06038    2.04440    0.06784
   1136.80000    6.05220    0.02257    2.09010    0.02871
   1139.23000    5.90339    0.03351    2.02105    0.05052
   1141.85000    5.81041    0.07222    2.00114    0.07895
   1144.16000    6.04093    0.03495    2.03895    0.09551
   1146.66000    6.20312    0.05039    1.88630    0.06519
   1150.26000    6.08073    0.04839    1.85012    0.06254
   1152.75000    6.02734    0.01729    1.92704    0.05940
   1154.81000    6.04859    0.06661    1.92986    0.03304
   1156.47000    6.04878    0.04564    1.91833    0.05341
   1158.98000    6.05902    0.04153    2.05475    0.05763
   1162.28000    5.98418    0.08607    1.92019    0.04777
   1163.83000    6.11402    0.07133    1.97949    0.06219
   1166.23000    6.12105    0.06349    1.99854    0.05801
   1166.73000    6.04977    0.04737    1.96912    0.02942
   1169.20000    6.01711    0.05446    1.89565    0.05357
   1171.27000    5.98957    0.02206    1.92216    0.03847
   1175.24000    6.25111    0.03552    1.94079    0.01493
   1177.51000    6.32575    0.07112    2.11012    0.07745
   1180.98000    6.18280    0.08930    1.93867    0.03114
   1184.32000    6.22864    0.06172    1.95405    0.04764
   1188.82000    6.14188    0.06916    1.99329    0.06344
   1190.26000    6.02192    0.06550    1.91741    0.06673
   1194.82000    6.11730    0.04716    2.04071    0.03962
   1198.63000    6.20872    0.04929    1.97427    0.07689
   1201.74000    6.09722    0.05069    1.93666    0.02125
   1204.30000    6.18224    0.03151    1.92656    0.04698
   1207.27000    5.97891    0.07279    1.97004    0.03732
   1211.81000    6.26070    0.08476    1.98377    0.03566
   1216.40000    6.24103    0.03367    1.97327    0.04467
   1217.90000    6.35705    0.05937    1.81673    0.06694
   1221.31000    6.38181    0.03850    1.88500    0.07542
   1224.64000    6.44409    0.06215    2.05617    0.02043
   1226.84000    6.47067    0.07915    1.95233    0.03355
   1229.95000    6.48602    0.04323    2.00352    0.03651
   1231.28000    6.64120    0.05930    2.00360    0.06159
   1232.67000    6.72051    0.06114    2.13506    0.05076
   1236.25000    6.91075    0.04227    2.04808    0.04747
   1239.92000    6.90129    0.03909    2.21041    0.05849
   1243.06000    6.96126    0.06297    2.09061    0.06427
   1246.19000    6.96961    0.04755    2.20058    0.03961
   1248.55000    7.03887    0.05550    2.29494    0.04892
   1251.61000    6.97154    0.08227    2.25573    0.04788
   1255.08000    7.00462    0.07257    2.22193    0.04704
   1258.75000    7.05209    0.08682    2.20615    0.06643
   1261.56000    6.94461    0.04185    2.26409    0.05025
   1264.47000    6.94726    0.04736    2.23611    0.03614
   1265.96000    6.93563    0.04373    2.22740    0.03642
   1268.50000    6.98389    0.06674    2.19128    0.06539
   1271.45000    7.03871    0.04735    2.25465    0.04924
   1275.29000    7.02579    0.01662    2.30851    0.05196
   1278.81000    6.99970    0.07835    2.20572    0.06134
   1280.40000    6.97072    0.07561    2.28008    0.05590
   1283.99000    6.80830    0.04793    2.22352    0.04774
   1288.49000    6.79600    0.06618    2.14523    0.07440
   1291.14000    6.77434    0.05618    2.21343    0.03041
   1294.08000    6.69234    0.02208    2.18913    0.02124
   1297.75000    6.58978    0.04870    2.23132    0.08387
   1301.52000    6.54911    0.05563    2.19470    0.05917
   1304.16000    6.70503    0.07570    2.13579    0.05013
   1308.31000    6.45164    0.06125    2.16698    0.03400
   1311.69000    6.40263    0.04281    2.18965    0.05902
   1315.45000    6.35092    0.04837    2.04071    0.08706
   1317.01000    6.36182    0.04748    2.17596    0.06569
   1320.77000    6.37574    0.04843    2.07066    0.04847
   1322.61000    6.37079    0.03880    2.08359    0.05121
   1327.11000    6.38101    0.02587    2.01646    0.05946
   1332.05000    6.21117    0.04188    2.07897    0.05293
   1461.79000    6.74009    0.04301    2.23864    0.05352
   1465.84000    6.73485    0.03336    2.24602    0.09543
   1468.33000    6.68761    0.05632    2.17983    0.03954
   1471.20000    6.83104    0.05914    2.11533    0.03311
   1474.43000    6.74257    0.02259    2.15690    0.02768
   1476.42000    6.73372    0.08083    2.18619    0.06374
   1478.92000    6.85525    0.06965    2.18142    0.02889
   1480.90000    6.91375    0.04125    2.14035    0.04174
   1484.20000    6.87463    0.06338    2.22392    0.04809
   1485.77000    6.85973    0.05806    2.24008    0.07652
   1489.84000    6.67940    0.05082    2.17386    0.03762
   1492.08000    6.72845    0.03591    2.26108    0.04792
   1495.26000    6.58758    0.05626    2.26385    0.07077
   1497.82000    6.59018    0.07973    2.14344    0.06856
   1500.06000    6.70959    0.01295    2.23435    0.03531
   1502.39000    6.89412    0.06694    2.13881    0.04080
   1505.92000    6.81209    0.06924    2.05617    0.03383
   1510.52000    6.78131    0.07041    2.11811    0.03682
   1512.26000    6.75293    0.04658    2.00261    0.09029
   1515.23000    6.91896    0.07335    2.14438    0.08909
   1518.14000    6.86155    0.06665    2.19930    0.03034
   1520.81000    6.82745    0.03478    2.13999    0.05944
   1523.48000    6.98061    0.05279    2.11953    0.08748
   1526.05000    6.93733    0.09628    2.21431    0.02252
   1528.55000    6.83297    0.05382    2.09518    0.06967
   1530.71000    6.79530    0.03660    2.25740    0.08909
   1533.27000    6.69835    0.06348    2.26628    0.03071
   1535.21000    6.77690    0.02478    2.14568    0.03319
   1537.38000    6.73525    0.03770    2.15798    0.04544
   1540.08000    6.63259    0.03609    2.09856    0.05590
   1541.48000    6.71468    0.03755    2.04196    0.08859
   1544.51000    6.50520    0.03264    2.15238    0.04204
   1547.92000    6.62299    0.03181    2.16276    0.03491
   1550.00000    6.58973    0.08612    2.15033    0.03411
   1553.26000    6.56557    0.04755    2.06630    0.03743
   1555.07000    6.51756    0.03605    1.97838    0.05364
   1556.31000    6.41751    0.04355    2.10744    0.06442
   1559.44000    6.41864    0.05377    2.11911    0.06902
   1561.90000    6.43740    0.06405    2.07302    0.06042
   1564.83000    6.44647    0.09468    2.20212    0.05557
   1567.62000    6.39039    0.05852    1.94878    0.07854
   1569.03000    6.35936    0.08484    1.99679    0.03697
   1570.61000    6.45963    0.03261    2.02683    0.04545
   1573.11000    6.38087    0.05857    1.96949    0.02031
   1575.98000    6.38992    0.04347    2.02848    0.02346
   1579.45000    6.58691    0.05075    2.10806    0.05516
   1582.43000    6.59341    0.00516    2.00048    0.06379
   1586.29000    6.71474    0.06368    2.05296    0.02605
   1590.26000    6.67790    0.05071    2.09705    0.06278
   1593.35000    6.50137    0.03756    2.13730    0.01727
   1594.75000    6.52631    0.05950    2.18549    0.06130
   1597.97000    6.57037    0.05454    2.08053    0.03461
   1601.22000    6.76116    0.05200    2.14756    0.03558
   1604.51000    6.85243    0.06662    2.09138    0.05893
   1606.98000    6.79873    0.05817    2.14518    0.06729
   1609.35000    6.79485    0.05761    2.15869    0.04526
   1612.22000    6.85424    0.04868    2.25815    0.06012
   1613.46000    6.80310    0.05679    2.15415    0.04942
   1616.39000    6.91519    0.06030    2.16833    0.02186
   1619.78000    6.87720    0.05270    2.19661    0.05713
   1622.65000    6.72886    0.04419    2.12871    0.03432
   1624.56000    6.83716    0.02467    2.15345    0.04652
   1627.64000    6.68880    0.03335    2.09975    0.05607
   1631.21000    6.80323    0.04500    2.14349    0.04264
   1634.09000    6.74357    0.03428    2.16441    0.04743
   1637.63000    6.60548    0.04696    2.11595    0.01810
   1639.63000    6.53654    0.04987    2.15412    0.02965
   1643.37000    6.54965    0.06169    2.12039    0.06477
   1644.98000    6.61419    0.02816    2.11846    0.06109
   1646.57000    6.75520    0.03280    2.17574    0.07563
   1649.63000    6.77739    0.02142    2.10623    0.03577
   1652.65000    6.78620    0.04182    2.03171    0.04902
   1655.34000    6.89590    0.05946    2.11395    0.05516
   1657.69000    6.79554    0.04454    2.17818    0.05657
   1661.01000    6.94389    0.03003    2.24546    0.04915
   1663.55000    7.19010    0.04463    2.24911    0.05812
   1666.55000    7.02172    0.04113    2.18256    0.04733
   1669.40000    7.13033    0.06105    2.19969    0.04409
   1671.91000    7.04879    0.02735    2.29942    0.07226
   1674.35000    7.23099    0.07680    2.30514    0.03107
   1676.52000    7.09953    0.04503    2.24241    0.05240
   1679.02000    7.06721    0.05947    2.33486    0.05425
   1682.24000    7.10991    0.05403    2.26921    0.06249
   1683.38000    7.18421    0.04983    2.32666    0.03741
   1687.38000    7.30650    0.04366    2.30228    0.05599
   1692.60000    7.30993    0.05157    2.40011    0.04588
   1693.36000    7.24243    0.00500    2.26784    0.02917
   1696.91000    7.09983    0.03165    2.40246    0.06877
   1699.95000    6.92897    0.02872    2.40105    0.06410
