## Time Delay Challenge light curves
##
## [time]=days, [lc]=[err]=flux in nanomaggies
##
##       time       lc_A      err_A       lc_B      err_B
##-------------------------------------------------------
      2.01000    1.62228    0.03973    0.37572    0.05536
      4.28000    1.62400    0.05293    0.37909    0.03372
      8.98000    1.59287    0.04928    0.39796    0.03340
     12.13000    1.60732    0.02858    0.36378    0.06380
     15.56000    1.72180    0.05080    0.50685    0.06247
     17.60000    1.53849    0.04300    0.40603    0.04644
     21.06000    1.43496    0.06031    0.34582    0.05853
     24.15000    1.65758    0.04656    0.48204    0.06958
     27.96000    1.44030    0.09080    0.45681    0.03968
     30.74000    1.58090    0.06009    0.40760    0.03239
     33.30000    1.60613    0.05187    0.39124    0.03508
     36.65000    1.57332    0.04614    0.40936    0.05478
     40.57000    1.65703    0.05661    0.39394    0.02409
     43.67000    1.60340    0.02860    0.42902    0.06772
     46.27000    1.50210    0.07189    0.38181    0.05754
     49.53000    1.61261    0.06068    0.48286    0.04490
     54.46000    1.68385    0.06989    0.40714    0.05319
     57.61000    1.63067    0.04048    0.43601    0.05343
     59.70000    1.60612    0.02917    0.39882    0.05598
     62.01000    1.59209    0.04465    0.49483    0.06379
     63.87000    1.58346    0.05221    0.43619    0.05236
     67.29000    1.54342    0.04924    0.39233    0.03260
     70.06000    1.57314    0.03648    0.44640    0.06065
     73.61000    1.48263    0.04851    0.42750    0.04226
     75.65000    1.51216    0.04575    0.41082    0.04571
     80.01000    1.51043    0.06640    0.45442    0.03863
     83.31000    1.43353    0.05330    0.44948    0.04066
     86.92000    1.45927    0.05154    0.41420    0.07293
     88.48000    1.34946    0.04697    0.32660    0.07332
     92.48000    1.38005    0.03526    0.38486    0.04579
     94.08000    1.34510    0.04315    0.38364    0.04357
     98.28000    1.43135    0.01500    0.41859    0.03124
    102.44000    1.43846    0.04910    0.41196    0.04092
    103.90000    1.44613    0.03138    0.45291    0.03962
    107.06000    1.49808    0.05268    0.42625    0.06101
    111.00000    1.49382    0.06354    0.40817    0.04388
    115.59000    1.44154    0.06943    0.40988    0.06365
    117.88000    1.55967    0.04667    0.42174    0.04890
    119.91000    1.54703    0.04620    0.28459    0.07202
    123.74000    1.54870    0.07644    0.38569    0.05445
    124.43000    1.54035    0.04991    0.41894    0.02810
    126.32000    1.59090    0.06339    0.45514    0.05039
    130.37000    1.59784    0.06908    0.39794    0.02886
    133.63000    1.65068    0.03985    0.45344    0.05946
    136.03000    1.58139    0.03798    0.42527    0.04478
    139.84000    1.69021    0.03700    0.38539    0.05282
    141.86000    1.63093    0.08577    0.40882    0.06734
    144.99000    1.66783    0.05506    0.55563    0.07174
    147.68000    1.64578    0.08161    0.39836    0.04629
    151.34000    1.66740    0.05891    0.39212    0.05115
    154.93000    1.73731    0.01553    0.38328    0.09397
    157.66000    1.71845    0.06004    0.35884    0.03447
    160.37000    1.65001    0.07082    0.37383    0.02512
    163.46000    1.55742    0.05333    0.31907    0.06182
    166.91000    1.57224    0.06457    0.36027    0.03800
    170.92000    1.55136    0.08553    0.45371    0.07061
    174.92000    1.70596    0.04779    0.32881    0.04777
    177.95000    1.78377    0.03970    0.35943    0.04319
    180.60000    1.74133    0.06166    0.46201    0.05478
    183.12000    1.77523    0.03081    0.32050    0.06772
    186.75000    1.65152    0.06036    0.34762    0.06220
    189.10000    1.55241    0.07857    0.42120    0.05725
    193.42000    1.53125    0.04339    0.44818    0.04954
    194.55000    1.57516    0.06275    0.31204    0.05678
    198.74000    1.59300    0.03843    0.43426    0.06053
    201.74000    1.62172    0.05756    0.43167    0.01627
    204.75000    1.60648    0.05883    0.52766    0.04717
    206.51000    1.55834    0.04747    0.42959    0.04906
    208.92000    1.53064    0.05973    0.46327    0.05157
    212.81000    1.56284    0.03383    0.48540    0.06732
    214.89000    1.56827    0.06284    0.45136    0.03520
    216.57000    1.54947    0.05141    0.44855    0.05741
    219.57000    1.54793    0.06607    0.51629    0.07386
    222.30000    1.59271    0.07133    0.44280    0.07083
    226.28000    1.70559    0.05430    0.59225    0.05069
    229.53000    1.68374    0.06543    0.45240    0.05096
    233.07000    1.73444    0.03264    0.43055    0.03883
    235.68000    1.67476    0.04193    0.47033    0.04706
    238.45000    1.70974    0.04428    0.31846    0.06691
    366.29000    1.78830    0.04868    0.47853    0.02874
    368.69000    1.73238    0.02928    0.39254    0.06218
    372.17000    1.61688    0.03882    0.33694    0.05896
    375.91000    1.66804    0.05397    0.46780    0.04766
    380.27000    1.54111    0.06791    0.43566    0.01524
    383.92000    1.64240    0.06008    0.35155    0.05807
    386.02000    1.62140    0.05116    0.42622    0.05200
    387.57000    1.60283    0.05720    0.36527    0.06979
    391.10000    1.42094    0.06458    0.43904    0.03061
    395.73000    1.42263    0.05459    0.37856    0.04629
    398.36000    1.34847    0.05777    0.50268    0.05218
    400.11000    1.27919    0.06593    0.40705    0.05269
    404.51000    1.48928    0.05794    0.39086    0.05159
    407.75000    1.60775    0.04846    0.27393    0.07402
    412.76000    1.72282    0.03617    0.36684    0.06055
    415.99000    1.68453    0.03325    0.42056    0.01721
    418.24000    1.56540    0.04987    0.47208    0.05388
    419.63000    1.67531    0.07652    0.54054    0.04865
    421.62000    1.69595    0.06701    0.49489    0.07914
    424.00000    1.77114    0.04589    0.48961    0.04786
    427.89000    1.73672    0.03395    0.55620    0.04077
    432.23000    1.81088    0.07016    0.39865    0.05857
    434.83000    1.83673    0.07004    0.52158    0.04905
    436.15000    1.91828    0.04783    0.50361    0.05857
    438.77000    1.84128    0.05994    0.45774    0.02499
    442.43000    1.66878    0.05522    0.46817    0.08342
    443.76000    1.80987    0.06844    0.47561    0.04042
    446.17000    1.82336    0.08950    0.45387    0.03204
    448.44000    1.79398    0.02570    0.41526    0.01725
    450.67000    1.84428    0.05663    0.44098    0.06288
    453.51000    1.75043    0.03461    0.39239    0.04277
    456.42000    1.71795    0.05199    0.52842    0.05600
    460.75000    1.73787    0.04971    0.45201    0.03586
    463.93000    1.76909    0.07494    0.38307    0.04359
    465.94000    1.67976    0.03230    0.29119    0.04165
    470.31000    1.72797    0.06627    0.37105    0.03501
    474.83000    1.67440    0.03638    0.34698    0.05858
    478.63000    1.65396    0.04635    0.31758    0.06085
    481.82000    1.54069    0.03707    0.47325    0.04579
    484.40000    1.69099    0.03485    0.42945    0.05334
    487.54000    1.67907    0.03940    0.39686    0.07328
    489.06000    1.53439    0.06294    0.38204    0.08195
    490.77000    1.57416    0.04607    0.53094    0.06211
    491.49000    1.47362    0.05616    0.45126    0.07732
    494.39000    1.51788    0.06107    0.40788    0.04928
    496.31000    1.61321    0.06047    0.41601    0.06648
    498.74000    1.66167    0.04441    0.53089    0.05122
    502.30000    1.68513    0.05941    0.40264    0.06766
    504.26000    1.57889    0.07215    0.46701    0.04874
    507.48000    1.53880    0.03479    0.52403    0.05921
    511.62000    1.63585    0.02240    0.55500    0.03743
    514.58000    1.61772    0.03785    0.52009    0.07145
    518.55000    1.61083    0.05200    0.50570    0.04043
    521.86000    1.51672    0.06103    0.43869    0.04707
    523.69000    1.49440    0.03441    0.47162    0.05324
    527.47000    1.61447    0.07286    0.41455    0.05273
    529.79000    1.62072    0.05072    0.46987    0.05183
    533.08000    1.52125    0.07697    0.42623    0.07198
    536.13000    1.64542    0.04722    0.36125    0.06271
    539.11000    1.56531    0.05181    0.42131    0.04138
    542.61000    1.61274    0.05667    0.63475    0.05800
    545.49000    1.49531    0.01639    0.51715    0.05558
    547.31000    1.50812    0.03090    0.42716    0.06102
    549.75000    1.49522    0.02729    0.50406    0.03779
    551.29000    1.40481    0.05367    0.39834    0.06302
    553.31000    1.42305    0.06792    0.47557    0.07447
    555.84000    1.46803    0.05181    0.48750    0.04848
    559.69000    1.47551    0.06273    0.51307    0.03094
    563.23000    1.40654    0.03431    0.39344    0.05166
    565.84000    1.44557    0.05349    0.44180    0.05072
    570.97000    1.34573    0.04391    0.38337    0.05775
    574.39000    1.36732    0.07667    0.35236    0.04318
    577.22000    1.33521    0.05043    0.43274    0.04260
    578.32000    1.35058    0.04742    0.40215    0.06348
    581.59000    1.34139    0.05114    0.48087    0.05326
    585.84000    1.31279    0.04960    0.51327    0.05945
    588.54000    1.34534    0.07796    0.45296    0.04002
    592.66000    1.35620    0.03072    0.45162    0.03554
    595.38000    1.39110    0.06847    0.42977    0.04041
    598.76000    1.40798    0.04635    0.41197    0.04589
    600.99000    1.35440    0.06968    0.39849    0.01981
    604.13000    1.44399    0.02752    0.49449    0.06246
    732.23000    1.41429    0.03433    0.39917    0.06494
    734.15000    1.38100    0.05750    0.41934    0.06334
    737.86000    1.39123    0.08130    0.33648    0.07289
    739.86000    1.42526    0.04900    0.40193    0.04919
    742.94000    1.36350    0.08958    0.33519    0.05853
    748.47000    1.46134    0.04603    0.44569    0.04511
    751.35000    1.48302    0.07392    0.28502    0.07050
    753.66000    1.56239    0.03894    0.48585    0.07158
    754.65000    1.59143    0.04266    0.38538    0.06063
    757.19000    1.61283    0.03435    0.43952    0.07519
    759.64000    1.50483    0.06294    0.32862    0.05841
    763.24000    1.57402    0.04915    0.47761    0.07574
    764.91000    1.53146    0.05111    0.45354    0.03504
    766.26000    1.63692    0.04440    0.34583    0.04296
    769.33000    1.56144    0.05135    0.37695    0.05339
    772.33000    1.56569    0.04573    0.40751    0.03669
    775.46000    1.74232    0.05024    0.34361    0.07282
    777.99000    1.49341    0.04298    0.32000    0.03663
    778.71000    1.63279    0.02606    0.40046    0.07062
    781.64000    1.66557    0.03477    0.48735    0.06600
    782.99000    1.62435    0.06929    0.32664    0.03860
    783.59000    1.78547    0.03128    0.42721    0.06935
    785.55000    1.66125    0.04420    0.35313    0.05296
    788.54000    1.75862    0.05300    0.33320    0.04895
    789.45000    1.69444    0.05138    0.34547    0.04721
    790.04000    1.74513    0.03896    0.40288    0.04180
    792.66000    1.64321    0.02253    0.47160    0.04421
    795.20000    1.62586    0.04373    0.40885    0.05695
    798.01000    1.58592    0.05322    0.39620    0.08166
    800.00000    1.90240    0.06977    0.35839    0.05332
    802.10000    1.73184    0.06216    0.37670    0.06225
    806.29000    1.79732    0.04650    0.42953    0.02506
    809.77000    1.77388    0.06205    0.43085    0.06845
    812.14000    1.78088    0.05549    0.40995    0.06179
    814.02000    1.72294    0.04598    0.38801    0.01401
    816.74000    1.70899    0.07133    0.41498    0.04190
    818.87000    1.67754    0.04491    0.44303    0.03895
    821.71000    1.65879    0.06550    0.39549    0.03584
    825.23000    1.64879    0.08251    0.41918    0.07790
    829.00000    1.66988    0.05920    0.45552    0.03057
    832.59000    1.78389    0.02947    0.49137    0.06747
    834.88000    1.82945    0.06316    0.53194    0.06376
    839.57000    1.78927    0.02625    0.45528    0.05782
    842.38000    1.78175    0.06794    0.42930    0.07124
    845.32000    1.87528    0.05934    0.45526    0.04458
    849.34000    1.83606    0.06120    0.51450    0.06387
    850.65000    1.88106    0.03482    0.42358    0.04753
    853.05000    1.79961    0.06723    0.44943    0.03676
    857.19000    1.74141    0.05013    0.36271    0.05484
    860.22000    1.79465    0.06718    0.46649    0.04631
    864.44000    1.70609    0.04536    0.42372    0.05072
    868.38000    1.68567    0.04503    0.44192    0.05045
    872.43000    1.73997    0.06320    0.49457    0.03794
    875.58000    1.71932    0.08255    0.62947    0.05160
    878.56000    1.77672    0.03595    0.58401    0.09410
    882.26000    1.70824    0.07246    0.63807    0.07385
    886.86000    1.64078    0.06883    0.43610    0.05512
    889.47000    1.62661    0.08032    0.46145    0.08449
    891.91000    1.67549    0.06573    0.45229    0.06175
    896.11000    1.75383    0.02805    0.50401    0.08481
    899.23000    1.71519    0.07793    0.50812    0.05579
    901.87000    1.81069    0.02484    0.49049    0.03412
    904.84000    1.80535    0.03979    0.48421    0.03001
    907.99000    1.86904    0.02799    0.47941    0.02882
    910.93000    1.81283    0.05566    0.48274    0.07737
    915.15000    1.71248    0.04534    0.54136    0.04788
    917.84000    1.61669    0.05750    0.58673    0.04472
    919.91000    1.69838    0.05208    0.55224    0.05697
    923.17000    1.67507    0.07544    0.48029    0.05508
    924.71000    1.68709    0.05884    0.52660    0.06886
    927.33000    1.69907    0.07575    0.53227    0.03968
    931.56000    1.75179    0.04988    0.52970    0.04254
    933.47000    1.72998    0.06069    0.56342    0.06675
    935.96000    1.74781    0.04081    0.56157    0.04277
    941.66000    1.60890    0.06256    0.56873    0.07565
    945.28000    1.59554    0.04698    0.48843    0.04304
    947.17000    1.69429    0.07969    0.46493    0.05181
    950.27000    1.74624    0.07160    0.44953    0.07768
    953.95000    1.86405    0.05054    0.47029    0.05589
    956.60000    1.63110    0.09134    0.36934    0.05609
    958.73000    1.73030    0.06109    0.37184    0.04842
    962.21000    1.88626    0.07516    0.46598    0.04720
    965.65000    1.72858    0.03314    0.45438    0.05944
    966.60000    1.70980    0.06181    0.48375    0.03162
    968.75000    1.71726    0.05729    0.57856    0.06857
   1097.17000    2.18836    0.03688    0.52148    0.06700
   1100.45000    2.21674    0.05388    0.59699    0.05767
   1103.74000    2.39905    0.05162    0.54573    0.04959
   1107.36000    2.22339    0.05695    0.63285    0.03919
   1112.19000    2.38598    0.03898    0.53238    0.03382
   1116.17000    2.36597    0.08560    0.52096    0.05921
   1119.44000    2.28202    0.05183    0.49501    0.03081
   1122.20000    2.39640    0.06129    0.49691    0.04576
   1125.81000    2.44098    0.05565    0.52620    0.04234
   1126.82000    2.52033    0.06666    0.60838    0.06554
   1128.20000    2.38414    0.05304    0.43283    0.06840
   1131.73000    2.41578    0.06801    0.55297    0.04291
   1132.73000    2.40720    0.03342    0.47921    0.05237
   1134.84000    2.48841    0.06629    0.45664    0.04575
   1138.28000    2.48269    0.03602    0.59263    0.05690
   1142.26000    2.41808    0.05202    0.54624    0.04864
   1144.78000    2.33353    0.06371    0.61818    0.04089
   1147.65000    2.53592    0.05173    0.49232    0.05759
   1151.79000    2.56590    0.01053    0.51265    0.04573
   1154.60000    2.48954    0.05758    0.59392    0.07419
   1156.93000    2.52973    0.02871    0.62440    0.04444
   1159.55000    2.57767    0.06237    0.60585    0.03314
   1162.41000    2.53788    0.06319    0.56136    0.06371
   1168.19000    2.47978    0.06784    0.73324    0.06185
   1171.07000    2.49017    0.03623    0.60270    0.04774
   1175.26000    2.38438    0.04273    0.61485    0.03985
   1177.13000    2.44737    0.05966    0.65832    0.05012
   1179.07000    2.51687    0.07084    0.63018    0.06173
   1182.03000    2.40906    0.05867    0.63113    0.04349
   1185.46000    2.45325    0.06051    0.60199    0.04937
   1191.37000    2.40551    0.06680    0.72076    0.05443
   1192.96000    2.40098    0.03336    0.81167    0.09068
   1196.48000    2.49420    0.04709    0.76673    0.03377
   1198.32000    2.47028    0.08690    0.63191    0.04981
   1203.00000    2.36514    0.04386    0.73457    0.06670
   1205.70000    2.32847    0.06347    0.70649    0.04933
   1208.22000    2.31333    0.04926    0.81357    0.08373
   1212.05000    2.34411    0.05471    0.70025    0.04784
   1214.90000    2.34305    0.03254    0.69665    0.03740
   1218.37000    2.36838    0.04594    0.68577    0.06321
   1222.88000    2.32475    0.03925    0.81023    0.06603
   1223.26000    2.32665    0.04383    0.73461    0.02189
   1226.70000    2.48395    0.07734    0.75519    0.08126
   1229.74000    2.43251    0.06216    0.74932    0.06385
   1234.04000    2.43987    0.07494    0.61828    0.04825
   1236.88000    2.43902    0.04875    0.66980    0.03890
   1239.38000    2.42423    0.05291    0.65857    0.02791
   1244.41000    2.35110    0.05213    0.64613    0.06709
   1247.99000    2.35484    0.03313    0.75218    0.07729
   1251.00000    2.29636    0.02587    0.68383    0.03849
   1252.98000    2.33436    0.04404    0.87555    0.07820
   1259.26000    2.38342    0.05488    0.65992    0.05638
   1261.65000    2.39198    0.06963    0.75489    0.07727
   1265.68000    2.44109    0.05043    0.72870    0.04280
   1268.40000    2.36983    0.03920    0.70078    0.04322
   1272.85000    2.29734    0.03588    0.59398    0.06039
   1275.97000    2.53289    0.04310    0.60943    0.05955
   1277.78000    2.64176    0.05373    0.65640    0.04875
   1281.49000    2.57509    0.07180    0.71702    0.05272
   1284.42000    2.65859    0.06800    0.75070    0.06347
   1288.38000    2.43051    0.07957    0.73374    0.05238
   1291.85000    2.54557    0.08153    0.65925    0.04828
   1293.74000    2.48092    0.05059    0.67155    0.05212
   1298.17000    2.57342    0.04286    0.71761    0.05047
   1301.49000    2.45401    0.04404    0.68480    0.04514
   1304.70000    2.63832    0.03755    0.74608    0.06896
   1308.51000    2.62119    0.06790    0.69834    0.06016
   1311.76000    2.61150    0.08793    0.69386    0.08489
   1315.38000    2.55383    0.04674    0.75632    0.04768
   1316.46000    2.56694    0.04492    0.70103    0.05338
   1320.56000    2.30508    0.05896    0.70499    0.04774
   1323.78000    2.54664    0.01016    0.65529    0.03572
   1328.37000    2.72951    0.04556    0.69000    0.04326
   1331.38000    2.72093    0.04345    0.65845    0.04825
   1333.64000    2.69775    0.04065    0.76819    0.08052
   1461.59000    2.12228    0.06151    0.81509    0.07590
   1465.62000    2.01761    0.03769    0.76758    0.03715
   1467.88000    2.08886    0.06747    0.74856    0.06096
   1470.79000    2.17042    0.05828    0.76806    0.08336
   1474.43000    2.25611    0.04580    0.72262    0.04281
   1477.22000    2.29376    0.02909    0.79922    0.04488
   1480.94000    2.25332    0.02629    0.64384    0.07361
   1482.95000    2.34514    0.07486    0.68784    0.03259
   1486.17000    2.13113    0.04724    0.57235    0.07051
   1489.75000    2.05668    0.05380    0.68973    0.07791
   1491.90000    2.18666    0.04539    0.68861    0.04761
   1493.35000    2.15749    0.05310    0.68744    0.05101
   1497.33000    2.18683    0.06940    0.65904    0.04476
   1500.46000    2.17509    0.05146    0.70040    0.03435
   1505.59000    2.06780    0.05785    0.73556    0.05653
   1506.98000    2.17436    0.05625    0.75904    0.04601
   1509.39000    2.10289    0.07573    0.77592    0.02994
   1513.85000    2.16993    0.06375    0.71150    0.04952
   1518.19000    2.22729    0.08003    0.73490    0.06389
   1520.56000    2.07025    0.07032    0.79169    0.06717
   1523.88000    2.13414    0.06392    0.66189    0.04991
   1526.82000    2.30857    0.05568    0.75886    0.04414
   1529.71000    2.23863    0.05377    0.67451    0.03488
   1531.69000    2.35604    0.05846    0.58898    0.07827
   1535.98000    2.25852    0.06341    0.78702    0.05991
   1540.25000    2.30815    0.04394    0.75086    0.08004
   1543.61000    2.24683    0.05609    0.65789    0.04756
   1546.89000    2.30483    0.06601    0.66202    0.04008
   1548.14000    2.28783    0.07042    0.68417    0.03600
   1551.84000    2.12439    0.06795    0.82240    0.08120
   1553.95000    2.29726    0.03190    0.67771    0.04184
   1556.31000    2.18184    0.06753    0.68042    0.02622
   1557.35000    2.26900    0.06248    0.63468    0.04587
   1560.85000    2.21465    0.03371    0.67295    0.03916
   1564.01000    2.13683    0.08549    0.66578    0.06144
   1567.94000    2.31585    0.05643    0.57355    0.07022
   1572.41000    2.35644    0.04996    0.66903    0.02616
   1575.51000    2.16421    0.04567    0.61542    0.06581
   1579.59000    2.16440    0.07596    0.70072    0.06493
   1581.51000    2.20232    0.06320    0.56127    0.04089
   1583.34000    1.98684    0.05735    0.71541    0.05795
   1586.74000    2.13690    0.03279    0.63298    0.04015
   1590.32000    2.05048    0.04792    0.69574    0.05139
   1593.91000    1.99583    0.06192    0.69182    0.05085
   1598.43000    1.89366    0.08490    0.80356    0.06620
   1599.26000    1.98035    0.07069    0.83387    0.05856
   1601.99000    1.89410    0.06906    0.61753    0.06148
   1604.58000    1.83914    0.05622    0.83763    0.04623
   1607.72000    1.78393    0.05827    0.70728    0.04799
   1611.69000    1.90973    0.05972    0.56287    0.05664
   1616.14000    1.98405    0.06898    0.63665    0.06729
   1619.72000    2.09334    0.06209    0.67782    0.04942
   1621.96000    2.12023    0.04481    0.62606    0.06757
   1625.88000    2.15071    0.05060    0.72671    0.09662
   1629.83000    2.17985    0.03302    0.70076    0.04866
   1632.51000    2.05741    0.04183    0.74358    0.04506
   1634.85000    2.12921    0.02519    0.67412    0.03387
   1638.89000    2.06174    0.04787    0.71933    0.05871
   1640.47000    2.36897    0.07972    0.69502    0.06814
   1643.86000    2.18046    0.03744    0.73139    0.05889
   1645.02000    2.15113    0.03546    0.75761    0.05583
   1648.34000    2.04825    0.04202    0.70763    0.03558
   1650.43000    2.15786    0.08731    0.64577    0.06948
   1654.66000    2.17825    0.03101    0.69095    0.03324
   1657.88000    2.21808    0.08115    0.62833    0.08441
   1660.33000    2.02044    0.06398    0.66907    0.07530
   1664.07000    2.17661    0.06485    0.62679    0.02672
   1666.65000    2.29176    0.03264    0.58512    0.07932
   1669.52000    2.21194    0.03450    0.63903    0.01876
   1673.04000    2.26584    0.05885    0.67383    0.05086
   1675.75000    2.07645    0.02943    0.60837    0.06261
   1678.05000    2.15107    0.05117    0.48902    0.06112
   1679.98000    2.09878    0.03021    0.54542    0.05084
   1684.11000    2.12444    0.04558    0.57507    0.02084
   1686.88000    2.12189    0.05581    0.52884    0.08234
   1690.90000    2.23640    0.04714    0.64730    0.03085
   1695.86000    2.10320    0.04609    0.75301    0.04630
   1699.39000    2.27709    0.04878    0.70668    0.01928
