## Time Delay Challenge light curves
##
## [time]=days, [lc]=[err]=flux in nanomaggies
##
##       time       lc_A      err_A       lc_B      err_B
##-------------------------------------------------------
      1.86000    0.84657    0.05675    0.69410    0.06395
      5.07000    0.92184    0.06412    0.69875    0.03857
      7.45000    1.03288    0.06695    0.75293    0.07103
      9.81000    0.93126    0.02672    0.83426    0.05127
     13.79000    0.85209    0.08974    0.79786    0.07115
     17.33000    0.95152    0.07387    0.83564    0.07039
     20.00000    0.92682    0.01913    0.77151    0.04673
     23.18000    0.81340    0.05632    0.75113    0.08029
     27.94000    0.94027    0.06785    0.86434    0.05381
     28.17000    1.05842    0.06374    0.81660    0.05306
     31.00000    0.90637    0.05804    0.75595    0.04532
     34.17000    0.95812    0.04585    0.69136    0.05489
     37.56000    0.88137    0.06342    0.80343    0.05397
     41.74000    0.92511    0.02358    0.89135    0.06574
     44.80000    0.93924    0.05815    0.75667    0.05205
     47.79000    1.02170    0.06098    0.77972    0.07264
     51.58000    0.99853    0.09229    0.75386    0.04529
     54.63000    0.96054    0.04256    0.83083    0.08471
     57.34000    0.99819    0.09121    0.75649    0.04895
     60.98000    1.06722    0.06923    0.67954    0.04940
     64.12000    1.08311    0.04828    0.83266    0.05785
     67.75000    1.07767    0.03273    0.69462    0.08634
     71.25000    1.09931    0.03409    1.01704    0.06741
     75.22000    1.11374    0.03860    0.80859    0.05257
     80.18000    1.07511    0.04785    0.78749    0.04697
     83.48000    0.96316    0.07936    0.83097    0.02640
     85.81000    1.04139    0.05059    0.84370    0.02907
     86.81000    1.02570    0.04523    0.71523    0.07845
     88.81000    0.99575    0.07423    0.88051    0.02469
     93.06000    1.02494    0.01019    0.89092    0.03680
     97.54000    1.02214    0.04212    0.91292    0.04967
    100.21000    0.96879    0.06299    0.86879    0.03447
    102.45000    0.97698    0.08356    0.79794    0.03725
    105.33000    1.08215    0.03925    0.93044    0.03178
    109.39000    1.14690    0.05952    0.87046    0.03135
    112.70000    1.11842    0.03807    0.91146    0.05008
    115.80000    0.99114    0.04954    0.86651    0.04058
    118.23000    0.91777    0.07320    0.85300    0.03249
    120.26000    1.00063    0.04791    0.87492    0.03764
    124.35000    1.02277    0.02613    0.83787    0.02398
    127.52000    1.04364    0.04207    0.91132    0.04666
    130.58000    0.98106    0.04755    0.86132    0.03992
    134.61000    1.01177    0.07444    0.88668    0.03794
    139.78000    0.91355    0.05746    0.82990    0.03077
    144.00000    0.94889    0.06124    0.71851    0.04601
    148.51000    0.95028    0.07596    0.72080    0.07875
    152.94000    0.86784    0.06612    0.80700    0.04224
    157.31000    1.04871    0.06082    0.75696    0.05164
    161.55000    0.98060    0.04158    0.78531    0.05578
    164.39000    1.00650    0.05156    0.82586    0.07767
    167.71000    1.04961    0.06837    0.71690    0.04737
    169.89000    1.01974    0.04334    0.86157    0.05803
    172.09000    1.10499    0.04156    0.76570    0.06182
    174.69000    1.02248    0.05681    0.80372    0.05399
    178.61000    1.04069    0.06748    0.89871    0.06164
    182.57000    0.97581    0.03277    0.91483    0.08970
    184.33000    0.96847    0.04230    0.84337    0.04543
    188.10000    0.98907    0.03481    0.87691    0.07084
    189.21000    1.06879    0.07571    0.82659    0.05611
    192.52000    0.97345    0.03382    0.73790    0.06693
    195.60000    0.97425    0.04335    0.74582    0.06116
    199.04000    0.99343    0.05752    0.76829    0.03465
    202.07000    0.97064    0.06334    0.83623    0.05898
    205.25000    0.81971    0.08217    0.85082    0.05258
    207.83000    1.02263    0.03502    0.77005    0.00995
    209.32000    1.08218    0.07329    0.80518    0.05203
    210.63000    0.92145    0.03349    0.81797    0.06975
    214.10000    0.90681    0.02854    0.75909    0.04098
    218.70000    1.06006    0.05127    0.68536    0.06236
    223.51000    0.87943    0.05395    0.85533    0.03742
    227.54000    1.01220    0.06981    0.87439    0.04840
    230.40000    0.94209    0.07234    0.75790    0.06502
    234.76000    1.03708    0.04966    0.75339    0.05438
    236.14000    0.95961    0.05183    0.71836    0.04304
    367.86000    0.84450    0.07133    0.66402    0.04571
    368.81000    0.90629    0.04954    0.74823    0.06014
    371.47000    0.89959    0.04837    0.71061    0.04817
    372.79000    0.85677    0.03884    0.76643    0.07167
    377.20000    0.83945    0.04947    0.69872    0.03346
    379.73000    1.00277    0.04424    0.69391    0.04595
    383.69000    0.87877    0.04859    0.79081    0.05259
    387.26000    0.91525    0.07343    0.61772    0.05469
    389.48000    0.82168    0.05182    0.63697    0.03307
    392.12000    0.83733    0.06056    0.66617    0.07221
    395.24000    0.88686    0.05154    0.72912    0.04617
    396.45000    0.89031    0.04406    0.71016    0.06054
    399.88000    0.92215    0.00706    0.73418    0.05133
    401.96000    1.02111    0.04761    0.61909    0.06117
    405.99000    0.95119    0.00360    0.70554    0.02441
    410.21000    0.85717    0.06070    0.68514    0.03696
    413.65000    0.92944    0.03569    0.74406    0.07844
    416.32000    0.91955    0.03752    0.69115    0.03961
    417.73000    0.92294    0.03692    0.64938    0.05174
    419.51000    0.83118    0.05496    0.76197    0.04024
    423.33000    0.90617    0.01898    0.71398    0.03649
    427.74000    0.95198    0.02874    0.71732    0.04483
    430.08000    0.83660    0.04258    0.69398    0.08145
    434.54000    1.02821    0.06608    0.74489    0.05449
    437.01000    0.83276    0.05567    0.75733    0.04722
    440.48000    0.86657    0.05136    0.61599    0.07084
    442.30000    0.92432    0.01164    0.76448    0.05538
    445.61000    0.88239    0.05388    0.71281    0.05560
    449.19000    0.89909    0.03541    0.79183    0.08732
    451.44000    0.99159    0.05481    0.71796    0.04594
    453.49000    0.86280    0.07354    0.67812    0.04925
    455.46000    0.94601    0.07022    0.72582    0.03902
    457.91000    0.84020    0.06399    0.76811    0.01500
    461.43000    0.77544    0.06691    0.71469    0.07010
    466.44000    0.93331    0.06431    0.63886    0.05694
    470.34000    0.97994    0.04967    0.80107    0.03978
    474.11000    0.86684    0.05529    0.75961    0.05573
    477.68000    0.84199    0.05394    0.68013    0.01637
    482.38000    0.89792    0.03099    0.82300    0.06342
    486.85000    0.80424    0.04229    0.62837    0.05406
    488.82000    0.90383    0.05167    0.78736    0.03645
    489.96000    0.91828    0.04711    0.92311    0.06022
    493.09000    1.00387    0.06921    0.77906    0.04471
    496.73000    0.80230    0.05093    0.71502    0.05459
    500.79000    0.88071    0.06397    0.72330    0.03222
    504.01000    0.81863    0.07507    0.67680    0.04596
    508.47000    0.89831    0.02197    0.70043    0.03481
    510.88000    0.83262    0.05270    0.73193    0.04230
    514.15000    0.92479    0.07300    0.67657    0.04168
    516.40000    0.98357    0.06667    0.68372    0.05721
    518.04000    0.83215    0.03509    0.67584    0.06654
    521.10000    0.77352    0.06522    0.63629    0.05412
    525.07000    0.87736    0.05022    0.79691    0.05433
    527.12000    0.89293    0.03437    0.76532    0.06147
    528.79000    0.80152    0.05793    0.65859    0.05109
    531.92000    0.85690    0.03383    0.60968    0.05440
    535.37000    0.79841    0.06117    0.73954    0.05012
    539.03000    0.79100    0.05628    0.69698    0.02672
    543.22000    0.76540    0.05091    0.60936    0.05107
    545.40000    0.84801    0.05757    0.71104    0.07522
    550.06000    0.87455    0.07419    0.66699    0.05314
    553.78000    0.97071    0.09181    0.72980    0.05168
    555.59000    0.89200    0.04840    0.65474    0.03990
    558.07000    0.86690    0.03646    0.61600    0.04544
    562.26000    0.81940    0.07628    0.58630    0.07196
    564.54000    0.87318    0.04064    0.62418    0.04619
    567.99000    0.92381    0.07400    0.67620    0.05746
    570.93000    0.83199    0.04485    0.71142    0.03885
    573.51000    0.90098    0.06495    0.63746    0.05725
    578.42000    0.88736    0.07782    0.65872    0.07140
    582.09000    0.85530    0.03906    0.73255    0.03890
    584.74000    0.91550    0.03410    0.61193    0.05989
    589.37000    0.80885    0.05051    0.60984    0.03635
    592.95000    0.90609    0.06865    0.68179    0.05042
    596.41000    0.88920    0.07992    0.67137    0.04915
    601.60000    0.92326    0.06448    0.72723    0.05743
    733.45000    0.71147    0.07636    0.67857    0.07530
    736.42000    0.74990    0.00530    0.65026    0.05619
    737.54000    0.83162    0.05888    0.54935    0.10136
    740.51000    0.70952    0.05514    0.64478    0.02970
    744.25000    0.72575    0.03983    0.60557    0.05281
    747.40000    0.83530    0.07296    0.63025    0.06059
    751.38000    0.83275    0.04018    0.66494    0.05471
    755.57000    0.72294    0.02715    0.58361    0.06571
    758.08000    0.76838    0.03368    0.56376    0.05263
    761.62000    0.70511    0.05973    0.57931    0.05293
    765.51000    0.82964    0.04462    0.60112    0.05712
    768.39000    0.77955    0.06966    0.68154    0.05476
    771.28000    0.80679    0.04071    0.58937    0.07545
    776.42000    0.77932    0.05474    0.57633    0.03403
    779.56000    0.80048    0.04781    0.60124    0.07882
    782.09000    0.75646    0.04895    0.58413    0.04000
    783.40000    0.82526    0.03245    0.65415    0.03487
    786.98000    0.84019    0.02431    0.80496    0.08868
    790.27000    0.83816    0.04415    0.69724    0.05199
    794.04000    0.89575    0.06116    0.57963    0.04352
    797.02000    0.97711    0.06028    0.64647    0.06146
    799.71000    0.87247    0.09018    0.71969    0.03801
    802.40000    0.81092    0.03261    0.63366    0.06394
    805.86000    0.88507    0.07151    0.62053    0.00616
    808.95000    0.78242    0.05909    0.68333    0.06564
    813.15000    0.93028    0.04527    0.61975    0.03189
    815.25000    0.84728    0.06852    0.62559    0.06626
    817.75000    0.95414    0.06751    0.65901    0.05442
    823.59000    0.79210    0.03601    0.71126    0.08250
    825.84000    0.88800    0.03352    0.66288    0.05740
    828.20000    0.86390    0.05122    0.66941    0.03680
    829.86000    0.91446    0.06768    0.61860    0.03689
    835.07000    0.83989    0.00420    0.68264    0.04385
    838.05000    0.85872    0.04327    0.67051    0.07160
    839.44000    0.87382    0.03180    0.77469    0.07317
    844.72000    0.96458    0.03646    0.64005    0.06071
    846.54000    0.94375    0.07082    0.64357    0.03895
    848.20000    0.98649    0.04915    0.66408    0.01297
    850.85000    0.97686    0.05131    0.68335    0.05844
    852.96000    0.83903    0.03176    0.75843    0.07953
    856.33000    0.89456    0.01553    0.69763    0.05755
    860.68000    0.79098    0.04088    0.65870    0.06363
    863.94000    0.85162    0.05511    0.74926    0.06391
    867.09000    0.81792    0.06306    0.69793    0.04437
    869.86000    0.78660    0.03361    0.78054    0.08593
    873.31000    0.78611    0.04628    0.71198    0.02985
    876.93000    0.73470    0.06105    0.59919    0.05676
    878.38000    0.86313    0.05381    0.67350    0.04094
    881.80000    0.79272    0.06805    0.64572    0.05758
    883.62000    0.84067    0.06315    0.74952    0.05046
    886.44000    0.92262    0.02752    0.73258    0.05625
    890.35000    0.89114    0.04717    0.68942    0.03440
    892.88000    0.89776    0.05016    0.68909    0.04008
    895.65000    0.82529    0.06060    0.63496    0.05936
    896.56000    0.86457    0.01723    0.64659    0.05063
    899.13000    0.87338    0.05504    0.59475    0.05006
    901.63000    1.00254    0.06814    0.70168    0.05847
    903.82000    0.96712    0.09406    0.68514    0.05552
    907.50000    0.95898    0.03568    0.72883    0.08020
    911.98000    0.94409    0.05527    0.71224    0.04619
    916.05000    1.01889    0.04299    0.69236    0.04305
    919.88000    0.99348    0.03670    0.80207    0.04803
    923.14000    1.01321    0.05071    0.71314    0.04909
    928.62000    0.91713    0.03447    0.70048    0.08686
    930.19000    0.93053    0.04220    0.68585    0.04909
    933.51000    0.90592    0.05259    0.67916    0.02950
    935.20000    0.78292    0.08426    0.72039    0.06241
    939.56000    0.98316    0.06828    0.72290    0.05834
    942.91000    0.96738    0.05326    0.76005    0.03715
    945.15000    0.89738    0.04604    0.69747    0.04709
    947.65000    1.01022    0.03353    0.72235    0.08047
    949.99000    1.02238    0.07805    0.75219    0.05735
    952.48000    0.93596    0.03992    0.71952    0.06643
    955.59000    0.98893    0.02905    0.67932    0.04092
    957.72000    1.00804    0.07245    0.76247    0.06366
    961.17000    0.98837    0.04877    0.77601    0.05641
    965.40000    0.93103    0.05669    0.72150    0.03353
    968.07000    0.94807    0.03380    0.82050    0.05940
   1099.07000    0.98192    0.08414    0.62204    0.05467
   1102.29000    0.90080    0.08121    0.67095    0.05365
   1106.66000    0.97574    0.06899    0.57418    0.07306
   1109.93000    0.83673    0.04673    0.69880    0.02728
   1111.42000    0.75684    0.06235    0.67608    0.04531
   1114.07000    0.88593    0.03520    0.69086    0.06408
   1116.76000    0.88725    0.04927    0.63844    0.03666
   1120.45000    0.94946    0.04515    0.69749    0.06962
   1123.20000    0.86485    0.05335    0.70588    0.04913
   1124.72000    0.88926    0.05725    0.73592    0.05281
   1127.91000    0.81799    0.04781    0.69953    0.06861
   1132.35000    0.85317    0.06360    0.66730    0.03637
   1135.30000    0.77904    0.05649    0.65475    0.04595
   1138.67000    0.85662    0.02122    0.58884    0.06514
   1143.91000    0.89327    0.09761    0.73172    0.05555
   1147.10000    0.64208    0.06786    0.55968    0.07660
   1148.59000    0.80568    0.04396    0.57016    0.06987
   1151.20000    0.80736    0.04178    0.66188    0.05884
   1154.22000    0.86510    0.05660    0.67426    0.04227
   1158.71000    0.91689    0.06164    0.59916    0.06580
   1160.25000    0.84699    0.05465    0.65989    0.00818
   1161.21000    0.87872    0.04195    0.61084    0.04856
   1164.29000    0.86860    0.05106    0.67423    0.05539
   1167.83000    0.85749    0.07238    0.60777    0.03970
   1170.73000    0.85522    0.07904    0.70033    0.05967
   1173.35000    0.82550    0.06691    0.61856    0.09098
   1176.08000    0.86844    0.02054    0.70879    0.05455
   1179.01000    1.01918    0.06468    0.72186    0.05380
   1182.22000    0.94094    0.03809    0.63466    0.04337
   1187.51000    0.77196    0.04139    0.64723    0.05933
   1191.46000    0.89219    0.05817    0.68329    0.05867
   1194.39000    0.79112    0.06233    0.70376    0.05628
   1198.27000    0.85197    0.06289    0.67795    0.04278
   1201.36000    0.83860    0.06675    0.67166    0.06333
   1205.48000    0.82187    0.04917    0.58221    0.04873
   1207.49000    0.85006    0.05556    0.60648    0.05314
   1210.24000    0.98521    0.03973    0.57721    0.06328
   1213.68000    0.90311    0.03864    0.60005    0.03371
   1216.79000    0.95245    0.08212    0.68523    0.05477
   1218.80000    0.83795    0.04783    0.73291    0.05643
   1223.05000    0.92074    0.03854    0.66692    0.07400
   1225.42000    0.86086    0.04302    0.65820    0.06510
   1227.29000    0.84658    0.03955    0.63212    0.05803
   1229.41000    0.85362    0.03734    0.54033    0.07642
   1231.39000    0.90496    0.05695    0.71023    0.06621
   1234.67000    0.92303    0.06998    0.67273    0.04490
   1238.23000    0.86595    0.05725    0.74690    0.04650
   1239.74000    0.95642    0.04497    0.72574    0.02622
   1243.31000    0.97746    0.08104    0.60177    0.05875
   1246.99000    0.86172    0.04489    0.67229    0.04773
   1250.40000    0.90277    0.04637    0.66488    0.04349
   1253.78000    0.88897    0.05274    0.68916    0.02415
   1255.90000    0.91004    0.07576    0.76379    0.08465
   1258.29000    0.82183    0.06156    0.70348    0.04462
   1260.81000    0.95828    0.05314    0.69619    0.05060
   1263.38000    0.85457    0.04468    0.63848    0.03016
   1266.52000    0.78451    0.03455    0.65327    0.06210
   1269.93000    0.87575    0.02011    0.72728    0.05032
   1270.95000    0.83933    0.03825    0.61776    0.05806
   1274.75000    0.80556    0.06279    0.58641    0.05276
   1277.90000    0.86714    0.05182    0.66514    0.07286
   1281.35000    0.87412    0.07628    0.77121    0.06699
   1283.07000    0.70786    0.05036    0.70026    0.06320
   1286.54000    0.81046    0.03815    0.65405    0.04295
   1287.02000    0.89420    0.02610    0.68639    0.08020
   1291.61000    0.97861    0.06566    0.72592    0.04735
   1295.74000    0.91103    0.06499    0.60253    0.05796
   1297.60000    0.87368    0.02257    0.70277    0.03489
   1300.93000    0.90354    0.05831    0.65065    0.04773
   1303.85000    0.81518    0.04609    0.73400    0.07613
   1305.55000    0.83953    0.05542    0.50389    0.04633
   1306.18000    0.87119    0.08554    0.65869    0.03079
   1308.65000    0.84486    0.03857    0.65626    0.03309
   1312.98000    0.87448    0.04868    0.68250    0.02920
   1315.75000    0.76938    0.04245    0.66858    0.09305
   1319.48000    0.87478    0.05078    0.63094    0.06111
   1324.03000    0.87617    0.06605    0.64914    0.04179
   1325.79000    0.81885    0.05298    0.48850    0.09581
   1328.60000    0.93370    0.08003    0.64280    0.07399
   1334.37000    0.89094    0.03799    0.71012    0.06259
   1460.84000    0.85258    0.06202    0.66048    0.04908
   1463.82000    0.70695    0.06989    0.64690    0.04824
   1465.78000    0.95143    0.06556    0.60048    0.05627
   1468.64000    0.85843    0.04987    0.63350    0.03951
   1471.80000    0.85183    0.02476    0.67815    0.04533
   1474.89000    0.86186    0.04786    0.59571    0.07046
   1478.51000    0.89460    0.03948    0.63843    0.05067
   1480.39000    0.82394    0.03446    0.72210    0.07213
   1484.59000    0.85876    0.04074    0.62425    0.07185
   1488.88000    0.95073    0.08059    0.63880    0.07471
   1489.03000    0.84453    0.05808    0.59534    0.03374
   1492.66000    0.90786    0.06881    0.66167    0.01245
   1496.82000    0.86980    0.04276    0.63943    0.03568
   1500.39000    0.79426    0.05202    0.53399    0.05232
   1502.64000    0.86398    0.04727    0.63407    0.00985
   1504.88000    0.97027    0.07784    0.68236    0.07953
   1508.55000    0.95543    0.04430    0.65017    0.06635
   1512.04000    1.01997    0.07934    0.56411    0.06479
   1514.38000    0.86409    0.03202    0.59780    0.06018
   1517.76000    0.95662    0.05817    0.65438    0.06104
   1520.76000    0.89794    0.04619    0.69021    0.04216
   1525.06000    0.83520    0.04831    0.71698    0.06390
   1528.53000    0.86439    0.02804    0.67848    0.04582
   1531.81000    0.83624    0.02246    0.66830    0.03703
   1535.05000    0.83235    0.06626    0.68506    0.04864
   1538.04000    0.87607    0.04620    0.64332    0.05927
   1541.66000    1.06481    0.06963    0.72387    0.05689
   1545.06000    0.94178    0.05048    0.72089    0.05103
   1548.54000    0.92321    0.03208    0.75792    0.06530
   1549.38000    0.94788    0.07428    0.65166    0.03659
   1551.70000    0.89440    0.07019    0.63275    0.03798
   1556.08000    0.78257    0.08233    0.63460    0.07055
   1559.88000    0.90608    0.04768    0.65476    0.04023
   1561.65000    0.90617    0.03999    0.72128    0.05344
   1565.59000    0.97544    0.04996    0.73310    0.05045
   1566.94000    0.92746    0.04797    0.69472    0.05584
   1569.70000    0.95571    0.03657    0.75726    0.07676
   1573.84000    0.91657    0.06564    0.70599    0.06530
   1575.73000    0.92341    0.05111    0.50801    0.05304
   1576.44000    0.92453    0.07286    0.61385    0.07188
   1581.37000    0.91348    0.04926    0.65989    0.03257
   1583.65000    0.80782    0.06769    0.59343    0.06404
   1584.59000    1.03576    0.08226    0.59089    0.05014
   1587.98000    0.88162    0.03027    0.67959    0.04512
   1593.38000    0.92090    0.03954    0.63347    0.08599
   1597.93000    0.91403    0.04070    0.77152    0.07602
   1600.27000    0.90613    0.08369    0.82410    0.06341
   1602.79000    0.99654    0.05141    0.66765    0.04446
   1606.20000    0.88909    0.08921    0.66155    0.02379
   1608.65000    0.93498    0.05932    0.69930    0.04852
   1612.21000    0.89569    0.05147    0.62773    0.05432
   1614.27000    0.93919    0.07818    0.73079    0.04542
   1616.93000    0.88615    0.05029    0.71922    0.05290
   1620.62000    0.96010    0.05889    0.61761    0.04280
   1625.69000    0.86464    0.04910    0.71108    0.02265
   1627.50000    0.91606    0.06950    0.68718    0.04133
   1630.43000    0.83662    0.06102    0.74472    0.06194
   1635.59000    0.91533    0.03973    0.66041    0.05680
   1640.75000    0.90853    0.05810    0.68862    0.03678
   1642.99000    0.89372    0.04789    0.69772    0.05102
   1646.39000    0.88385    0.06030    0.63195    0.05534
   1649.49000    0.93426    0.04977    0.80723    0.06404
   1652.48000    0.94780    0.03058    0.67914    0.05822
   1655.05000    1.02241    0.06966    0.70760    0.01474
   1658.91000    0.98403    0.03704    0.73633    0.05789
   1661.81000    0.93220    0.05620    0.73137    0.01082
   1665.27000    1.07607    0.08120    0.72910    0.05134
   1668.85000    0.92158    0.04784    0.77774    0.04768
   1672.17000    0.92499    0.05663    0.81843    0.07237
   1673.70000    1.03555    0.04887    0.74540    0.06508
   1676.04000    0.95420    0.06598    0.74178    0.06943
   1679.60000    1.04551    0.05764    0.84547    0.05722
   1682.94000    0.92744    0.05687    0.78585    0.09042
   1688.29000    0.94301    0.05953    0.64988    0.06696
   1690.47000    0.85162    0.06316    0.67520    0.07043
   1694.17000    0.84785    0.05559    0.67594    0.04968
   1697.32000    0.87826    0.05553    0.69364    0.03320
