## Time Delay Challenge light curves
##
## [time]=days, [lc]=[err]=flux in nanomaggies
##
##       time       lc_A      err_A       lc_B      err_B
##-------------------------------------------------------
      3.13000    2.94038    0.05423    0.25233    0.02863
      4.82000    2.91573    0.05517    0.18150    0.05156
      7.41000    3.04547    0.08958    0.26571    0.03428
     10.76000    2.80230    0.06775    0.13980    0.07159
     14.50000    3.00756    0.03208    0.32531    0.06280
     18.61000    3.05472    0.06732    0.32843    0.06953
     21.03000    3.01349    0.04209    0.26458    0.05883
     23.26000    2.96909    0.05377    0.32399    0.05236
     25.46000    2.83429    0.02655    0.25575    0.05783
     29.08000    2.74704    0.06407    0.28066    0.04877
     31.49000    2.65035    0.03161    0.33376    0.03847
     34.96000    2.71365    0.04929    0.38397    0.06859
     37.45000    2.68532    0.04569    0.33186    0.02596
     39.32000    2.82323    0.04828    0.30585    0.06607
     42.46000    2.56621    0.03377    0.31402    0.04165
     45.78000    2.43972    0.05285    0.29972    0.06215
     49.48000    2.35696    0.05497    0.31470    0.05594
     51.93000    2.26537    0.05876    0.33673    0.07668
     54.56000    2.33851    0.04657    0.34428    0.07442
     60.80000    2.37606    0.05924    0.33632    0.04482
     64.22000    2.40113    0.04279    0.24672    0.04813
     67.46000    2.43711    0.06356    0.19738    0.06910
     71.69000    2.26547    0.05837    0.27101    0.07057
     74.35000    2.54364    0.05438    0.24046    0.04669
     77.34000    2.45948    0.06497    0.23276    0.04265
     81.32000    2.53452    0.06834    0.17911    0.07094
     83.86000    2.39101    0.05342    0.23183    0.06784
     88.32000    2.23306    0.03814    0.27128    0.04653
     91.15000    2.12271    0.05850    0.34024    0.04320
     92.77000    2.28376    0.08111    0.25263    0.05250
     96.27000    2.18257    0.05953    0.29571    0.02523
     98.36000    2.25689    0.04797    0.23006    0.07725
    101.73000    2.23475    0.09012    0.25046    0.05651
    103.64000    2.27173    0.04170    0.34614    0.07074
    107.64000    2.35198    0.05056    0.22881    0.06681
    109.27000    2.16922    0.02950    0.34631    0.04628
    113.06000    2.37128    0.08074    0.37997    0.07642
    116.00000    2.39626    0.08546    0.26669    0.05200
    117.11000    2.32707    0.05594    0.18532    0.04582
    122.72000    2.38383    0.07958    0.34893    0.07364
    124.50000    2.31142    0.07245    0.23988    0.06625
    125.88000    2.50429    0.06563    0.37805    0.05668
    128.11000    2.40037    0.06676    0.29359    0.06394
    130.35000    2.62229    0.06994    0.20353    0.05322
    133.89000    2.51872    0.04719    0.19169    0.06600
    136.69000    2.43794    0.04885    0.32966    0.06225
    140.23000    2.57363    0.04027    0.24723    0.05390
    144.73000    2.71859    0.07423    0.20770    0.07819
    147.27000    2.55485    0.05521    0.43507    0.03989
    149.70000    2.48945    0.06068    0.38719    0.05742
    150.98000    2.50282    0.05610    0.38455    0.04425
    154.57000    2.35027    0.05242    0.33278    0.04248
    159.06000    2.40008    0.01194    0.38012    0.06929
    162.92000    2.29168    0.04150    0.33328    0.07368
    165.89000    2.12474    0.05986    0.28556    0.08259
    169.14000    2.19713    0.05187    0.30815    0.03753
    172.02000    2.11278    0.05664    0.34218    0.05991
    173.05000    2.03136    0.04467    0.33379    0.05651
    177.48000    2.09690    0.02286    0.25483    0.04041
    180.55000    2.06538    0.07098    0.32344    0.03577
    182.66000    2.20045    0.07654    0.21435    0.04569
    186.62000    1.94671    0.07231    0.25791    0.04908
    190.39000    2.01060    0.02017    0.27888    0.04364
    191.81000    2.00143    0.04103    0.19263    0.05886
    194.51000    2.03389    0.06545    0.30464    0.06493
    195.45000    2.08631    0.05167    0.21767    0.06451
    197.30000    1.99642    0.05871    0.31299    0.07081
    201.36000    1.99479    0.04425    0.22234    0.02796
    204.27000    1.82125    0.07184    0.27685    0.04256
    206.66000    1.91059    0.02685    0.16263    0.04881
    210.52000    1.92838    0.03750    0.24660    0.03229
    215.71000    1.84804    0.03425    0.17656    0.03654
    221.67000    1.90317    0.04463    0.22439    0.05251
    224.91000    2.13297    0.06766    0.19220    0.04726
    227.70000    2.02496    0.06006    0.19635    0.04690
    230.78000    1.93789    0.06340    0.33045    0.05274
    233.72000    2.02615    0.07309    0.22728    0.03897
    238.43000    1.89158    0.05387    0.22305    0.05375
    366.76000    2.62425    0.08035    0.24662    0.06592
    367.86000    2.71702    0.06829    0.28830    0.04221
    369.61000    2.65571    0.02958    0.22025    0.05246
    373.72000    2.56711    0.03758    0.30061    0.05120
    375.73000    2.57938    0.04194    0.35610    0.04938
    378.57000    2.55610    0.03836    0.27090    0.04994
    381.04000    2.73625    0.01998    0.31042    0.08015
    383.84000    2.74910    0.06192    0.16596    0.06830
    387.68000    2.68266    0.06963    0.37588    0.06285
    391.79000    2.69342    0.06448    0.29716    0.05614
    393.42000    2.85023    0.07373    0.28581    0.03128
    394.29000    2.66868    0.08303    0.31179    0.06190
    398.68000    2.94021    0.06215    0.27895    0.06284
    401.55000    2.93746    0.02842    0.32650    0.06071
    404.29000    2.72872    0.07072    0.38820    0.06607
    406.82000    2.74273    0.06385    0.33339    0.04310
    409.89000    2.53639    0.04104    0.32918    0.05150
    414.62000    2.64241    0.04844    0.26250    0.05029
    416.59000    2.48413    0.08498    0.31791    0.07450
    419.20000    2.69411    0.03741    0.30153    0.04126
    423.61000    2.76620    0.06142    0.29872    0.05125
    425.70000    2.56066    0.03357    0.19002    0.07388
    428.15000    2.25158    0.04326    0.28317    0.04157
    432.04000    2.55346    0.06261    0.27087    0.04657
    435.21000    2.31697    0.05249    0.32606    0.05953
    438.25000    2.34542    0.04589    0.28631    0.04403
    441.69000    2.39066    0.05127    0.32205    0.05158
    445.05000    2.38905    0.07118    0.27313    0.05977
    448.92000    2.48114    0.01937    0.30857    0.06630
    452.08000    2.41878    0.05080    0.27228    0.03355
    455.18000    2.45890    0.06957    0.24068    0.06128
    458.36000    2.28352    0.04286    0.23076    0.04364
    461.22000    2.35364    0.08624    0.30570    0.05997
    464.01000    2.47048    0.05949    0.35849    0.03963
    467.71000    2.36299    0.07982    0.31645    0.03334
    470.34000    2.41893    0.04463    0.37749    0.03904
    473.07000    2.35536    0.07763    0.26020    0.03605
    477.37000    2.49241    0.03633    0.36216    0.06296
    480.18000    2.45767    0.03704    0.28094    0.06193
    482.29000    2.69404    0.08686    0.26126    0.05283
    485.77000    2.73882    0.04975    0.24803    0.02799
    488.78000    2.60058    0.04050    0.14432    0.06560
    492.22000    2.77408    0.07974    0.32968    0.06696
    496.74000    2.55812    0.06852    0.19363    0.07305
    500.94000    2.59610    0.06672    0.32938    0.06115
    504.38000    2.83072    0.08458    0.36117    0.05603
    507.89000    2.73468    0.05373    0.31373    0.09023
    509.22000    2.54457    0.06109    0.15492    0.04728
    513.96000    2.75841    0.10135    0.27167    0.04874
    516.44000    2.54013    0.02141    0.32572    0.02168
    517.00000    2.53140    0.01793    0.26281    0.04927
    520.50000    2.67376    0.04054    0.28326    0.04920
    523.45000    2.61404    0.04038    0.28571    0.02481
    527.32000    2.56183    0.06997    0.26913    0.05667
    530.75000    2.68294    0.03280    0.10525    0.06056
    533.92000    2.59673    0.06050    0.25345    0.06740
    537.03000    2.57758    0.02628    0.26680    0.05005
    540.56000    2.48379    0.04994    0.29184    0.03942
    542.46000    2.55046    0.03043    0.35846    0.04989
    545.97000    2.48651    0.04308    0.25456    0.04740
    549.31000    2.33991    0.02537    0.31329    0.06756
    551.50000    2.36348    0.04342    0.26124    0.04281
    552.67000    2.29701    0.02368    0.26634    0.07739
    555.48000    2.36862    0.04613    0.27639    0.05950
    559.62000    2.35500    0.06697    0.29421    0.03495
    562.62000    2.42783    0.07464    0.29349    0.06091
    563.39000    2.20206    0.06007    0.24919    0.03719
    565.52000    2.38734    0.04466    0.30500    0.03923
    569.28000    2.32991    0.04137    0.31665    0.05295
    572.20000    2.37692    0.05665    0.25701    0.05208
    576.02000    2.27864    0.05805    0.14585    0.05793
    578.39000    2.33632    0.05818    0.27576    0.05564
    582.22000    2.14895    0.04529    0.22958    0.05581
    586.42000    2.19794    0.04745    0.23263    0.04455
    589.75000    2.16078    0.07894    0.16913    0.04830
    591.50000    2.10046    0.06330    0.24268    0.05065
    594.30000    2.10225    0.05256    0.25636    0.05415
    598.59000    2.19711    0.04079    0.28774    0.03256
    601.31000    2.09378    0.06049    0.30076    0.03591
    732.60000    2.48861    0.07080    0.27430    0.04440
    734.42000    2.63880    0.03202    0.30213    0.02834
    737.73000    2.46527    0.04553    0.34140    0.04414
    741.47000    2.52848    0.01409    0.24324    0.05229
    744.24000    2.42006    0.05223    0.18524    0.06220
    747.08000    2.28037    0.04630    0.33054    0.05137
    750.73000    2.41054    0.05348    0.34516    0.06611
    755.06000    2.38168    0.06904    0.27985    0.03747
    757.95000    2.19746    0.07072    0.26944    0.06995
    758.91000    2.26411    0.02323    0.24127    0.06359
    762.76000    2.40009    0.10106    0.18599    0.05338
    766.27000    2.32938    0.02197    0.22834    0.04552
    769.63000    2.23800    0.07429    0.28882    0.06091
    772.02000    2.35522    0.03035    0.35307    0.07024
    773.59000    2.44569    0.05451    0.29714    0.04730
    777.16000    2.50371    0.02752    0.28454    0.06205
    779.39000    2.54847    0.07813    0.23589    0.08026
    781.75000    2.40072    0.02796    0.21445    0.05374
    783.95000    2.27276    0.07634    0.20474    0.04709
    784.78000    2.26349    0.05736    0.17285    0.06590
    786.72000    2.20872    0.04071    0.33176    0.05560
    791.82000    2.23019    0.04702    0.21095    0.03666
    792.42000    2.26420    0.08307    0.23073    0.03630
    796.16000    2.26618    0.05177    0.23829    0.07580
    799.58000    2.15232    0.03352    0.17004    0.05203
    803.78000    2.18422    0.04037    0.14080    0.06546
    807.17000    2.01894    0.04291    0.28839    0.03986
    810.49000    2.18417    0.08036    0.30740    0.07316
    813.41000    2.10391    0.05935    0.22001    0.07631
    815.97000    2.05627    0.04619    0.27767    0.06621
    819.10000    2.07295    0.05584    0.20764    0.05689
    823.00000    2.05229    0.03428    0.23650    0.05156
    827.41000    2.19487    0.08791    0.19140    0.04678
    830.81000    2.16708    0.04382    0.25352    0.05671
    834.18000    2.06679    0.05699    0.09034    0.06804
    837.19000    1.94907    0.08301    0.22479    0.06854
    839.43000    1.95430    0.06678    0.23592    0.05833
    842.01000    1.88766    0.02850    0.13133    0.06657
    845.12000    1.98055    0.04270    0.16064    0.03106
    847.37000    1.88957    0.05946    0.19311    0.04287
    852.53000    1.90424    0.07821    0.20401    0.03373
    854.82000    1.89367    0.04970    0.22567    0.04602
    856.72000    1.91413    0.06772    0.21328    0.07969
    861.34000    2.05380    0.05617    0.24355    0.04083
    864.88000    2.00583    0.04117    0.23115    0.03834
    866.41000    2.10065    0.04702    0.23558    0.03941
    869.34000    1.93501    0.06351    0.20867    0.04559
    872.66000    1.92351    0.04671    0.18579    0.04283
    875.20000    1.92382    0.03218    0.22802    0.04009
    879.26000    2.06834    0.03729    0.22145    0.03875
    880.41000    2.14679    0.05970    0.19545    0.07319
    883.97000    1.91777    0.06746    0.17416    0.04974
    886.89000    2.18340    0.07246    0.21207    0.04393
    888.76000    2.25515    0.06368    0.25609    0.05551
    890.63000    2.49179    0.06135    0.18943    0.03632
    892.01000    2.44448    0.03266    0.27936    0.06242
    893.58000    2.59276    0.06454    0.19054    0.05918
    898.47000    2.62495    0.06128    0.18823    0.06224
    900.31000    2.57453    0.06285    0.23003    0.05133
    902.65000    2.46691    0.05368    0.20252    0.06134
    906.13000    2.50088    0.05431    0.25266    0.02627
    909.85000    2.39378    0.06634    0.26748    0.03702
    912.30000    2.53477    0.08466    0.25181    0.03665
    916.40000    2.56500    0.04065    0.32511    0.05807
    918.39000    2.69777    0.07524    0.24478    0.04196
    921.13000    2.82462    0.04724    0.15827    0.06632
    924.54000    2.69884    0.03838    0.23089    0.04607
    927.40000    2.65290    0.06593    0.26421    0.04588
    930.21000    2.57291    0.07134    0.27660    0.04925
    934.06000    2.37157    0.01861    0.30329    0.05460
    937.31000    2.49279    0.06238    0.26373    0.04776
    940.64000    2.32917    0.07246    0.25396    0.06126
    942.55000    2.29693    0.07110    0.33934    0.05533
    946.47000    2.39578    0.05726    0.24117    0.05227
    949.06000    2.39214    0.02791    0.24358    0.08070
    951.42000    2.45068    0.06221    0.29925    0.05678
    954.03000    2.47506    0.03604    0.24678    0.05382
    956.61000    2.48077    0.06483    0.14709    0.07120
    959.89000    2.52675    0.03214    0.17756    0.04187
    962.30000    2.44507    0.06550    0.22207    0.05117
    964.67000    2.49590    0.05375    0.35721    0.07038
    967.05000    2.52874    0.06006    0.21044    0.08321
   1097.38000    3.10307    0.03473    0.25691    0.06680
   1099.49000    2.91349    0.04102    0.21220    0.07012
   1103.52000    2.95377    0.03954    0.30348    0.05512
   1106.98000    2.78588    0.06579    0.41196    0.07940
   1108.52000    2.85342    0.06289    0.23372    0.07319
   1110.48000    2.68172    0.05538    0.37166    0.10302
   1112.59000    2.80724    0.03185    0.24230    0.05053
   1114.83000    2.99823    0.06155    0.26935    0.05327
   1116.89000    3.01342    0.05648    0.32940    0.06007
   1119.53000    2.83768    0.05798    0.45600    0.06160
   1122.72000    2.95987    0.09254    0.31799    0.03849
   1126.16000    2.82455    0.02607    0.20599    0.05491
   1129.47000    2.73876    0.04678    0.30564    0.06311
   1130.53000    2.72092    0.05405    0.23639    0.06373
   1132.50000    2.79387    0.02800    0.28605    0.02871
   1136.01000    2.81813    0.04462    0.23323    0.04537
   1139.36000    2.85715    0.05424    0.31591    0.05451
   1142.80000    2.75813    0.05334    0.26170    0.04484
   1145.13000    2.92477    0.04056    0.31590    0.06430
   1147.99000    2.89370    0.03273    0.34669    0.04590
   1151.17000    2.96403    0.03813    0.23464    0.07869
   1152.87000    3.02505    0.04477    0.26452    0.05726
   1155.63000    3.10520    0.04909    0.26944    0.04783
   1159.22000    3.01943    0.06331    0.33243    0.02544
   1161.52000    2.74133    0.04696    0.26536    0.04200
   1164.09000    2.82801    0.05206    0.35492    0.05997
   1168.73000    2.73814    0.03897    0.31765    0.05337
   1172.02000    2.80942    0.04363    0.33612    0.06007
   1174.72000    2.90189    0.01933    0.47745    0.06966
   1177.31000    2.68915    0.04087    0.31400    0.04369
   1180.95000    2.83147    0.03751    0.27613    0.05926
   1181.71000    2.84234    0.05319    0.28965    0.04064
   1184.29000    2.56980    0.05259    0.20186    0.05460
   1187.63000    2.46422    0.02336    0.34371    0.04038
   1190.93000    2.40259    0.03340    0.36113    0.07175
   1193.48000    2.54837    0.04503    0.41691    0.05397
   1195.09000    2.37807    0.06337    0.37209    0.07334
   1197.77000    2.43859    0.06546    0.32641    0.05861
   1201.36000    2.63906    0.08151    0.37143    0.05375
   1203.54000    2.66890    0.04972    0.21082    0.08045
   1206.80000    2.67958    0.05285    0.24286    0.06450
   1210.13000    2.77526    0.05204    0.29881    0.08302
   1213.83000    2.46045    0.03256    0.29155    0.02827
   1217.59000    2.59360    0.04742    0.34917    0.06984
   1220.83000    2.83076    0.04217    0.30780    0.02844
   1225.05000    2.72811    0.03346    0.33992    0.04592
   1229.94000    2.55350    0.08009    0.19014    0.06430
   1234.41000    2.70964    0.04108    0.24211    0.06345
   1236.41000    2.63311    0.03945    0.25276    0.02930
   1238.24000    2.69513    0.04242    0.31823    0.06870
   1240.80000    2.78471    0.07563    0.34835    0.06894
   1243.85000    2.65361    0.04310    0.30160    0.04636
   1246.61000    2.59006    0.06789    0.30775    0.03069
   1250.25000    2.81088    0.06702    0.29263    0.06379
   1254.02000    2.82804    0.04628    0.25262    0.04668
   1258.88000    2.87893    0.04254    0.27368    0.07542
   1262.68000    2.67638    0.04981    0.36956    0.05594
   1266.03000    2.77517    0.03258    0.32711    0.03444
   1268.94000    2.75121    0.05145    0.38908    0.07856
   1270.89000    2.82856    0.03750    0.40795    0.04716
   1273.78000    2.75983    0.05538    0.29955    0.03543
   1276.58000    2.75605    0.10862    0.35542    0.04708
   1279.24000    2.96524    0.02222    0.19458    0.08030
   1282.54000    2.97879    0.08579    0.23837    0.07004
   1285.53000    2.81509    0.07491    0.37704    0.06305
   1287.99000    2.87719    0.04176    0.33020    0.05495
   1293.02000    2.83479    0.00586    0.37652    0.04214
   1296.18000    2.90410    0.04044    0.29323    0.04565
   1299.92000    2.65101    0.04493    0.34333    0.06912
   1302.28000    2.74594    0.05308    0.25870    0.05989
   1303.29000    2.71133    0.06959    0.32879    0.06507
   1305.89000    2.73001    0.08366    0.30519    0.04821
   1310.24000    2.82074    0.04165    0.33014    0.07100
   1313.20000    2.59790    0.01865    0.26779    0.05842
   1316.49000    2.61964    0.01735    0.29477    0.05579
   1319.36000    2.50322    0.04931    0.19185    0.06485
   1320.77000    2.48119    0.04189    0.22401    0.04853
   1322.92000    2.37968    0.05000    0.30143    0.04065
   1326.38000    2.34382    0.04997    0.26493    0.02429
   1330.36000    2.05911    0.07113    0.30225    0.04543
   1334.70000    2.22089    0.05066    0.25255    0.04525
   1461.03000    2.24506    0.05287    0.26095    0.02301
   1463.46000    2.34604    0.06916    0.23488    0.03965
   1465.62000    2.50699    0.07624    0.21940    0.02283
   1469.57000    2.65013    0.03704    0.32483    0.05646
   1472.70000    2.38765    0.06494    0.22627    0.03496
   1474.41000    2.50016    0.06444    0.28862    0.05826
   1476.69000    2.54529    0.06752    0.22804    0.07139
   1480.55000    2.76728    0.05091    0.29858    0.08838
   1482.69000    2.71747    0.04079    0.21953    0.03604
   1488.57000    2.66511    0.06972    0.26371    0.04858
   1491.88000    2.66979    0.05071    0.36174    0.06768
   1495.11000    2.55217    0.05481    0.26258    0.00878
   1498.07000    2.50152    0.05424    0.15642    0.08818
   1502.67000    2.59053    0.06357    0.25351    0.03684
   1504.09000    2.73774    0.04107    0.30083    0.08541
   1505.49000    2.76425    0.07562    0.25131    0.02300
   1507.63000    2.62831    0.05626    0.21195    0.06337
   1510.74000    2.54100    0.08305    0.27651    0.06611
   1511.34000    2.61139    0.07034    0.28891    0.04620
   1513.89000    2.49424    0.02243    0.18202    0.07628
   1517.42000    2.39709    0.05476    0.32131    0.03157
   1519.86000    2.56979    0.04856    0.26704    0.04303
   1522.83000    2.32591    0.05911    0.27705    0.04696
   1526.78000    2.44541    0.02318    0.26898    0.03337
   1529.93000    2.50153    0.02746    0.20823    0.06686
   1531.91000    2.57333    0.05664    0.19362    0.06159
   1535.61000    2.51125    0.06455    0.23567    0.02600
   1537.33000    2.48260    0.04668    0.36232    0.07866
   1539.79000    2.44290    0.06759    0.24208    0.03238
   1544.28000    2.55105    0.06429    0.30748    0.05703
   1546.43000    2.48050    0.06522    0.24919    0.05681
   1550.50000    2.41085    0.05676    0.36739    0.06420
   1553.02000    2.47613    0.03849    0.28655    0.03397
   1557.80000    2.53770    0.06086    0.28508    0.04777
   1560.26000    2.56853    0.04913    0.17723    0.07241
   1562.71000    2.43725    0.05623    0.19229    0.07224
   1563.70000    2.32874    0.03294    0.24337    0.03629
   1567.61000    2.39908    0.06438    0.25434    0.04926
   1571.54000    2.58900    0.06735    0.23553    0.04653
   1574.19000    2.76476    0.06017    0.32165    0.04263
   1577.15000    2.73143    0.03286    0.39733    0.08022
   1581.95000    2.83830    0.09505    0.27262    0.04189
   1584.07000    2.68445    0.04006    0.22548    0.05197
   1587.11000    2.67915    0.04732    0.26165    0.07711
   1590.66000    2.83831    0.05331    0.26831    0.07677
   1592.31000    2.81641    0.02657    0.31738    0.03414
   1594.85000    2.84054    0.06058    0.30430    0.08893
   1596.95000    2.87733    0.07001    0.29078    0.06819
   1600.74000    2.81852    0.04258    0.34815    0.05094
   1604.43000    2.80555    0.04950    0.29521    0.04947
   1607.14000    2.95181    0.06673    0.30509    0.04961
   1611.73000    2.89234    0.03376    0.33418    0.04151
   1613.63000    3.08350    0.04152    0.24929    0.07598
   1615.34000    3.06369    0.06804    0.27355    0.05736
   1617.87000    3.02282    0.06626    0.30781    0.05508
   1622.17000    2.92128    0.08262    0.32259    0.06197
   1627.33000    3.00298    0.05461    0.33895    0.04056
   1629.59000    2.97791    0.06049    0.39668    0.06195
   1634.61000    3.03329    0.06018    0.32698    0.06028
   1639.03000    3.05809    0.02512    0.30118    0.04799
   1641.95000    2.79540    0.06283    0.27358    0.06544
   1643.97000    2.98575    0.03874    0.38031    0.04871
   1646.69000    2.73529    0.05234    0.32356    0.06342
   1648.92000    2.87747    0.07689    0.25938    0.03726
   1652.49000    2.91192    0.05766    0.31268    0.04252
   1654.68000    2.88772    0.06492    0.32056    0.03915
   1658.21000    2.86472    0.04851    0.32761    0.06199
   1662.14000    2.69155    0.05133    0.31914    0.03091
   1665.59000    2.63376    0.04459    0.47376    0.08000
   1668.40000    2.74279    0.01770    0.20937    0.04802
   1671.64000    2.72687    0.02905    0.33646    0.06549
   1673.52000    2.76792    0.05983    0.20247    0.05117
   1677.58000    2.81427    0.04536    0.35001    0.07655
   1680.93000    2.85489    0.02678    0.34838    0.03300
   1684.36000    2.68083    0.04095    0.31681    0.03121
   1687.84000    2.65723    0.05520    0.31215    0.04042
   1691.78000    2.51017    0.04048    0.28504    0.04545
   1694.36000    2.45452    0.04597    0.25317    0.05403
   1697.00000    2.50120    0.07302    0.29015    0.05889
