## Time Delay Challenge light curves
##
## [time]=days, [lc]=[err]=flux in nanomaggies
##
##       time       lc_A      err_A       lc_B      err_B
##-------------------------------------------------------
      1.69000    3.61539    0.03189    8.25296    0.05216
      4.01000    3.37521    0.07387    8.14752    0.07840
      6.68000    3.58903    0.07416    8.41008    0.04523
     10.29000    3.51796    0.05034    8.46946    0.05627
     14.16000    3.32965    0.04166    8.17851    0.04832
     17.61000    3.12197    0.09343    7.65881    0.05966
     20.05000    3.09651    0.08751    7.70671    0.06564
     23.18000    3.09079    0.03542    7.65105    0.05634
     27.36000    3.06271    0.04823    8.23127    0.03591
     31.77000    3.15871    0.03529    7.71125    0.03313
     34.75000    3.28332    0.08702    7.55085    0.05474
     37.51000    3.13525    0.04694    7.51893    0.04036
     40.16000    2.97554    0.06324    7.48829    0.06474
     43.58000    2.98531    0.08038    7.55834    0.04742
     46.66000    3.16900    0.04238    7.64052    0.04080
     48.43000    3.15995    0.01113    7.95636    0.05260
     54.60000    3.03933    0.04414    8.10717    0.04633
     56.96000    3.00930    0.04386    7.71429    0.05703
     58.87000    3.10096    0.04602    8.04678    0.04577
     63.55000    3.00604    0.02059    8.59362    0.05216
     68.11000    3.05903    0.03295    8.60984    0.07599
     70.82000    3.21085    0.03363    9.07773    0.06011
     73.51000    3.18639    0.05468    8.99871    0.06411
     77.90000    3.19312    0.06703    8.95926    0.05956
     81.73000    3.02544    0.04604    9.03461    0.02540
     83.95000    3.16266    0.07885    8.30522    0.06546
     87.68000    2.97545    0.03964    8.07924    0.04689
     91.84000    2.96483    0.03842    8.20470    0.08700
     94.40000    2.91181    0.07588    7.88406    0.03892
     97.55000    2.82465    0.07855    7.74599    0.07522
    100.86000    2.63731    0.08185    7.38749    0.05279
    102.75000    2.76688    0.03628    7.32644    0.03700
    105.69000    2.68143    0.03894    7.24063    0.04342
    110.64000    2.90198    0.06966    7.35948    0.05848
    116.58000    2.73172    0.06492    7.47017    0.02920
    118.83000    2.59579    0.05058    7.41132    0.04756
    120.16000    2.47714    0.05107    7.41589    0.02725
    123.40000    2.60203    0.05217    8.01258    0.04650
    127.03000    2.69305    0.03428    7.68981    0.04974
    130.66000    2.71461    0.07501    8.15195    0.04350
    133.38000    2.75569    0.05024    9.02950    0.04197
    136.80000    2.81751    0.03523    9.17671    0.07261
    139.24000    2.81674    0.06169    9.61006    0.04329
    142.72000    2.91756    0.06078    9.36622    0.08006
    145.22000    2.88548    0.06377    9.14603    0.06438
    146.30000    3.09249    0.08956    8.91765    0.05124
    148.08000    2.88237    0.06498    9.17307    0.06809
    148.60000    2.97389    0.03906    9.14102    0.06795
    152.73000    3.16016    0.06408    8.96867    0.04757
    155.16000    3.24328    0.06558    8.92163    0.04989
    159.75000    2.93633    0.04172    9.29766    0.05784
    162.86000    3.06623    0.06875    9.85834    0.05491
    164.33000    3.02901    0.06733   10.19768    0.05777
    168.15000    2.88494    0.05781    9.80843    0.04904
    172.30000    2.80129    0.03317    9.61733    0.06926
    175.61000    2.89735    0.02638    9.48782    0.07767
    178.47000    2.60952    0.06462    9.63398    0.03885
    181.58000    2.66932    0.03248    9.63713    0.08722
    183.76000    2.58617    0.04253    9.79381    0.05479
    185.41000    2.53057    0.05726    9.50968    0.06944
    188.31000    2.59837    0.05881    9.53361    0.04581
    190.55000    2.46018    0.02977    9.36424    0.05760
    194.94000    2.60245    0.06871    9.75548    0.03356
    198.23000    2.55453    0.04058    9.08661    0.08978
    201.55000    2.52484    0.07562    8.95487    0.04347
    205.80000    2.57717    0.06985    9.15604    0.04412
    209.65000    2.65496    0.04861    9.08350    0.04133
    213.43000    2.77883    0.02098    9.26629    0.05420
    217.28000    3.09547    0.01891    9.91698    0.06944
    219.18000    3.11508    0.04786   10.01223    0.04959
    219.62000    3.01906    0.03990    9.93831    0.01945
    222.22000    2.97803    0.05429    9.75795    0.08406
    225.56000    3.19261    0.04979    9.99325    0.03794
    228.92000    3.04128    0.02678    9.98802    0.06301
    232.42000    3.11730    0.06735    9.74499    0.06275
    235.18000    3.10913    0.04152    9.86711    0.04610
    238.22000    3.00297    0.05656   10.03131    0.04720
    238.48000    3.07961    0.06700   10.02577    0.05174
    366.38000    3.00885    0.03994    8.36657    0.05833
    368.97000    2.89277    0.04940    8.29447    0.04832
    371.83000    3.15411    0.05316    8.34952    0.06812
    373.10000    3.11446    0.07092    8.66576    0.06394
    376.77000    3.36700    0.01206    8.77142    0.05186
    381.12000    3.34920    0.05699    8.10663    0.05085
    382.88000    3.14184    0.05135    8.14702    0.03457
    383.47000    3.04352    0.08127    8.11328    0.04768
    386.52000    2.99922    0.05604    8.22635    0.04161
    389.58000    3.00301    0.05256    8.57432    0.01917
    390.13000    2.99043    0.05106    8.46484    0.05487
    393.24000    2.81224    0.07107    8.87408    0.07216
    394.82000    2.79844    0.07711    8.83875    0.04979
    398.56000    2.97055    0.05140    8.79652    0.04219
    403.85000    2.94818    0.05800    8.86622    0.02479
    405.71000    2.73949    0.06241    9.13053    0.07546
    408.05000    2.51782    0.07539    8.97326    0.05645
    411.61000    2.85582    0.05310    8.84230    0.07055
    414.09000    2.87164    0.05835    8.60357    0.06674
    415.81000    2.85559    0.04710    8.47349    0.05313
    419.85000    2.87105    0.05073    8.27807    0.04212
    423.87000    2.95074    0.05789    8.16234    0.07446
    427.47000    3.02506    0.03438    8.22111    0.03854
    431.05000    3.20146    0.03483    7.96196    0.06458
    434.11000    3.15803    0.06133    7.95342    0.04284
    435.46000    3.01254    0.05075    8.03235    0.06057
    437.77000    2.99038    0.04018    7.88851    0.04204
    440.36000    3.01392    0.05734    8.49559    0.06023
    445.16000    3.00471    0.03611    8.34744    0.04562
    445.41000    3.09376    0.05580    8.23553    0.07290
    450.08000    2.72766    0.05320    8.39223    0.04333
    452.28000    2.69610    0.06018    8.29746    0.07498
    453.98000    2.80002    0.05540    8.57984    0.06658
    458.78000    2.80307    0.05428    8.33015    0.07493
    461.60000    2.83557    0.03176    8.64188    0.04988
    463.88000    2.63230    0.06104    8.84186    0.02834
    467.60000    2.59536    0.05352    9.18338    0.04579
    468.89000    2.67013    0.06627    8.81386    0.07917
    473.19000    2.85100    0.03464    8.17109    0.03060
    476.71000    2.76874    0.07158    8.22131    0.04763
    479.10000    2.99737    0.06008    8.28428    0.06987
    483.37000    3.00932    0.06961    8.62231    0.04310
    485.96000    2.93701    0.05009    8.67670    0.07964
    488.31000    2.96450    0.03939    8.71248    0.03397
    492.24000    2.89996    0.03147    8.33793    0.02885
    495.33000    2.96815    0.05438    8.32965    0.06472
    497.63000    2.74820    0.06821    8.28720    0.04763
    499.70000    2.80656    0.03060    8.23961    0.06946
    503.25000    2.69670    0.02708    8.65060    0.06301
    504.63000    2.53658    0.07245    8.67113    0.06635
    507.50000    2.74791    0.05648    8.54550    0.03125
    510.46000    2.69429    0.03738    8.38321    0.06246
    514.83000    2.66048    0.05684    8.52938    0.03716
    518.80000    2.65401    0.05271    8.89194    0.06134
    522.16000    2.58276    0.06639    9.09928    0.04005
    525.93000    2.64478    0.04028    8.87613    0.04290
    529.29000    2.72145    0.02001    9.36851    0.05490
    531.85000    2.67562    0.04023    9.83079    0.04671
    534.11000    2.68476    0.05582    9.57662    0.04520
    538.43000    2.78428    0.03478    9.51345    0.06464
    543.06000    2.70563    0.05461    9.85918    0.07747
    545.72000    2.80134    0.06055    9.96420    0.06133
    547.29000    2.84773    0.05666    9.79309    0.05435
    550.42000    2.87591    0.05550    9.76312    0.06086
    554.77000    2.77730    0.07780    9.63326    0.05575
    558.01000    2.51036    0.05289    9.99496    0.04803
    560.12000    2.58818    0.04930    9.72960    0.04137
    564.22000    2.76093    0.05746    9.81522    0.07883
    567.88000    2.74162    0.04677   10.10518    0.04809
    570.87000    2.93934    0.04728    9.47326    0.05562
    574.19000    2.76674    0.05230    9.11807    0.08247
    577.61000    2.67142    0.06648    9.09592    0.04485
    580.99000    2.63269    0.04787    9.64282    0.03855
    584.15000    2.62159    0.04487    9.70420    0.05435
    587.11000    2.79067    0.06172    8.90941    0.07095
    590.80000    2.77395    0.02280    8.31396    0.05821
    594.29000    2.87813    0.06987    7.93557    0.01666
    595.91000    2.81948    0.05495    7.68131    0.05748
    599.92000    2.79176    0.02548    7.63355    0.02725
    604.16000    2.96124    0.04178    7.90815    0.02603
    731.67000    3.06600    0.08584    9.84889    0.04455
    736.45000    3.06672    0.02858   10.95248    0.06202
    741.11000    3.07593    0.06053   10.88820    0.03913
    744.07000    3.23474    0.07865   10.05183    0.03832
    747.42000    3.26620    0.04827   10.74460    0.06423
    751.98000    3.28558    0.07680    9.99348    0.05462
    754.62000    3.33028    0.06708    9.45019    0.05151
    755.97000    3.43850    0.09461    9.51693    0.08126
    758.35000    3.31053    0.02661    9.34430    0.03069
    759.87000    3.42236    0.02574    9.16653    0.06061
    764.27000    3.36193    0.03859    9.19740    0.04400
    765.74000    3.54091    0.05692    8.98312    0.03821
    767.44000    3.74389    0.04417    9.04690    0.06021
    769.72000    3.68318    0.06036    8.52214    0.05607
    772.22000    3.46044    0.06199    9.25302    0.05475
    776.39000    3.45543    0.04634    9.33432    0.04455
    778.96000    3.51335    0.05022    9.47163    0.06307
    782.67000    3.58139    0.05302    9.49462    0.04809
    786.30000    3.50543    0.02952    9.13262    0.03695
    789.16000    3.30671    0.05116    9.31130    0.07786
    791.45000    3.40449    0.06044    8.56537    0.05652
    796.06000    3.38562    0.04078    9.10822    0.03552
    798.63000    3.31303    0.03737    9.26665    0.08176
    801.24000    3.30812    0.06794    9.04662    0.06195
    803.32000    3.22065    0.04062    8.88731    0.04026
    806.26000    2.86992    0.06420    8.91174    0.06082
    808.72000    3.02345    0.04095    8.93314    0.03803
    809.12000    3.09561    0.04694    8.83846    0.05216
    812.91000    3.18424    0.06115    9.44900    0.06049
    816.86000    3.44614    0.05910    9.49247    0.07044
    819.36000    3.86003    0.05310    9.24880    0.05761
    823.54000    3.68420    0.04974    8.92701    0.06961
    825.50000    3.74924    0.04799    9.02091    0.04876
    827.47000    3.65311    0.07659    8.59076    0.08001
    829.22000    3.50928    0.05515    9.34511    0.06852
    831.51000    3.57968    0.06637    9.19009    0.03924
    832.16000    3.52884    0.09082    9.48662    0.03137
    836.72000    3.45404    0.05705   10.34269    0.05204
    841.11000    3.35762    0.04032   10.40886    0.03616
    844.92000    3.11336    0.05593   10.16010    0.05206
    846.66000    3.07596    0.05016    9.79733    0.05052
    851.44000    3.06974    0.08901    9.79477    0.03512
    854.89000    2.98300    0.03406    9.73455    0.02809
    857.75000    3.22687    0.04030    9.91143    0.06548
    860.74000    3.11328    0.05803    9.91986    0.06031
    861.82000    3.20807    0.04174   10.04333    0.05327
    866.97000    3.23978    0.05382   10.09131    0.05085
    870.39000    3.17295    0.03570    9.56815    0.05234
    872.71000    3.05162    0.07775    9.23889    0.06279
    874.98000    3.10773    0.04381    9.33467    0.04414
    878.07000    3.11459    0.04204    9.37717    0.03326
    879.74000    3.09762    0.04650    9.39342    0.06555
    883.04000    3.22346    0.06231    9.21725    0.04768
    886.72000    3.14026    0.05649    8.92003    0.04017
    889.63000    3.06638    0.03202    8.85113    0.05933
    892.93000    3.02327    0.01912    9.36976    0.05618
    895.88000    3.23222    0.05196    9.33858    0.02185
    898.51000    3.15837    0.02685    9.43449    0.02944
    900.97000    3.26102    0.03312    9.41790    0.06990
    903.87000    3.07844    0.05487    9.46487    0.04929
    904.56000    3.22205    0.08206    9.15675    0.07789
    907.78000    3.04738    0.03373    8.54965    0.04434
    910.64000    3.05645    0.05190    8.61236    0.04775
    913.65000    3.11068    0.03726    8.42352    0.05531
    916.97000    3.15728    0.06537    8.30214    0.06756
    918.24000    3.32058    0.05084    8.47843    0.06630
    919.98000    3.41904    0.04696    8.65650    0.06695
    922.21000    3.55324    0.04074    8.79279    0.00916
    924.56000    3.56064    0.02734    8.73494    0.03576
    927.85000    3.54230    0.05522    8.61508    0.04921
    932.11000    3.18097    0.02608    8.96134    0.04434
    934.79000    3.30053    0.07523    8.76260    0.04107
    936.64000    3.40597    0.04675    8.90791    0.05963
    939.59000    3.24615    0.06578    9.24931    0.03924
    941.59000    3.22437    0.02099    9.19546    0.04358
    943.74000    3.31664    0.04777    9.12574    0.04391
    948.00000    3.35097    0.04101    9.45037    0.03940
    950.84000    3.33832    0.02504    9.81105    0.03907
    953.23000    3.20703    0.06575    9.57483    0.03836
    955.43000    3.21759    0.07208    9.66434    0.05326
    958.40000    3.08737    0.04958    9.89108    0.05479
    962.26000    3.07329    0.03588    9.51235    0.05706
    966.00000    3.11834    0.06422    9.93313    0.06961
    969.66000    3.05770    0.04154   10.25576    0.04219
   1096.91000    3.18592    0.06512   10.09529    0.06548
   1101.80000    2.86496    0.05172   10.48205    0.05324
   1104.28000    3.08425    0.04959   11.06337    0.05779
   1106.63000    2.92448    0.01446   10.99020    0.03903
   1110.44000    3.00575    0.07980   10.94373    0.05827
   1112.43000    2.91669    0.06383   10.73990    0.05006
   1115.95000    2.84591    0.04186   10.32111    0.05565
   1119.66000    2.80920    0.05849    9.97228    0.06828
   1120.91000    2.79695    0.07756   10.02372    0.04446
   1124.67000    2.65237    0.03079   10.20962    0.05753
   1129.61000    2.36744    0.03245   10.15533    0.04331
   1133.27000    2.61565    0.06888   10.16837    0.05582
   1135.87000    2.69723    0.06597   10.22052    0.06177
   1139.02000    2.49830    0.07671    9.80271    0.06280
   1141.92000    2.78551    0.05772    9.89220    0.02808
   1143.96000    2.75372    0.03575    9.80674    0.04204
   1146.96000    2.90515    0.04233   10.73299    0.08007
   1150.32000    3.01736    0.06650   11.10208    0.03070
   1153.39000    3.00365    0.01146   10.69158    0.04942
   1156.96000    2.83336    0.05198   10.71718    0.05863
   1161.03000    2.77194    0.03056   10.30524    0.05662
   1164.45000    2.84488    0.06491   10.54804    0.06409
   1169.41000    3.06209    0.01657   10.34234    0.06076
   1171.87000    3.08742    0.04371   10.29064    0.04818
   1176.83000    3.12187    0.05409   10.79548    0.08156
   1181.16000    3.12646    0.04903   10.65281    0.03290
   1183.73000    3.34827    0.05963   10.46333    0.06290
   1185.11000    3.31430    0.02937   10.18285    0.00615
   1189.99000    3.47664    0.05694   10.34089    0.03253
   1192.37000    3.30867    0.05984   10.11160    0.03177
   1194.59000    3.34553    0.05607   10.17543    0.05621
   1197.18000    3.34092    0.06196   10.20174    0.05289
   1200.31000    3.17673    0.04329    9.75842    0.04944
   1202.81000    3.14078    0.06747    9.02754    0.06737
   1205.79000    3.28183    0.03808    9.02923    0.03491
   1208.75000    3.14854    0.06932    8.79991    0.06289
   1211.61000    3.01702    0.04626    8.69994    0.05293
   1214.00000    3.19761    0.04070    9.05336    0.08304
   1216.98000    3.08368    0.06143    8.89117    0.04891
   1220.98000    3.19681    0.04078    8.77551    0.04832
   1223.02000    3.11041    0.04973    8.60725    0.02861
   1226.20000    3.07259    0.07518    7.93149    0.05403
   1228.26000    3.08512    0.07033    8.39796    0.04723
   1232.48000    3.35179    0.07853    8.43643    0.05896
   1236.01000    3.52858    0.04927    8.54000    0.07387
   1237.23000    3.36096    0.07662    8.75446    0.03469
   1241.23000    3.36395    0.02839    8.58424    0.08316
   1243.87000    3.24561    0.05776    8.46227    0.04512
   1246.05000    3.08023    0.06276    8.71356    0.03266
   1248.27000    3.23382    0.05948    9.24031    0.05304
   1250.39000    3.14347    0.03922    9.09093    0.04126
   1253.19000    3.29987    0.07396    9.39986    0.05513
   1257.74000    3.24380    0.03372    9.18124    0.04184
   1260.48000    3.34123    0.05549    8.95258    0.07188
   1263.43000    3.40984    0.04590    9.14297    0.04251
   1266.80000    3.44012    0.06939    9.00375    0.04004
   1270.27000    3.31200    0.05480    8.84186    0.07445
   1273.38000    3.43521    0.04686    8.55430    0.07713
   1277.02000    3.23618    0.05482    8.61080    0.05235
   1280.64000    3.21166    0.04231    8.74423    0.01881
   1283.69000    3.03260    0.03129    8.54292    0.05728
   1285.60000    2.93551    0.04847    8.67516    0.05531
   1286.28000    2.87646    0.08534    8.76553    0.05125
   1289.97000    2.92258    0.04578    8.38193    0.02367
   1292.72000    2.77850    0.04525    8.62983    0.03640
   1293.60000    2.73881    0.07384    8.94913    0.06621
   1295.75000    2.90349    0.07184    8.47616    0.08960
   1300.59000    2.86187    0.03922    9.45788    0.01242
   1305.33000    2.85922    0.08392    9.86670    0.05966
   1308.07000    2.83250    0.09443    9.89654    0.06068
   1311.17000    2.64431    0.02527    9.66408    0.03998
   1313.95000    2.76076    0.02864   10.04033    0.06126
   1316.13000    2.87454    0.04773    9.86046    0.05013
   1318.32000    2.73217    0.07779   10.13196    0.05882
   1321.11000    2.88488    0.04422    9.95414    0.05699
   1323.82000    2.93600    0.06864   10.13618    0.06569
   1324.02000    2.77740    0.03476    9.94479    0.05544
   1327.36000    2.72748    0.04327   10.09351    0.03952
   1329.28000    2.80736    0.03924    9.82719    0.04875
   1332.03000    2.96776    0.02977   10.26097    0.04389
   1333.77000    2.91748    0.03926    9.81466    0.05692
   1460.04000    3.03930    0.04597    9.15580    0.06570
   1460.34000    3.05430    0.05779    9.14448    0.04913
   1464.30000    3.23416    0.05990    8.99740    0.04559
   1466.86000    3.36666    0.08373    8.99230    0.04871
   1472.02000    3.23997    0.03289    8.53799    0.07549
   1475.85000    3.30036    0.03933    8.16353    0.03361
   1477.75000    3.26626    0.04969    8.21003    0.02761
   1481.19000    3.23868    0.01879    8.59650    0.02821
   1486.50000    3.45940    0.06228    8.63929    0.04394
   1490.76000    3.43633    0.07794    8.99344    0.06533
   1493.43000    3.14388    0.03295    9.23897    0.07397
   1494.91000    3.04379    0.05427    9.02310    0.02587
   1499.08000    3.17885    0.07220    8.98579    0.06773
   1504.31000    2.94326    0.05166    9.11593    0.05328
   1507.10000    2.85120    0.06120    9.34499    0.07037
   1510.47000    3.02651    0.05647    9.27620    0.04597
   1515.87000    3.27088    0.05414    8.89561    0.04517
   1518.69000    3.19613    0.04891    8.61293    0.05949
   1520.77000    3.13617    0.03188    8.52408    0.07759
   1523.22000    3.16029    0.05802    9.39033    0.07129
   1526.75000    3.00261    0.05506    9.62561    0.05932
   1531.32000    3.04077    0.03481    9.89201    0.04433
   1535.14000    3.02122    0.04191    9.85834    0.03147
   1536.90000    2.96741    0.07132    9.74045    0.06900
   1540.20000    3.04754    0.03791   10.05058    0.04275
   1540.66000    2.96527    0.04873   10.02772    0.04990
   1542.76000    2.98486    0.05619   10.36945    0.06456
   1544.94000    2.90742    0.07711   10.54160    0.02269
   1546.64000    3.02248    0.06773   10.02005    0.08285
   1551.03000    3.03146    0.05321    9.24885    0.04675
   1553.06000    2.81465    0.06854    8.60253    0.04183
   1557.10000    2.76572    0.04017    8.53366    0.06345
   1558.94000    2.73584    0.03476    8.87493    0.04773
   1561.16000    2.77912    0.03919    8.47440    0.05246
   1565.27000    2.84695    0.04796    8.55112    0.07578
   1568.62000    2.82034    0.04706    8.47497    0.04705
   1573.78000    2.81098    0.01951    9.17639    0.06533
   1574.88000    3.01757    0.05110    9.24963    0.05523
   1577.44000    2.97818    0.06242    9.49967    0.03189
   1580.39000    2.97683    0.06932    8.67751    0.06760
   1583.90000    2.97909    0.06637    8.95608    0.06128
   1586.97000    2.96526    0.05994    9.20151    0.03765
   1589.63000    3.16880    0.07896    9.59240    0.05274
   1591.82000    3.09737    0.04633    9.57519    0.06792
   1593.97000    2.93177    0.08338    9.35278    0.02171
   1597.86000    2.98989    0.06338    9.22917    0.04427
   1600.90000    2.88078    0.05739    9.16151    0.02894
   1603.34000    2.89907    0.05483    9.60001    0.05521
   1607.87000    3.14728    0.05354    9.76494    0.03286
   1610.13000    3.25959    0.05618    9.57179    0.06708
   1613.10000    3.25137    0.05930    9.44212    0.03493
   1617.16000    3.31562    0.03291   10.20633    0.05794
   1620.88000    3.24482    0.03246    9.68855    0.07530
   1623.84000    3.38050    0.04332    9.35251    0.03287
   1626.93000    3.52012    0.02816   10.12457    0.03763
   1629.78000    3.38924    0.03551   10.17565    0.06696
   1633.12000    3.11631    0.04935   10.04153    0.06849
   1635.18000    3.06665    0.07204   10.17611    0.05962
   1637.87000    2.79521    0.05833   10.04915    0.03635
   1641.54000    2.87134    0.06775    9.54664    0.04877
   1645.97000    2.81943    0.03413    9.90596    0.06707
   1646.79000    2.81713    0.03594    9.74975    0.05242
   1647.45000    2.75042    0.08711    9.93008    0.06044
   1651.07000    2.84174    0.04407    9.97032    0.04151
   1653.77000    2.97162    0.06240    9.96851    0.07483
   1656.51000    3.05757    0.03934   10.21790    0.03619
   1659.85000    3.33107    0.06626   10.81944    0.07074
   1662.10000    3.09942    0.04364   11.34527    0.05206
   1665.97000    2.98980    0.03749   10.70012    0.06124
   1668.52000    3.02642    0.03680   10.44968    0.04349
   1673.99000    3.19067    0.05755   10.18922    0.04459
   1678.70000    3.05328    0.04055   10.12188    0.03005
   1681.87000    3.01000    0.05937    9.66369    0.04960
   1685.47000    3.10128    0.03761    9.61254    0.04649
   1687.65000    3.27567    0.04612    9.94805    0.03346
   1692.91000    3.34141    0.05606   10.12597    0.04809
   1695.83000    3.21021    0.04319    9.96841    0.05352
   1698.96000    3.18462    0.04742   10.16521    0.06339
