## Time Delay Challenge light curves
##
## [time]=days, [lc]=[err]=flux in nanomaggies
##
##       time       lc_A      err_A       lc_B      err_B
##-------------------------------------------------------
      0.36000    1.59338    0.03739    5.59904    0.02665
      2.79000    1.55394    0.03653    5.54097    0.04675
      7.81000    1.60910    0.04993    5.56957    0.05843
     12.08000    1.38925    0.06123    5.44144    0.05300
     15.15000    1.48741    0.04791    5.39812    0.05647
     17.70000    1.41441    0.04608    5.44897    0.07733
     20.88000    1.54581    0.03229    5.91763    0.07389
     24.75000    1.53713    0.02448    6.16685    0.03677
     27.69000    1.46131    0.02513    6.07662    0.04282
     30.99000    1.54262    0.01669    5.92584    0.05360
     32.31000    1.63489    0.04184    5.81244    0.05156
     36.76000    1.57205    0.05394    5.84991    0.05878
     40.50000    1.58153    0.06224    5.70098    0.05752
     43.04000    1.58922    0.06758    5.76373    0.05300
     46.67000    1.44967    0.06900    5.71057    0.03710
     49.46000    1.50915    0.04599    5.62481    0.04730
     52.82000    1.54379    0.04992    5.56493    0.07048
     57.12000    1.59357    0.04052    5.55109    0.06129
     61.92000    1.46852    0.06374    6.03703    0.05953
     64.24000    1.44787    0.07663    5.65615    0.06726
     66.83000    1.55605    0.07008    5.73992    0.06088
     70.08000    1.59662    0.08043    5.63682    0.07647
     71.85000    1.57744    0.05756    5.46227    0.07742
     72.88000    1.59545    0.05011    5.42400    0.04038
     76.33000    1.55458    0.00237    5.43539    0.04912
     78.51000    1.68262    0.08604    5.51894    0.04053
     81.09000    1.50604    0.07007    5.38562    0.06863
     85.16000    1.50862    0.03345    5.16582    0.07646
     86.99000    1.42005    0.05495    5.23154    0.07405
     88.95000    1.41125    0.05358    5.07864    0.03499
     91.77000    1.49734    0.06182    4.78706    0.06377
     94.45000    1.46857    0.06526    4.95181    0.07120
     98.91000    1.38225    0.01559    4.93369    0.06514
    102.12000    1.32787    0.04088    4.93103    0.08155
    105.95000    1.40449    0.05422    4.65282    0.06591
    109.10000    1.32316    0.07435    4.82433    0.03257
    110.28000    1.26870    0.04457    4.73924    0.04082
    113.78000    1.34519    0.01695    4.69460    0.07340
    116.29000    1.36482    0.03607    4.59464    0.06457
    117.81000    1.14912    0.04437    4.41517    0.03212
    121.25000    1.30887    0.06079    4.63778    0.01645
    124.35000    1.30215    0.05471    4.81660    0.03110
    126.45000    1.25684    0.01870    5.00325    0.04221
    128.49000    1.22753    0.04189    5.06609    0.03401
    131.53000    1.14556    0.05362    5.32332    0.04752
    134.00000    1.31995    0.03393    5.31810    0.03419
    137.07000    1.33044    0.04195    5.39199    0.04882
    139.21000    1.31082    0.06103    5.57472    0.05827
    142.79000    1.42998    0.03068    5.41526    0.04720
    146.00000    1.50271    0.06156    5.77271    0.03639
    149.58000    1.50105    0.06765    5.94082    0.04094
    154.50000    1.55014    0.03823    5.50131    0.07494
    158.12000    1.52742    0.02730    5.71750    0.05284
    159.82000    1.58988    0.06434    5.80452    0.03676
    163.51000    1.56059    0.05285    5.93783    0.03542
    167.74000    1.54973    0.05596    6.16429    0.04635
    169.96000    1.53669    0.04977    6.25247    0.05635
    173.79000    1.48935    0.05242    5.72985    0.06192
    177.37000    1.64559    0.05783    5.68952    0.03775
    180.54000    1.76555    0.07623    5.71085    0.03520
    183.94000    1.52651    0.04922    5.59643    0.05743
    186.01000    1.55672    0.05175    5.89277    0.04321
    189.38000    1.52854    0.06934    5.67743    0.07667
    191.06000    1.62438    0.05751    6.02618    0.05012
    193.36000    1.47706    0.04716    6.30867    0.04899
    195.58000    1.57116    0.03180    6.07978    0.04965
    198.26000    1.58310    0.04251    5.86526    0.06676
    201.28000    1.50864    0.06711    5.73255    0.07426
    203.72000    1.70619    0.04925    5.53192    0.05360
    206.05000    1.80256    0.05753    5.66566    0.06383
    209.71000    1.63901    0.07195    6.07684    0.05860
    212.24000    1.54346    0.07847    6.03216    0.02562
    215.87000    1.59748    0.03839    5.84861    0.05200
    219.37000    1.54641    0.03068    6.09799    0.07098
    223.14000    1.60485    0.09080    6.06765    0.03713
    227.41000    1.64497    0.06154    6.00838    0.03295
    230.48000    1.63392    0.05598    6.32631    0.08843
    231.44000    1.66615    0.03725    6.06591    0.05363
    234.31000    1.60466    0.04683    5.81505    0.08031
    236.68000    1.62258    0.01580    5.93776    0.07064
    366.03000    1.81417    0.03940    7.01264    0.05347
    370.81000    1.94121    0.03463    6.75728    0.03481
    373.14000    1.87241    0.05042    6.77667    0.05226
    378.01000    1.85341    0.05628    6.73178    0.03280
    381.50000    1.77018    0.04930    6.72170    0.05398
    384.23000    1.84895    0.04245    6.37053    0.02597
    386.75000    1.84361    0.05886    6.28717    0.06599
    388.54000    1.85239    0.03277    6.39567    0.04820
    390.47000    1.85356    0.00817    6.25414    0.05252
    393.14000    1.70359    0.06484    6.20437    0.05931
    396.20000    1.74795    0.07648    6.27632    0.04495
    398.28000    1.84316    0.06835    6.22025    0.05927
    402.16000    1.80168    0.07654    6.61645    0.03496
    405.52000    1.74033    0.03804    6.63735    0.04730
    408.80000    1.63288    0.07502    6.65663    0.03414
    412.97000    1.77083    0.03856    6.39727    0.05105
    416.30000    1.90152    0.06946    6.62115    0.05644
    419.21000    1.74084    0.05578    6.28415    0.06758
    421.26000    1.79949    0.04731    5.84662    0.05102
    425.41000    1.85475    0.05871    5.72301    0.03282
    428.72000    1.70538    0.06406    5.83868    0.06833
    431.76000    1.72704    0.05630    6.00442    0.04482
    434.59000    1.57097    0.06270    6.02976    0.03118
    437.23000    1.52495    0.04321    6.33761    0.03882
    441.13000    1.62189    0.02225    6.47999    0.03444
    443.94000    1.66676    0.02319    6.54788    0.04535
    446.65000    1.59281    0.04562    6.22374    0.05151
    449.66000    1.62506    0.05926    6.40812    0.04746
    455.22000    1.83161    0.04649    6.33290    0.05888
    456.21000    1.75596    0.05666    6.34772    0.07597
    460.65000    1.71912    0.05925    6.17421    0.07937
    464.96000    1.55128    0.08055    6.09858    0.03834
    469.12000    1.73503    0.06140    6.32766    0.05380
    473.58000    1.75013    0.08414    6.22123    0.04564
    477.04000    1.78959    0.05898    6.32144    0.02342
    480.70000    1.84394    0.06666    6.10953    0.04949
    483.51000    1.77949    0.03903    6.16753    0.05660
    486.80000    1.83168    0.09543    5.74429    0.06455
    489.47000    1.86696    0.07315    6.06793    0.04834
    491.99000    1.69017    0.05249    5.80058    0.03868
    494.16000    1.72281    0.06743    6.17545    0.02174
    497.38000    1.50528    0.06911    6.08138    0.09006
    500.56000    1.65103    0.06340    5.80989    0.05552
    502.36000    1.59383    0.04699    5.84620    0.04750
    505.00000    1.63423    0.04775    5.91315    0.06241
    508.67000    1.67206    0.04710    6.00052    0.05752
    510.97000    1.63672    0.04021    6.23104    0.05754
    514.02000    1.60824    0.09577    6.08001    0.04474
    516.96000    1.52866    0.05940    6.26977    0.05032
    519.27000    1.64838    0.06074    6.31108    0.06852
    520.53000    1.65923    0.06243    6.13438    0.05843
    524.51000    1.63027    0.03819    5.99970    0.03284
    528.23000    1.79687    0.05897    6.14399    0.04239
    531.93000    1.65870    0.06812    5.89958    0.05580
    532.91000    1.69060    0.03350    5.81121    0.04741
    536.72000    1.68694    0.06553    5.74856    0.07211
    541.07000    1.76533    0.05419    5.61173    0.02495
    544.38000    1.60531    0.05188    5.76204    0.07431
    548.72000    1.48366    0.06738    5.67324    0.05744
    550.65000    1.51186    0.03482    5.81085    0.07880
    553.81000    1.59477    0.04949    5.68674    0.07306
    556.70000    1.54580    0.02568    5.95374    0.03570
    560.09000    1.52765    0.04907    5.89034    0.04175
    563.77000    1.56633    0.08006    5.55816    0.03773
    566.31000    1.60977    0.04659    5.61293    0.06363
    568.29000    1.77007    0.05459    5.44288    0.06057
    570.74000    1.67512    0.03473    5.47575    0.02961
    574.49000    1.47144    0.06164    5.55702    0.02567
    577.48000    1.60023    0.05022    5.58312    0.08507
    581.17000    1.54998    0.05058    5.76583    0.04732
    585.34000    1.57425    0.05005    5.99198    0.03224
    588.76000    1.60373    0.09147    5.86285    0.04129
    592.57000    1.61490    0.04221    6.19259    0.04764
    595.11000    1.59371    0.02423    6.18708    0.05737
    598.39000    1.58782    0.04843    6.02952    0.03838
    601.98000    1.66746    0.07216    6.40553    0.05184
    730.85000    1.85191    0.04234    6.24356    0.07106
    734.28000    1.70826    0.05583    6.03817    0.05604
    735.23000    1.72568    0.07462    6.00399    0.06052
    736.69000    1.89308    0.03933    6.06845    0.06777
    739.32000    1.68459    0.04916    6.38783    0.06314
    742.63000    1.66949    0.05427    6.13737    0.02497
    744.30000    1.70698    0.03824    6.19244    0.10515
    748.19000    1.67774    0.08843    5.71133    0.05754
    750.07000    1.60935    0.06833    5.86269    0.03151
    751.56000    1.64924    0.06109    5.99809    0.07794
    754.09000    1.64065    0.05404    5.96412    0.03854
    758.95000    1.53695    0.05031    5.81584    0.05902
    763.03000    1.58889    0.04778    6.26236    0.06561
    767.93000    1.55796    0.05024    6.77973    0.05343
    770.19000    1.65609    0.06792    6.53151    0.04338
    773.59000    1.69181    0.04782    6.34223    0.06142
    776.45000    1.75510    0.06740    5.95751    0.03552
    778.54000    1.89458    0.05417    5.91528    0.05759
    781.08000    1.88949    0.06779    5.95513    0.03689
    781.29000    1.74850    0.07779    6.01126    0.01825
    784.27000    1.80966    0.06096    5.79038    0.04247
    788.00000    1.70936    0.07291    5.63603    0.04802
    792.49000    1.53497    0.04528    5.71140    0.06038
    796.09000    1.51458    0.03917    5.82150    0.05380
    799.27000    1.55404    0.02207    5.83229    0.06454
    800.96000    1.56618    0.03707    5.90624    0.05947
    805.94000    1.61269    0.05146    5.49292    0.06147
    808.76000    1.55033    0.04495    5.52586    0.07668
    811.60000    1.58876    0.07683    5.48170    0.03773
    815.71000    1.56229    0.03941    5.89677    0.05580
    819.38000    1.38703    0.05920    5.88463    0.03381
    822.63000    1.49637    0.03495    5.75551    0.05086
    825.16000    1.55533    0.04439    5.83157    0.07574
    827.80000    1.56065    0.07187    5.86719    0.05708
    830.49000    1.62619    0.04815    5.68098    0.03762
    832.27000    1.60138    0.04384    6.07202    0.06037
    835.67000    1.54745    0.03334    5.85824    0.06535
    839.60000    1.58901    0.05177    5.65665    0.06638
    844.32000    1.74423    0.07727    5.66291    0.05243
    847.91000    1.56459    0.07314    5.92552    0.09618
    850.92000    1.46621    0.04841    5.99710    0.04194
    855.27000    1.58344    0.04221    5.90823    0.04521
    857.97000    1.60203    0.05776    5.85093    0.06929
    861.23000    1.70728    0.04701    6.07705    0.04394
    864.81000    1.63760    0.03960    6.38289    0.01673
    867.26000    1.66214    0.05223    6.28532    0.05390
    870.61000    1.68557    0.04271    6.24237    0.04160
    874.47000    1.86928    0.05849    6.47827    0.06452
    877.84000    1.75181    0.03862    6.39306    0.06557
    880.26000    1.70208    0.04183    6.18312    0.07299
    881.03000    1.67777    0.05735    6.34540    0.04983
    886.16000    1.85381    0.06427    6.05269    0.04674
    889.88000    1.81170    0.05548    6.35689    0.07667
    891.37000    1.68124    0.06514    6.27959    0.07815
    893.78000    1.72411    0.07901    6.29843    0.05790
    897.74000    1.58898    0.06264    6.02746    0.04843
    901.38000    1.78911    0.06153    5.95072    0.07722
    905.43000    1.67792    0.05471    5.71841    0.02272
    908.40000    1.53931    0.09065    5.47141    0.06361
    911.43000    1.63618    0.06282    5.39496    0.04988
    913.15000    1.57275    0.06723    5.39113    0.04374
    915.51000    1.54858    0.05600    5.40505    0.05318
    919.73000    1.49994    0.01406    5.04619    0.04488
    923.35000    1.57304    0.04342    5.19457    0.08024
    927.18000    1.47523    0.07303    5.08977    0.07340
    930.46000    1.41892    0.01915    5.15820    0.03790
    932.57000    1.51674    0.06762    5.27560    0.03363
    937.53000    1.46033    0.06118    5.51366    0.06473
    938.01000    1.34079    0.06626    5.51679    0.04635
    939.86000    1.24663    0.06993    5.61318    0.04243
    943.39000    1.58107    0.06020    5.33876    0.05258
    946.48000    1.51267    0.05856    5.31841    0.03681
    950.74000    1.55004    0.02247    5.45820    0.05188
    955.02000    1.46027    0.03785    5.35542    0.07261
    958.94000    1.53116    0.04628    5.61254    0.06165
    961.65000    1.48992    0.06285    5.45263    0.04461
    966.91000    1.55744    0.07211    5.61101    0.06491
   1095.05000    1.41778    0.04842    5.09035    0.04102
   1099.55000    1.36353    0.01883    4.97560    0.03258
   1102.26000    1.44850    0.03917    5.12400    0.05714
   1104.13000    1.44578    0.05825    5.14597    0.06667
   1108.88000    1.34263    0.05700    5.24874    0.05686
   1111.30000    1.38850    0.06859    5.48662    0.07837
   1114.14000    1.43526    0.05924    5.58335    0.06078
   1117.99000    1.39595    0.04035    5.32594    0.03156
   1120.71000    1.48714    0.04948    5.35802    0.05118
   1122.92000    1.35863    0.05506    5.44781    0.08306
   1125.51000    1.49904    0.03979    5.65746    0.05131
   1127.57000    1.60065    0.04701    5.43482    0.04027
   1129.39000    1.46084    0.06088    5.29916    0.05686
   1131.08000    1.40449    0.04196    5.32420    0.04334
   1135.92000    1.48175    0.05157    5.22213    0.06115
   1138.49000    1.52533    0.04656    5.11460    0.06907
   1142.53000    1.47442    0.07443    5.11778    0.06123
   1144.49000    1.36605    0.04291    5.07190    0.03535
   1149.04000    1.39422    0.04996    5.39419    0.04367
   1152.92000    1.41794    0.06814    5.30029    0.03152
   1155.70000    1.37144    0.04311    5.18171    0.05381
   1158.51000    1.38811    0.06864    5.16981    0.04132
   1160.38000    1.45783    0.07390    5.29586    0.04350
   1164.05000    1.55521    0.06412    5.70435    0.03276
   1167.08000    1.41489    0.06259    5.78486    0.04598
   1170.88000    1.44484    0.04553    5.73865    0.04667
   1174.53000    1.61007    0.05657    5.92254    0.05466
   1178.33000    1.57980    0.02973    5.65258    0.08096
   1182.39000    1.61700    0.03909    5.35984    0.04599
   1184.61000    1.65602    0.03794    5.39345    0.04107
   1186.80000    1.53579    0.06743    5.37113    0.08130
   1190.14000    1.61227    0.05437    5.13039    0.06344
   1191.94000    1.55194    0.02853    5.15342    0.06243
   1195.79000    1.60030    0.05223    5.44957    0.07836
   1199.72000    1.41334    0.03912    5.43508    0.04540
   1201.41000    1.37897    0.05736    5.16574    0.04376
   1204.92000    1.39502    0.05952    5.28653    0.04208
   1207.40000    1.48777    0.06885    5.13820    0.03193
   1211.09000    1.45013    0.04346    5.35946    0.05499
   1213.48000    1.54651    0.05571    5.62033    0.02326
   1217.35000    1.46135    0.03641    5.68197    0.06275
   1220.68000    1.43344    0.01959    5.44319    0.04259
   1223.84000    1.51318    0.05703    5.30407    0.07730
   1227.88000    1.45792    0.07523    5.64340    0.04744
   1229.97000    1.60210    0.04298    5.82945    0.05511
   1232.83000    1.53604    0.07434    5.63418    0.07446
   1234.92000    1.48811    0.06043    5.58829    0.03441
   1236.94000    1.55545    0.04127    5.78227    0.06272
   1239.69000    1.61585    0.04326    5.93210    0.03886
   1242.33000    1.40746    0.07804    6.11736    0.03925
   1244.76000    1.48384    0.05086    6.27758    0.06192
   1247.13000    1.54502    0.04742    6.24183    0.05350
   1249.95000    1.60602    0.08473    6.48372    0.03700
   1251.85000    1.73705    0.04345    6.26690    0.07903
   1255.01000    1.69993    0.07773    6.32374    0.05425
   1258.49000    1.74727    0.05635    6.45217    0.06655
   1263.15000    1.68716    0.04502    6.68377    0.04685
   1265.53000    1.72385    0.04495    6.86811    0.08706
   1268.03000    1.66373    0.06233    6.78171    0.04090
   1270.91000    1.77890    0.03838    6.69394    0.01885
   1274.18000    1.79955    0.04395    6.44048    0.06677
   1277.24000    1.85361    0.05090    6.57958    0.06283
   1281.47000    1.83294    0.04256    6.42943    0.05514
   1283.92000    1.86122    0.04295    6.28402    0.04712
   1286.01000    1.79252    0.05889    6.45282    0.03938
   1288.59000    1.72864    0.04303    6.18845    0.05924
   1292.37000    1.70125    0.03820    6.00343    0.05603
   1294.18000    1.77499    0.04312    6.11789    0.02036
   1298.95000    1.73505    0.04628    5.93798    0.04584
   1299.51000    1.75699    0.05271    5.95470    0.05139
   1303.56000    1.67726    0.03065    5.97138    0.05219
   1305.54000    1.67812    0.04462    6.00594    0.06422
   1309.69000    1.66701    0.04692    6.17773    0.04567
   1313.70000    1.46771    0.06642    5.87690    0.06860
   1317.46000    1.68874    0.05211    6.20240    0.08107
   1320.75000    1.78175    0.05584    5.96445    0.00129
   1324.23000    1.60370    0.05109    6.11853    0.01870
   1327.72000    1.63323    0.04104    6.09274    0.03467
   1329.66000    1.62512    0.06122    6.20836    0.04646
   1332.64000    1.60044    0.02976    6.41413    0.07232
   1333.98000    1.66526    0.05838    6.22709    0.04642
   1460.16000    2.17889    0.03994    7.80053    0.03637
   1462.55000    2.19904    0.04856    8.04612    0.06698
   1465.86000    2.14758    0.05141    8.19718    0.04079
   1467.39000    2.08916    0.05579    8.52763    0.04491
   1469.26000    2.10142    0.05393    8.45424    0.08668
   1472.01000    2.17405    0.07529    8.10168    0.06803
   1475.35000    2.36680    0.06131    7.93937    0.04221
   1478.70000    2.34281    0.00578    7.88954    0.04284
   1482.13000    2.37423    0.05907    8.33186    0.06694
   1485.90000    2.15510    0.05505    8.33336    0.07430
   1489.69000    2.14205    0.05031    8.46389    0.03590
   1492.74000    2.25624    0.03596    8.79689    0.06777
   1495.86000    2.38504    0.03820    8.93689    0.07597
   1498.52000    2.39986    0.06394    8.25959    0.04898
   1501.72000    2.41801    0.04115    8.17124    0.06273
   1504.63000    2.49920    0.03677    8.00537    0.04379
   1506.41000    2.41368    0.05469    8.37691    0.07535
   1508.92000    2.41064    0.04339    8.34641    0.05022
   1512.02000    2.29003    0.04993    7.98005    0.03441
   1516.15000    2.18873    0.04896    7.91780    0.05354
   1519.57000    2.33218    0.04600    7.52748    0.06164
   1522.32000    2.36635    0.05160    7.72203    0.04363
   1524.53000    2.14413    0.06835    7.29622    0.06061
   1526.51000    2.31028    0.05015    7.24565    0.09889
   1531.01000    2.04481    0.01881    7.70825    0.03210
   1534.38000    1.96410    0.04401    7.44588    0.03407
   1537.86000    2.00934    0.05484    7.19055    0.03458
   1540.55000    2.17253    0.05433    7.24268    0.05249
   1543.92000    2.16479    0.05226    7.44012    0.03652
   1547.24000    2.10258    0.05277    7.22402    0.03452
   1552.10000    1.98756    0.04008    7.04427    0.04140
   1555.73000    2.00731    0.03864    7.06072    0.01549
   1559.51000    1.97272    0.08716    6.96661    0.03241
   1564.23000    2.02792    0.04795    6.79465    0.05777
   1566.13000    1.86340    0.06275    6.86473    0.04194
   1569.36000    1.88027    0.03534    6.67417    0.03708
   1571.17000    1.92372    0.03720    6.60931    0.03183
   1573.73000    2.00166    0.06610    6.42802    0.07834
   1577.32000    1.76869    0.06794    6.21420    0.06018
   1580.15000    1.87940    0.04746    6.41887    0.03953
   1582.21000    1.76212    0.06765    6.57234    0.06525
   1583.60000    1.77579    0.06171    6.45437    0.03904
   1588.19000    1.87739    0.07665    6.80860    0.05526
   1590.80000    1.72828    0.04461    6.50959    0.01968
   1594.04000    1.68841    0.07173    6.46469    0.03762
   1594.38000    1.83389    0.04707    6.53005    0.01236
   1597.95000    1.92670    0.05231    6.54141    0.05825
   1602.78000    1.69953    0.05538    6.24876    0.05323
   1607.15000    1.73759    0.05835    6.64895    0.06552
   1609.48000    1.84579    0.06632    6.78473    0.04430
   1615.00000    1.79025    0.03586    6.60473    0.04689
   1618.96000    1.92072    0.04942    6.71280    0.05464
   1621.60000    1.92713    0.07102    6.72172    0.04397
   1624.14000    1.85117    0.06107    6.50483    0.05098
   1627.03000    1.84598    0.05783    6.63329    0.02876
   1632.68000    2.02863    0.06589    6.27274    0.04258
   1635.32000    1.82041    0.06284    6.26141    0.03595
   1637.27000    1.79796    0.03839    6.08527    0.05374
   1638.84000    1.80559    0.05688    6.23175    0.04465
   1641.98000    1.76293    0.04664    6.66337    0.07613
   1645.80000    1.70097    0.04370    6.75802    0.03932
   1648.25000    1.63914    0.07169    6.62775    0.07601
   1652.84000    1.83423    0.04199    7.18456    0.03467
   1655.15000    1.84910    0.06722    7.26203    0.04398
   1659.12000    1.82844    0.07950    6.93170    0.02593
   1662.93000    1.89975    0.04278    6.95736    0.06086
   1666.48000    2.02499    0.07978    6.72718    0.07107
   1667.23000    1.91645    0.09168    6.83232    0.07394
   1669.67000    1.93425    0.03838    6.93281    0.06120
   1673.66000    1.94429    0.00722    6.64762    0.05385
   1674.92000    2.00563    0.03998    6.55432    0.03143
   1678.77000    1.95720    0.07019    6.86689    0.03770
   1684.01000    1.84511    0.02060    6.78808    0.04992
   1687.96000    1.78924    0.08206    6.43424    0.07115
   1691.33000    1.85585    0.06432    6.50990    0.05894
   1694.57000    1.89756    0.05632    6.49000    0.04532
   1697.60000    1.76317    0.05531    6.53263    0.04352
