## Time Delay Challenge light curves
##
## [time]=days, [lc]=[err]=flux in nanomaggies
##
##       time       lc_A      err_A       lc_B      err_B
##-------------------------------------------------------
      2.72000   11.25878    0.07835    8.71949    0.04656
      5.43000   10.81466    0.06498    8.88713    0.05817
      8.35000   11.18411    0.06085    9.09708    0.04322
     11.27000   10.87034    0.03597    9.26854    0.04643
     14.98000   11.07750    0.06416    9.14742    0.04476
     18.16000   11.22340    0.04968    9.44524    0.04969
     22.41000   11.53474    0.07709    9.56873    0.05120
     26.27000   11.92054    0.07095    9.34034    0.05262
     28.17000   11.90474    0.06776    9.36602    0.04465
     31.41000   11.77384    0.06446    9.48357    0.05762
     33.84000   11.86459    0.03385    9.54812    0.08604
     37.88000   11.80449    0.03473    9.40910    0.07598
     41.04000   11.50351    0.04012    9.69476    0.06316
     44.76000   11.53995    0.07615    9.77347    0.04811
     48.63000   11.33146    0.08304   10.09469    0.05344
     50.81000   10.92594    0.07340   10.29034    0.06457
     52.97000   11.07921    0.04290   10.20898    0.04069
     57.02000   11.29806    0.03265   10.46820    0.04782
     58.74000   11.19355    0.04014   10.77514    0.05322
     62.11000   11.16999    0.06217   10.80687    0.06347
     67.17000   11.43440    0.05120   11.21654    0.04323
     71.50000   11.30231    0.09095   10.93098    0.04668
     75.43000   11.00281    0.04761   10.78552    0.08064
     78.94000   10.57006    0.05431   11.04899    0.03982
     82.65000   10.52694    0.06793   10.91149    0.03396
     85.55000   10.45723    0.07663   10.58822    0.07492
     88.85000   10.33806    0.03302   10.74854    0.04322
     92.11000   10.49670    0.05854   10.89208    0.05394
     95.67000   10.50129    0.06542   10.83087    0.03836
     99.18000   10.59032    0.07393   10.82170    0.06125
    104.98000   10.64717    0.05908   11.47623    0.02106
    107.10000   10.74995    0.02523   11.25830    0.06058
    110.21000   10.55492    0.05338   11.30767    0.06896
    113.11000   10.55320    0.02892   10.83638    0.09064
    116.48000   10.48055    0.04099   10.76697    0.05654
    119.22000   10.31295    0.02617   10.72658    0.08087
    123.42000   10.35992    0.04521   10.82288    0.04870
    126.32000   10.53265    0.07195   11.10501    0.07379
    129.09000   10.26343    0.04850   11.14935    0.05522
    132.33000   10.28086    0.07988   11.25091    0.02816
    136.14000   10.42012    0.04132   11.05663    0.03687
    141.00000    9.77313    0.03698   11.50861    0.05640
    146.68000    9.70603    0.06346   11.64843    0.06914
    149.58000    9.99926    0.04606   11.45330    0.03990
    153.18000    9.68078    0.04104   11.52438    0.06687
    154.99000    9.76088    0.04303   11.48784    0.03849
    157.73000    9.94562    0.06166   11.43062    0.04532
    159.69000    9.77502    0.04823   11.64200    0.05007
    163.41000    9.43640    0.05680   11.50680    0.06161
    164.72000    9.58348    0.05056   11.68436    0.04781
    166.13000    9.52423    0.05828   11.73080    0.04906
    170.81000    9.62173    0.04405   11.59059    0.07236
    173.93000    9.63717    0.05904   11.48512    0.04394
    176.75000    9.55931    0.07396   11.03883    0.05444
    179.85000    9.44728    0.06861   11.18673    0.02327
    182.52000    9.26921    0.05074   11.54901    0.07626
    186.81000    9.54422    0.06464   11.60229    0.05468
    190.61000    9.64861    0.03928   11.65997    0.05594
    193.99000    9.41320    0.05870   11.59184    0.06057
    197.16000    9.48280    0.04642   11.46629    0.04475
    200.16000    9.23969    0.04512   11.47725    0.03977
    203.25000    9.59278    0.05375   11.51017    0.03405
    205.37000    9.20301    0.06266   11.90373    0.04219
    206.45000    9.05873    0.06103   12.09506    0.05740
    210.83000    8.85553    0.02116   11.93418    0.05579
    212.67000    9.06069    0.04591   11.61831    0.05291
    216.20000    9.31414    0.02935   11.68553    0.05107
    218.80000    9.55306    0.03666   12.15100    0.05470
    221.33000    9.55181    0.05415   12.23499    0.03123
    223.95000    9.37287    0.04861   12.41973    0.08292
    226.71000    9.22030    0.07416   12.15109    0.02911
    229.63000    9.17619    0.02345   12.18357    0.05226
    232.00000    9.63482    0.04524   12.10878    0.03946
    234.98000    9.77093    0.05974   12.10766    0.05668
    239.09000    9.71904    0.04175   12.03756    0.04959
    365.78000    9.64936    0.06409   17.98749    0.06853
    368.28000    9.69909    0.03129   18.07201    0.04038
    373.81000    9.18001    0.01864   17.84771    0.06030
    377.32000    9.06979    0.02896   17.60140    0.06868
    380.91000    8.77096    0.06405   17.68925    0.04380
    382.49000    9.11252    0.03482   18.01112    0.04157
    385.76000    9.12302    0.04019   18.19148    0.05791
    389.27000    8.78559    0.04470   18.09613    0.04538
    392.67000    8.96013    0.06602   17.81465    0.04418
    394.56000    9.21491    0.04916   17.76218    0.07716
    396.23000    8.99356    0.05858   17.90827    0.08688
    401.24000    8.96982    0.05122   17.56131    0.05328
    404.09000    8.72206    0.03152   17.78172    0.05517
    407.02000    8.46390    0.06110   16.58452    0.05634
    409.59000    8.68600    0.04578   16.93000    0.03636
    413.58000    8.51688    0.07288   16.77699    0.03703
    416.18000    8.33989    0.06672   16.97800    0.07764
    419.13000    8.55297    0.05944   17.19539    0.07015
    421.40000    8.48096    0.05879   16.98217    0.05056
    424.62000    8.57494    0.05648   16.90534    0.03925
    428.49000    8.66221    0.04223   17.64359    0.03445
    434.01000    8.27286    0.05274   17.21366    0.07431
    438.93000    8.22937    0.03455   16.96461    0.07050
    442.63000    8.53012    0.05394   16.81345    0.05970
    445.42000    8.28010    0.03613   17.18249    0.04745
    449.70000    8.61650    0.03511   16.67086    0.02601
    453.85000    8.86280    0.04636   17.45065    0.05916
    455.48000    8.94368    0.04373   17.34785    0.05014
    457.17000    9.02095    0.04439   17.48361    0.07381
    461.07000    9.26117    0.06174   17.95357    0.06630
    464.23000    8.88793    0.04772   17.87406    0.06359
    466.66000    9.28397    0.07345   17.58630    0.04140
    469.71000    9.23942    0.03494   16.83348    0.06637
    473.21000    8.85536    0.04132   17.17299    0.05663
    475.09000    8.60426    0.04136   17.68427    0.05079
    475.48000    8.65627    0.04400   17.80831    0.03682
    478.16000    8.56265    0.05937   17.83810    0.04287
    481.27000    8.30578    0.05312   17.98584    0.02846
    485.32000    8.46542    0.01421   18.97472    0.07018
    490.75000    8.69547    0.06729   19.29834    0.03827
    495.35000    8.57496    0.02975   20.08372    0.05984
    498.53000    8.54623    0.04166   19.57393    0.06306
    500.77000    8.58692    0.07066   20.41139    0.06420
    503.55000    8.88254    0.04651   20.55587    0.05014
    505.88000    8.91270    0.05317   20.04013    0.03867
    508.73000    8.98238    0.06825   19.38303    0.04220
    510.95000    8.68435    0.02338   19.30914    0.03266
    512.46000    8.78881    0.05791   18.97722    0.04738
    513.75000    8.87404    0.03432   19.00605    0.06043
    517.00000    8.91505    0.05715   18.52972    0.05748
    520.58000    8.51086    0.05588   19.11354    0.03222
    523.46000    8.75214    0.04387   19.03067    0.05126
    526.64000    8.83696    0.05242   20.15270    0.04493
    529.87000    8.78296    0.04879   19.70779    0.06333
    533.62000    8.56447    0.05184   20.05981    0.01540
    535.48000    8.47224    0.05350   19.83276    0.03719
    535.59000    8.59668    0.04775   20.03502    0.04848
    538.35000    8.81286    0.07517   20.55912    0.05756
    540.84000    8.67579    0.04251   20.71806    0.05966
    543.26000    8.42784    0.05089   20.46076    0.04840
    547.65000    8.70513    0.06518   20.92195    0.06554
    550.98000    8.67200    0.03649   20.70723    0.05494
    551.14000    8.75367    0.05742   20.55180    0.03146
    554.71000    8.71659    0.02771   20.28145    0.03241
    558.47000    8.59768    0.00448   20.88116    0.04560
    562.57000    8.66109    0.08557   21.13895    0.01644
    565.53000    8.52435    0.05620   20.64535    0.03731
    567.27000    8.78097    0.04784   20.27699    0.05822
    568.77000    8.87567    0.04933   20.38786    0.03450
    571.41000    8.91100    0.06152   20.43207    0.02200
    572.84000    9.06798    0.05729   20.81290    0.03946
    576.67000    9.12949    0.04662   20.38501    0.04430
    580.46000    9.21152    0.06680   20.33971    0.06589
    584.50000    9.42200    0.07690   20.86706    0.06006
    587.31000    9.68562    0.04983   20.91873    0.02979
    591.14000   10.10089    0.03416   20.61526    0.07928
    595.64000   10.20127    0.04009   20.48074    0.03886
    599.35000   10.38732    0.06923   20.65754    0.05780
    603.12000   10.11432    0.05962   21.45779    0.06888
    732.99000    9.92024    0.05995   26.42478    0.05230
    737.59000   10.05748    0.04329   26.44743    0.03216
    741.69000    9.58421    0.06132   24.41502    0.06184
    743.08000    9.36512    0.06134   24.70778    0.05719
    745.51000    9.52720    0.09221   23.79030    0.05149
    748.09000    9.56743    0.03643   23.87527    0.04114
    751.39000    9.34257    0.06899   23.52157    0.04027
    755.38000    9.26771    0.06888   23.11148    0.05713
    758.08000    9.08430    0.04520   22.97815    0.04245
    762.94000    9.02773    0.03974   22.67119    0.07301
    765.63000    9.28886    0.07447   21.87237    0.05695
    768.78000    9.42761    0.07529   21.07494    0.05354
    772.63000    9.37182    0.03762   21.40933    0.03909
    777.16000    9.70173    0.04609   20.22798    0.03632
    780.12000   10.09304    0.01986   20.13746    0.09397
    783.83000   10.10274    0.07409   20.12568    0.04841
    785.72000   10.26895    0.05517   19.62551    0.02756
    787.59000   10.46141    0.04531   19.33755    0.03127
    789.81000   10.37506    0.05983   18.97793    0.04966
    791.31000   10.30076    0.06369   18.89445    0.04750
    794.44000    9.99030    0.06266   18.75427    0.05018
    798.33000    9.65478    0.05087   18.71667    0.05261
    801.09000    9.74651    0.02818   19.74326    0.07217
    803.79000    9.99725    0.05684   19.72775    0.05486
    806.16000    9.67201    0.07647   19.28562    0.02030
    809.36000    9.47333    0.06969   19.70579    0.04513
    813.21000    9.91015    0.06446   20.33210    0.04025
    815.73000    9.56379    0.05311   19.98919    0.05053
    818.32000    9.72706    0.06201   20.57145    0.04984
    822.10000    9.63949    0.01979   21.13334    0.03766
    825.08000   10.01840    0.05069   20.40298    0.08184
    827.52000    9.96733    0.02662   19.73164    0.09451
    831.37000   10.06077    0.04881   19.72894    0.07165
    834.22000    9.86966    0.05403   19.23219    0.05413
    835.99000    9.98948    0.05341   19.52772    0.05477
    837.84000    9.43735    0.05075   19.56513    0.02521
    841.89000    9.61382    0.00922   19.00510    0.06688
    845.89000    9.52985    0.04190   19.27441    0.05641
    848.83000    9.33796    0.02811   19.04082    0.06710
    852.08000    9.23967    0.05289   19.13579    0.05393
    855.92000    9.26908    0.04952   18.78037    0.06975
    858.16000    9.13245    0.04110   19.15021    0.01404
    860.97000    9.23485    0.06259   19.55634    0.02876
    865.81000    8.97791    0.09278   19.34930    0.07045
    866.97000    8.77775    0.06043   18.76408    0.05453
    868.68000    8.87373    0.04236   18.87764    0.05981
    871.96000    8.91470    0.04550   18.27783    0.05757
    876.09000    8.90006    0.06607   18.10687    0.07751
    878.45000    8.84678    0.05979   18.14707    0.03712
    881.80000    8.73356    0.06251   17.70289    0.08261
    885.56000    8.84645    0.06360   17.31576    0.05724
    888.10000    8.93905    0.04352   17.53085    0.05412
    890.97000    9.11547    0.08960   16.89148    0.06722
    893.87000    9.00533    0.03025   17.38642    0.04176
    895.95000    8.99350    0.04519   17.03371    0.05780
    899.88000    9.08464    0.05836   16.48716    0.04397
    903.64000    9.24989    0.04833   16.25474    0.04951
    905.51000    9.36133    0.05105   16.54753    0.04119
    909.18000    9.53758    0.04107   16.47655    0.03377
    912.00000    9.79548    0.04028   16.23053    0.05269
    914.90000    9.62621    0.07318   15.87807    0.05678
    919.22000    9.17129    0.06255   16.51821    0.06442
    921.84000    9.28168    0.02908   16.34128    0.03496
    923.10000    9.27549    0.02060   16.56688    0.08333
    926.03000    9.29096    0.05670   16.13877    0.05826
    928.42000    9.25505    0.02363   16.26787    0.04359
    929.87000    8.96493    0.07731   16.26404    0.07130
    934.41000    9.17511    0.06904   16.37016    0.06481
    938.35000    9.39783    0.07465   16.59405    0.06342
    942.28000    9.57931    0.04417   17.23997    0.05797
    945.95000    9.20228    0.06270   17.30128    0.07161
    948.43000    9.20906    0.05155   16.74380    0.08480
    952.38000    9.14416    0.04685   15.99119    0.06819
    955.03000    9.28818    0.06812   15.97189    0.04608
    957.93000    9.49197    0.06824   16.02676    0.03604
    960.17000    9.48671    0.04665   16.14106    0.05465
    962.54000    9.66295    0.04291   15.77494    0.06756
    966.20000    9.45128    0.04802   15.82163    0.07099
    969.38000    9.31772    0.06562   15.96969    0.04401
   1096.39000    9.07195    0.05405   12.78596    0.03893
   1099.01000    9.11797    0.05523   12.15977    0.07773
   1103.09000    9.05268    0.06686   12.23423    0.08287
   1105.40000    9.05619    0.05854   12.13818    0.02486
   1107.86000    9.20771    0.04821   12.33541    0.06044
   1109.80000    9.61347    0.04481   12.65219    0.02868
   1111.37000    9.33008    0.05837   12.56283    0.04029
   1114.91000    9.40655    0.02105   12.74951    0.07848
   1117.62000    9.43914    0.02521   12.85678    0.06278
   1120.06000    9.36456    0.03669   13.01306    0.03361
   1121.83000    9.29518    0.05686   12.84197    0.04607
   1125.05000    9.21592    0.04553   13.19682    0.06092
   1129.58000    8.83261    0.07813   13.18488    0.07410
   1133.82000    8.62157    0.07283   12.64816    0.03675
   1138.00000    8.55836    0.07814   12.78022    0.06087
   1140.10000    8.43017    0.04862   12.66352    0.05692
   1143.17000    8.54215    0.02869   13.35883    0.04563
   1145.88000    8.68947    0.00871   12.79608    0.05136
   1148.83000    8.69019    0.03919   13.05066    0.01777
   1153.11000    8.76517    0.05187   13.10716    0.02946
   1156.22000    8.91250    0.07432   12.83958    0.05813
   1159.16000    8.51106    0.03590   12.85426    0.03602
   1160.92000    8.69282    0.06076   12.45018    0.05802
   1163.39000    8.40718    0.05291   11.97396    0.05503
   1165.77000    8.26531    0.02445   12.01187    0.02529
   1169.53000    8.12181    0.04997   12.08162    0.07150
   1174.13000    7.79257    0.04239   11.71964    0.02498
   1176.07000    7.72847    0.01896   11.72132    0.06410
   1180.98000    7.75201    0.05583   11.90940    0.04255
   1183.06000    7.93224    0.04900   11.93039    0.07111
   1187.71000    7.90503    0.05304   12.07189    0.04884
   1187.79000    7.99621    0.04623   12.08962    0.06729
   1190.90000    7.69588    0.05817   12.05576    0.07813
   1193.42000    7.55411    0.05696   11.74181    0.03241
   1195.57000    7.48240    0.03362   11.96100    0.03704
   1200.48000    7.45928    0.07428   11.80230    0.07763
   1202.31000    7.22717    0.08156   11.28175    0.05007
   1205.40000    7.46630    0.07927   11.02173    0.05712
   1208.93000    7.84449    0.04413   10.82716    0.07010
   1211.30000    7.68796    0.05458   10.61208    0.06286
   1213.53000    7.34390    0.03851   11.00309    0.04923
   1217.44000    7.42226    0.03295   11.02098    0.03721
   1221.05000    7.24902    0.04110   11.06739    0.04467
   1225.32000    7.30909    0.03175   10.87972    0.05196
   1228.87000    7.37405    0.06224   10.69097    0.04229
   1232.90000    6.68780    0.04033   10.36379    0.04877
   1236.67000    6.87759    0.06320   10.29268    0.07683
   1240.47000    7.15013    0.03286   10.59493    0.02998
   1243.63000    6.85404    0.06986   10.84621    0.05377
   1245.42000    6.80465    0.06477   10.76993    0.03591
   1250.27000    6.79160    0.04726   10.31692    0.04952
   1251.64000    6.73751    0.06718   10.51481    0.03803
   1255.93000    6.38989    0.06355   10.26398    0.05880
   1259.80000    6.28592    0.03201   10.31733    0.05564
   1263.42000    5.96105    0.05903   10.03384    0.03700
   1265.99000    5.93867    0.04046    9.47815    0.04727
   1269.91000    6.17590    0.04807    9.61361    0.04916
   1272.09000    6.18066    0.04019    9.94605    0.02107
   1275.46000    6.15480    0.03330    9.77152    0.07432
   1278.32000    6.26173    0.05185    9.81006    0.04102
   1278.87000    6.33634    0.04809    9.92556    0.09105
   1282.89000    6.33261    0.07383    9.92246    0.07497
   1286.27000    6.61920    0.02726    9.29377    0.06852
   1288.26000    6.56796    0.06020    9.13595    0.06903
   1290.21000    6.66109    0.05233    8.92162    0.01552
   1294.11000    6.93770    0.06625    8.84331    0.00993
   1296.77000    6.79540    0.08951    8.63873    0.03209
   1299.97000    6.79340    0.07330    8.56811    0.05304
   1303.90000    6.77226    0.04836    8.82918    0.05035
   1307.70000    6.89281    0.06693    8.99740    0.07701
   1311.65000    7.08222    0.06578    8.97803    0.08580
   1313.65000    7.12544    0.05593    8.96099    0.04592
   1316.86000    6.98201    0.04840    8.92812    0.05641
   1319.88000    7.11162    0.06280    9.29107    0.06374
   1324.43000    6.98713    0.04784    9.55746    0.06083
   1326.60000    7.01803    0.02626    9.44966    0.07248
   1328.73000    6.93639    0.06358    9.64955    0.09923
   1331.72000    7.27970    0.07386    9.65843    0.05240
   1460.65000    9.65730    0.04029   11.22248    0.04310
   1464.96000    9.44950    0.03711   10.81491    0.07371
   1468.39000    9.73241    0.05408   10.61876    0.05659
   1472.28000    9.55546    0.05752   10.76449    0.05402
   1475.24000    9.95190    0.09022   11.16571    0.05700
   1478.00000   10.06330    0.02348   11.29423    0.05262
   1479.59000    9.80120    0.04730   11.27769    0.06951
   1482.65000   10.32239    0.04324   11.82187    0.08646
   1485.66000   10.32749    0.05874   12.23865    0.03458
   1488.63000   10.22440    0.03929   12.27018    0.06253
   1492.11000   10.38768    0.04917   12.23665    0.06457
   1494.09000   10.18041    0.05845   12.19684    0.05645
   1497.00000   10.39842    0.06259   11.92323    0.06230
   1500.55000   10.26097    0.05236   11.95596    0.03123
   1503.83000   10.37608    0.06406   12.08455    0.05057
   1507.05000   10.53530    0.05121   12.07810    0.03197
   1509.21000   10.78046    0.05521   12.32623    0.05464
   1511.36000   10.99210    0.02564   12.56643    0.05043
   1515.81000   10.81910    0.06222   12.65646    0.04969
   1519.72000   10.29010    0.06777   12.88857    0.05579
   1524.34000   10.51568    0.04050   12.64666    0.06089
   1526.89000   10.56847    0.03145   12.57308    0.02404
   1529.21000   10.50166    0.06377   12.69911    0.05236
   1531.25000   10.86067    0.05347   13.11886    0.07703
   1536.51000   10.67750    0.02974   12.95343    0.06186
   1538.51000   10.65599    0.05113   13.09172    0.04921
   1539.86000   10.93355    0.04351   13.09248    0.04033
   1543.12000   10.90507    0.03895   13.11824    0.02872
   1545.98000   11.66587    0.06622   13.60329    0.04498
   1549.73000   11.60112    0.04159   13.40232    0.07043
   1552.78000   11.76466    0.06679   12.63065    0.05491
   1556.18000   11.52699    0.05565   12.72196    0.03417
   1559.12000   11.77855    0.04010   12.59563    0.04809
   1561.79000   11.54912    0.05101   12.73793    0.05661
   1565.00000   11.91459    0.06409   13.13079    0.04212
   1569.42000   11.63680    0.07473   13.45062    0.08497
   1571.64000   11.86937    0.07484   12.92425    0.05826
   1573.28000   11.92192    0.07540   13.01775    0.03400
   1576.80000   11.58723    0.04745   13.27643    0.07292
   1580.04000   11.42859    0.04859   14.16757    0.04742
   1584.81000   11.11316    0.04431   14.46703    0.05917
   1588.28000   11.07199    0.06081   14.10981    0.05498
   1591.87000   10.91453    0.07626   14.44824    0.02836
   1595.49000   11.17057    0.04301   14.35746    0.04767
   1599.35000   11.46707    0.04383   14.45787    0.03988
   1603.13000   11.57679    0.05281   14.12301    0.05656
   1605.91000   11.92714    0.05065   14.52744    0.05375
   1610.88000   11.71598    0.06579   14.26294    0.06135
   1614.84000   11.19964    0.00569   14.21832    0.04627
   1618.55000   10.69844    0.03986   13.55042    0.05675
   1622.33000   10.70816    0.05563   13.50127    0.04999
   1626.68000   10.31829    0.03483   13.81487    0.04696
   1631.67000   10.69932    0.04922   13.78438    0.07515
   1633.58000   10.65909    0.07810   14.00116    0.04856
   1638.99000   10.62599    0.06519   14.44875    0.05157
   1641.72000   10.60118    0.04525   14.47828    0.05207
   1645.09000   10.39669    0.03018   14.21049    0.06754
   1649.05000   10.14469    0.02796   13.77403    0.06441
   1651.25000    9.90178    0.05968   13.36514    0.04793
   1655.19000   10.43833    0.06728   13.09496    0.05576
   1659.02000   10.65857    0.07729   13.12401    0.05601
   1663.63000   10.95854    0.06337   13.30695    0.04987
   1667.08000   10.83808    0.05790   13.07571    0.05906
   1670.23000   10.65991    0.08327   12.99424    0.03564
   1674.37000   10.39604    0.05669   13.25619    0.05755
   1677.90000   10.38359    0.05878   13.05920    0.03592
   1681.31000   10.29645    0.08237   12.77408    0.04437
   1683.55000   10.24049    0.06398   12.65733    0.05600
   1685.32000   10.21511    0.07239   12.51984    0.06452
   1686.77000   10.07878    0.06178   12.65919    0.07306
   1692.05000    9.54100    0.05838   13.57077    0.09168
   1693.37000    9.58077    0.06374   13.54786    0.06083
   1697.17000    9.54505    0.07187   13.50454    0.06715
   1698.96000    9.09156    0.04517   13.82938    0.04997
