## Time Delay Challenge light curves
##
## [time]=days, [lc]=[err]=flux in nanomaggies
##
##       time       lc_A      err_A       lc_B      err_B
##-------------------------------------------------------
      1.47000    5.91897    0.02952   12.43819    0.05298
      4.12000    5.86891    0.04792   12.46275    0.04067
      8.96000    5.98318    0.05067   12.59400    0.05882
     13.07000    5.95076    0.05910   12.61129    0.03526
     17.07000    5.82522    0.04844   12.58680    0.06626
     20.30000    5.91759    0.07423   12.49989    0.06827
     22.66000    5.93276    0.09026   12.59059    0.05669
     25.15000    5.81578    0.03855   12.45083    0.06436
     29.37000    5.79836    0.01643   12.59050    0.04549
     33.38000    6.00564    0.07674   12.66599    0.06500
     36.23000    5.91145    0.07018   12.66064    0.05132
     38.55000    5.78706    0.07351   12.64143    0.04341
     43.41000    5.88846    0.03394   12.90826    0.04297
     47.39000    5.88109    0.04472   13.01810    0.05636
     51.04000    5.89457    0.05558   12.89352    0.05300
     52.77000    5.93531    0.06165   12.99069    0.04752
     56.21000    5.86883    0.08018   12.85128    0.03743
     58.42000    5.91571    0.03392   12.79996    0.07124
     61.27000    5.84261    0.03171   12.69361    0.08963
     65.30000    5.82784    0.08038   12.87794    0.06987
     68.43000    5.76858    0.05337   12.81119    0.08413
     70.64000    5.79319    0.06481   13.00718    0.09083
     72.78000    5.86843    0.04228   13.01256    0.05792
     75.94000    5.83496    0.07634   13.13709    0.03247
     77.64000    5.81417    0.03053   13.02095    0.04040
     82.53000    5.84244    0.04894   12.76026    0.09102
     86.67000    5.87386    0.07015   12.67071    0.06556
     89.56000    5.85912    0.04851   12.64667    0.05454
     92.00000    5.84164    0.04017   12.83069    0.05379
     93.77000    5.90219    0.04482   12.65462    0.04854
     96.89000    5.85540    0.02817   12.71039    0.05795
     99.97000    5.82838    0.05198   12.69997    0.04524
    102.84000    5.84835    0.03265   12.74921    0.06456
    105.22000    5.89536    0.03854   12.72577    0.03702
    107.44000    5.91594    0.05248   12.65857    0.07786
    112.80000    5.88810    0.04160   12.69822    0.05373
    115.93000    5.96305    0.04873   12.76052    0.04316
    120.60000    5.93157    0.08026   12.63657    0.06102
    125.29000    6.13964    0.04844   12.60000    0.05936
    128.17000    5.93897    0.05936   12.79150    0.07794
    129.86000    6.07202    0.02695   12.68643    0.02905
    131.92000    5.98251    0.04525   12.81380    0.04730
    135.04000    5.90546    0.09306   12.78604    0.07032
    138.46000    5.88158    0.06769   12.84463    0.05293
    140.71000    5.98811    0.04792   12.83550    0.07747
    145.18000    5.99599    0.04497   12.73135    0.03911
    148.43000    5.99974    0.06189   12.79855    0.05415
    151.85000    6.07090    0.04100   12.85395    0.03610
    153.75000    5.96861    0.05227   12.88176    0.02372
    155.99000    5.91557    0.07183   12.74015    0.04629
    160.13000    5.85101    0.06560   12.85272    0.03760
    164.36000    5.90674    0.03889   12.54206    0.04103
    166.78000    5.83858    0.06981   12.44389    0.04022
    169.76000    5.93848    0.06496   12.56528    0.03374
    172.37000    5.86595    0.04326   12.52196    0.02161
    174.70000    5.96039    0.06409   12.47577    0.06569
    176.96000    5.87006    0.04805   12.58357    0.07418
    183.13000    5.89814    0.00111   12.45623    0.05772
    186.41000    5.89241    0.03967   12.39579    0.05432
    189.44000    5.89415    0.05077   12.50346    0.03762
    191.21000    6.06052    0.06665   12.43650    0.05306
    194.96000    5.99049    0.04395   12.37852    0.04009
    196.40000    5.98570    0.03893   12.49929    0.07530
    198.73000    5.84204    0.03061   12.54525    0.05258
    203.04000    5.87531    0.06501   12.59654    0.06680
    206.64000    5.89848    0.02462   12.55766    0.07192
    209.34000    5.96809    0.05549   12.67260    0.06091
    211.70000    5.96119    0.04445   12.77117    0.04792
    214.64000    5.89167    0.06803   12.98758    0.05381
    217.85000    5.97050    0.04889   12.86112    0.03183
    219.75000    5.89383    0.03053   12.76093    0.04506
    223.15000    5.98864    0.01987   12.77432    0.03442
    226.58000    5.95475    0.03383   12.53794    0.04888
    230.51000    6.01089    0.03622   12.77431    0.06332
    233.51000    5.91042    0.03172   12.66845    0.05731
    235.70000    5.91867    0.02821   12.69290    0.06470
    368.27000    5.98050    0.03293   12.83424    0.06210
    370.47000    5.98721    0.03194   12.72967    0.03302
    373.20000    5.91749    0.04585   12.73947    0.04395
    375.50000    6.07622    0.03820   12.67281    0.05818
    377.84000    5.94023    0.05945   12.76892    0.02998
    379.24000    6.05418    0.03085   12.64649    0.04142
    380.97000    6.02989    0.04962   12.76942    0.06140
    383.82000    5.95939    0.04136   12.69398    0.03908
    385.92000    6.07832    0.05532   12.69949    0.05038
    390.20000    5.96966    0.04079   12.67531    0.07375
    393.79000    6.02419    0.03455   12.67714    0.06204
    397.09000    6.09010    0.05752   12.48593    0.05068
    399.86000    6.04897    0.03558   12.64882    0.03515
    404.14000    5.95650    0.05270   12.73439    0.05661
    407.89000    6.01005    0.02489   12.62420    0.04280
    413.30000    6.00521    0.03514   12.65419    0.04512
    416.48000    5.98540    0.06952   12.62720    0.03793
    420.48000    5.90991    0.01956   12.72933    0.08143
    424.34000    5.92686    0.05249   12.71941    0.05764
    426.74000    5.88321    0.04952   12.45862    0.05616
    430.91000    5.85000    0.04338   12.68018    0.07465
    434.04000    5.95148    0.04660   12.83099    0.03044
    437.63000    5.80429    0.05633   12.63791    0.03751
    441.39000    5.97920    0.04943   12.69325    0.05338
    442.90000    5.92908    0.03997   12.56837    0.07147
    444.18000    5.97196    0.07110   12.72755    0.07177
    447.01000    5.92484    0.04548   12.71947    0.08816
    448.87000    5.90235    0.06932   12.78896    0.06268
    452.49000    5.81642    0.08495   12.80171    0.06308
    456.08000    5.90337    0.07007   12.83324    0.04161
    459.60000    5.81729    0.06313   12.81526    0.07807
    463.42000    5.82561    0.06401   12.85458    0.04658
    467.37000    5.82901    0.05335   12.95857    0.05691
    470.67000    5.74034    0.06154   12.76394    0.03937
    474.07000    5.95127    0.09562   12.86479    0.03747
    474.95000    5.73202    0.09269   12.89300    0.07204
    477.53000    5.88125    0.02328   12.89699    0.05047
    482.82000    5.82548    0.06069   12.60208    0.05932
    483.47000    5.80475    0.05728   12.68688    0.07018
    485.66000    5.90349    0.03449   12.71041    0.05662
    488.35000    5.93519    0.03391   12.97841    0.05750
    491.30000    5.83614    0.04265   12.77145    0.04763
    495.07000    5.76908    0.08214   13.07475    0.05968
    496.86000    5.88276    0.04370   12.89789    0.06099
    499.38000    5.88032    0.04685   12.88012    0.05446
    500.83000    5.88414    0.08316   12.76364    0.06052
    504.83000    5.86638    0.03406   12.85185    0.05380
    506.76000    5.81877    0.05702   12.80455    0.07203
    509.79000    6.01629    0.04994   13.02013    0.05123
    512.72000    5.81993    0.05596   13.07383    0.06255
    516.91000    5.85362    0.03796   13.14513    0.05109
    520.36000    5.91347    0.06240   12.96937    0.03230
    522.96000    5.79708    0.05409   13.10987    0.03892
    526.63000    5.96950    0.02344   13.02364    0.05383
    528.07000    5.97047    0.03681   12.96736    0.06748
    530.93000    5.87683    0.08630   12.82416    0.04081
    533.05000    5.94594    0.05739   13.00232    0.04786
    536.46000    5.81425    0.05767   13.04327    0.04847
    537.72000    5.91555    0.07285   12.98331    0.05865
    539.06000    5.96923    0.04855   12.99418    0.05280
    544.34000    5.92652    0.05083   12.88154    0.05139
    546.62000    5.95364    0.04118   13.06632    0.05216
    549.09000    6.02034    0.05254   13.00529    0.03646
    549.67000    6.09762    0.05430   12.96397    0.04168
    552.04000    5.90031    0.07667   12.84541    0.04374
    553.75000    5.93341    0.04231   12.92849    0.05509
    555.23000    5.87183    0.05214   13.06326    0.05526
    558.02000    5.86107    0.03588   12.85343    0.07101
    561.06000    5.90361    0.02743   13.03001    0.04445
    564.67000    5.96607    0.04806   12.96005    0.02607
    567.57000    5.83639    0.07537   12.82961    0.02348
    570.55000    6.01696    0.04897   12.90447    0.05105
    574.02000    5.97561    0.06114   12.96675    0.05334
    576.69000    5.93923    0.06739   12.82294    0.05245
    581.27000    5.93035    0.02072   13.05404    0.06126
    585.89000    5.97006    0.03890   12.90986    0.01906
    590.32000    5.93177    0.08855   12.94554    0.04900
    592.63000    6.00420    0.03971   12.93586    0.04574
    596.29000    5.91880    0.06399   12.95550    0.05297
    599.61000    5.90939    0.06427   12.91961    0.06173
    602.10000    6.00133    0.03996   12.89647    0.03176
    730.79000    5.82664    0.05926   13.35003    0.06439
    733.84000    5.78956    0.01761   13.34910    0.04181
    735.80000    5.75633    0.06811   13.54635    0.05069
    737.82000    5.90411    0.06184   13.27784    0.07421
    741.36000    5.84180    0.09088   13.27740    0.07027
    744.95000    5.76394    0.07523   13.38368    0.04826
    748.54000    5.89373    0.04260   13.41578    0.02183
    753.58000    5.94540    0.04552   13.43822    0.04112
    755.97000    5.99376    0.06804   13.43563    0.04932
    759.03000    5.98834    0.03361   13.41344    0.03268
    761.80000    6.02274    0.01643   13.74027    0.05495
    764.73000    6.04078    0.04133   13.74151    0.06066
    767.67000    6.19420    0.07631   13.73701    0.03845
    769.54000    6.12114    0.05346   13.83229    0.04655
    772.21000    6.06027    0.04068   13.97253    0.05673
    777.41000    6.10606    0.03709   13.99224    0.06571
    780.53000    6.17016    0.05929   14.27453    0.09055
    784.85000    6.06020    0.06435   14.12182    0.03749
    786.20000    6.12529    0.06320   14.11101    0.03926
    787.93000    6.10536    0.08077   14.19290    0.03490
    792.26000    6.14714    0.05581   14.40998    0.07307
    793.64000    6.25330    0.04193   14.22542    0.05855
    796.72000    6.08884    0.03990   14.42054    0.06598
    799.52000    6.21111    0.06687   14.22041    0.04834
    801.57000    6.02448    0.05922   14.34553    0.06971
    804.91000    6.20117    0.05385   14.34801    0.02871
    808.25000    6.25415    0.04529   14.33411    0.04664
    810.07000    6.25365    0.07209   14.24869    0.08241
    812.06000    6.27695    0.07508   14.15389    0.04348
    815.32000    6.21110    0.03174   13.98092    0.05248
    818.24000    6.15191    0.04251   14.01719    0.05674
    821.58000    6.16547    0.06475   13.92936    0.05158
    824.23000    6.29811    0.06553   14.12527    0.06748
    828.93000    6.25150    0.04491   13.95247    0.06090
    830.54000    6.25963    0.04189   13.99187    0.07045
    832.78000    6.24572    0.03111   13.95642    0.07530
    837.33000    6.38318    0.06787   14.19710    0.03507
    839.05000    6.44464    0.03123   14.17130    0.03688
    842.48000    6.38431    0.05073   14.17630    0.05415
    847.80000    6.42153    0.04545   14.15604    0.08668
    851.43000    6.51278    0.04002   14.51987    0.10533
    854.17000    6.59663    0.06966   14.27549    0.06543
    857.03000    6.60983    0.02772   14.42000    0.04249
    860.76000    6.57330    0.01771   14.42630    0.02356
    865.94000    6.74894    0.04913   14.48820    0.05206
    868.26000    6.68194    0.01635   14.58421    0.06215
    870.77000    6.68252    0.06073   14.70144    0.04875
    874.74000    6.61132    0.03311   14.70558    0.06059
    877.53000    6.63876    0.05362   14.54671    0.04392
    880.05000    6.62137    0.05930   14.36590    0.06791
    882.61000    6.60117    0.04998   14.47846    0.05735
    887.16000    6.73987    0.06529   14.66819    0.06996
    890.69000    6.56110    0.06068   14.60450    0.06046
    894.10000    6.51396    0.06148   14.57963    0.06246
    897.07000    6.42733    0.06851   14.72669    0.06549
    900.13000    6.57605    0.04671   14.74987    0.06524
    903.14000    6.55846    0.02562   14.57560    0.05160
    906.47000    6.57028    0.03359   14.48495    0.05800
    910.08000    6.56479    0.02500   14.46181    0.04550
    913.16000    6.62357    0.05555   14.62095    0.07521
    917.54000    6.59836    0.04335   14.66349    0.02911
    920.13000    6.63557    0.04250   14.82026    0.02933
    923.06000    6.54518    0.06823   14.67312    0.03689
    925.82000    6.58277    0.07076   14.82591    0.06180
    929.06000    6.64919    0.05310   14.83941    0.05178
    930.37000    6.61330    0.04104   14.90309    0.03399
    931.36000    6.59308    0.04739   14.75366    0.06650
    933.64000    6.65383    0.05456   14.91037    0.04811
    936.82000    6.64000    0.05919   14.85010    0.03410
    939.88000    6.75567    0.03593   14.78673    0.03463
    942.95000    6.82726    0.03851   14.76747    0.06702
    945.61000    6.73803    0.03735   14.79976    0.06131
    948.99000    6.83033    0.04366   14.65548    0.04160
    951.52000    6.77825    0.05798   14.92368    0.04922
    952.51000    6.76146    0.05274   14.85034    0.03912
    955.80000    6.72140    0.05957   14.52491    0.06865
    956.88000    6.71392    0.03521   14.59014    0.07011
    960.71000    6.73589    0.04498   14.56935    0.03177
    963.69000    6.77129    0.03467   14.55275    0.04623
    965.99000    6.93759    0.07108   14.60935    0.04933
    969.00000    6.87796    0.05869   14.58818    0.05005
   1098.10000    6.52615    0.07648   14.05056    0.06201
   1100.99000    6.67177    0.05826   14.26625    0.07013
   1104.91000    6.63852    0.05238   14.10213    0.04282
   1107.14000    6.64692    0.05658   14.12161    0.05666
   1109.52000    6.48377    0.05589   14.17219    0.06211
   1111.78000    6.54062    0.01575   14.12364    0.05141
   1114.15000    6.56655    0.05591   14.01409    0.07075
   1117.65000    6.48603    0.05270   13.93848    0.07003
   1121.40000    6.46340    0.06651   13.83460    0.05187
   1124.39000    6.58465    0.03608   13.91619    0.03082
   1128.67000    6.57012    0.03134   13.91183    0.04441
   1128.87000    6.51159    0.05455   13.91253    0.02781
   1132.13000    6.48875    0.06898   13.78309    0.06198
   1137.35000    6.50169    0.05212   13.92562    0.05279
   1139.62000    6.56010    0.05774   13.82581    0.05803
   1141.86000    6.43538    0.04135   13.73879    0.03264
   1143.47000    6.57738    0.03684   13.80223    0.03112
   1144.05000    6.52542    0.05031   13.84191    0.01890
   1146.24000    6.51902    0.03722   13.84752    0.03705
   1149.37000    6.55951    0.04017   13.77339    0.04355
   1152.88000    6.46016    0.05964   13.59705    0.07537
   1157.19000    6.49408    0.04037   13.70466    0.05466
   1160.16000    6.53792    0.05480   13.59834    0.05966
   1164.04000    6.48973    0.05410   13.69691    0.06914
   1166.98000    6.47104    0.04475   13.66261    0.05394
   1169.77000    6.56448    0.06354   13.81112    0.03031
   1172.57000    6.57358    0.05317   13.79242    0.06559
   1174.49000    6.47440    0.06111   13.86390    0.05794
   1175.19000    6.66469    0.08514   13.77494    0.05059
   1179.13000    6.58266    0.07080   13.62348    0.05695
   1181.25000    6.53975    0.05085   13.57187    0.04995
   1184.33000    6.52662    0.05493   13.48758    0.06022
   1187.39000    6.50236    0.05582   13.51142    0.02776
   1190.18000    6.44874    0.06276   13.53695    0.09811
   1193.95000    6.48737    0.03116   13.62934    0.06585
   1198.75000    6.45983    0.05097   13.46473    0.05689
   1201.69000    6.37283    0.05244   13.53704    0.05447
   1204.61000    6.48253    0.06273   13.51270    0.07536
   1207.85000    6.47183    0.06673   13.43620    0.06504
   1212.15000    6.41689    0.02562   13.71607    0.07828
   1215.34000    6.37922    0.05698   13.47787    0.06291
   1218.60000    6.49962    0.07920   13.44603    0.03292
   1222.01000    6.38966    0.02589   13.63206    0.07723
   1225.60000    6.41574    0.06091   13.50474    0.02734
   1229.22000    6.28787    0.05703   13.57306    0.04770
   1233.21000    6.48480    0.06455   13.36050    0.07122
   1234.75000    6.12042    0.08733   13.18447    0.05416
   1237.88000    6.29240    0.03293   13.19203    0.04126
   1240.82000    6.38989    0.06417   13.25374    0.07508
   1243.19000    6.38414    0.02736   13.34510    0.02811
   1246.87000    6.45606    0.06853   13.14986    0.06781
   1249.75000    6.33693    0.04702   13.08411    0.04400
   1253.34000    6.36682    0.05049   13.26333    0.05078
   1256.35000    6.33307    0.05336   13.01308    0.03805
   1261.63000    6.30937    0.07174   13.13237    0.05351
   1265.97000    6.24960    0.01681   13.17348    0.04908
   1270.64000    6.28634    0.07465   13.31434    0.05234
   1273.85000    6.36492    0.05480   13.27465    0.08391
   1276.28000    6.29929    0.05894   13.36930    0.01677
   1280.01000    6.34902    0.03894   13.29972    0.07150
   1283.25000    6.28827    0.05029   13.45828    0.04269
   1284.61000    6.37368    0.05991   13.60132    0.04000
   1287.46000    6.27067    0.05072   13.63028    0.04994
   1289.08000    6.16489    0.04871   13.61589    0.03760
   1292.69000    6.24934    0.07883   13.59995    0.06843
   1296.57000    6.25645    0.04188   13.48803    0.09341
   1300.38000    6.20839    0.04172   13.59539    0.05609
   1302.83000    6.26978    0.03650   13.62930    0.08399
   1306.49000    6.30336    0.06725   13.78331    0.03221
   1310.12000    6.08803    0.06575   13.76077    0.04339
   1314.58000    6.05286    0.04867   13.79812    0.05944
   1317.10000    6.19183    0.04960   13.77807    0.05866
   1320.20000    6.02231    0.04974   13.70390    0.03791
   1321.57000    6.13860    0.05830   13.80260    0.05232
   1324.97000    6.13442    0.03409   13.64433    0.05635
   1327.56000    6.09204    0.05586   13.67653    0.04520
   1331.53000    6.06476    0.07780   13.49757    0.06260
   1333.84000    6.14772    0.06903   13.65369    0.04220
   1460.28000    6.54180    0.06592   13.10416    0.04877
   1464.26000    6.40797    0.02379   13.29558    0.03898
   1467.44000    6.34609    0.03569   13.34951    0.05963
   1471.61000    6.31050    0.07345   13.20756    0.07030
   1474.99000    6.24772    0.03756   13.37176    0.01597
   1477.90000    6.11054    0.05851   13.54099    0.05418
   1481.13000    6.30972    0.04773   13.54637    0.08276
   1485.71000    6.25829    0.04903   13.42887    0.05276
   1488.28000    6.25815    0.05732   13.58629    0.09636
   1491.24000    6.27766    0.01989   13.44410    0.05684
   1494.61000    6.33810    0.06004   13.35666    0.04932
   1498.09000    6.41422    0.05327   13.52351    0.06183
   1502.42000    6.52850    0.07657   13.57255    0.05735
   1505.37000    6.32084    0.07300   13.68422    0.01248
   1508.25000    6.21334    0.05934   13.93663    0.06123
   1511.70000    6.17803    0.05590   14.02242    0.04777
   1514.06000    6.27261    0.04651   14.00715    0.04359
   1514.73000    6.22372    0.05867   14.03504    0.05626
   1518.16000    6.07328    0.02820   14.00967    0.04829
   1521.84000    6.07248    0.07730   14.23574    0.05789
   1524.25000    6.09627    0.04648   14.11258    0.05960
   1528.71000    6.06179    0.06128   14.23721    0.03863
   1530.32000    6.02474    0.01566   14.42033    0.05381
   1533.78000    6.10896    0.06520   14.36275    0.07102
   1535.20000    6.03920    0.05960   14.36745    0.06625
   1537.58000    5.97435    0.06103   14.47029    0.06516
   1540.06000    6.14773    0.06752   14.31234    0.05175
   1543.65000    6.18645    0.05906   14.22965    0.03763
   1545.91000    6.10565    0.05228   14.21326    0.04672
   1549.00000    6.03752    0.06011   14.20035    0.03630
   1551.82000    6.21066    0.06953   14.15847    0.03794
   1554.56000    6.17640    0.04324   14.25877    0.07334
   1557.49000    6.18466    0.06442   14.31395    0.05330
   1558.17000    6.24119    0.04902   14.37136    0.04409
   1560.93000    6.14097    0.06797   14.34701    0.03605
   1564.83000    6.09147    0.07350   14.13125    0.09549
   1567.83000    6.24010    0.06449   14.29172    0.04698
   1568.84000    6.22757    0.05777   14.17179    0.05335
   1572.86000    6.19777    0.03650   14.20024    0.03330
   1575.93000    6.20374    0.07216   13.96113    0.07051
   1580.47000    6.25165    0.05740   13.82465    0.03056
   1581.95000    6.36434    0.04295   13.87384    0.02931
   1583.64000    6.49503    0.07086   13.86087    0.07354
   1585.42000    6.41550    0.03442   13.85169    0.06970
   1587.30000    6.46283    0.04617   13.88898    0.05698
   1591.14000    6.42189    0.05862   13.82151    0.04729
   1595.48000    6.48571    0.07075   13.83496    0.04091
   1596.66000    6.38243    0.07077   13.90444    0.05100
   1599.45000    6.46993    0.05550   13.85966    0.04124
   1603.27000    6.44983    0.03810   13.82320    0.04856
   1605.60000    6.48433    0.04032   13.74245    0.03922
   1607.89000    6.54394    0.05289   13.80582    0.07703
   1612.25000    6.53526    0.07822   13.83718    0.05390
   1615.90000    6.46947    0.05664   13.88748    0.06027
   1619.21000    6.59052    0.05731   13.86802    0.03586
   1621.33000    6.51321    0.04822   13.90887    0.07419
   1625.78000    6.67722    0.07111   13.87933    0.05149
   1628.25000    6.54068    0.05628   13.82561    0.06310
   1630.72000    6.54395    0.03539   13.90453    0.03799
   1634.22000    6.64662    0.05374   13.93595    0.04457
   1635.94000    6.58287    0.03562   13.88196    0.04750
   1637.67000    6.65725    0.04639   13.88194    0.04474
   1640.22000    6.56702    0.03499   13.81224    0.07996
   1642.59000    6.47607    0.04963   13.83601    0.05546
   1644.88000    6.60857    0.04415   13.76762    0.09008
   1648.74000    6.51927    0.05056   13.83037    0.06538
   1649.95000    6.58374    0.07471   13.68347    0.06188
   1654.67000    6.38788    0.01932   13.56069    0.03264
   1658.55000    6.50646    0.07433   13.50549    0.05097
   1662.27000    6.35584    0.06691   13.54833    0.04013
   1663.08000    6.34854    0.03081   13.36758    0.06287
   1665.59000    6.32529    0.06606   13.61997    0.06078
   1669.20000    6.34182    0.07011   13.54194    0.04448
   1670.24000    6.35716    0.06982   13.53527    0.04486
   1672.65000    6.35028    0.06361   13.52893    0.06110
   1676.80000    6.38481    0.08265   13.56887    0.06268
   1679.59000    6.36898    0.03336   13.65767    0.05083
   1681.91000    6.38934    0.05019   13.62040    0.04925
   1683.47000    6.22204    0.06047   13.58070    0.05125
   1687.88000    6.37741    0.04393   13.48696    0.06365
   1689.93000    6.38927    0.04701   13.42351    0.06594
   1692.27000    6.38163    0.04424   13.60719    0.06882
   1696.59000    6.35074    0.05174   13.52015    0.06128
