## Time Delay Challenge light curves
##
## [time]=days, [lc]=[err]=flux in nanomaggies
##
##       time       lc_A      err_A       lc_B      err_B
##-------------------------------------------------------
      1.35000    1.34411    0.05260    0.60272    0.03719
      5.02000    1.41118    0.03010    0.52772    0.05793
      6.66000    1.36635    0.02401    0.48997    0.04009
      9.10000    1.33412    0.03174    0.46943    0.03227
     11.64000    1.23081    0.03428    0.52332    0.02571
     13.33000    1.40377    0.06635    0.61367    0.03170
     16.61000    1.27150    0.05486    0.67916    0.09004
     20.36000    1.27421    0.05008    0.51846    0.07646
     23.42000    1.19308    0.06488    0.54965    0.04132
     25.53000    1.03045    0.07007    0.31210    0.08344
     28.32000    1.23500    0.04397    0.54153    0.04760
     32.41000    1.07679    0.02737    0.52036    0.06165
     35.95000    1.06216    0.07276    0.52317    0.05376
     39.28000    0.91792    0.04702    0.49841    0.05731
     42.77000    1.02538    0.02544    0.60697    0.06829
     46.49000    1.13969    0.05468    0.48604    0.05212
     50.69000    1.47942    0.05254    0.46202    0.04953
     54.97000    1.73895    0.03711    0.48195    0.02300
     58.04000    1.85182    0.04141    0.65907    0.04715
     58.38000    1.79431    0.04759    0.62210    0.03181
     60.76000    2.03513    0.06230    0.68068    0.04888
     65.22000    1.55456    0.04817    0.70586    0.07876
     69.53000    1.71367    0.03515    0.80608    0.04741
     72.01000    1.87979    0.06593    0.90607    0.05369
     76.41000    1.93619    0.08486    0.67556    0.05170
     81.30000    1.80292    0.05010    0.75534    0.03502
     83.57000    1.78158    0.07811    0.77378    0.04909
     86.14000    1.72105    0.05524    0.70828    0.05395
     89.24000    1.39883    0.06474    0.71213    0.03266
     91.96000    1.39467    0.07072    0.76465    0.04716
     95.85000    1.20621    0.06343    0.76866    0.05677
     96.18000    1.30591    0.06593    0.84053    0.07932
    100.79000    1.11359    0.04594    0.63193    0.05441
    103.40000    1.14952    0.07076    0.55043    0.04119
    105.48000    1.11371    0.04739    0.56562    0.06384
    107.20000    1.10356    0.06317    0.54988    0.07215
    111.50000    1.01794    0.05623    0.50725    0.07115
    115.60000    1.28085    0.07266    0.40225    0.04071
    118.79000    1.64551    0.05574    0.55614    0.08021
    121.99000    1.61288    0.04573    0.51618    0.04409
    122.12000    1.65029    0.03760    0.48494    0.04270
    126.18000    1.40549    0.02427    0.72243    0.07803
    129.05000    1.26313    0.03667    0.68268    0.04895
    131.41000    1.13680    0.07058    0.61987    0.05335
    135.19000    0.89193    0.05888    0.61014    0.04730
    139.02000    0.80829    0.02739    0.60130    0.06077
    143.07000    0.91359    0.06603    0.38285    0.03144
    145.19000    0.96017    0.05477    0.31064    0.05181
    148.06000    1.12997    0.04122    0.27617    0.06188
    151.45000    1.07728    0.03978    0.34474    0.03707
    152.06000    1.02142    0.04421    0.40731    0.07856
    155.51000    1.13954    0.06083    0.52866    0.05192
    159.29000    1.23639    0.07378    0.39482    0.04280
    160.55000    1.19913    0.04263    0.45130    0.02717
    163.50000    1.47720    0.06304    0.49497    0.03619
    165.99000    1.34681    0.04817    0.51075    0.03492
    169.86000    1.05666    0.03401    0.36993    0.06457
    172.43000    0.95672    0.05790    0.61291    0.05851
    175.62000    0.86200    0.06328    0.62427    0.04776
    180.11000    0.82157    0.05376    0.37434    0.04356
    183.77000    0.99019    0.01760    0.40385    0.05953
    186.91000    1.02330    0.03200    0.44180    0.04724
    190.76000    1.01735    0.04607    0.40759    0.05232
    193.14000    1.08172    0.03609    0.42193    0.06193
    196.48000    1.37746    0.06140    0.39504    0.03998
    198.60000    1.20887    0.05266    0.40605    0.05778
    201.85000    1.11695    0.06710    0.43262    0.06057
    205.36000    1.08774    0.05028    0.42548    0.04550
    208.89000    1.08662    0.07630    0.56479    0.05756
    212.37000    0.93554    0.05847    0.48303    0.06637
    215.78000    0.99309    0.05200    0.43306    0.04927
    219.52000    1.19793    0.01663    0.23265    0.06081
    221.75000    1.23310    0.05453    0.44470    0.04474
    226.12000    1.30919    0.04105    0.46566    0.06665
    228.40000    1.33637    0.04537    0.54075    0.04855
    230.60000    1.17632    0.04005    0.48411    0.04029
    232.41000    1.03102    0.05367    0.44701    0.06125
    235.30000    1.01383    0.03490    0.51629    0.05892
    237.88000    1.25809    0.06241    0.51780    0.03339
    366.16000    1.53754    0.05264    0.55070    0.04809
    371.00000    1.45590    0.01678    0.62305    0.06519
    373.72000    1.67979    0.06330    0.73483    0.04586
    376.30000    1.64517    0.04398    0.63096    0.07215
    380.04000    1.55229    0.03767    0.62352    0.07363
    383.29000    1.72984    0.06645    0.59076    0.03696
    386.94000    1.83085    0.03547    0.68239    0.04903
    387.91000    1.62191    0.04853    0.59897    0.07321
    389.69000    1.88791    0.03594    0.68197    0.03871
    392.70000    1.86869    0.04595    0.67885    0.06329
    393.75000    1.63505    0.01766    0.74113    0.03129
    397.22000    1.64554    0.06153    0.67008    0.07375
    399.02000    1.39003    0.05318    0.75571    0.05837
    401.27000    1.37765    0.03575    0.88597    0.06654
    405.06000    1.32533    0.01846    0.78872    0.05052
    407.94000    1.25020    0.06836    0.69403    0.06208
    410.34000    1.34550    0.09072    0.53400    0.05603
    412.85000    1.11413    0.02115    0.49067    0.09529
    414.99000    1.16557    0.02788    0.57654    0.05693
    419.23000    1.05282    0.02365    0.55008    0.05438
    424.09000    1.33086    0.04748    0.42716    0.05543
    427.32000    1.15200    0.05610    0.43259    0.04075
    430.63000    1.20399    0.04585    0.48310    0.06113
    433.81000    1.20636    0.04388    0.53667    0.05601
    435.77000    1.21883    0.03019    0.68871    0.08796
    439.09000    1.27456    0.03721    0.52965    0.03608
    442.38000    1.20660    0.05535    0.48912    0.04631
    445.28000    1.17636    0.05124    0.52019    0.06609
    449.31000    1.25524    0.06141    0.50511    0.03872
    452.89000    1.10512    0.05142    0.42977    0.05773
    457.01000    1.10431    0.08721    0.54686    0.05315
    459.95000    1.09577    0.05926    0.50358    0.06031
    462.76000    0.98220    0.05442    0.43776    0.05135
    465.92000    0.91619    0.05252    0.50716    0.04883
    468.80000    0.84401    0.03667    0.44350    0.07630
    471.11000    0.88258    0.04864    0.43662    0.05216
    473.12000    0.87107    0.06887    0.48521    0.06162
    475.01000    0.88456    0.03344    0.31611    0.04610
    479.96000    0.69559    0.05940    0.27540    0.08549
    484.44000    0.89847    0.07034    0.40174    0.03240
    488.20000    0.62860    0.07846    0.22179    0.07212
    491.31000    0.70281    0.04249    0.25660    0.05138
    494.25000    0.75255    0.06285    0.33559    0.03238
    496.87000    0.84903    0.06412    0.35037    0.06214
    497.55000    1.06295    0.04171    0.36503    0.02955
    499.78000    0.88758    0.05009    0.27283    0.05578
    502.04000    1.02107    0.07006    0.31288    0.03781
    505.80000    1.16731    0.07719    0.39520    0.02559
    508.10000    1.08141    0.04602    0.39560    0.03290
    509.63000    1.10975    0.03167    0.41063    0.05467
    513.10000    1.15472    0.03700    0.41532    0.04413
    515.67000    1.07342    0.04121    0.44339    0.05113
    517.71000    1.16815    0.07059    0.44683    0.04165
    520.77000    1.07793    0.05217    0.41709    0.06303
    522.14000    1.16307    0.05819    0.39169    0.05646
    525.53000    1.15759    0.03247    0.43925    0.05782
    528.88000    1.52927    0.03905    0.47984    0.04830
    530.97000    1.58632    0.08022    0.45978    0.06378
    535.69000    1.56074    0.07890    0.56752    0.04236
    538.32000    1.43977    0.04513    0.65094    0.02692
    542.39000    1.42710    0.04291    0.66841    0.05811
    545.15000    1.45085    0.03041    0.65848    0.08338
    548.67000    1.30007    0.05210    0.58898    0.08891
    551.25000    1.50300    0.05820    0.73484    0.06301
    554.89000    1.54514    0.05785    0.66207    0.06164
    558.08000    1.65814    0.05821    0.54595    0.01548
    560.10000    1.58155    0.03534    0.65350    0.07363
    563.87000    1.64209    0.06540    0.65777    0.02795
    566.53000    1.67031    0.05187    0.69721    0.04396
    568.52000    2.01062    0.09214    0.68995    0.05751
    574.52000    1.79002    0.04176    0.69191    0.06302
    577.73000    2.07090    0.03692    0.77235    0.04365
    579.61000    2.27025    0.04659    0.71698    0.06016
    581.76000    2.13919    0.05854    0.85806    0.04765
    584.05000    1.86034    0.03758    0.84696    0.05026
    588.30000    1.78244    0.05360    1.01017    0.05921
    589.27000    1.80218    0.07309    1.08322    0.04947
    592.65000    1.34702    0.08927    0.75719    0.05994
    595.03000    1.48910    0.04875    0.83896    0.01784
    597.36000    1.40961    0.04927    0.82197    0.02151
    600.38000    1.33133    0.06245    0.68950    0.05742
    602.71000    1.71998    0.04048    0.68562    0.04913
    731.14000    1.14529    0.07724    0.49531    0.06464
    735.05000    1.19987    0.05527    0.58607    0.04329
    738.56000    1.14722    0.02904    0.61087    0.04577
    741.74000    1.13297    0.03754    0.49347    0.07346
    746.00000    0.98789    0.04820    0.41840    0.04876
    748.37000    1.01755    0.04701    0.59961    0.06993
    751.28000    0.99728    0.04901    0.41227    0.04816
    753.50000    0.88780    0.04803    0.46677    0.08778
    756.89000    0.85160    0.06442    0.39918    0.07826
    761.57000    0.88035    0.05305    0.52498    0.04125
    764.73000    1.22570    0.03769    0.44445    0.02948
    767.51000    0.99556    0.04066    0.41839    0.05600
    771.32000    1.01472    0.06064    0.41777    0.03953
    772.69000    0.99767    0.06061    0.42062    0.02970
    774.90000    1.11983    0.03408    0.51561    0.05490
    777.79000    1.00240    0.07134    0.45717    0.03821
    781.39000    1.33406    0.04292    0.35431    0.05961
    782.78000    1.24087    0.06739    0.34374    0.05468
    786.32000    1.08309    0.02472    0.48433    0.06454
    788.62000    1.41193    0.06571    0.53233    0.03939
    790.94000    1.54532    0.06720    0.53913    0.03292
    793.79000    1.36463    0.02314    0.37181    0.05676
    796.58000    1.45290    0.03912    0.47985    0.05630
    798.89000    1.28141    0.05535    0.57646    0.03010
    801.98000    1.11713    0.04170    0.52521    0.02893
    804.90000    1.28580    0.07289    0.55248    0.05345
    808.44000    1.34307    0.07619    0.45993    0.04723
    811.89000    1.29743    0.06910    0.49666    0.05632
    814.91000    1.40083    0.02987    0.55828    0.03716
    818.33000    1.15247    0.07653    0.44329    0.06366
    820.49000    1.18661    0.04093    0.54723    0.05361
    824.94000    1.26320    0.03396    0.61092    0.03875
    828.91000    1.15923    0.07458    0.46538    0.02452
    831.01000    1.30936    0.06965    0.51325    0.05145
    834.19000    1.05396    0.04954    0.50916    0.04798
    839.02000    1.33815    0.08265    0.22629    0.07180
    842.59000    1.60932    0.04054    0.40381    0.04112
    844.10000    1.55171    0.05794    0.54593    0.05267
    848.36000    1.54464    0.07029    0.51846    0.04605
    853.44000    2.16951    0.05243    0.63650    0.06381
    856.97000    1.79607    0.09029    0.57904    0.05424
    861.87000    1.89758    0.02238    0.82692    0.04867
    864.75000    1.43458    0.05221    0.83213    0.06975
    867.88000    1.36302    0.08823    0.90273    0.08167
    870.65000    1.63423    0.07253    0.83032    0.06323
    875.99000    1.72414    0.04817    0.57803    0.03222
    878.39000    1.73247    0.02680    0.64739    0.05501
    881.89000    2.02892    0.04568    0.74321    0.05105
    887.15000    2.01651    0.04288    0.71919    0.05856
    889.61000    2.23183    0.04172    0.85089    0.05532
    893.25000    2.23143    0.07336    0.97857    0.08217
    895.11000    2.00625    0.05822    0.84075    0.05934
    897.97000    2.30244    0.04329    0.89249    0.01900
    900.56000    2.15549    0.06481    0.93575    0.05400
    903.20000    2.51645    0.03798    0.88720    0.04355
    907.20000    2.64113    0.06782    0.98239    0.07268
    909.97000    2.38890    0.03423    0.82660    0.03719
    911.97000    2.46585    0.05207    1.01036    0.05285
    914.16000    2.19180    0.07886    1.11906    0.06324
    917.35000    1.82730    0.06982    1.08993    0.07723
    921.38000    1.69954    0.07669    0.99903    0.04354
    921.86000    1.66705    0.04125    0.91772    0.05085
    923.87000    1.70837    0.04039    0.99960    0.04400
    926.33000    1.49748    0.07723    0.91700    0.06083
    928.87000    1.49049    0.06230    0.80706    0.02592
    930.92000    1.52298    0.06037    0.71838    0.06620
    934.87000    1.36658    0.06313    0.69221    0.05094
    940.96000    1.18026    0.05943    0.63371    0.06790
    944.05000    1.05584    0.06705    0.62945    0.04359
    946.99000    1.09900    0.04735    0.44035    0.05367
    950.70000    1.03985    0.02869    0.47694    0.05627
    953.84000    0.86793    0.04838    0.49269    0.07760
    958.08000    0.90697    0.04679    0.51383    0.05567
    960.42000    0.97622    0.04965    0.31500    0.07168
    962.69000    0.91332    0.05878    0.45440    0.05518
    966.28000    1.06594    0.05205    0.37906    0.05794
    969.26000    1.12073    0.05368    0.38940    0.03333
   1098.97000    1.53914    0.05284    0.91167    0.03766
   1102.82000    1.37435    0.04472    0.59975    0.01042
   1106.28000    1.22447    0.04539    0.58582    0.05608
   1109.24000    1.24052    0.07392    0.70236    0.04455
   1112.99000    0.90892    0.06616    0.54192    0.01167
   1116.30000    1.19957    0.05445    0.51240    0.04719
   1118.12000    1.25686    0.04265    0.49421    0.03902
   1118.41000    1.24002    0.05768    0.52633    0.04773
   1118.76000    1.05637    0.06058    0.43324    0.05973
   1121.88000    1.11150    0.07409    0.37714    0.06277
   1123.78000    1.01889    0.05487    0.52344    0.05404
   1128.48000    1.06583    0.07143    0.48643    0.03891
   1132.94000    0.92807    0.03887    0.45512    0.05690
   1135.44000    0.98735    0.03923    0.45527    0.02078
   1136.73000    1.00981    0.04916    0.46421    0.04644
   1141.98000    0.94647    0.03900    0.32266    0.04173
   1145.45000    1.04946    0.06080    0.37212    0.05275
   1148.94000    1.08644    0.01695    0.33567    0.07256
   1150.07000    1.12470    0.04723    0.33118    0.03416
   1154.62000    1.03429    0.06247    0.46418    0.05311
   1158.39000    0.92625    0.07247    0.56675    0.09530
   1160.33000    1.06242    0.04800    0.45369    0.05335
   1163.09000    1.13856    0.03437    0.49477    0.04944
   1166.24000    1.33363    0.06735    0.50060    0.07622
   1167.71000    1.42198    0.07698    0.46590    0.07320
   1170.84000    1.18664    0.07150    0.48554    0.04401
   1173.36000    1.04859    0.05974    0.51428    0.06258
   1175.64000    1.08605    0.06523    0.60803    0.05525
   1177.37000    1.18544    0.07401    0.59719    0.06390
   1180.25000    1.21311    0.05225    0.50645    0.07181
   1182.23000    1.45024    0.08688    0.48017    0.04249
   1185.08000    1.33687    0.04298    0.48734    0.04608
   1188.25000    1.42028    0.06366    0.59453    0.05791
   1190.40000    1.55480    0.01871    0.55925    0.04419
   1194.86000    1.43586    0.05152    0.55961    0.02244
   1198.54000    1.68386    0.07583    0.58386    0.05469
   1201.18000    1.61582    0.02732    0.62636    0.07085
   1203.38000    1.38520    0.07265    0.62754    0.05559
   1206.61000    1.36836    0.06570    0.58459    0.05052
   1210.76000    1.15692    0.02597    0.71862    0.02880
   1213.84000    1.29585    0.04497    0.61577    0.04610
   1216.31000    1.27924    0.05088    0.50438    0.05797
   1218.95000    1.04210    0.05197    0.49531    0.05953
   1221.81000    1.11345    0.03427    0.56294    0.05133
   1225.30000    1.15953    0.03894    0.54303    0.06667
   1230.03000    1.10650    0.03542    0.62921    0.04606
   1233.93000    0.94318    0.04661    0.54470    0.02688
   1237.69000    1.22119    0.00842    0.41052    0.05999
   1240.72000    1.35169    0.02551    0.41780    0.04869
   1243.76000    1.34880    0.01880    0.47676    0.05121
   1247.03000    1.30552    0.04836    0.58184    0.04353
   1248.12000    1.15213    0.05418    0.56111    0.03705
   1249.90000    1.03101    0.07001    0.63743    0.06685
   1254.20000    1.05550    0.02790    0.65318    0.07628
   1257.94000    1.03734    0.06951    0.51120    0.04369
   1260.94000    0.86197    0.02079    0.46083    0.03750
   1263.99000    0.89943    0.04937    0.45284    0.02229
   1267.96000    0.92434    0.05025    0.44133    0.04685
   1270.83000    0.83920    0.04643    0.40468    0.04722
   1272.45000    0.92538    0.05398    0.33619    0.03885
   1275.61000    1.08993    0.05083    0.35349    0.04176
   1278.06000    1.01162    0.05027    0.39878    0.05619
   1281.80000    1.02848    0.04077    0.41197    0.04755
   1285.13000    1.16027    0.07436    0.52780    0.06061
   1288.70000    1.06930    0.04144    0.37819    0.03293
   1292.06000    1.24559    0.03558    0.51223    0.05800
   1295.96000    1.23287    0.03638    0.55303    0.06862
   1299.38000    1.39886    0.03354    0.51309    0.04819
   1302.18000    1.86140    0.04891    0.51980    0.06345
   1304.80000    1.89234    0.05587    0.72920    0.06850
   1307.74000    2.07637    0.06212    0.63701    0.09433
   1310.84000    1.77429    0.06702    0.79247    0.07517
   1314.80000    1.74168    0.09155    0.90884    0.04349
   1316.48000    1.49321    0.04617    0.86464    0.04588
   1319.48000    1.30964    0.04242    0.91959    0.05067
   1322.07000    1.56167    0.07695    0.85751    0.07870
   1325.44000    1.82353    0.03037    0.69025    0.02286
   1328.93000    2.12840    0.08587    0.60247    0.04429
   1330.19000    2.13921    0.02949    0.72632    0.07527
   1333.35000    2.50265    0.04907    0.72669    0.03903
   1462.32000    1.41576    0.03544    0.45883    0.04622
   1463.32000    1.33199    0.03147    0.48797    0.06822
   1465.22000    1.47790    0.03735    0.65638    0.03382
   1465.26000    1.43290    0.04559    0.60631    0.04028
   1469.68000    1.47966    0.04314    0.69072    0.06198
   1471.98000    1.58441    0.05802    0.59868    0.05620
   1473.29000    1.64141    0.05575    0.64824    0.05436
   1475.72000    1.65400    0.05835    0.66881    0.07872
   1478.57000    1.41562    0.01595    0.74633    0.03865
   1482.41000    1.62816    0.06503    0.65569    0.04577
   1485.51000    1.28594    0.05070    0.68719    0.07464
   1489.03000    1.36111    0.03229    0.81798    0.05666
   1491.46000    1.06472    0.07408    0.70348    0.02142
   1493.23000    1.13558    0.04603    0.56933    0.04705
   1496.32000    1.11105    0.03837    0.54489    0.06035
   1498.45000    1.18615    0.04990    0.61972    0.07971
   1500.46000    1.02493    0.05949    0.52550    0.04774
   1503.91000    0.96336    0.07424    0.53495    0.05130
   1508.10000    0.85901    0.03378    0.45088    0.04973
   1511.57000    0.91975    0.06621    0.45400    0.04311
   1514.44000    1.02666    0.04368    0.44223    0.06176
   1516.69000    1.03483    0.05470    0.51569    0.03925
   1519.86000    1.09283    0.04407    0.44306    0.06899
   1523.21000    0.87684    0.07938    0.41480    0.05380
   1526.72000    0.87214    0.05493    0.51091    0.06398
   1528.37000    0.99755    0.06043    0.60021    0.05825
   1531.46000    0.84995    0.04652    0.40551    0.07045
   1535.16000    0.97884    0.00974    0.31632    0.07664
   1538.55000    0.85584    0.07851    0.39719    0.05227
   1541.33000    0.99151    0.05450    0.45427    0.05468
   1544.75000    1.05394    0.09160    0.51380    0.05534
   1548.46000    0.90532    0.05350    0.58435    0.05203
   1551.90000    0.82850    0.04983    0.41308    0.04416
   1553.49000    0.69742    0.06736    0.42764    0.04329
   1557.20000    0.77997    0.02358    0.31170    0.05631
   1559.67000    0.85301    0.05895    0.38378    0.04505
   1562.28000    0.74627    0.04784    0.25604    0.03381
   1564.32000    1.00532    0.07145    0.35223    0.04965
   1566.94000    1.05617    0.05187    0.34384    0.05226
   1570.21000    1.07278    0.07544    0.49174    0.06451
   1572.83000    1.29740    0.06397    0.44605    0.05182
   1574.80000    1.18767    0.04843    0.44368    0.03544
   1578.09000    1.05251    0.01019    0.48558    0.07338
   1581.78000    1.10759    0.02493    0.56127    0.08401
   1584.39000    0.94584    0.04416    0.55800    0.03977
   1587.18000    1.14094    0.04988    0.48742    0.01798
   1588.47000    1.16706    0.04325    0.53080    0.05336
   1591.48000    1.49481    0.07961    0.49082    0.04596
   1594.25000    1.60673    0.02897    0.34755    0.04686
   1597.84000    1.56644    0.02665    0.63543    0.07617
   1599.13000    1.45292    0.04603    0.51253    0.03501
   1600.53000    1.33685    0.05732    0.67155    0.04573
   1602.42000    1.41683    0.05295    0.67076    0.04256
   1606.08000    1.24148    0.06797    0.73693    0.07331
   1607.92000    1.32298    0.05139    0.67604    0.06128
   1609.42000    1.38217    0.04600    0.62689    0.05478
   1614.13000    1.18464    0.03823    0.52871    0.06688
   1617.42000    1.23111    0.05557    0.64164    0.04521
   1620.85000    1.33808    0.04269    0.54431    0.05649
   1621.99000    1.30985    0.04071    0.59082    0.02532
   1623.47000    1.28103    0.04205    0.61772    0.07140
   1626.73000    1.61143    0.05336    0.52040    0.06858
   1630.67000    1.47469    0.05891    0.66168    0.06114
   1634.88000    1.62646    0.09231    0.71364    0.03698
   1638.08000    1.58625    0.04929    0.69767    0.06756
   1641.60000    1.68893    0.03405    0.75468    0.07119
   1645.41000    1.40469    0.06827    0.75536    0.05129
   1646.19000    1.73599    0.09736    0.77055    0.03507
   1649.20000    1.90240    0.05027    0.66585    0.02072
   1652.91000    1.66429    0.04624    0.70114    0.03373
   1655.17000    1.99319    0.04686    0.70405    0.04813
   1656.69000    1.68297    0.03658    0.68216    0.02832
   1660.59000    1.20744    0.06060    0.82631    0.04120
   1664.25000    1.12207    0.05289    0.88207    0.03062
   1667.30000    1.20248    0.03964    0.64020    0.04636
   1669.20000    1.19166    0.04707    0.45886    0.04770
   1673.85000    1.28605    0.07912    0.59667    0.05231
   1677.79000    1.50845    0.03824    0.57422    0.03343
   1680.58000    1.54866    0.06239    0.61904    0.07585
   1683.98000    1.72114    0.03320    0.60593    0.04501
   1687.66000    1.67775    0.05859    0.65055    0.04548
   1690.27000    1.61530    0.07805    0.61221    0.06551
   1693.16000    1.36278    0.06068    0.80928    0.07515
   1695.08000    1.26101    0.03106    0.70417    0.05192
   1698.06000    1.25126    0.06242    0.69438    0.06066
