## Time Delay Challenge light curves
##
## [time]=days, [lc]=[err]=flux in nanomaggies
##
##       time       lc_A      err_A       lc_B      err_B
##-------------------------------------------------------
      2.01000    2.82245    0.03743    0.83942    0.05623
      5.66000    3.04395    0.06814    0.88243    0.07537
      7.66000    2.90669    0.05017    0.86545    0.06278
      9.79000    3.00832    0.03543    0.86826    0.05930
     11.42000    3.07511    0.03934    0.83606    0.06105
     15.73000    2.92337    0.07184    0.81212    0.04567
     18.77000    2.98022    0.04427    0.82746    0.06307
     21.74000    3.10959    0.02813    0.86243    0.04883
     25.77000    3.09922    0.05483    0.84358    0.06348
     28.25000    3.08021    0.00658    0.90848    0.05520
     28.96000    3.10001    0.04289    0.78629    0.03734
     31.14000    3.01240    0.06241    0.94386    0.05081
     34.05000    3.05138    0.07056    0.85810    0.08051
     35.94000    3.13965    0.08633    0.95157    0.06408
     38.11000    3.06872    0.08779    0.83939    0.04296
     41.09000    3.20961    0.06262    0.80084    0.04932
     44.79000    3.01450    0.04503    0.83827    0.08705
     48.29000    2.94697    0.05324    0.79286    0.06201
     51.79000    2.85930    0.05426    0.79268    0.04209
     54.86000    2.95602    0.05347    0.88202    0.05089
     57.48000    2.92840    0.06392    0.80662    0.05423
     60.00000    2.92029    0.03515    0.86615    0.06922
     62.99000    2.97719    0.07391    0.71710    0.06352
     69.43000    2.80931    0.04694    0.85477    0.03993
     72.79000    3.08463    0.08431    0.88170    0.03685
     74.91000    2.96555    0.06482    0.86703    0.03795
     77.56000    3.17794    0.06221    0.87335    0.04118
     80.76000    3.32082    0.05866    0.74604    0.05950
     83.95000    3.27575    0.08289    0.86252    0.03196
     86.87000    3.32156    0.05017    0.85774    0.06420
     90.10000    3.32055    0.05638    0.89229    0.04827
     93.58000    3.24101    0.06862    0.85395    0.04387
     95.96000    3.22692    0.07012    0.78117    0.06423
     98.55000    3.23065    0.05910    0.86301    0.05832
     99.03000    3.14587    0.05248    0.87897    0.02973
    103.91000    3.17247    0.05248    0.92308    0.05280
    108.51000    3.24047    0.08212    0.94410    0.03546
    110.68000    3.15521    0.07437    0.91278    0.08242
    113.13000    3.28280    0.05816    0.79682    0.06682
    115.04000    3.22684    0.03502    0.93250    0.05441
    117.75000    3.23558    0.05691    0.81114    0.06316
    121.00000    3.34433    0.04785    0.92968    0.05461
    124.18000    3.33127    0.03809    0.77963    0.06731
    127.31000    3.27014    0.07091    0.88499    0.04849
    130.62000    3.35611    0.05499    0.91788    0.07684
    133.52000    3.35265    0.03881    0.77684    0.07268
    136.00000    3.48129    0.03890    0.86397    0.03067
    139.06000    3.64934    0.04216    0.77956    0.04430
    143.88000    3.56096    0.03665    0.76437    0.08177
    144.63000    3.60426    0.07386    1.03694    0.06500
    146.65000    3.46422    0.03416    1.00285    0.05773
    149.03000    3.49881    0.05839    0.95650    0.04409
    152.99000    3.46289    0.04937    0.96508    0.05762
    157.10000    3.54759    0.03190    0.91772    0.05068
    157.87000    3.45160    0.04407    1.00536    0.04224
    158.44000    3.45106    0.04017    0.87172    0.04504
    163.21000    3.39925    0.07036    0.94378    0.04926
    166.74000    3.29747    0.06385    1.00331    0.05877
    171.50000    3.39867    0.05116    0.89729    0.05352
    176.00000    3.30626    0.04417    0.92494    0.02772
    179.22000    3.22950    0.04977    1.05032    0.06121
    181.91000    3.39967    0.04686    1.03671    0.06114
    184.51000    3.35245    0.02762    0.96830    0.06440
    186.61000    3.36767    0.06954    0.97915    0.05995
    188.46000    3.41828    0.06930    0.86905    0.07048
    191.47000    3.43511    0.06639    0.96215    0.05829
    194.29000    3.37014    0.05680    1.01084    0.05256
    197.06000    3.66913    0.07402    1.02496    0.07403
    199.79000    3.54670    0.05110    1.00314    0.03856
    202.36000    3.37229    0.05170    1.08621    0.05263
    204.60000    3.64408    0.03009    1.05415    0.05253
    207.48000    3.46259    0.04380    1.01288    0.05837
    209.65000    3.37675    0.04128    0.99242    0.04866
    213.25000    3.37190    0.02151    1.14368    0.07670
    215.95000    3.35246    0.01309    0.96377    0.04502
    217.68000    3.28643    0.04080    1.01875    0.05346
    219.42000    3.43501    0.03823    1.02240    0.04208
    225.42000    3.27925    0.09920    0.96761    0.05018
    228.15000    3.32339    0.07853    1.02816    0.04738
    229.00000    3.32103    0.04467    0.95093    0.05983
    232.96000    3.06793    0.05933    0.95240    0.05782
    236.60000    3.16967    0.03966    1.02374    0.04942
    367.05000    2.79595    0.02562    0.78470    0.04921
    369.99000    2.86738    0.06681    0.80718    0.03100
    372.44000    2.87172    0.05226    0.80228    0.06362
    375.77000    3.05109    0.06722    0.82290    0.05737
    378.79000    3.05077    0.04735    0.89754    0.05215
    382.53000    2.99679    0.04070    0.84827    0.05004
    385.52000    2.83621    0.01817    0.83704    0.06721
    389.11000    2.88017    0.04158    0.85617    0.06488
    391.85000    2.77235    0.05633    0.79337    0.06133
    394.88000    2.77446    0.07799    0.95382    0.04982
    399.30000    2.76059    0.05247    0.81781    0.02580
    402.66000    2.83920    0.07360    0.95880    0.10877
    403.80000    2.82442    0.04766    0.82201    0.04925
    407.01000    2.87697    0.06259    0.83935    0.06099
    410.49000    2.97846    0.03127    0.87583    0.04868
    413.15000    2.81317    0.06511    0.77735    0.05501
    416.75000    2.84503    0.07226    0.80190    0.02774
    418.50000    3.00802    0.04709    0.79145    0.03871
    420.37000    3.06945    0.03855    0.77722    0.04018
    422.74000    3.04810    0.06364    0.83835    0.03485
    425.57000    2.82726    0.04928    0.76714    0.05888
    427.84000    2.73280    0.07937    0.82935    0.05170
    431.51000    2.69007    0.07361    0.80917    0.04202
    432.72000    2.82469    0.05661    0.91535    0.04582
    435.82000    2.68713    0.02821    0.82954    0.03167
    438.89000    2.63073    0.04188    0.86577    0.04547
    439.60000    2.72239    0.04516    0.79085    0.04797
    443.00000    2.75637    0.03776    0.93179    0.07996
    444.34000    2.59775    0.05252    0.87075    0.03490
    446.99000    2.84335    0.07400    0.81319    0.03173
    449.20000    2.78414    0.03722    0.85612    0.06453
    452.44000    2.81617    0.05248    0.76015    0.05850
    454.90000    2.78367    0.01390    0.84038    0.03663
    457.07000    2.81378    0.05101    0.86526    0.06694
    461.66000    2.98714    0.06080    0.85333    0.06026
    466.16000    2.63336    0.08331    0.72095    0.05053
    468.35000    2.80584    0.06331    0.75926    0.05905
    471.44000    2.78720    0.06369    0.81989    0.04380
    475.98000    2.79598    0.03993    0.83888    0.07071
    478.54000    2.79411    0.05241    0.86646    0.06912
    482.69000    2.74132    0.05278    0.89387    0.02749
    485.45000    2.69371    0.07375    0.91569    0.06841
    488.25000    2.68213    0.02989    0.80853    0.04970
    489.22000    2.80890    0.06780    0.81074    0.04208
    494.17000    2.59069    0.03913    0.78019    0.03381
    496.50000    2.48372    0.07592    0.79419    0.04237
    500.02000    2.42537    0.06521    0.76641    0.05437
    502.30000    2.26627    0.03783    0.81982    0.05541
    505.37000    2.38664    0.10278    0.92677    0.06186
    507.26000    2.42376    0.02390    0.89045    0.08116
    511.71000    2.53105    0.06570    0.82022    0.03121
    516.27000    2.39815    0.06187    0.79045    0.04715
    519.68000    2.43834    0.05295    0.88737    0.06867
    523.29000    2.56381    0.05443    0.86748    0.02836
    528.97000    2.62512    0.07208    0.81729    0.06482
    533.41000    2.55155    0.06802    0.72541    0.06044
    535.85000    2.43554    0.05638    0.84040    0.04946
    540.49000    2.60561    0.06336    0.86916    0.02622
    543.50000    2.53713    0.04887    0.71721    0.05759
    546.78000    2.52028    0.04843    0.81764    0.04079
    548.41000    2.59297    0.08657    0.82779    0.02572
    550.32000    2.54056    0.03896    0.83058    0.04421
    552.45000    2.59254    0.02281    0.75916    0.05766
    554.82000    2.49896    0.06072    0.82087    0.04921
    557.59000    2.52065    0.07361    0.92812    0.06153
    561.70000    2.64698    0.06022    0.75055    0.06529
    565.22000    2.71224    0.04849    0.60960    0.04707
    568.74000    2.80177    0.06520    0.73657    0.04791
    570.32000    2.82137    0.06907    0.65820    0.04357
    573.76000    2.72866    0.04292    0.77897    0.06154
    574.89000    2.67811    0.04554    0.72268    0.04397
    576.41000    2.60177    0.05773    0.67796    0.07515
    579.32000    2.51853    0.04380    0.81091    0.06334
    580.88000    2.54970    0.07604    0.67183    0.06534
    585.37000    2.40937    0.04483    0.75428    0.02443
    587.97000    2.40918    0.05968    0.83471    0.05834
    591.51000    2.39947    0.01370    0.78086    0.06771
    595.07000    2.25345    0.06554    0.74341    0.05015
    597.23000    2.27930    0.03260    0.82034    0.06675
    602.46000    2.35035    0.04967    0.77466    0.04692
    732.35000    3.18098    0.07729    0.63255    0.03917
    735.45000    3.17851    0.03324    0.70422    0.06023
    738.50000    3.23406    0.05024    0.68837    0.01647
    741.71000    3.13593    0.08412    0.67495    0.01710
    745.94000    3.25903    0.06560    0.75873    0.04843
    749.29000    3.35391    0.05310    0.75589    0.05014
    751.82000    3.46931    0.03724    0.81574    0.06564
    754.39000    3.33179    0.04564    0.79115    0.06983
    757.43000    3.26521    0.04271    0.80809    0.06795
    761.17000    3.12144    0.04119    0.83565    0.07735
    764.59000    3.16462    0.06193    0.96617    0.06535
    768.75000    3.00081    0.05310    0.85267    0.06527
    772.68000    3.27032    0.08879    0.92099    0.02025
    776.27000    3.12292    0.04322    1.01242    0.05205
    778.16000    3.10412    0.02349    0.91182    0.03646
    780.82000    3.07634    0.02973    0.93221    0.04314
    785.53000    3.18414    0.06042    0.92276    0.07051
    788.74000    3.23660    0.07800    0.80849    0.05601
    791.38000    3.04609    0.02759    0.95788    0.04324
    794.89000    3.02322    0.06215    0.88549    0.04819
    798.49000    3.11140    0.06302    0.99271    0.05480
    801.08000    2.99583    0.06238    0.97842    0.04872
    805.35000    2.99277    0.05450    0.93642    0.10059
    807.31000    3.06448    0.06610    0.91261    0.08643
    808.53000    3.00448    0.05628    0.96684    0.07312
    811.23000    3.06557    0.05150    0.95197    0.05769
    814.15000    3.04158    0.08844    0.96525    0.05476
    816.11000    3.06335    0.07292    1.01935    0.04734
    820.11000    3.20709    0.05542    0.97152    0.02180
    823.30000    3.11080    0.07517    0.95076    0.07121
    827.24000    3.02460    0.04569    0.95840    0.06711
    831.02000    3.12398    0.03637    0.90027    0.04563
    833.67000    3.18131    0.04783    0.90372    0.02456
    836.02000    2.97346    0.04646    0.93065    0.06282
    839.17000    3.09170    0.06689    0.97050    0.05606
    841.85000    3.07800    0.04802    0.91437    0.03726
    845.85000    3.02852    0.04403    0.90618    0.05495
    850.16000    3.32018    0.06161    0.89743    0.05758
    853.21000    3.11012    0.05235    1.00958    0.07231
    856.53000    3.20312    0.04521    0.95393    0.06054
    860.36000    3.03134    0.03773    0.94696    0.03994
    863.54000    3.13946    0.03901    0.94994    0.05955
    866.91000    3.10912    0.01724    0.87640    0.05007
    868.17000    3.04223    0.05007    0.89716    0.08669
    872.19000    3.13154    0.03238    0.84507    0.06602
    873.22000    3.15156    0.08043    0.92822    0.04047
    876.28000    3.08464    0.04332    0.99104    0.07362
    879.53000    3.00640    0.04323    0.91404    0.03819
    883.86000    3.08505    0.06101    0.91494    0.04995
    886.79000    3.08260    0.05372    0.81427    0.05448
    888.86000    3.15318    0.03265    0.94477    0.00952
    893.42000    2.96514    0.04515    0.86400    0.07232
    896.76000    2.91874    0.03231    1.02827    0.06062
    901.64000    2.99339    0.06909    0.97337    0.04645
    904.46000    2.88900    0.04765    0.91628    0.03784
    908.06000    2.70456    0.09094    0.91538    0.03830
    910.02000    2.83564    0.05315    0.87186    0.07272
    913.24000    2.63285    0.05209    0.94099    0.04457
    916.75000    2.75489    0.03301    1.02298    0.05332
    918.96000    2.97652    0.06946    0.94218    0.06077
    920.82000    2.85515    0.04315    0.94586    0.06745
    923.75000    2.88378    0.08211    0.92476    0.04782
    925.25000    2.91820    0.03063    0.88280    0.02870
    927.51000    2.98776    0.06319    0.97109    0.05163
    930.26000    3.07561    0.04722    0.92766    0.06161
    931.70000    3.00662    0.06271    0.95470    0.04992
    934.78000    3.12619    0.03382    0.85166    0.05818
    936.90000    2.96151    0.04330    0.91243    0.04667
    938.86000    2.96793    0.07513    0.92011    0.07506
    943.03000    3.02834    0.05105    0.98472    0.06732
    946.68000    2.90367    0.05587    0.87352    0.03255
    950.35000    2.88306    0.05017    0.96608    0.06937
    952.67000    2.95414    0.07949    0.91815    0.06185
    954.57000    3.02850    0.05179    0.95722    0.02973
    957.47000    2.93562    0.06244    0.85265    0.01694
    960.59000    2.85943    0.06248    0.89190    0.05180
    964.35000    2.79309    0.03399    0.77682    0.04924
    968.45000    2.68199    0.04997    0.87458    0.02458
   1095.37000    3.02919    0.05426    0.88000    0.04370
   1098.43000    2.84929    0.06331    0.90388    0.06185
   1099.78000    3.03482    0.06922    0.83537    0.04934
   1102.02000    2.92119    0.07152    0.88693    0.02935
   1105.73000    3.01816    0.03979    0.95010    0.09808
   1109.55000    2.91089    0.03950    0.88667    0.06810
   1114.32000    2.98756    0.04367    0.92391    0.01178
   1116.16000    3.14465    0.05756    0.86292    0.06424
   1119.15000    3.02457    0.07454    0.89625    0.04200
   1121.57000    3.01169    0.08018    0.87807    0.05283
   1124.50000    3.04183    0.03338    0.82822    0.06004
   1128.43000    3.20487    0.04849    0.81492    0.05562
   1132.19000    3.17371    0.02604    0.75932    0.03503
   1134.10000    3.21592    0.05281    0.75509    0.02836
   1137.10000    3.13484    0.05950    0.94766    0.06626
   1142.22000    2.96769    0.04249    0.79675    0.06220
   1144.68000    2.99640    0.06940    0.79421    0.06006
   1147.00000    2.92264    0.06226    0.69656    0.04457
   1148.87000    2.97347    0.03893    0.78187    0.05503
   1152.42000    3.00645    0.04016    0.85770    0.06168
   1155.53000    3.15581    0.05626    0.80710    0.05104
   1158.54000    3.19975    0.04351    0.86754    0.05701
   1161.68000    3.07416    0.08066    0.80209    0.04320
   1165.07000    3.10985    0.05559    0.80738    0.03094
   1169.11000    3.16030    0.06119    0.93809    0.07226
   1170.09000    3.02213    0.04324    0.86344    0.06679
   1172.83000    2.88678    0.03471    0.82899    0.05840
   1175.48000    3.03103    0.07076    0.80880    0.07947
   1179.42000    2.95311    0.08102    0.90442    0.04759
   1180.42000    2.81649    0.05623    0.92686    0.06498
   1184.10000    2.83870    0.07908    0.91343    0.07400
   1187.82000    2.93751    0.04272    0.86380    0.04816
   1191.35000    2.84680    0.06542    0.87821    0.07682
   1192.24000    2.94624    0.08384    0.96030    0.06808
   1195.35000    2.85139    0.04503    0.96160    0.03860
   1198.68000    2.84370    0.01991    0.87219    0.05856
   1201.50000    2.77107    0.05078    0.87293    0.06429
   1204.66000    2.83841    0.05398    0.90881    0.02258
   1207.74000    2.87383    0.04351    0.99420    0.08973
   1209.20000    2.75047    0.05071    0.95415    0.06648
   1211.51000    2.64946    0.04930    0.90576    0.04999
   1214.79000    2.74534    0.07344    0.98392    0.06134
   1217.22000    2.64102    0.05064    0.96357    0.03639
   1218.67000    2.59817    0.06132    1.04936    0.07099
   1222.04000    2.49417    0.05620    0.93090    0.02957
   1228.39000    2.46266    0.04353    0.85674    0.04719
   1230.67000    2.42866    0.05505    0.96237    0.03841
   1235.31000    2.53553    0.05718    0.92051    0.06221
   1238.40000    2.42158    0.05373    0.88815    0.02952
   1241.25000    2.40989    0.08438    0.85712    0.02441
   1244.32000    2.34118    0.06818    0.79322    0.04282
   1247.73000    2.50495    0.04327    0.85831    0.01916
   1250.25000    2.48089    0.03952    0.83279    0.02830
   1253.37000    2.50934    0.06127    0.86935    0.05195
   1256.41000    2.36228    0.06992    0.76034    0.05801
   1260.22000    2.48099    0.06616    0.75868    0.06494
   1263.10000    2.39015    0.02979    0.86073    0.06355
   1267.38000    2.32692    0.04811    0.78942    0.04089
   1269.55000    2.32817    0.08787    0.82999    0.05858
   1273.20000    2.18573    0.08866    0.72178    0.06319
   1277.76000    2.50722    0.07926    0.75589    0.03457
   1282.57000    2.48361    0.05196    0.77077    0.05921
   1286.76000    2.40390    0.07349    0.71632    0.05353
   1288.71000    2.38726    0.04857    0.67835    0.04994
   1293.07000    2.35994    0.08284    0.68649    0.02720
   1297.48000    2.38028    0.04254    0.70028    0.04557
   1301.37000    2.40885    0.04095    0.77139    0.03340
   1305.41000    2.29671    0.03941    0.72770    0.02341
   1306.81000    2.27618    0.07030    0.69040    0.04177
   1309.30000    2.41806    0.06060    0.69770    0.03075
   1310.37000    2.39394    0.02523    0.73506    0.05164
   1313.81000    2.36578    0.00348    0.74344    0.06358
   1317.76000    2.34324    0.05831    0.70447    0.05936
   1321.80000    2.32454    0.06124    0.72495    0.03864
   1324.59000    2.34968    0.04202    0.74949    0.05237
   1327.60000    2.33931    0.06401    0.66339    0.03941
   1329.85000    2.25899    0.03751    0.69314    0.03675
   1334.29000    2.25863    0.05590    0.72542    0.02917
   1460.54000    2.65897    0.05801    0.82648    0.05880
   1463.18000    2.73501    0.04084    0.84176    0.02621
   1466.90000    2.80665    0.06006    0.81145    0.07057
   1470.32000    2.68029    0.02294    0.79161    0.05157
   1474.91000    2.91245    0.05739    0.85180    0.07285
   1476.80000    2.93784    0.03796    0.78691    0.04154
   1481.01000    2.86488    0.06778    0.86834    0.05340
   1484.83000    2.84112    0.03084    0.86673    0.04104
   1487.48000    2.85367    0.06027    0.81522    0.04530
   1489.04000    2.81289    0.03382    0.74881    0.04330
   1491.94000    2.82268    0.04274    0.80209    0.04421
   1495.42000    2.93851    0.04846    0.82532    0.08264
   1498.06000    3.04347    0.05521    0.70697    0.05909
   1501.16000    2.82568    0.06635    0.81974    0.04814
   1505.36000    2.78228    0.07172    0.88801    0.06696
   1508.49000    2.79108    0.05518    0.77424    0.01406
   1511.26000    2.82776    0.05487    0.79832    0.03440
   1514.06000    2.86997    0.06648    0.73328    0.02510
   1518.31000    2.74357    0.03714    0.74324    0.03881
   1521.42000    2.84477    0.03036    0.78268    0.08090
   1523.36000    2.76584    0.05060    0.75283    0.04906
   1527.95000    2.65552    0.07052    0.80990    0.04100
   1531.11000    2.68740    0.05414    0.84129    0.03156
   1534.75000    2.84478    0.05435    0.72552    0.05283
   1537.73000    2.76146    0.04735    0.79315    0.05246
   1539.53000    2.69867    0.05677    0.74614    0.05351
   1540.11000    2.75783    0.05249    0.87900    0.05889
   1544.57000    2.78698    0.06065    0.77437    0.04423
   1548.45000    2.72380    0.05849    0.71119    0.07054
   1551.43000    2.77347    0.06296    0.94100    0.05983
   1555.42000    2.88556    0.00248    0.76612    0.06041
   1558.99000    2.87927    0.07522    0.73710    0.06255
   1560.73000    2.81144    0.05023    0.86750    0.05223
   1562.15000    2.87269    0.07383    0.93144    0.05464
   1564.58000    2.97363    0.06517    0.83918    0.05459
   1567.83000    2.90794    0.05518    0.80079    0.04377
   1571.33000    2.95616    0.04847    0.85962    0.04375
   1574.06000    2.94745    0.06198    0.83306    0.07372
   1576.72000    2.98466    0.07133    0.80404    0.06851
   1578.70000    3.05887    0.06509    0.81526    0.05490
   1582.49000    2.95530    0.03277    0.74899    0.05500
   1585.28000    2.86624    0.02497    0.80408    0.04786
   1588.88000    2.77177    0.07228    0.79688    0.04669
   1591.42000    2.88930    0.05906    0.86640    0.05242
   1593.86000    2.82256    0.05801    0.82275    0.02840
   1596.69000    3.00215    0.04458    0.78490    0.05295
   1599.81000    3.09691    0.06766    0.84311    0.06578
   1603.43000    3.02616    0.06377    0.83787    0.04618
   1607.35000    2.94853    0.02162    0.73478    0.05554
   1611.86000    2.87716    0.07075    0.75136    0.05445
   1615.56000    2.91639    0.06184    0.81787    0.06342
   1618.10000    2.79231    0.03154    0.91541    0.03425
   1621.72000    2.85859    0.06561    0.78142    0.06232
   1623.99000    2.86970    0.07342    0.80053    0.05583
   1628.42000    2.88059    0.05758    0.74296    0.05188
   1630.10000    2.93965    0.04851    0.84843    0.04381
   1636.08000    2.70362    0.03856    0.83821    0.06292
   1639.35000    2.78507    0.05202    0.91183    0.05342
   1641.73000    2.77473    0.05424    0.93093    0.06663
   1645.58000    2.53897    0.07326    0.81098    0.04660
   1649.13000    2.58067    0.06832    0.80084    0.04968
   1652.91000    2.40409    0.03214    0.76834    0.03342
   1657.89000    2.43072    0.04597    0.83494    0.06676
   1660.19000    2.39613    0.06264    0.68132    0.06217
   1663.92000    2.45447    0.05090    0.79738    0.04521
   1668.29000    2.40655    0.03216    0.84017    0.03522
   1672.15000    2.40543    0.03165    0.78031    0.06287
   1674.97000    2.46180    0.05472    0.78056    0.05998
   1678.77000    2.40570    0.05560    0.84299    0.04965
   1681.48000    2.46266    0.05522    0.75554    0.07386
   1684.91000    2.45056    0.04006    0.76387    0.05401
   1688.38000    2.46843    0.08141    0.84657    0.02800
   1689.95000    2.37522    0.06014    0.68915    0.07799
   1691.48000    2.40700    0.05930    0.78662    0.02153
   1693.84000    2.34441    0.04679    0.74474    0.06477
   1697.25000    2.53077    0.05866    0.80413    0.02885
   1698.87000    2.40225    0.04131    0.88546    0.05392
