## Time Delay Challenge light curves
##
## [time]=days, [lc]=[err]=flux in nanomaggies
##
##       time       lc_A      err_A       lc_B      err_B
##-------------------------------------------------------
      0.41000   13.27576    0.04768    3.17610    0.05426
      3.37000   12.80809    0.05129    3.01144    0.06054
      6.93000   13.40775    0.04946    3.08521    0.04065
      9.96000   13.24010    0.06239    3.16111    0.05495
     10.60000   13.16201    0.04961    3.21030    0.05999
     13.08000   13.08157    0.04919    3.34364    0.06783
     15.83000   12.86162    0.04185    3.28972    0.07283
     21.26000   12.91875    0.03855    3.10577    0.05900
     23.09000   13.17201    0.06062    3.14767    0.03170
     25.89000   12.91300    0.03021    3.16156    0.02551
     29.71000   12.88383    0.06284    3.30510    0.06354
     32.59000   12.37526    0.04738    3.38476    0.05827
     35.87000   12.24348    0.06304    3.24014    0.04535
     39.74000   12.40552    0.02885    3.30879    0.02313
     41.25000   12.39220    0.06715    3.36812    0.04647
     44.24000   12.22291    0.07375    3.38718    0.04918
     46.48000   12.39566    0.03730    3.18212    0.03146
     49.46000   11.64585    0.03277    3.12595    0.06512
     51.34000   11.73073    0.03747    3.26757    0.03831
     54.88000   11.66305    0.04243    3.26370    0.04298
     58.85000   11.57737    0.06591    3.23761    0.05018
     61.45000   11.10076    0.05647    3.19294    0.07487
     64.33000   10.96972    0.02614    3.15786    0.03877
     66.59000   10.69780    0.05514    3.04512    0.07995
     69.50000   10.88171    0.03982    3.14775    0.04251
     71.77000   10.91975    0.08306    3.16958    0.05321
     75.37000   10.97480    0.05456    3.12271    0.06030
     78.42000   10.79416    0.07597    3.01488    0.06735
     81.58000   10.69278    0.05275    2.89847    0.06930
     85.94000   10.70829    0.01449    2.88691    0.07774
     87.36000   10.89889    0.05801    2.84282    0.03106
     90.09000   10.58430    0.03725    2.78457    0.06134
     93.92000   10.89692    0.05507    2.78306    0.04088
     96.77000   11.11033    0.08769    2.73718    0.08866
    100.70000   10.83617    0.06532    2.72459    0.06927
    103.54000   10.66419    0.07938    2.76272    0.07565
    106.07000   10.91919    0.05541    2.82320    0.05293
    109.63000   10.96305    0.05166    2.75544    0.05727
    111.80000   11.13266    0.06452    2.69615    0.04658
    114.92000   11.17379    0.07054    2.73887    0.06557
    118.10000   11.57786    0.05553    2.65843    0.06611
    121.85000   11.34667    0.07286    2.64157    0.09126
    125.50000   11.12981    0.04997    2.71106    0.02704
    129.49000   11.08234    0.01912    2.68416    0.07293
    132.85000   10.87047    0.08980    2.74568    0.06705
    135.45000   10.61054    0.05609    2.80111    0.03629
    137.18000   10.71462    0.06572    2.77145    0.03625
    141.49000   11.29865    0.03482    2.76322    0.01966
    143.14000   11.33514    0.04160    2.74460    0.05551
    145.98000   11.59257    0.03686    2.84210    0.04512
    150.72000   11.74987    0.02711    2.91213    0.05688
    154.16000   12.02289    0.06720    2.93351    0.05242
    158.02000   12.51583    0.02837    2.74426    0.03430
    160.49000   12.31819    0.05329    2.75829    0.05144
    163.49000   12.59317    0.03502    2.73409    0.03220
    164.79000   12.54045    0.05532    2.69409    0.04277
    169.20000   12.36855    0.04803    2.78050    0.04705
    173.81000   11.91057    0.05279    2.97995    0.06524
    177.58000   12.46113    0.03598    3.00905    0.03978
    182.23000   12.72555    0.03517    3.03366    0.06340
    186.66000   12.89688    0.05916    3.02968    0.04991
    190.64000   12.82682    0.03674    3.20098    0.06423
    193.50000   12.40987    0.05352    3.19009    0.04502
    198.31000   12.27986    0.05976    3.12309    0.02657
    200.75000   12.20109    0.06163    3.14757    0.06364
    202.39000   12.26833    0.05933    3.06075    0.05982
    203.76000   12.09240    0.04934    3.00473    0.04786
    206.36000   11.56044    0.04279    3.10542    0.05369
    210.48000   11.73161    0.06107    3.23749    0.06697
    213.26000   11.85874    0.05039    3.12976    0.04728
    216.93000   11.26683    0.02926    3.34535    0.04673
    219.87000   11.23658    0.05295    3.29341    0.06524
    221.97000   11.01559    0.06010    3.11235    0.03976
    226.20000   11.04876    0.04204    3.11376    0.05785
    229.18000   10.70261    0.05598    3.09095    0.05502
    230.80000   10.47729    0.03228    3.11549    0.05427
    233.38000   10.62800    0.03798    3.13554    0.07611
    236.40000   10.97342    0.04291    3.09113    0.07324
    239.04000   11.09583    0.06376    2.99030    0.03985
    366.82000   12.16792    0.06321    3.22277    0.04147
    368.30000   12.42628    0.08907    3.13866    0.08625
    372.22000   12.51373    0.04711    3.14414    0.03310
    374.65000   12.31636    0.04065    3.15535    0.05744
    379.16000   12.31811    0.05867    3.00355    0.06556
    380.66000   12.00896    0.05037    3.01012    0.06928
    383.90000   12.04507    0.07403    3.16506    0.06150
    385.92000   11.82341    0.09181    3.03475    0.05370
    388.78000   11.22165    0.06391    2.94776    0.05462
    392.20000   11.35562    0.05373    3.05572    0.05833
    395.54000   11.17208    0.05624    3.07031    0.03718
    398.81000   11.29280    0.03185    3.12049    0.02460
    401.10000   11.36786    0.06364    3.15595    0.05222
    403.21000   11.21349    0.05500    3.12895    0.02757
    406.25000   11.72689    0.06310    3.17256    0.04295
    409.27000   11.39107    0.02420    3.20508    0.04147
    411.27000   11.43723    0.05378    2.97743    0.04302
    414.94000   11.72539    0.04575    3.10279    0.04467
    417.14000   11.55983    0.03944    2.94561    0.06855
    421.69000   11.33042    0.03554    2.92212    0.04772
    424.18000   11.16967    0.03323    2.87021    0.05408
    428.20000   11.51531    0.07519    2.85976    0.04280
    431.74000   11.84228    0.02343    2.92406    0.05072
    432.52000   11.76039    0.03957    2.91479    0.04654
    434.56000   11.78125    0.03716    2.85181    0.05566
    435.48000   11.80835    0.03797    2.94387    0.05079
    438.54000   12.68911    0.06640    2.78765    0.06278
    441.73000   12.85585    0.03447    2.87085    0.06607
    444.46000   13.01660    0.07108    2.96897    0.06908
    447.28000   12.66541    0.06148    2.94803    0.05797
    450.70000   12.41130    0.05078    2.77681    0.05657
    453.37000   12.54509    0.05617    2.92469    0.06256
    456.79000   11.95537    0.05123    2.78953    0.04163
    460.21000   12.25132    0.08241    2.93314    0.03693
    463.30000   12.29756    0.04969    2.97683    0.05567
    466.92000   11.98074    0.04824    2.92284    0.07167
    468.62000   11.89406    0.04573    3.06668    0.04722
    472.10000   11.83060    0.04671    3.20187    0.05740
    475.31000   11.72423    0.03987    3.24032    0.04544
    479.29000   11.48350    0.03601    3.25284    0.06684
    483.02000   11.15250    0.01164    3.23324    0.02132
    485.90000   11.09022    0.03269    3.20555    0.05394
    489.89000   10.95314    0.06034    3.10279    0.06191
    493.05000   10.77096    0.05218    3.10705    0.05759
    495.26000   10.84522    0.04424    3.14067    0.04376
    497.26000   10.84029    0.04642    3.09323    0.05422
    499.82000   10.66524    0.07271    3.10765    0.07056
    503.51000   10.35002    0.08421    2.91878    0.04646
    505.72000   10.20829    0.07317    2.99870    0.07971
    508.78000   10.13417    0.06212    2.84480    0.08086
    511.56000   10.02554    0.05480    2.77331    0.04806
    514.77000    9.81040    0.02872    2.86876    0.05821
    518.77000   10.40834    0.05591    2.89792    0.09306
    522.68000   10.21987    0.06807    2.81538    0.05975
    524.84000   10.44593    0.03634    2.84031    0.04395
    528.27000   10.58523    0.08438    2.70455    0.04642
    530.03000   10.48182    0.03746    2.76236    0.02134
    534.57000   10.51229    0.00960    2.72509    0.06246
    536.79000   10.56250    0.05416    2.63076    0.05488
    538.81000   10.16274    0.03439    2.54626    0.04831
    542.52000   10.25850    0.04037    2.58812    0.05833
    547.11000   10.42632    0.04960    2.59304    0.06667
    550.42000   10.26034    0.05059    2.61788    0.02732
    553.42000   10.75312    0.06865    2.67317    0.06023
    554.93000   11.00332    0.07028    2.64381    0.06392
    556.92000   10.83968    0.03110    2.47212    0.07271
    559.79000   10.69170    0.01659    2.69503    0.04293
    563.64000   10.25435    0.07777    2.60713    0.04282
    566.91000   10.38651    0.03412    2.64440    0.04451
    569.90000   10.18282    0.07474    2.58521    0.04169
    571.50000   10.32356    0.05202    2.44838    0.06492
    575.40000   10.12669    0.04032    2.72563    0.04762
    577.87000   10.11243    0.06916    2.66100    0.03869
    581.89000   10.55445    0.09053    2.77232    0.06168
    584.78000   10.56096    0.04205    2.85003    0.06781
    586.84000   10.89891    0.07527    2.69587    0.05629
    588.56000   10.73753    0.03788    2.71646    0.03730
    590.91000   10.92993    0.07174    2.61513    0.04576
    592.49000   10.79440    0.05491    2.82250    0.06621
    594.09000   10.63301    0.02871    2.58702    0.02996
    596.81000   10.51436    0.03812    2.63562    0.05060
    601.53000   10.42263    0.04975    2.54628    0.05456
    604.96000    9.74123    0.06110    2.49459    0.03910
    730.58000   12.80751    0.06206    2.92361    0.04479
    732.34000   12.92044    0.02654    2.92352    0.03468
    734.76000   12.79606    0.05640    2.99717    0.05995
    737.05000   12.82502    0.02453    2.95098    0.07567
    739.57000   12.87886    0.04514    3.08789    0.03656
    743.10000   13.08131    0.06551    3.16193    0.06157
    745.03000   13.15007    0.03246    3.08268    0.07270
    746.00000   13.26965    0.03518    3.12421    0.06377
    750.09000   13.99008    0.09026    3.28202    0.03910
    754.40000   13.83451    0.02819    3.28575    0.05332
    755.57000   14.23221    0.06803    3.23384    0.05657
    757.88000   14.48416    0.03608    3.26427    0.04724
    760.22000   14.64542    0.07346    3.27617    0.07484
    761.80000   14.53171    0.06083    3.28832    0.05941
    766.83000   14.02700    0.04250    3.22638    0.05817
    769.87000   14.28539    0.04013    3.27121    0.04483
    773.29000   14.01393    0.05585    3.24916    0.09073
    776.00000   14.53909    0.05479    3.35488    0.01711
    779.39000   14.62077    0.05760    3.47626    0.07455
    781.93000   14.88099    0.03819    3.49249    0.03119
    785.36000   14.83754    0.04625    3.56642    0.08056
    789.84000   14.65189    0.07533    3.67761    0.06756
    792.10000   14.52506    0.02499    3.78228    0.03947
    794.14000   14.44599    0.04579    3.53441    0.05822
    796.23000   14.26452    0.09636    3.66064    0.07125
    799.28000   14.17501    0.06873    3.65010    0.05138
    803.49000   14.79102    0.04865    3.62048    0.06072
    807.68000   14.12542    0.03241    3.65927    0.05548
    810.25000   13.93565    0.03758    3.71608    0.05435
    814.09000   13.93266    0.04047    3.75855    0.04966
    816.09000   13.90074    0.03717    3.66055    0.07882
    817.52000   14.18789    0.06546    3.66881    0.05245
    820.10000   13.72611    0.07030    3.79060    0.05071
    823.70000   13.03591    0.06043    3.60374    0.04133
    825.80000   13.46579    0.06857    3.59102    0.03328
    829.70000   13.34210    0.04246    3.52094    0.06512
    833.86000   13.44632    0.04811    3.68507    0.06711
    837.72000   13.99979    0.07808    3.53031    0.05488
    842.59000   13.92354    0.02081    3.57180    0.07648
    845.89000   13.42432    0.06408    3.45518    0.05510
    849.16000   13.24110    0.04439    3.64585    0.04490
    853.45000   13.17826    0.05025    3.46251    0.04903
    856.58000   14.03041    0.07046    3.43867    0.02243
    859.70000   14.25959    0.09367    3.41487    0.05887
    863.90000   14.45369    0.04996    3.39453    0.03826
    867.34000   14.31343    0.05087    3.50511    0.05331
    871.18000   14.49419    0.02926    3.62772    0.08262
    873.92000   14.81754    0.06800    3.56015    0.04105
    876.35000   14.98027    0.03902    3.44796    0.03903
    879.83000   14.53244    0.04790    3.34025    0.04817
    884.29000   14.90945    0.05913    3.44977    0.03267
    887.71000   14.28342    0.06029    3.52970    0.03798
    891.44000   14.12090    0.06807    3.70902    0.06674
    893.25000   14.16406    0.07791    3.71858    0.03485
    895.13000   14.26099    0.07134    3.66005    0.07660
    899.58000   14.04902    0.06982    3.65201    0.05326
    903.71000   14.40072    0.06005    3.84059    0.04949
    907.23000   13.46914    0.03712    3.76720    0.01956
    909.99000   13.22293    0.06206    3.72345    0.04712
    913.75000   13.08766    0.04805    3.59427    0.05703
    915.70000   13.29501    0.07029    3.74675    0.03665
    918.37000   13.43004    0.04546    3.61758    0.05928
    920.98000   12.97537    0.07251    3.66406    0.06831
    923.96000   13.08930    0.04118    3.60945    0.05705
    926.22000   13.22005    0.04043    3.61178    0.07869
    929.03000   13.07727    0.05529    3.62691    0.06009
    932.34000   13.02023    0.04885    3.66067    0.03300
    936.02000   12.94603    0.00949    3.59207    0.05066
    938.70000   13.02790    0.05106    3.31263    0.06952
    941.01000   13.08689    0.05946    3.35320    0.07174
    946.37000   12.66645    0.05968    3.36474    0.05173
    949.02000   12.86444    0.06237    3.50406    0.07582
    951.65000   12.99492    0.02821    3.27927    0.05756
    954.85000   13.06061    0.05810    3.38813    0.05509
    957.23000   13.23757    0.08960    3.43266    0.05034
    961.06000   13.49406    0.04627    3.34644    0.05038
    965.48000   13.98365    0.06812    3.22285    0.06614
    967.86000   14.10909    0.07463    3.31881    0.05131
   1096.14000   13.53462    0.05162    3.45475    0.05467
   1100.13000   13.33579    0.05966    3.35930    0.05802
   1103.00000   13.80189    0.04294    3.37173    0.05710
   1106.27000   13.89139    0.05068    3.40915    0.05459
   1109.89000   14.74160    0.05774    3.35284    0.00194
   1112.22000   14.70811    0.05977    3.50692    0.02155
   1114.89000   14.90020    0.06841    3.40164    0.08480
   1118.27000   15.28825    0.02093    3.27370    0.06571
   1121.82000   15.32244    0.05054    3.50767    0.06317
   1123.46000   15.08123    0.05347    3.57602    0.06657
   1127.00000   14.50501    0.05282    3.36322    0.04415
   1129.68000   14.45348    0.05071    3.42005    0.06010
   1133.49000   15.08042    0.07071    3.54436    0.04199
   1135.75000   14.50397    0.06474    3.54057    0.03564
   1141.49000   14.02266    0.03437    3.55914    0.06743
   1144.00000   13.90841    0.05820    3.82206    0.05032
   1148.21000   15.10841    0.02710    3.85451    0.08688
   1151.25000   14.61019    0.03789    3.94442    0.04091
   1155.24000   14.69348    0.05828    3.78308    0.07088
   1157.51000   14.74042    0.04872    3.66570    0.05508
   1161.24000   14.89915    0.04920    3.75700    0.06633
   1164.93000   15.32952    0.06084    3.72943    0.05788
   1169.44000   15.62951    0.07795    3.68415    0.07024
   1170.40000   15.96745    0.06067    3.65195    0.07422
   1172.55000   15.97905    0.04846    3.56906    0.05738
   1176.35000   15.69867    0.04303    3.61285    0.05896
   1179.08000   15.58794    0.05092    3.84890    0.05132
   1183.03000   15.48355    0.07516    3.73818    0.05353
   1184.65000   15.45288    0.03195    3.69285    0.06385
   1189.36000   15.38018    0.02522    3.74275    0.04466
   1191.86000   16.00966    0.04900    3.91980    0.07005
   1194.33000   16.13321    0.06389    3.88760    0.03671
   1198.05000   16.34133    0.05533    3.86512    0.03648
   1200.19000   16.21203    0.07193    3.97427    0.06421
   1202.77000   16.49341    0.06712    4.13332    0.06689
   1205.42000   16.64916    0.03785    3.99640    0.04331
   1208.89000   16.89351    0.03687    3.99621    0.04122
   1211.87000   17.07833    0.09066    4.00490    0.02407
   1213.75000   17.21180    0.03188    3.90961    0.03256
   1216.87000   17.67433    0.06107    3.89239    0.05275
   1219.11000   17.45099    0.07089    3.81738    0.03889
   1222.89000   16.98598    0.09031    4.10616    0.04022
   1226.72000   17.53102    0.06677    4.21614    0.04038
   1229.95000   17.37879    0.06716    4.12519    0.06290
   1232.82000   17.82192    0.05547    4.05628    0.08621
   1236.27000   18.29795    0.04265    4.18334    0.06776
   1239.41000   18.25959    0.04223    4.35096    0.03582
   1241.20000   18.38692    0.08249    4.26018    0.06022
   1242.85000   18.09882    0.02480    4.36399    0.01462
   1247.17000   18.02404    0.08775    4.44252    0.05192
   1252.71000   16.00856    0.07146    4.44352    0.04832
   1257.08000   16.18395    0.04621    4.55389    0.06756
   1259.23000   16.31058    0.05672    4.51713    0.05091
   1261.06000   16.52182    0.04296    4.49631    0.02940
   1263.65000   16.55047    0.00154    4.53358    0.03147
   1266.89000   16.75856    0.02202    4.60952    0.03189
   1269.16000   16.42837    0.07166    4.76686    0.08825
   1271.42000   16.33146    0.05238    4.82354    0.09190
   1273.99000   16.29598    0.06690    4.54782    0.07341
   1276.77000   16.03202    0.06334    4.50637    0.01930
   1280.21000   16.05154    0.06533    4.40790    0.07623
   1280.83000   16.14533    0.07475    4.33775    0.07471
   1283.49000   16.20492    0.06241    4.07589    0.03343
   1284.45000   16.36178    0.04685    4.09714    0.05529
   1287.34000   15.88582    0.04474    4.09737    0.02624
   1291.51000   16.00827    0.03581    4.16152    0.04065
   1294.27000   16.33937    0.07252    4.21690    0.02390
   1298.44000   16.43444    0.04415    4.28516    0.02357
   1302.62000   16.44092    0.04101    4.35132    0.07980
   1306.18000   16.41714    0.05871    4.18027    0.06592
   1309.04000   16.25685    0.04215    4.12069    0.06398
   1310.73000   16.43513    0.06319    4.15310    0.02689
   1313.53000   16.82249    0.03191    4.14310    0.08606
   1316.59000   16.74013    0.03791    4.12357    0.06091
   1319.84000   17.34984    0.05358    3.99223    0.03174
   1322.03000   17.43045    0.03877    4.09536    0.04417
   1323.27000   17.54863    0.05162    4.19062    0.08474
   1327.51000   18.05337    0.05669    4.07991    0.04642
   1328.27000   18.01739    0.06605    4.14250    0.04643
   1329.51000   18.11057    0.03787    4.07895    0.06373
   1462.41000   13.99120    0.05811    3.71850    0.06220
   1465.14000   13.70580    0.07021    3.90135    0.03902
   1468.09000   13.40271    0.04379    3.90098    0.05604
   1471.56000   13.40550    0.06037    3.74201    0.03403
   1474.66000   13.40383    0.05043    3.77257    0.05029
   1477.06000   13.31035    0.03863    3.95401    0.03894
   1481.45000   13.07597    0.05335    3.61198    0.05320
   1484.46000   12.95280    0.06063    3.41205    0.01896
   1486.84000   12.91828    0.05973    3.61359    0.06155
   1488.76000   12.96187    0.06360    3.53021    0.05210
   1490.37000   12.98267    0.03132    3.43211    0.04164
   1491.63000   13.19205    0.06457    3.53007    0.05685
   1495.71000   13.03424    0.04137    3.48656    0.07216
   1498.47000   13.08206    0.03963    3.43561    0.04932
   1500.80000   12.98160    0.02712    3.51288    0.04962
   1505.71000   12.39467    0.05311    3.39812    0.05331
   1508.59000   12.10618    0.07494    3.38310    0.05344
   1512.09000   12.39165    0.04986    3.37937    0.01124
   1516.29000   12.44029    0.03421    3.25050    0.05667
   1519.03000   12.23666    0.04460    3.36863    0.06155
   1523.92000   13.04895    0.04658    3.31768    0.04497
   1527.46000   13.42861    0.06399    3.29885    0.04706
   1531.38000   12.84331    0.06813    3.23201    0.06927
   1534.31000   12.72252    0.09712    3.19264    0.04038
   1537.25000   13.15674    0.09148    3.08772    0.03709
   1541.33000   13.86188    0.05634    3.18769    0.06027
   1544.27000   14.22745    0.08637    3.13608    0.09204
   1546.88000   14.17543    0.05558    3.15326    0.05188
   1548.60000   14.07044    0.04551    3.13844    0.04882
   1551.06000   14.49549    0.08731    3.19200    0.03777
   1555.28000   14.09933    0.03720    3.27715    0.04772
   1557.99000   14.76660    0.03279    3.35495    0.03700
   1560.75000   14.30980    0.05749    3.29254    0.04319
   1563.24000   14.22135    0.06559    3.26561    0.05981
   1566.13000   14.24600    0.06621    3.23801    0.01858
   1568.61000   14.37352    0.03408    3.35539    0.06313
   1571.57000   14.61014    0.06533    3.50130    0.06540
   1573.85000   14.93031    0.06742    3.61234    0.04835
   1575.73000   15.12225    0.07484    3.61960    0.06745
   1577.57000   15.29092    0.05029    3.55273    0.06213
   1582.12000   15.24053    0.03490    3.68411    0.06002
   1585.29000   15.32588    0.03555    3.62226    0.07280
   1589.04000   15.12303    0.03305    3.75657    0.04388
   1591.33000   15.80616    0.04521    3.65102    0.02696
   1594.11000   15.45414    0.04104    3.61564    0.05102
   1596.73000   14.92048    0.02642    3.64995    0.04040
   1599.43000   14.84007    0.05085    3.65106    0.05698
   1603.69000   14.43281    0.06377    3.75250    0.05084
   1607.67000   14.81848    0.04998    3.92714    0.06041
   1610.61000   14.77898    0.06025    4.04071    0.08022
   1613.41000   15.13403    0.04539    3.86246    0.07565
   1615.33000   14.80760    0.06193    4.01017    0.05360
   1619.03000   14.19586    0.03855    3.82632    0.05127
   1621.91000   14.24733    0.03422    4.12819    0.06118
   1623.80000   14.18277    0.05406    3.98954    0.02777
   1626.78000   14.40525    0.06905    3.94578    0.04849
   1627.18000   14.55308    0.03493    3.85761    0.02466
   1629.47000   14.44111    0.06064    3.85663    0.02951
   1632.07000   14.49082    0.04392    3.89250    0.05293
   1634.21000   13.93684    0.06801    3.81259    0.05900
   1636.10000   14.01348    0.04133    3.73986    0.06936
   1638.71000   13.99566    0.04806    3.70802    0.10009
   1641.76000   14.14521    0.04611    3.93991    0.04917
   1646.39000   14.18184    0.07589    3.80183    0.06184
   1647.30000   14.33524    0.05818    3.81762    0.05089
   1650.02000   14.99179    0.05375    3.62214    0.05083
   1652.10000   14.36522    0.05727    3.61985    0.03920
   1655.92000   14.29550    0.03669    3.74087    0.03463
   1658.99000   14.38492    0.05493    3.85909    0.05707
   1661.30000   14.01843    0.05143    3.75344    0.04619
   1662.44000   13.80706    0.03693    3.65055    0.03655
   1666.97000   13.71336    0.07619    3.52079    0.04823
   1670.96000   13.43675    0.07429    3.50726    0.06678
   1673.21000   13.26317    0.02851    3.57584    0.08045
   1676.73000   13.29622    0.06863    3.67021    0.03923
   1680.12000   14.24791    0.03979    3.86928    0.04218
   1682.91000   13.62273    0.02857    3.64469    0.03804
   1685.56000   13.54637    0.07343    3.80470    0.07189
   1690.01000   13.01512    0.04856    3.64105    0.04593
   1691.78000   13.19307    0.06843    3.53676    0.04390
   1693.70000   13.34938    0.05769    3.52116    0.06794
   1697.28000   13.60445    0.03618    3.45327    0.06134
   1699.52000   13.37226    0.06780    3.57865    0.06610
