## Time Delay Challenge light curves
##
## [time]=days, [lc]=[err]=flux in nanomaggies
##
##       time       lc_A      err_A       lc_B      err_B
##-------------------------------------------------------
      3.64000    0.27533    0.05656    3.68889    0.07307
      8.05000    0.42141    0.06104    3.24486    0.07225
     12.44000    0.41161    0.07091    3.06007    0.06664
     13.01000    0.36773    0.06698    3.20630    0.06243
     17.98000    0.46539    0.01594    2.61613    0.09010
     21.22000    0.64650    0.08124    2.35036    0.05208
     24.10000    0.59159    0.09674    1.81656    0.07889
     27.90000    0.55129    0.04395    2.19096    0.08000
     30.39000    0.47831    0.03755    2.07163    0.04878
     34.28000    0.47744    0.04046    2.34101    0.06726
     37.20000    0.39197    0.06449    2.60844    0.04008
     41.08000    0.43032    0.05926    2.41808    0.08185
     43.66000    0.39427    0.03707    2.53227    0.06218
     47.43000    0.31537    0.06684    3.80055    0.05111
     49.10000    0.35847    0.05126    3.48951    0.04111
     52.39000    0.18040    0.05795    3.49306    0.05921
     54.53000    0.30100    0.05488    3.48378    0.06501
     58.24000    0.26887    0.03644    3.21915    0.03566
     60.94000    0.29069    0.04135    3.21708    0.05310
     64.81000    0.35993    0.06196    3.11811    0.05413
     68.99000    0.37661    0.03506    3.37108    0.05450
     73.19000    0.39730    0.05527    3.47946    0.06804
     74.86000    0.49106    0.05561    3.48459    0.06516
     77.34000    0.46048    0.03538    3.42595    0.07149
     81.34000    0.41747    0.03972    3.31588    0.05842
     84.03000    0.51653    0.06861    3.36238    0.04777
     87.29000    0.40677    0.03335    3.24319    0.05348
     88.88000    0.46249    0.07207    3.21535    0.04619
     93.43000    0.52242    0.05622    3.30766    0.05793
     97.16000    0.52517    0.08668    3.19686    0.06146
     99.60000    0.45621    0.06061    3.05807    0.05152
    100.12000    0.41285    0.08267    3.09556    0.05549
    103.46000    0.51291    0.07139    2.97474    0.05058
    107.83000    0.43587    0.07129    3.55903    0.06416
    112.60000    0.52974    0.05013    3.15231    0.04271
    117.36000    0.40329    0.09118    3.68355    0.04562
    120.51000    0.46718    0.04429    3.66363    0.06078
    122.70000    0.40757    0.06352    3.62484    0.04482
    127.23000    0.38375    0.01467    3.16087    0.05738
    130.00000    0.40022    0.04363    3.47145    0.02928
    131.81000    0.42789    0.05191    3.20826    0.05833
    137.51000    0.68613    0.09418    3.57298    0.04008
    139.66000    0.32877    0.05155    3.69319    0.04430
    141.82000    0.41224    0.05412    3.93446    0.06331
    144.93000    0.40176    0.05492    3.95564    0.05104
    147.72000    0.40460    0.07809    3.61674    0.06551
    150.91000    0.44771    0.05480    3.15335    0.03477
    154.53000    0.22590    0.08968    3.11580    0.05158
    156.83000    0.56454    0.08096    2.97926    0.08885
    160.42000    0.50163    0.05438    3.18375    0.08042
    161.94000    0.52876    0.06378    3.56790    0.05432
    163.82000    0.49647    0.06359    3.51360    0.02120
    166.00000    0.42188    0.05277    3.53245    0.04030
    170.62000    0.48969    0.04601    3.38476    0.02711
    173.60000    0.50585    0.03687    3.01281    0.06429
    178.59000    0.39055    0.06424    2.74522    0.07556
    184.00000    0.38050    0.03523    2.73905    0.06884
    188.04000    0.44650    0.02705    3.03989    0.03983
    192.54000    0.49907    0.06472    3.25672    0.02729
    196.34000    0.42762    0.03953    3.52724    0.06965
    198.95000    0.42968    0.03039    3.40462    0.05712
    202.97000    0.40222    0.05698    3.36872    0.06040
    205.05000    0.41735    0.04252    3.23452    0.05582
    209.18000    0.39166    0.02374    3.58916    0.06272
    211.37000    0.41381    0.04365    3.43808    0.02137
    214.71000    0.37040    0.05274    3.12133    0.05372
    216.47000    0.35959    0.05985    2.65705    0.06423
    219.08000    0.40389    0.04215    2.33846    0.06732
    221.81000    0.49858    0.04324    2.33072    0.05645
    224.95000    0.62398    0.06586    2.31217    0.05688
    227.65000    0.41998    0.04721    2.05551    0.04747
    229.60000    0.43345    0.03243    1.84757    0.05925
    231.08000    0.43617    0.05288    2.18442    0.07335
    234.97000    0.46768    0.03265    2.33988    0.07433
    237.55000    0.42885    0.06390    1.94065    0.07926
    367.20000    0.39413    0.05854    2.78622    0.06421
    371.03000    0.32980    0.05237    3.16845    0.07914
    374.30000    0.29123    0.06548    3.15124    0.04292
    377.86000    0.39147    0.04940    2.84905    0.07761
    381.96000    0.29137    0.03539    2.64802    0.05348
    384.58000    0.37844    0.07377    2.54176    0.05059
    385.91000    0.43486    0.05730    2.77905    0.08215
    388.51000    0.32689    0.05932    2.70740    0.04280
    390.19000    0.43749    0.05557    2.37977    0.06185
    392.47000    0.28632    0.04146    2.51556    0.03826
    395.77000    0.38646    0.04370    2.25046    0.06382
    399.39000    0.31484    0.08166    2.06357    0.06854
    400.68000    0.40811    0.04312    1.99989    0.01757
    404.13000    0.29127    0.06231    2.03910    0.03156
    408.72000    0.37177    0.06557    1.85814    0.08170
    411.18000    0.31172    0.06945    2.10737    0.08251
    412.33000    0.44553    0.04694    2.30081    0.07424
    415.77000    0.37051    0.05394    2.44440    0.05183
    419.11000    0.30087    0.08560    2.28439    0.04128
    424.27000    0.16072    0.06730    2.50016    0.05006
    426.62000    0.27815    0.07001    2.28119    0.01369
    429.01000    0.30550    0.07394    2.22722    0.04999
    430.28000    0.20480    0.05120    2.34315    0.08679
    433.13000    0.13313    0.09322    2.30720    0.07762
    436.98000    0.19904    0.06099    2.28328    0.04744
    438.92000    0.32524    0.05808    2.19824    0.05022
    440.11000    0.42352    0.07732    2.42728    0.07133
    442.74000    0.33759    0.03690    2.41262    0.05824
    446.62000    0.36322    0.07097    2.40863    0.05200
    450.01000    0.33365    0.02598    2.25354    0.04667
    452.91000    0.33071    0.05614    2.06617    0.04450
    454.81000    0.27140    0.05852    2.08328    0.06367
    458.62000    0.27765    0.05305    2.01066    0.05785
    460.52000    0.32470    0.05585    2.25660    0.03984
    464.44000    0.37559    0.04918    2.30431    0.07835
    467.05000    0.32976    0.04563    2.53246    0.04546
    470.64000    0.34388    0.03312    2.34113    0.05191
    473.21000    0.41110    0.05612    2.46339    0.05097
    476.23000    0.40301    0.04086    2.67702    0.05824
    478.84000    0.37171    0.06305    2.40020    0.02342
    482.23000    0.30939    0.05536    2.70014    0.05601
    485.40000    0.22953    0.06858    2.99527    0.05167
    490.10000    0.23973    0.07004    3.11022    0.03670
    493.56000    0.31620    0.05884    3.13869    0.06902
    496.25000    0.39007    0.04433    3.35083    0.07431
    497.65000    0.24914    0.07322    3.15468    0.04423
    499.65000    0.29398    0.05472    3.02822    0.04089
    502.14000    0.31784    0.05664    2.97909    0.03237
    503.72000    0.38168    0.05138    2.82796    0.05313
    507.35000    0.43876    0.04709    2.44176    0.02958
    510.62000    0.34464    0.05545    2.64602    0.02793
    514.60000    0.44829    0.06277    2.65227    0.04779
    519.44000    0.50316    0.05415    2.54431    0.07509
    522.77000    0.52610    0.06854    2.45855    0.07561
    524.81000    0.49523    0.06053    2.37278    0.05687
    525.74000    0.40212    0.04675    2.36414    0.04165
    528.58000    0.40016    0.06009    2.52002    0.08308
    530.96000    0.37604    0.07016    2.34025    0.03749
    535.24000    0.44398    0.06979    2.48962    0.04455
    539.69000    0.33130    0.04963    2.24777    0.04139
    543.89000    0.36611    0.05042    2.01101    0.04716
    547.49000    0.50243    0.07158    2.10405    0.04042
    552.13000    0.20275    0.06107    2.30329    0.03858
    554.84000    0.35693    0.04681    2.19813    0.06391
    557.37000    0.22511    0.05622    2.06479    0.07231
    561.57000    0.35128    0.04118    2.66601    0.06046
    564.88000    0.37830    0.03177    2.42007    0.05633
    567.60000    0.21095    0.06166    2.30201    0.06345
    571.05000    0.28171    0.03145    2.60210    0.04920
    573.99000    0.33976    0.02659    3.38243    0.05440
    576.63000    0.26591    0.04772    3.79307    0.05823
    578.25000    0.33073    0.02645    3.58237    0.05643
    580.88000    0.35162    0.05603    3.58336    0.04456
    584.42000    0.28574    0.04089    3.76470    0.04555
    589.02000    0.31785    0.04062    4.62851    0.05727
    591.25000    0.31743    0.03870    4.35590    0.06518
    594.40000    0.29843    0.05974    4.22549    0.04606
    597.91000    0.39013    0.02886    3.36791    0.05545
    602.86000    0.50771    0.04062    3.49838    0.04821
    735.76000    0.42461    0.07573    3.90272    0.06459
    738.10000    0.42655    0.01067    4.01248    0.04271
    741.89000    0.33143    0.05954    3.42961    0.06105
    744.92000    0.44996    0.03735    3.57779    0.06151
    747.08000    0.48247    0.07441    3.25372    0.06465
    750.50000    0.49062    0.05361    3.41948    0.02258
    753.45000    0.37007    0.04464    2.96740    0.04762
    758.10000    0.52085    0.06306    3.14932    0.06333
    759.98000    0.48898    0.02548    3.45460    0.08056
    763.92000    0.51395    0.06970    3.53855    0.05150
    766.96000    0.52447    0.06048    3.94953    0.04034
    767.19000    0.49292    0.04224    3.83882    0.05016
    770.89000    0.55058    0.03832    3.93967    0.06661
    772.32000    0.54757    0.04396    4.14219    0.06901
    775.64000    0.41388    0.05648    3.94386    0.05194
    778.49000    0.38341    0.06706    3.78652    0.05973
    780.23000    0.35313    0.02961    3.33990    0.06712
    784.36000    0.49366    0.05999    3.53079    0.05062
    787.49000    0.43845    0.04032    3.27678    0.03497
    790.14000    0.50454    0.03172    3.45783    0.03538
    794.85000    0.57700    0.04224    3.47821    0.05679
    797.68000    0.57535    0.04696    3.53763    0.05306
    799.27000    0.53934    0.04268    3.74102    0.05789
    801.53000    0.60215    0.05476    3.09330    0.07659
    803.47000    0.53601    0.04874    3.24236    0.04773
    806.14000    0.42666    0.03244    2.94149    0.02336
    810.47000    0.53243    0.08229    3.34338    0.06788
    812.22000    0.49878    0.01824    3.30594    0.06673
    815.32000    0.31812    0.07138    2.51452    0.02270
    818.48000    0.51459    0.05229    2.64559    0.03727
    822.17000    0.38191    0.06504    2.79253    0.06405
    823.43000    0.48318    0.05129    2.98817    0.03095
    826.75000    0.38759    0.07237    2.95535    0.06214
    829.05000    0.41440    0.04158    2.99306    0.03381
    831.33000    0.43520    0.04634    2.98487    0.04258
    835.45000    0.49105    0.06349    2.71046    0.05436
    838.68000    0.46974    0.03600    2.84755    0.06323
    840.58000    0.35868    0.07142    3.15182    0.04700
    842.56000    0.43573    0.04213    3.06756    0.04518
    844.72000    0.38538    0.06492    3.17347    0.04417
    848.13000    0.36201    0.00721    3.91006    0.07133
    850.58000    0.37080    0.04981    3.80891    0.04316
    854.51000    0.47276    0.06919    4.12533    0.07333
    856.77000    0.43268    0.04592    4.14294    0.03869
    858.89000    0.41296    0.03960    4.02636    0.06650
    860.80000    0.37878    0.06451    3.75115    0.02036
    863.94000    0.46728    0.09639    3.81169    0.07093
    866.43000    0.41480    0.06073    3.33818    0.06120
    869.10000    0.43555    0.04116    3.65333    0.01748
    871.30000    0.39919    0.06788    3.71706    0.03456
    873.35000    0.42220    0.05585    3.94833    0.05060
    877.86000    0.50017    0.04759    3.46984    0.05784
    880.13000    0.60565    0.05188    4.19970    0.05850
    883.18000    0.48488    0.03695    3.79379    0.05137
    886.86000    0.57665    0.05073    3.42706    0.08686
    890.41000    0.52308    0.06001    3.91276    0.05617
    892.76000    0.52116    0.03282    3.61206    0.02732
    896.43000    0.55304    0.07415    4.47610    0.05555
    899.60000    0.48985    0.03615    5.31601    0.01246
    901.56000    0.51854    0.06750    5.04808    0.06246
    905.50000    0.41943    0.05019    5.71288    0.06005
    906.25000    0.44537    0.03695    6.03647    0.07519
    910.78000    0.48655    0.04295    6.07540    0.06770
    914.32000    0.47499    0.00275    6.02195    0.07476
    916.50000    0.47080    0.01544    5.58186    0.03725
    919.66000    0.39584    0.05186    4.82822    0.06224
    923.06000    0.64705    0.06544    5.07283    0.03949
    926.86000    0.70371    0.04968    4.30062    0.06119
    929.20000    0.74806    0.05818    4.46004    0.07044
    932.42000    0.84448    0.07735    4.73488    0.05176
    934.83000    0.87700    0.05770    4.61145    0.05660
    937.88000    0.74626    0.04986    4.28130    0.05820
    939.30000    0.90248    0.06897    4.33714    0.05744
    942.14000    0.82896    0.05108    4.10847    0.06001
    945.51000    0.63367    0.04283    3.83786    0.05383
    947.53000    0.66248    0.03910    4.01780    0.06182
    950.87000    0.74720    0.05343    3.82029    0.05639
    954.72000    0.54772    0.08358    3.74330    0.04565
    957.53000    0.57710    0.04380    3.64596    0.05814
    959.98000    0.57307    0.06856    3.21162    0.04351
    963.94000    0.63067    0.01430    3.92575    0.02788
    966.06000    0.60469    0.05669    4.21772    0.05126
    969.37000    0.51529    0.03651    3.68022    0.07093
   1097.18000    0.52466    0.07190    2.54970    0.04090
   1098.87000    0.51424    0.05666    2.70261    0.03250
   1102.75000    0.41851    0.06372    2.78105    0.06331
   1106.72000    0.42755    0.07056    3.10498    0.07457
   1107.38000    0.48983    0.06737    2.88301    0.07297
   1109.56000    0.34426    0.07180    2.96438    0.05929
   1114.38000    0.31504    0.04122    2.77854    0.04499
   1117.11000    0.32360    0.06458    2.70436    0.07112
   1120.18000    0.29168    0.05489    2.74376    0.01671
   1122.70000    0.33797    0.04186    2.68076    0.03592
   1126.57000    0.36733    0.04378    2.60901    0.06375
   1129.27000    0.38758    0.04779    2.63718    0.06177
   1132.89000    0.42982    0.06734    2.85243    0.06705
   1137.09000    0.41909    0.04743    2.73733    0.06012
   1140.21000    0.52194    0.06238    2.62893    0.04793
   1143.59000    0.48593    0.06127    2.81774    0.07370
   1146.48000    0.47370    0.07082    3.24128    0.03285
   1148.78000    0.39223    0.04701    3.13958    0.03039
   1151.25000    0.43023    0.06547    3.01093    0.08287
   1155.29000    0.35298    0.07037    2.98175    0.04111
   1159.54000    0.40491    0.05424    2.78683    0.05765
   1161.39000    0.30012    0.06302    3.30871    0.04498
   1163.75000    0.33747    0.03175    3.04228    0.05007
   1165.45000    0.38223    0.06378    2.93185    0.04453
   1168.96000    0.35353    0.06468    2.71906    0.03759
   1171.94000    0.41765    0.06390    2.99469    0.04518
   1174.84000    0.50679    0.06892    3.59020    0.03306
   1176.57000    0.49222    0.05958    3.68381    0.07182
   1179.72000    0.31045    0.04774    3.55685    0.07008
   1183.16000    0.44132    0.02134    3.69717    0.04898
   1186.79000    0.48234    0.07091    3.40049    0.05820
   1190.81000    0.38419    0.05380    3.47455    0.02900
   1193.34000    0.43450    0.04820    3.69770    0.05705
   1197.27000    0.34796    0.04579    3.43424    0.05272
   1201.12000    0.49855    0.06159    3.94453    0.03616
   1204.53000    0.55675    0.05173    3.68000    0.04742
   1208.21000    0.51916    0.05330    3.84023    0.06833
   1211.02000    0.49167    0.06193    4.16625    0.04228
   1214.43000    0.46728    0.07258    3.81399    0.05118
   1216.35000    0.39058    0.08410    3.84995    0.03295
   1219.54000    0.45288    0.03754    3.41783    0.04968
   1222.37000    0.41838    0.08541    3.04447    0.05420
   1223.96000    0.45728    0.06978    3.42312    0.07599
   1227.41000    0.61039    0.08415    3.88233    0.06569
   1230.05000    0.45857    0.04740    3.94926    0.08002
   1232.63000    0.53809    0.06328    3.77661    0.08027
   1236.12000    0.55388    0.06575    3.86820    0.02744
   1238.57000    0.57714    0.06099    4.64816    0.06186
   1242.77000    0.57363    0.05181    4.41313    0.08845
   1244.31000    0.53140    0.03272    4.94526    0.04863
   1247.75000    0.40760    0.06256    5.11045    0.05462
   1252.14000    0.62474    0.06416    4.35221    0.04160
   1255.21000    0.42934    0.04272    4.22131    0.03556
   1257.40000    0.54786    0.05719    4.19122    0.06387
   1259.80000    0.49740    0.04722    4.57582    0.04925
   1262.53000    0.53495    0.02513    4.28986    0.07662
   1265.96000    0.65002    0.03988    4.52337    0.02950
   1269.20000    0.60388    0.05908    4.89447    0.03488
   1270.62000    0.65865    0.06806    5.21923    0.03750
   1273.03000    0.62541    0.04313    5.16902    0.07350
   1275.71000    0.56466    0.05506    4.44947    0.06449
   1279.50000    0.52725    0.08150    4.00798    0.02206
   1282.76000    0.52322    0.04397    4.44707    0.06000
   1285.46000    0.58449    0.06589    4.22528    0.03517
   1287.97000    0.60471    0.05836    4.59270    0.02650
   1290.54000    0.62911    0.03913    4.81374    0.06495
   1293.96000    0.59258    0.04519    4.38667    0.07271
   1298.54000    0.60927    0.09156    4.46735    0.04649
   1302.02000    0.57359    0.06468    4.24198    0.04903
   1304.42000    0.54070    0.05402    4.28544    0.03954
   1306.56000    0.57901    0.05190    4.99620    0.09350
   1309.34000    0.61273    0.04804    4.51311    0.05600
   1311.94000    0.57876    0.06442    5.22905    0.05291
   1314.97000    0.61726    0.06176    4.76929    0.09305
   1317.49000    0.60123    0.07035    4.55853    0.07639
   1321.26000    0.61458    0.03530    4.48559    0.04493
   1324.88000    0.53690    0.07592    4.79882    0.08786
   1328.29000    0.56807    0.05529    3.82132    0.08784
   1330.26000    0.56870    0.07332    3.86954    0.04276
   1332.28000    0.64796    0.04472    3.82870    0.07229
   1333.86000    0.59003    0.02909    3.40198    0.08370
   1460.36000    0.24983    0.06471    1.93758    0.07047
   1463.42000    0.15797    0.08578    2.49761    0.06367
   1465.05000    0.31246    0.02570    2.34308    0.06028
   1466.58000    0.33724    0.05861    2.42372    0.07554
   1468.99000    0.27700    0.07144    2.38681    0.06619
   1471.57000    0.26840    0.05411    2.36376    0.05013
   1473.89000    0.40216    0.07413    2.53419    0.06196
   1477.18000    0.39606    0.06257    2.46907    0.06229
   1477.91000    0.35872    0.06618    2.62085    0.09217
   1481.30000    0.28073    0.03622    3.23765    0.05738
   1484.56000    0.33369    0.05930    3.56295    0.08424
   1486.06000    0.35197    0.04974    3.46486    0.03833
   1486.78000    0.30005    0.04684    3.25518    0.06705
   1490.09000    0.33594    0.05042    2.53134    0.06288
   1493.48000    0.30707    0.06365    3.04695    0.06107
   1498.17000    0.29461    0.02069    2.27951    0.04502
   1501.38000    0.31804    0.04458    2.28251    0.02831
   1505.50000    0.40314    0.05267    2.32941    0.06635
   1507.71000    0.40044    0.02308    2.47806    0.04268
   1510.68000    0.51218    0.07528    2.15164    0.05894
   1513.76000    0.48806    0.03485    2.04340    0.07837
   1516.49000    0.40371    0.07630    2.04140    0.06380
   1517.68000    0.37182    0.05584    2.29101    0.05725
   1520.15000    0.40481    0.03843    2.06741    0.05474
   1524.50000    0.37939    0.03002    2.15220    0.05776
   1527.18000    0.28431    0.06093    2.15203    0.05548
   1528.96000    0.22747    0.04419    2.12235    0.06556
   1533.64000    0.40617    0.06025    2.45010    0.03124
   1535.68000    0.38145    0.05348    2.48998    0.04654
   1539.35000    0.36660    0.05653    2.81418    0.05483
   1542.38000    0.29752    0.05069    2.41115    0.02046
   1544.92000    0.32421    0.00854    2.39882    0.07099
   1548.19000    0.18025    0.05629    2.35342    0.05883
   1553.11000    0.28789    0.07615    2.23649    0.04867
   1556.19000    0.26700    0.04295    2.51595    0.06414
   1558.96000    0.31925    0.04632    2.78079    0.03600
   1561.66000    0.39601    0.06139    2.58056    0.05644
   1564.55000    0.37217    0.07323    2.76521    0.08972
   1567.33000    0.37509    0.06009    2.69504    0.04398
   1570.24000    0.34981    0.05208    2.66879    0.03642
   1572.07000    0.32273    0.08246    2.74936    0.06420
   1574.82000    0.25891    0.04513    2.77591    0.07536
   1578.88000    0.24354    0.04848    2.88374    0.04582
   1582.95000    0.37512    0.06126    3.17367    0.02816
   1585.90000    0.23352    0.07003    3.40196    0.08192
   1588.39000    0.24804    0.06346    3.19566    0.04066
   1591.53000    0.37836    0.03294    3.00997    0.03797
   1595.76000    0.32682    0.04227    3.40719    0.05899
   1599.65000    0.36684    0.05264    3.41989    0.03128
   1602.52000    0.43027    0.03654    3.35125    0.05284
   1605.09000    0.28956    0.08291    3.33216    0.06083
   1608.14000    0.39929    0.02509    2.89192    0.05408
   1613.19000    0.43257    0.04923    2.65107    0.05505
   1615.56000    0.42662    0.04808    2.32525    0.05190
   1619.60000    0.39891    0.04531    2.00150    0.07463
   1623.77000    0.40669    0.04462    1.90563    0.06675
   1627.97000    0.29822    0.07612    2.05900    0.03353
   1631.19000    0.44812    0.05495    2.02403    0.05818
   1633.44000    0.45873    0.04234    1.88871    0.03520
   1636.54000    0.40458    0.10511    1.95172    0.05680
   1640.55000    0.33571    0.03873    1.95183    0.04888
   1642.06000    0.32742    0.02712    1.90364    0.06828
   1644.82000    0.35503    0.05564    2.02824    0.03875
   1648.39000    0.26290    0.04317    1.71176    0.05469
   1653.04000    0.09280    0.07796    1.99182    0.05417
   1656.63000    0.19953    0.06749    1.87135    0.04207
   1659.39000    0.29191    0.02460    1.99454    0.04533
   1662.33000    0.29725    0.05267    1.77334    0.05208
   1664.00000    0.33411    0.05888    1.98855    0.04856
   1667.43000    0.32255    0.05269    2.11680    0.02525
   1670.91000    0.23072    0.04744    2.53101    0.06783
   1674.30000    0.23794    0.06630    2.66521    0.05942
   1676.01000    0.25678    0.05500    2.79230    0.08547
   1678.24000    0.27407    0.05304    2.68649    0.04953
   1682.42000    0.28005    0.02952    2.98966    0.04627
   1683.34000    0.27771    0.04221    3.01029    0.03541
   1685.82000    0.33235    0.04399    2.78749    0.06041
   1689.22000    0.31343    0.09047    3.04089    0.03810
   1693.49000    0.25633    0.04787    3.07200    0.03112
   1696.76000    0.29281    0.06674    2.80613    0.05366
   1697.89000    0.36843    0.05314    2.85309    0.05385
