## Time Delay Challenge light curves
##
## [time]=days, [lc]=[err]=flux in nanomaggies
##
##       time       lc_A      err_A       lc_B      err_B
##-------------------------------------------------------
      3.56000    1.02381    0.06207    3.69774    0.05553
      5.80000    1.07021    0.02973    3.64278    0.06515
      8.71000    0.95411    0.05215    3.73825    0.06435
     11.29000    1.06721    0.05910    3.66408    0.05658
     14.27000    1.13156    0.04756    3.64761    0.05796
     16.49000    1.03913    0.04126    3.70989    0.09595
     18.51000    1.06273    0.03708    3.79963    0.06347
     22.84000    1.13515    0.04280    3.82678    0.03938
     26.56000    0.95676    0.06175    3.60388    0.06739
     30.32000    1.10074    0.07771    3.78645    0.03714
     32.36000    0.95257    0.07171    3.78237    0.07123
     34.55000    1.09886    0.06657    3.74281    0.07135
     37.78000    1.10002    0.05536    3.59450    0.03514
     42.46000    1.10695    0.06551    3.60532    0.07596
     45.36000    0.97253    0.06547    3.64110    0.04102
     49.22000    1.19690    0.07137    3.72504    0.06288
     53.81000    1.04873    0.03814    3.59090    0.05602
     56.15000    0.87310    0.05972    3.66489    0.09346
     59.55000    1.02334    0.05843    3.65629    0.09007
     63.35000    1.13386    0.05339    3.68488    0.03029
     67.56000    0.99452    0.05186    3.68098    0.09873
     70.16000    1.07640    0.07743    3.69145    0.07101
     73.25000    1.05248    0.05959    3.84633    0.04576
     76.86000    1.09181    0.04409    3.68281    0.04150
     80.22000    1.07994    0.05723    3.77635    0.05377
     81.51000    1.02988    0.05293    3.67853    0.05150
     82.88000    1.08213    0.05619    3.63401    0.07070
     87.59000    1.01389    0.05318    3.84619    0.05020
     90.50000    1.06130    0.03441    3.80834    0.04513
     92.92000    1.04209    0.01989    3.79347    0.02761
     97.16000    1.03592    0.04966    3.76994    0.04394
    100.55000    1.01753    0.08121    3.94148    0.05169
    100.86000    0.92287    0.06505    3.97224    0.02158
    105.26000    1.21784    0.04879    4.03565    0.02699
    109.65000    1.13160    0.06337    3.94958    0.03182
    111.89000    1.12372    0.04755    3.94243    0.06291
    115.56000    1.07706    0.07479    3.71448    0.06370
    117.62000    1.02766    0.04713    3.80494    0.06023
    120.90000    1.11115    0.03305    3.77585    0.02847
    123.56000    1.12606    0.03543    3.76131    0.04933
    127.55000    0.99511    0.06724    3.65523    0.05224
    131.02000    1.17057    0.04487    3.78589    0.07292
    133.06000    1.47597    0.04571    3.90703    0.03923
    137.08000    1.13618    0.02193    3.83718    0.10400
    138.35000    1.12564    0.03531    3.57541    0.06456
    141.45000    1.16315    0.04332    3.59080    0.05111
    144.71000    1.12513    0.05444    3.78439    0.04450
    148.21000    1.11495    0.06019    3.86235    0.05935
    151.03000    1.03109    0.04306    3.77073    0.06689
    154.30000    1.01296    0.06275    3.76877    0.01332
    158.52000    1.02790    0.04507    3.66418    0.06125
    160.62000    1.17074    0.06075    3.82537    0.06579
    163.26000    1.14804    0.04926    3.65760    0.05073
    167.36000    1.02871    0.05546    3.56019    0.06105
    170.92000    1.06649    0.07523    3.83689    0.09321
    172.58000    1.04095    0.03164    3.59224    0.05739
    176.15000    1.08916    0.04355    3.65558    0.04868
    178.56000    1.10625    0.02393    3.65476    0.04076
    180.31000    1.03592    0.06721    3.75192    0.06236
    183.44000    1.01350    0.06262    3.86873    0.07735
    187.49000    0.95411    0.06237    3.84879    0.06167
    190.01000    1.04950    0.00423    3.68374    0.06112
    193.15000    1.05047    0.04776    3.84759    0.04607
    196.34000    0.98597    0.04147    3.59820    0.07028
    196.74000    1.01361    0.03836    3.63992    0.06623
    199.58000    1.07807    0.06916    3.60944    0.09463
    201.94000    1.01932    0.03698    3.70771    0.05509
    205.49000    1.05299    0.06607    3.60345    0.06921
    210.49000    1.06094    0.02345    3.75596    0.07097
    214.19000    1.18430    0.05592    3.61763    0.04918
    218.08000    1.10976    0.01929    3.69109    0.01889
    218.90000    1.05222    0.05356    3.76612    0.05147
    222.40000    1.33813    0.07779    3.57956    0.06671
    224.77000    1.02205    0.08226    3.56045    0.07168
    227.39000    1.05747    0.03713    3.54638    0.05624
    231.94000    1.00958    0.05278    3.52196    0.05107
    234.76000    1.04119    0.03164    3.60018    0.05981
    237.32000    1.05114    0.02130    3.69756    0.05840
    238.96000    1.06274    0.05073    3.59282    0.06127
    367.86000    1.13494    0.07552    3.63218    0.05722
    370.44000    1.01644    0.05418    3.53474    0.02879
    373.23000    1.05893    0.05522    3.48394    0.02512
    377.37000    1.12794    0.06345    3.54877    0.03952
    381.09000    1.09107    0.03052    3.47620    0.07105
    384.42000    1.05963    0.04692    3.51113    0.07763
    387.82000    1.12575    0.04456    3.63604    0.07477
    391.83000    1.04587    0.06308    3.52403    0.04368
    396.42000    0.99405    0.05721    3.44000    0.01121
    398.83000    1.12772    0.04723    3.19037    0.07261
    399.94000    1.10789    0.06660    3.42612    0.04300
    404.42000    1.37035    0.06655    3.43454    0.06230
    406.06000    1.10634    0.06451    3.31735    0.04423
    410.86000    1.07462    0.03085    3.30569    0.06882
    414.50000    0.95381    0.04531    3.33122    0.05983
    417.76000    1.18693    0.06834    3.35824    0.03197
    420.54000    1.02267    0.05065    3.48311    0.07507
    424.09000    1.06167    0.05192    3.49526    0.06173
    425.30000    0.98435    0.05763    3.35497    0.06018
    428.83000    1.03995    0.05087    3.41151    0.04891
    432.24000    0.98757    0.04364    3.32184    0.02027
    434.94000    0.97184    0.06685    3.27962    0.04379
    438.07000    0.92893    0.05231    3.31050    0.06483
    439.93000    1.01523    0.05888    3.38275    0.04768
    442.94000    1.01455    0.05690    3.34131    0.07961
    444.76000    1.09934    0.07180    3.35511    0.08786
    448.21000    1.01894    0.07743    3.44312    0.03158
    453.36000    0.94952    0.06521    3.39048    0.04083
    454.10000    1.00106    0.07029    3.41464    0.07364
    458.01000    0.89747    0.05003    3.31809    0.04509
    460.51000    0.95774    0.05650    3.45555    0.03566
    464.35000    0.95195    0.02076    3.42453    0.07072
    467.47000    0.94653    0.03498    3.46378    0.04580
    471.33000    0.74180    0.07598    3.57831    0.04412
    473.81000    0.95257    0.05135    3.46814    0.04029
    477.41000    1.04859    0.04079    3.49505    0.07457
    480.43000    1.01351    0.07465    3.49545    0.04021
    483.47000    0.96284    0.05376    3.46991    0.05342
    485.36000    0.99085    0.03830    3.56684    0.03821
    487.92000    1.04598    0.07058    3.61541    0.06606
    489.36000    1.06320    0.06476    3.47889    0.03204
    494.50000    0.97568    0.04304    3.63770    0.05222
    498.10000    1.12912    0.05639    3.74324    0.04709
    499.97000    0.97334    0.05998    3.68867    0.04739
    503.98000    1.05470    0.06253    3.66932    0.02398
    507.65000    0.92762    0.02957    3.56023    0.09229
    509.41000    0.93080    0.06860    3.72154    0.04446
    513.16000    1.07745    0.07561    3.69220    0.04111
    515.15000    0.99713    0.03504    3.69543    0.04533
    517.49000    1.08400    0.06272    3.72414    0.05918
    520.68000    1.00955    0.06302    3.77984    0.06185
    522.62000    1.03787    0.02939    3.70453    0.04196
    526.68000    0.97586    0.05252    3.60360    0.04428
    528.38000    1.05383    0.05978    3.59389    0.04683
    529.33000    1.07097    0.04471    3.21478    0.08727
    535.15000    0.98124    0.05038    3.57775    0.06157
    537.83000    1.04008    0.02727    3.53352    0.06219
    540.58000    1.08099    0.06645    3.71698    0.07093
    545.13000    1.13316    0.05552    3.58371    0.05170
    549.29000    0.98559    0.04687    3.63310    0.03213
    550.39000    1.01650    0.05342    3.69188    0.09836
    553.16000    0.98001    0.04847    3.64179    0.02719
    556.09000    1.00763    0.05162    3.29488    0.05060
    559.85000    0.99166    0.03579    3.59643    0.05691
    563.61000    0.98003    0.06380    3.68215    0.04730
    567.34000    1.08327    0.05322    3.60157    0.06998
    570.10000    1.02418    0.05435    3.76868    0.06103
    572.76000    1.07823    0.03842    3.62828    0.06181
    575.49000    0.97317    0.06378    3.57497    0.06155
    577.91000    1.03746    0.04853    3.67405    0.03355
    580.36000    1.00951    0.03879    3.55914    0.07931
    583.89000    1.00139    0.02185    3.61825    0.04283
    586.50000    0.87592    0.03331    3.65584    0.05251
    588.10000    1.05576    0.04012    3.58958    0.03970
    591.41000    1.02228    0.04739    3.49980    0.07447
    592.99000    0.93450    0.06427    3.41485    0.03833
    595.43000    1.04105    0.08047    3.49404    0.05295
    597.49000    1.00039    0.05902    3.44455    0.07124
    601.14000    0.97921    0.05019    3.53592    0.04059
    730.47000    0.79214    0.08465    3.89719    0.06305
    734.00000    1.12301    0.06763    3.40832    0.03570
    736.48000    1.00440    0.04757    3.41897    0.05779
    740.31000    0.98079    0.06385    3.40579    0.04625
    744.33000    0.97367    0.03119    3.54084    0.05108
    748.69000    1.10048    0.06210    3.59372    0.04970
    751.81000    1.17269    0.05998    3.74721    0.09138
    755.25000    1.02983    0.02035    3.67056    0.06770
    758.52000    0.97013    0.04939    3.64386    0.06623
    761.11000    1.01195    0.04128    3.61371    0.07014
    763.57000    1.07453    0.04996    3.70830    0.04614
    766.75000    1.00590    0.05894    3.61678    0.03921
    770.55000    0.93402    0.05131    3.53672    0.04610
    773.84000    1.05647    0.04441    3.49283    0.05497
    777.54000    1.03095    0.04493    3.69483    0.04442
    780.39000    0.99127    0.06024    3.54334    0.05772
    784.53000    1.06669    0.06234    3.40743    0.07655
    787.57000    1.06436    0.04050    3.60586    0.06678
    791.55000    1.09451    0.05211    3.47718    0.05235
    797.53000    1.11090    0.04537    3.47162    0.00100
    799.17000    0.94475    0.05547    3.47230    0.03162
    802.70000    1.10178    0.07794    3.31210    0.07666
    805.49000    1.49975    0.08789    3.37782    0.05694
    808.42000    1.00670    0.04599    3.42525    0.03676
    811.21000    1.08484    0.04991    3.44470    0.05187
    812.35000    0.97314    0.05387    3.54164    0.04954
    814.66000    1.04110    0.04159    3.44720    0.04564
    819.32000    1.05388    0.03049    3.48466    0.02159
    822.15000    1.05658    0.04739    3.55333    0.06990
    823.64000    1.16028    0.06144    3.47344    0.05659
    825.90000    0.96267    0.05190    3.55945    0.05837
    828.94000    1.08925    0.03567    3.53826    0.04885
    831.99000    1.06339    0.05749    3.55416    0.04962
    834.06000    0.80673    0.04407    3.59695    0.04808
    836.96000    1.01441    0.06504    3.48597    0.01849
    838.60000    1.04083    0.04573    3.40084    0.05022
    841.04000    1.16077    0.06599    3.58015    0.07963
    842.32000    1.04343    0.05323    3.63423    0.07622
    844.72000    1.06086    0.01808    3.48460    0.04313
    847.18000    1.06233    0.04268    3.43883    0.04289
    849.95000    1.09989    0.04989    3.35243    0.04849
    853.99000    0.95835    0.05407    3.42314    0.05212
    856.88000    1.05875    0.06046    3.56610    0.04763
    858.53000    1.11518    0.08321    3.50578    0.06600
    862.80000    1.09393    0.05816    3.51822    0.07108
    866.30000    0.99359    0.06319    3.58491    0.03644
    868.81000    1.14234    0.06425    3.55854    0.04278
    872.73000    1.11061    0.02868    3.77440    0.05832
    876.67000    1.05054    0.03194    3.66097    0.03484
    878.40000    1.05524    0.03492    3.63172    0.05701
    882.50000    0.99854    0.06586    3.61770    0.06092
    883.73000    1.10005    0.05581    3.76354    0.05797
    885.57000    1.16387    0.05519    3.58350    0.07222
    886.97000    1.16757    0.04695    3.67277    0.06483
    887.32000    1.22087    0.05422    3.67302    0.04147
    891.35000    1.12134    0.07136    3.73711    0.04087
    893.84000    1.06516    0.02730    3.72998    0.01810
    898.44000    1.27822    0.05887    3.16822    0.09846
    901.80000    1.08988    0.06572    3.77352    0.05446
    905.98000    1.13861    0.03968    3.72514    0.04215
    909.90000    1.02767    0.05138    3.67770    0.05567
    912.50000    1.15099    0.03385    3.63221    0.05375
    914.25000    1.12600    0.05017    3.66127    0.06242
    918.83000    1.15871    0.01866    3.66793    0.06541
    921.88000    1.29366    0.06230    3.61259    0.05586
    926.51000    1.23324    0.05624    3.61210    0.06418
    927.95000    1.17192    0.03576    3.60738    0.03208
    932.31000    1.15629    0.06550    3.70108    0.05776
    935.70000    1.00257    0.04663    3.65927    0.03189
    938.16000    1.05454    0.04887    3.77091    0.06090
    940.75000    1.15871    0.04684    3.67657    0.02793
    943.41000    1.20192    0.06168    3.62590    0.03692
    945.73000    1.12351    0.04933    3.73765    0.05544
    948.67000    1.13972    0.02849    3.63782    0.02399
    953.11000    1.15761    0.04382    3.60742    0.06125
    954.68000    1.13732    0.03466    3.74201    0.07208
    957.26000    1.25238    0.04783    3.67114    0.03715
    961.23000    1.04942    0.06571    3.77236    0.02285
    962.24000    1.12576    0.06237    3.60997    0.08268
    965.95000    1.16599    0.04136    3.60322    0.04923
    968.80000    1.22519    0.04008    3.72744    0.09165
   1097.78000    1.07832    0.06121    3.58421    0.07662
   1101.73000    1.11358    0.06842    3.40771    0.06110
   1104.78000    1.13578    0.04312    3.56451    0.04721
   1107.54000    0.99746    0.05607    3.67317    0.06003
   1109.51000    1.11206    0.06140    3.19937    0.04592
   1112.72000    0.97274    0.06627    3.49457    0.08231
   1114.88000    1.09815    0.04757    3.37903    0.04823
   1117.03000    1.04148    0.04865    3.33918    0.02855
   1121.47000    1.09060    0.05679    3.23107    0.06239
   1123.45000    1.05405    0.03323    3.24396    0.06567
   1126.67000    1.14162    0.04814    3.30892    0.04180
   1130.16000    0.91302    0.06584    3.34112    0.04029
   1133.07000    1.09077    0.08014    3.27086    0.05377
   1133.33000    1.15032    0.03520    3.24495    0.04184
   1136.23000    1.06539    0.03076    3.24819    0.03713
   1139.42000    1.02795    0.08954    3.33195    0.04687
   1143.42000    1.00545    0.06157    3.35787    0.06770
   1147.10000    1.01804    0.06179    3.46721    0.06554
   1150.36000    1.03831    0.06416    3.51026    0.06942
   1153.89000    0.99751    0.03077    3.38437    0.04434
   1157.29000    0.97589    0.05631    3.42620    0.05198
   1158.85000    1.06275    0.05195    3.41798    0.06703
   1160.73000    1.02225    0.04012    3.48522    0.06176
   1164.26000    1.07968    0.05376    3.41408    0.05485
   1166.71000    1.00033    0.05041    3.49402    0.04754
   1170.68000    1.02268    0.04619    3.38448    0.03813
   1173.25000    1.08619    0.06321    3.53497    0.04872
   1176.74000    1.04664    0.04214    3.55631    0.05476
   1178.97000    1.05152    0.04887    3.59894    0.06273
   1181.37000    1.10858    0.08742    3.52864    0.06554
   1184.01000    1.12556    0.06646    3.65820    0.08448
   1188.11000    0.99266    0.07526    3.42720    0.05104
   1193.14000    1.08826    0.06349    3.64435    0.05037
   1195.21000    1.11374    0.06500    3.67868    0.05180
   1198.61000    1.06748    0.03378    3.67387    0.03919
   1200.98000    1.02332    0.03169    3.62487    0.04715
   1204.10000    1.11901    0.03999    3.65671    0.04535
   1206.07000    1.11003    0.07019    3.68838    0.04794
   1208.65000    1.19094    0.07067    3.61022    0.03369
   1211.07000    1.01466    0.07092    3.58598    0.05547
   1212.13000    1.11308    0.03753    3.69168    0.06106
   1216.37000    1.12478    0.03047    3.56693    0.05521
   1218.34000    1.00447    0.07305    3.41124    0.06549
   1221.36000    1.09704    0.03417    3.44648    0.07310
   1224.34000    1.19722    0.05548    2.96902    0.06311
   1226.83000    1.10548    0.03796    3.31097    0.05500
   1229.44000    1.06477    0.05710    3.42212    0.06245
   1233.63000    1.14409    0.06027    3.43813    0.04849
   1237.66000    1.07105    0.04863    3.50356    0.04374
   1242.61000    1.11123    0.05726    3.39726    0.03685
   1246.10000    1.10492    0.03894    3.44417    0.04858
   1249.86000    1.12030    0.07587    3.27234    0.04300
   1252.19000    0.99016    0.06581    3.31807    0.05102
   1255.32000    1.11893    0.06714    3.25919    0.06791
   1258.76000    0.97734    0.04894    3.00246    0.06787
   1261.48000    1.00983    0.06204    3.33633    0.03849
   1265.14000    1.08262    0.07006    3.26055    0.03982
   1266.64000    1.05535    0.04329    3.21500    0.03624
   1270.14000    0.98937    0.05974    3.22273    0.01818
   1272.58000    1.07064    0.04686    3.30423    0.06814
   1274.99000    0.98596    0.07587    3.24575    0.00434
   1276.38000    0.96866    0.04749    2.87622    0.06973
   1277.86000    1.06191    0.04677    3.30184    0.06708
   1282.53000    1.05255    0.05165    3.42590    0.04624
   1286.24000    1.01425    0.04589    3.27997    0.04431
   1288.88000    1.04995    0.06772    3.21621    0.04874
   1289.91000    0.93585    0.04514    3.26677    0.03225
   1291.65000    0.97792    0.03747    3.37098    0.05144
   1295.95000    0.99274    0.05282    3.42009    0.04656
   1298.76000    0.93345    0.05397    3.39096    0.05326
   1299.24000    1.04779    0.02057    3.10682    0.03880
   1302.11000    0.95196    0.05661    3.33205    0.05101
   1305.25000    0.97282    0.04510    3.38128    0.03427
   1307.48000    0.96242    0.06278    3.31678    0.06738
   1311.33000    1.14861    0.05794    3.16014    0.03195
   1313.85000    1.05164    0.06206    3.15779    0.07057
   1317.85000    0.91749    0.05026    3.24667    0.08070
   1321.07000    0.99692    0.06582    3.07525    0.07190
   1323.61000    1.22604    0.04810    3.35525    0.04979
   1327.15000    1.00386    0.05675    3.27074    0.05493
   1329.89000    1.09101    0.05036    3.33538    0.04058
   1334.11000    1.03273    0.04603    3.52394    0.04884
   1462.05000    1.09257    0.03161    3.97663    0.07076
   1465.07000    1.14693    0.07038    3.95113    0.03212
   1467.99000    1.10780    0.01182    4.00070    0.04928
   1471.33000    1.14150    0.07245    4.09671    0.04743
   1474.33000    1.06203    0.05597    3.97412    0.03557
   1477.71000    1.11603    0.04859    3.93816    0.05386
   1481.01000    1.12701    0.02975    3.93937    0.06978
   1483.09000    0.97035    0.06809    3.82746    0.06047
   1485.52000    1.17044    0.04170    3.81669    0.03516
   1487.53000    1.43682    0.04542    3.87679    0.07916
   1491.05000    1.20525    0.05069    3.90827    0.07477
   1493.38000    1.12733    0.04562    3.82986    0.06857
   1496.59000    1.15968    0.08294    3.84308    0.04795
   1498.35000    1.13931    0.05315    3.90938    0.03180
   1501.86000    1.09358    0.06603    3.79923    0.04682
   1506.96000    1.14826    0.05964    3.90992    0.07082
   1508.65000    1.12085    0.04917    3.85595    0.03117
   1512.18000    1.06460    0.03308    3.88216    0.03108
   1515.01000    1.08913    0.08209    3.83618    0.05844
   1518.21000    1.10898    0.03115    3.80017    0.04855
   1519.62000    1.06024    0.04372    3.81648    0.03910
   1521.45000    1.08955    0.04091    3.93911    0.03645
   1524.64000    0.95894    0.06426    3.97337    0.03265
   1526.94000    1.03382    0.06114    4.03233    0.05983
   1529.68000    1.11086    0.07549    3.85158    0.02670
   1534.76000    1.12654    0.05276    3.81287    0.04172
   1537.89000    1.01420    0.04608    3.75665    0.04635
   1540.31000    1.11243    0.01658    3.62407    0.07096
   1543.22000    1.06685    0.08795    3.73004    0.04479
   1546.77000    1.17597    0.04012    3.58633    0.06870
   1549.32000    1.08275    0.06594    3.59538    0.05134
   1552.76000    1.14423    0.04594    3.63600    0.03615
   1556.34000    1.18902    0.07630    3.57896    0.04662
   1557.00000    1.17476    0.03422    3.52416    0.05212
   1560.52000    1.07260    0.02258    3.53871    0.04119
   1562.68000    1.07901    0.04082    3.52549    0.07518
   1565.18000    1.03155    0.06264    3.58460    0.07236
   1567.43000    1.05683    0.02007    3.68633    0.08006
   1570.21000    1.12551    0.06940    3.63547    0.07203
   1572.76000    0.79654    0.04854    3.79221    0.04162
   1574.28000    1.06120    0.07358    3.75484    0.04938
   1577.53000    1.05577    0.04697    3.54153    0.06768
   1581.47000    0.98599    0.04346    3.55443    0.05346
   1585.10000    1.07971    0.07157    3.51972    0.05205
   1589.08000    1.09517    0.05825    3.58226    0.05397
   1592.64000    1.10602    0.06394    3.44626    0.04980
   1594.09000    1.06041    0.08086    3.39541    0.06197
   1596.72000    1.07063    0.05724    3.55192    0.05747
   1599.29000    1.10567    0.02342    3.40610    0.03888
   1602.29000    1.14436    0.05301    3.63454    0.06852
   1604.63000    1.13867    0.04398    3.57212    0.03385
   1608.36000    1.16013    0.07248    3.61968    0.07152
   1612.24000    1.06176    0.06531    3.51667    0.05716
   1614.45000    1.03290    0.05217    3.55732    0.03074
   1620.84000    1.04018    0.02732    3.60366    0.04238
   1624.25000    1.08928    0.03944    3.52164    0.04052
   1626.86000    1.25241    0.07188    3.51996    0.03573
   1629.09000    1.06094    0.03319    3.51974    0.04410
   1632.54000    1.10008    0.03824    3.60582    0.04843
   1634.46000    0.90103    0.03355    3.04353    0.06244
   1638.11000    1.00754    0.08152    3.64538    0.03923
   1641.20000    1.08120    0.04672    3.60720    0.04868
   1644.29000    1.06235    0.04649    3.39688    0.05239
   1647.67000    1.00390    0.05212    3.54406    0.05371
   1653.08000    1.03492    0.06838    3.39835    0.07282
   1654.10000    1.21835    0.04096    3.44848    0.02366
   1657.07000    1.03959    0.05524    3.42808    0.05338
   1660.00000    1.09135    0.07254    3.38856    0.05460
   1663.45000    1.11557    0.03819    3.23898    0.03141
   1665.57000    1.07333    0.05316    3.38961    0.03891
   1668.91000    1.06326    0.05549    3.36191    0.04287
   1671.28000    1.09967    0.06626    3.32446    0.08429
   1675.06000    1.11049    0.03986    3.38215    0.03877
   1676.76000    1.06196    0.05937    3.41226    0.04921
   1678.55000    1.06613    0.07906    3.52279    0.08147
   1682.14000    1.14977    0.05702    3.41376    0.03780
   1685.53000    1.12845    0.04408    3.43987    0.06820
   1687.42000    0.76804    0.05535    3.40321    0.02706
   1691.05000    1.05294    0.03730    3.38148    0.06169
   1691.85000    1.13866    0.07109    3.45416    0.04585
   1694.76000    1.01839    0.06288    3.38416    0.05704
   1696.75000    1.00027    0.03564    3.42049    0.06038
   1699.39000    1.11820    0.04804    3.44102    0.07372
