## Time Delay Challenge light curves
##
## [time]=days, [lc]=[err]=flux in nanomaggies
##
##       time       lc_A      err_A       lc_B      err_B
##-------------------------------------------------------
      0.54000    0.66069    0.04579    0.90315    0.05252
      3.42000    0.62745    0.03542    0.87864    0.08986
      7.37000    0.70560    0.04956    0.73178    0.05171
     10.52000    0.62734    0.02917    0.78671    0.05238
     13.29000    0.68146    0.04667    0.91621    0.05711
     17.16000    0.65930    0.04504    0.72901    0.05720
     18.51000    0.68027    0.03807    0.68768    0.04850
     18.51000    0.56562    0.06915    0.77158    0.08007
     22.22000    0.65616    0.02756    0.77978    0.03632
     25.03000    0.60188    0.07975    0.73801    0.04560
     29.63000    0.64771    0.03569    0.81173    0.06201
     33.19000    0.56053    0.04788    0.85461    0.05885
     37.70000    0.59386    0.07288    0.89497    0.04166
     40.78000    0.54794    0.05355    0.76677    0.06249
     44.34000    0.57112    0.06618    0.82722    0.07464
     46.41000    0.59395    0.03526    0.86222    0.04737
     48.27000    0.60720    0.02535    0.88991    0.05694
     49.15000    0.59458    0.04696    0.90312    0.05419
     49.32000    0.49020    0.07369    0.88128    0.07118
     52.13000    0.67157    0.04761    0.83412    0.03041
     54.73000    0.62274    0.04394    0.86516    0.02502
     58.09000    0.63074    0.04655    0.79480    0.06759
     61.44000    0.56125    0.09683    0.86606    0.05974
     63.51000    0.68801    0.04462    0.81519    0.06334
     65.98000    0.58902    0.08438    0.84762    0.06136
     70.20000    0.60430    0.04895    0.81267    0.04789
     73.09000    0.72769    0.06051    0.79721    0.06897
     76.17000    0.70321    0.05645    0.75677    0.04153
     78.58000    0.68269    0.05896    0.80717    0.06149
     83.81000    0.66170    0.06245    0.72569    0.05152
     85.67000    0.69121    0.05665    0.86053    0.04523
     85.97000    0.68354    0.04775    0.83422    0.04866
     89.99000    0.52257    0.05124    1.01442    0.07106
     93.27000    0.47066    0.06199    0.88965    0.03991
     95.29000    0.67400    0.06446    0.81958    0.02529
     97.97000    0.61259    0.04454    0.77987    0.06242
     99.67000    0.50171    0.05985    0.83131    0.03564
    102.33000    0.64192    0.06755    0.78752    0.03261
    104.84000    0.63318    0.04815    0.78408    0.02340
    106.88000    0.61125    0.06199    0.75768    0.05955
    109.74000    0.65344    0.04255    0.78255    0.04297
    110.72000    0.61362    0.07443    0.78408    0.04075
    113.81000    0.51292    0.05877    0.70361    0.05295
    115.40000    0.54007    0.04230    0.72833    0.04708
    120.08000    0.52278    0.07433    0.78086    0.06060
    121.34000    0.56390    0.04986    0.76638    0.06324
    121.79000    0.61855    0.03419    0.78237    0.02837
    125.00000    0.56627    0.02686    0.86568    0.04138
    128.47000    0.48406    0.07531    0.96373    0.07327
    130.90000    0.55949    0.05376    0.81916    0.06092
    134.00000    0.59739    0.08903    0.94121    0.06520
    136.62000    0.49180    0.04190    0.78743    0.04620
    139.79000    0.58986    0.05157    0.87977    0.03381
    142.73000    0.64005    0.04090    0.91269    0.04923
    146.10000    0.54184    0.04463    0.87536    0.06012
    148.31000    0.58202    0.05736    0.74951    0.05992
    150.81000    0.66318    0.07408    0.85576    0.07386
    154.38000    0.57998    0.07122    0.93121    0.07613
    157.40000    0.60132    0.05198    0.85667    0.04471
    158.95000    0.67138    0.06987    0.90135    0.04796
    162.80000    0.56096    0.06689    0.82447    0.04059
    164.08000    0.56071    0.04497    0.84144    0.05317
    165.91000    0.65705    0.05890    0.75090    0.07659
    170.74000    0.63644    0.05678    0.71134    0.03999
    173.89000    0.55246    0.05310    0.74158    0.05724
    176.53000    0.68524    0.06611    0.76908    0.03184
    181.81000    0.57282    0.04957    0.75128    0.07120
    185.13000    0.60289    0.04813    0.78860    0.04315
    188.55000    0.61198    0.05530    0.79641    0.05635
    192.13000    0.53959    0.05246    0.81654    0.04679
    196.00000    0.50335    0.06162    0.70868    0.05638
    199.49000    0.49656    0.04834    0.77200    0.05068
    202.40000    0.52961    0.05851    0.73669    0.04037
    205.75000    0.58143    0.04537    0.73379    0.05648
    208.98000    0.65440    0.06564    0.80543    0.04050
    212.35000    0.62513    0.03062    0.75490    0.05763
    215.92000    0.61272    0.04279    0.86506    0.04638
    218.80000    0.58107    0.04176    0.66135    0.06989
    220.38000    0.55144    0.06147    0.80261    0.06577
    222.49000    0.72260    0.07870    0.84933    0.06543
    224.62000    0.55993    0.05111    0.92420    0.04600
    227.15000    0.59329    0.05736    0.77652    0.06630
    229.67000    0.63983    0.06027    0.78439    0.04767
    232.26000    0.53927    0.06140    0.94485    0.04792
    235.43000    0.55011    0.05689    0.89829    0.02788
    238.86000    0.64547    0.05078    0.88402    0.03926
    365.83000    0.56751    0.04323    0.84028    0.04358
    368.40000    0.52782    0.06785    0.79013    0.03089
    369.53000    0.62204    0.02882    0.79662    0.06799
    371.11000    0.54181    0.04084    0.68208    0.07178
    375.22000    0.57001    0.03585    0.67598    0.07133
    378.86000    0.53091    0.05525    0.74809    0.04687
    384.04000    0.57251    0.05206    0.82733    0.04883
    388.60000    0.49651    0.07337    0.91535    0.05139
    390.00000    0.51221    0.06860    0.75004    0.06739
    393.29000    0.56918    0.05309    0.63847    0.07918
    395.11000    0.57500    0.05807    0.84099    0.03967
    397.83000    0.62295    0.04267    0.74392    0.03722
    399.35000    0.59778    0.02346    0.60074    0.08145
    401.69000    0.57275    0.05458    0.65078    0.07447
    403.18000    0.50711    0.06620    0.88712    0.08392
    406.02000    0.49766    0.04042    0.75027    0.06837
    409.97000    0.62357    0.06326    0.68342    0.04409
    413.47000    0.59605    0.06433    0.57568    0.08010
    415.34000    0.62337    0.05903    0.86699    0.08016
    418.87000    0.53910    0.04310    0.74873    0.02485
    420.63000    0.49081    0.05192    0.79448    0.06430
    421.89000    0.54840    0.04987    0.64459    0.08936
    424.96000    0.67796    0.07136    0.75700    0.04700
    428.34000    0.55171    0.05538    0.86413    0.02964
    432.12000    0.55289    0.05436    0.83541    0.05884
    435.05000    0.54819    0.05729    0.78735    0.05910
    437.99000    0.56329    0.05112    0.80725    0.06171
    441.04000    0.51911    0.02307    0.78891    0.02647
    444.13000    0.62964    0.08050    0.83302    0.04160
    446.83000    0.54674    0.06885    0.82099    0.03566
    450.57000    0.66209    0.09731    0.77150    0.04920
    451.75000    0.57990    0.03348    0.83673    0.07179
    455.61000    0.63240    0.06898    0.89970    0.03672
    457.98000    0.57836    0.05015    0.80426    0.08508
    459.11000    0.55628    0.04964    0.74317    0.03850
    462.29000    0.65038    0.04535    0.94851    0.07176
    465.01000    0.65122    0.05029    0.82645    0.04232
    468.94000    0.61480    0.03744    0.90354    0.05103
    470.26000    0.54264    0.04700    0.80637    0.04642
    473.41000    0.61023    0.07957    0.84527    0.04152
    476.82000    0.66835    0.06538    0.84526    0.05600
    479.01000    0.58447    0.05893    0.72954    0.05148
    481.86000    0.71683    0.07597    0.77455    0.03919
    485.16000    0.62753    0.01066    0.80608    0.02820
    487.85000    0.59205    0.05227    0.86700    0.04660
    489.81000    0.65994    0.04133    0.76903    0.07393
    490.30000    0.65265    0.02960    0.85648    0.04237
    495.97000    0.56273    0.04874    0.88966    0.04351
    499.17000    0.68232    0.05145    0.81058    0.05528
    502.79000    0.57211    0.03929    0.84176    0.02802
    505.87000    0.53482    0.04934    0.87566    0.05448
    506.99000    0.58550    0.06202    0.89284    0.05193
    509.52000    0.58917    0.01517    0.86374    0.01540
    513.12000    0.64195    0.03520    0.97158    0.06170
    515.70000    0.59035    0.04552    0.98796    0.05377
    520.12000    0.61451    0.01227    0.85501    0.05514
    524.35000    0.58811    0.06139    0.80501    0.03963
    525.98000    0.54671    0.04506    0.76469    0.04546
    527.69000    0.62349    0.06443    0.80595    0.05798
    530.43000    0.62902    0.07793    0.84263    0.05122
    534.67000    0.54719    0.06243    0.76172    0.04174
    538.31000    0.63144    0.05737    0.88076    0.06014
    540.74000    0.61017    0.05576    0.77602    0.03306
    543.97000    0.62633    0.01575    0.76581    0.05286
    546.44000    0.71641    0.08087    0.82675    0.05109
    550.18000    0.58212    0.03679    0.78702    0.05350
    552.98000    0.59085    0.06724    0.84066    0.03944
    555.26000    0.58123    0.03453    0.72191    0.04152
    556.88000    0.55204    0.03963    0.90632    0.07399
    559.75000    0.65213    0.09264    0.59289    0.07466
    562.39000    0.64276    0.05418    0.72618    0.02562
    565.78000    0.58429    0.04183    0.82819    0.05454
    569.02000    0.54009    0.04431    0.81929    0.04337
    570.75000    0.52448    0.05980    0.76053    0.04105
    574.34000    0.55356    0.08456    0.88007    0.04886
    577.37000    0.53244    0.07375    0.80653    0.05702
    579.17000    0.59615    0.03636    0.70262    0.05428
    579.91000    0.52936    0.02934    0.78591    0.05838
    583.06000    0.64500    0.03166    0.73281    0.08385
    587.00000    0.64768    0.03615    0.85007    0.05497
    589.57000    0.60947    0.02714    0.84368    0.05609
    592.01000    0.55086    0.06094    0.88303    0.03390
    595.13000    0.65642    0.05036    0.79882    0.06187
    597.32000    0.58070    0.03797    0.84555    0.02165
    600.71000    0.61828    0.06680    0.89527    0.03133
    602.45000    0.62615    0.08349    0.94572    0.05396
    730.59000    0.66044    0.03852    0.84321    0.04328
    733.77000    0.59467    0.03567    0.80626    0.04741
    735.90000    0.59060    0.07000    0.75562    0.03423
    738.30000    0.57703    0.06593    0.83463    0.05163
    742.30000    0.43747    0.06224    0.72229    0.05852
    744.40000    0.70670    0.06183    0.81169    0.04939
    748.34000    0.65078    0.03787    0.84186    0.04137
    751.20000    0.55832    0.07075    0.77215    0.03033
    754.55000    0.61006    0.06349    0.72818    0.04924
    757.08000    0.60347    0.05399    0.70674    0.05601
    759.80000    0.66865    0.05917    0.86868    0.06089
    761.77000    0.66341    0.04186    0.83436    0.04633
    764.98000    0.56865    0.05775    0.71588    0.07758
    767.80000    0.57100    0.05569    0.80871    0.03475
    772.37000    0.59383    0.04639    0.78792    0.04399
    774.46000    0.56045    0.05901    0.90416    0.04606
    776.80000    0.64281    0.04574    0.78083    0.04588
    781.25000    0.56853    0.05647    0.77147    0.07332
    784.22000    0.63214    0.04594    0.70172    0.02924
    788.23000    0.50881    0.06425    0.72497    0.04922
    789.96000    0.68942    0.06226    0.72517    0.04874
    793.24000    0.56737    0.03593    0.77359    0.04845
    796.23000    0.58461    0.02365    0.78119    0.05690
    798.13000    0.58393    0.07136    0.74703    0.02477
    804.83000    0.51388    0.02897    0.78849    0.04699
    807.53000    0.62018    0.06975    0.84585    0.05664
    811.69000    0.53146    0.05017    0.89740    0.07795
    814.96000    0.60513    0.02687    0.82020    0.05555
    818.46000    0.59021    0.04995    0.77884    0.04830
    821.51000    0.58656    0.04040    0.79649    0.04198
    823.49000    0.58928    0.05799    0.82958    0.04010
    827.11000    0.56265    0.04489    0.81425    0.04114
    831.40000    0.56666    0.05897    0.83574    0.03064
    833.19000    0.63637    0.05176    0.80612    0.04659
    835.94000    0.65083    0.06822    0.94428    0.06457
    838.94000    0.79389    0.07322    0.84496    0.04070
    842.41000    0.63156    0.05402    0.81312    0.03908
    844.78000    0.67765    0.03927    0.83527    0.06467
    849.15000    0.69104    0.03662    0.75417    0.06533
    851.50000    0.65985    0.04590    0.77560    0.07051
    855.45000    0.63451    0.06906    0.79824    0.05478
    859.27000    0.62084    0.03650    0.71523    0.04748
    862.11000    0.57836    0.06059    0.82845    0.02706
    864.36000    0.60851    0.07358    0.74906    0.06641
    869.28000    0.61004    0.01826    0.84304    0.06013
    871.04000    0.61948    0.04717    0.84585    0.05160
    875.15000    0.72501    0.08553    0.81876    0.03374
    878.57000    0.59398    0.04991    0.79394    0.06970
    879.53000    0.60319    0.07098    0.91523    0.05206
    883.84000    0.58990    0.03418    0.79190    0.05201
    886.52000    0.66769    0.04776    0.80528    0.02072
    889.82000    0.68011    0.06463    0.69047    0.06959
    893.84000    0.54017    0.05664    0.80387    0.03480
    896.24000    0.61827    0.00991    0.81967    0.03845
    898.34000    0.60183    0.05688    0.69027    0.05738
    901.28000    0.63991    0.03793    0.83863    0.06233
    901.57000    0.50580    0.07007    0.75661    0.05586
    905.07000    0.63048    0.05920    0.70548    0.05187
    908.10000    0.61291    0.03655    0.79547    0.05341
    910.37000    0.62044    0.05146    0.73675    0.03007
    913.87000    0.66451    0.05125    0.73185    0.05232
    915.53000    0.51957    0.06490    0.76160    0.06199
    920.39000    0.66590    0.07612    0.76451    0.03857
    923.43000    0.59367    0.05733    0.81602    0.05709
    924.76000    0.66061    0.08305    0.79985    0.02014
    928.41000    0.61887    0.04160    0.87148    0.07506
    931.09000    0.60662    0.05628    0.77869    0.03984
    934.21000    0.59635    0.04849    0.85303    0.05358
    936.96000    0.59922    0.03225    0.69119    0.04780
    939.57000    0.64086    0.06317    0.85056    0.06876
    942.29000    0.65627    0.07044    0.73325    0.06241
    947.12000    0.63421    0.04101    0.67479    0.03758
    948.90000    0.57419    0.06543    0.75839    0.08833
    951.85000    0.57946    0.03694    0.75710    0.06975
    953.95000    0.62497    0.05992    0.77067    0.07045
    956.55000    0.58874    0.05473    0.77342    0.05221
    959.47000    0.64769    0.05211    0.71956    0.02979
    962.14000    0.60830    0.06316    0.72143    0.06300
    965.11000    0.62471    0.06927    0.67963    0.05176
    969.10000    0.53415    0.05422    0.81678    0.03924
   1096.66000    0.53529    0.02976    0.59502    0.06290
   1099.44000    0.53381    0.06885    0.74212    0.05809
   1104.24000    0.53982    0.02277    0.72882    0.05142
   1106.06000    0.61233    0.06589    0.68720    0.02463
   1108.29000    0.66669    0.03094    0.81859    0.05687
   1111.67000    0.62860    0.06032    0.76042    0.03340
   1112.91000    0.61575    0.06515    0.66032    0.04392
   1116.16000    0.64660    0.02976    0.71344    0.07064
   1119.89000    0.54788    0.03600    0.74580    0.03166
   1122.73000    0.64251    0.07895    0.79442    0.05892
   1126.66000    0.49975    0.07282    0.70942    0.06169
   1129.15000    0.54828    0.04233    0.74698    0.04673
   1131.30000    0.56162    0.06538    0.67443    0.05140
   1133.37000    0.66353    0.05057    0.70625    0.06217
   1136.91000    0.52137    0.03286    0.71417    0.01171
   1140.99000    0.59753    0.07157    0.78763    0.04827
   1144.41000    0.51613    0.07322    0.81318    0.05891
   1146.50000    0.61208    0.04604    0.75866    0.03521
   1147.95000    0.46946    0.07192    0.81495    0.05752
   1152.35000    0.60557    0.00408    0.75956    0.03529
   1155.64000    0.53457    0.06126    0.62113    0.07752
   1158.48000    0.58519    0.01877    0.72052    0.04679
   1162.36000    0.65513    0.05314    0.71623    0.05928
   1164.49000    0.64485    0.07278    0.73880    0.01259
   1166.46000    0.73891    0.05017    0.64685    0.06709
   1168.10000    0.62884    0.02450    0.68695    0.03758
   1170.41000    0.56467    0.03295    0.64893    0.04268
   1174.48000    0.55518    0.04808    0.64933    0.04688
   1176.73000    0.59354    0.03977    0.60798    0.05250
   1179.07000    0.57825    0.05020    0.70587    0.05354
   1184.27000    0.57862    0.02496    0.63738    0.06797
   1187.79000    0.59995    0.04972    0.75263    0.02503
   1191.79000    0.61960    0.03785    0.71111    0.06251
   1193.49000    0.59921    0.02889    0.76104    0.07563
   1195.54000    0.55670    0.05184    0.68227    0.04775
   1199.55000    0.61382    0.04499    0.73688    0.03115
   1202.65000    0.63000    0.05767    0.62512    0.06924
   1206.02000    0.61140    0.03693    0.64456    0.05440
   1208.81000    0.60241    0.06614    0.78379    0.03584
   1211.72000    0.67988    0.07061    0.65260    0.03807
   1214.39000    0.65727    0.04719    0.71378    0.07250
   1216.87000    0.50748    0.05701    0.65017    0.06397
   1220.50000    0.59487    0.05978    0.76977    0.05867
   1223.62000    0.61800    0.03201    0.71084    0.07128
   1225.88000    0.64791    0.06757    0.62182    0.03637
   1227.76000    0.56646    0.04341    0.76684    0.08283
   1230.29000    0.57123    0.05472    0.81885    0.05349
   1233.02000    0.55259    0.07413    0.69170    0.04804
   1235.53000    0.57030    0.05982    0.84490    0.08431
   1238.65000    0.55833    0.04921    0.60829    0.06564
   1242.14000    0.51143    0.05000    0.78993    0.06219
   1245.01000    0.57380    0.05153    0.74094    0.07813
   1247.48000    0.56770    0.04421    0.89322    0.07870
   1249.44000    0.66752    0.04655    0.64781    0.06240
   1253.83000    0.64043    0.06405    0.78921    0.05997
   1256.32000    0.57115    0.04450    0.63135    0.07443
   1258.91000    0.64838    0.05079    0.77180    0.05755
   1261.37000    0.66425    0.04392    0.75540    0.08495
   1266.39000    0.52169    0.05498    0.64597    0.08047
   1268.03000    0.63202    0.04433    0.65294    0.05905
   1268.86000    0.56235    0.04478    0.81390    0.06685
   1270.65000    0.58105    0.02298    0.85997    0.04732
   1271.34000    0.60688    0.01639    0.74496    0.06161
   1274.15000    0.63395    0.03468    0.74915    0.02555
   1277.31000    0.61748    0.04151    0.77085    0.04031
   1279.07000    0.46243    0.06497    0.79740    0.05401
   1282.42000    0.65237    0.05217    0.71163    0.06486
   1286.38000    0.60446    0.07154    0.81322    0.06290
   1288.71000    0.50089    0.06981    0.75687    0.05545
   1292.29000    0.61592    0.05441    0.78335    0.05520
   1294.99000    0.66495    0.04602    0.73372    0.05456
   1295.49000    0.59216    0.05908    0.71673    0.06422
   1298.05000    0.56601    0.04216    0.79108    0.04228
   1301.31000    0.64162    0.04902    0.71099    0.05581
   1304.73000    0.64157    0.06028    0.63848    0.04669
   1309.07000    0.55275    0.03827    0.66995    0.03547
   1311.97000    0.60291    0.05149    0.64106    0.06212
   1316.01000    0.57965    0.05132    0.71770    0.05095
   1319.61000    0.52443    0.05353    0.64886    0.06625
   1322.32000    0.60234    0.03275    0.67919    0.05105
   1325.34000    0.66154    0.05881    0.80772    0.08457
   1327.30000    0.64451    0.05542    0.64101    0.04955
   1327.92000    0.58943    0.04907    0.72586    0.06391
   1332.04000    0.57466    0.04734    0.75189    0.05704
   1334.55000    0.61843    0.08608    0.68322    0.04432
   1461.98000    0.65275    0.03858    0.67042    0.04762
   1466.02000    0.65548    0.03313    0.72370    0.04085
   1470.42000    0.75469    0.06977    0.74421    0.03765
   1472.97000    0.62407    0.03159    0.71754    0.04561
   1475.27000    0.52216    0.04582    0.81369    0.06542
   1478.24000    0.59317    0.04177    0.70650    0.07581
   1481.47000    0.60447    0.03415    0.80092    0.03236
   1484.39000    0.59545    0.04055    0.73265    0.07036
   1487.62000    0.61003    0.05319    0.74112    0.05012
   1491.24000    0.65803    0.06312    0.89789    0.08710
   1496.79000    0.59653    0.06391    0.79078    0.02743
   1501.53000    0.55380    0.04234    0.66145    0.06323
   1504.81000    0.61280    0.05631    0.69106    0.08461
   1509.49000    0.64361    0.05039    0.89490    0.04959
   1513.70000    0.62507    0.04683    0.83708    0.04662
   1516.50000    0.74773    0.07416    0.74708    0.04952
   1519.76000    0.52145    0.06457    0.82314    0.06064
   1524.55000    0.65963    0.06067    0.97143    0.05912
   1525.32000    0.61574    0.03753    0.79755    0.05344
   1529.77000    0.54181    0.07422    0.73120    0.07891
   1532.57000    0.60829    0.02389    0.74555    0.04532
   1534.46000    0.76459    0.04974    0.76859    0.07913
   1538.35000    0.55483    0.08383    0.76440    0.03964
   1542.28000    0.65465    0.02925    0.77680    0.05021
   1544.10000    0.68496    0.04312    0.74290    0.06295
   1545.98000    0.69332    0.07404    0.78492    0.04051
   1548.86000    0.68548    0.07510    0.74906    0.03616
   1550.43000    0.66945    0.06481    0.74850    0.02301
   1553.55000    0.69516    0.05205    0.62319    0.05670
   1557.31000    0.66539    0.05874    0.78003    0.05219
   1558.74000    0.66203    0.06517    0.70177    0.05600
   1561.41000    0.52855    0.05717    0.67803    0.05299
   1565.69000    0.58918    0.05723    0.68489    0.02443
   1569.31000    0.64751    0.07896    0.76494    0.03165
   1571.17000    0.61725    0.06431    0.74840    0.05745
   1574.89000    0.41070    0.06472    0.70890    0.04833
   1578.46000    0.60203    0.03139    0.80888    0.03924
   1579.63000    0.59472    0.00983    0.72376    0.03445
   1583.25000    0.64602    0.06545    0.71797    0.04030
   1586.73000    0.53129    0.03867    0.72798    0.05896
   1589.89000    0.52669    0.07742    0.80767    0.07941
   1594.15000    0.53909    0.05867    0.67031    0.05467
   1595.53000    0.68038    0.04574    0.80109    0.05416
   1600.11000    0.58473    0.07637    0.68090    0.06284
   1603.08000    0.63213    0.04104    0.91060    0.05027
   1606.20000    0.58582    0.04501    0.80562    0.03203
   1608.62000    0.58424    0.06781    0.72974    0.03874
   1611.42000    0.50606    0.07602    0.70799    0.04964
   1613.44000    0.64777    0.05034    0.66570    0.05022
   1618.05000    0.60049    0.04537    0.71279    0.08165
   1621.14000    0.70020    0.06728    0.82700    0.06431
   1623.71000    0.63643    0.07645    0.83795    0.05497
   1627.89000    0.68745    0.07167    0.67816    0.05566
   1631.82000    0.52833    0.06814    0.66606    0.05786
   1636.44000    0.60385    0.02977    0.71058    0.04116
   1640.71000    0.61244    0.06735    0.80467    0.06028
   1643.72000    0.68311    0.06413    0.72996    0.03482
   1646.30000    0.57993    0.05333    0.68519    0.05563
   1650.15000    0.52582    0.05754    0.64961    0.07514
   1654.48000    0.63810    0.05014    0.71016    0.04023
   1657.71000    0.59661    0.06685    0.80663    0.07845
   1661.67000    0.61544    0.08321    0.80890    0.06493
   1664.54000    0.69391    0.05817    0.67314    0.05486
   1667.16000    0.58382    0.04486    0.73225    0.05281
   1670.10000    0.54298    0.07039    0.71331    0.08659
   1674.99000    0.54636    0.06272    0.76336    0.03164
   1676.01000    0.57173    0.01238    0.68239    0.04388
   1679.85000    0.53460    0.09296    0.59790    0.06572
   1684.52000    0.58122    0.05761    0.63952    0.04430
   1687.88000    0.56446    0.05189    0.67575    0.06464
   1689.44000    0.56821    0.06828    0.64317    0.03533
   1690.97000    0.65887    0.05819    0.73403    0.05624
   1694.16000    0.59541    0.05307    0.61207    0.04661
   1697.16000    0.69889    0.06294    0.61809    0.04269
   1698.37000    0.49246    0.07823    0.74831    0.06366
