## Time Delay Challenge light curves
##
## [time]=days, [lc]=[err]=flux in nanomaggies
##
##       time       lc_A      err_A       lc_B      err_B
##-------------------------------------------------------
      0.79000    1.82008    0.05380    0.68655    0.03700
      2.38000    1.91341    0.03631    0.57905    0.06105
      4.51000    1.85871    0.04363    0.64483    0.04059
      6.62000    1.85023    0.04252    0.59524    0.04492
      8.44000    1.92983    0.03953    0.59860    0.06074
     10.99000    1.92637    0.04046    0.83575    0.05519
     14.31000    1.96617    0.03491    0.70911    0.06952
     17.66000    2.03679    0.03290    0.73817    0.05874
     19.75000    2.01625    0.06491    0.67331    0.03833
     22.32000    2.06781    0.06180    0.70136    0.05936
     23.86000    1.96162    0.06670    0.71081    0.06100
     25.88000    2.12303    0.05987    0.71326    0.06533
     28.14000    1.96869    0.05436    0.72911    0.04074
     33.10000    1.87777    0.06020    0.73914    0.04531
     37.10000    1.91212    0.07772    0.73780    0.05416
     40.27000    1.84421    0.06377    0.69609    0.06029
     44.03000    1.93068    0.05198    0.74605    0.05264
     46.00000    1.98233    0.01475    0.64784    0.05863
     48.15000    1.99035    0.04601    0.68293    0.06683
     52.26000    2.02305    0.03654    0.70159    0.01760
     54.84000    1.95549    0.04945    0.75311    0.04126
     55.23000    2.05274    0.04291    0.81202    0.05063
     59.76000    2.12372    0.05124    0.66763    0.04733
     63.84000    2.07500    0.05524    0.64229    0.07861
     64.52000    2.16199    0.07416    0.63908    0.04380
     66.49000    2.04876    0.05887    0.57864    0.06284
     70.23000    2.05618    0.06039    0.68092    0.04405
     73.00000    2.09797    0.05599    0.69080    0.08551
     75.41000    2.12322    0.05678    0.73426    0.05617
     76.01000    2.09811    0.04339    0.76043    0.04968
     80.30000    2.08882    0.04839    0.65043    0.05745
     82.02000    2.08630    0.02061    0.75208    0.05144
     85.99000    2.04163    0.05244    0.76102    0.03604
     88.43000    2.02556    0.06823    0.70237    0.05355
     90.90000    2.05752    0.06798    0.72909    0.04623
     94.07000    2.06973    0.04138    0.68866    0.04764
     96.22000    2.06242    0.05173    0.57394    0.05941
     99.41000    2.05636    0.06265    0.79411    0.04782
    102.19000    2.00022    0.08504    0.76424    0.07042
    105.76000    2.13447    0.04847    0.60919    0.04913
    108.97000    2.13107    0.05940    0.80923    0.05897
    111.95000    2.11007    0.06617    0.68624    0.05516
    114.41000    2.02483    0.06928    0.69500    0.01678
    118.02000    2.08559    0.03492    0.77085    0.07007
    120.71000    2.06003    0.07191    0.79120    0.07337
    124.73000    2.03253    0.03935    0.67075    0.05615
    127.80000    2.08834    0.03172    0.70843    0.04378
    131.24000    2.13060    0.05509    0.68307    0.08230
    134.36000    2.03145    0.05439    0.63545    0.05730
    137.02000    2.04606    0.04467    0.63564    0.07335
    141.71000    1.99858    0.04304    0.59388    0.04849
    144.46000    2.02543    0.05254    0.78824    0.04639
    146.98000    2.07864    0.03975    0.63670    0.03846
    148.27000    1.94134    0.07146    0.66068    0.04914
    150.74000    1.96320    0.03624    0.73970    0.06084
    153.46000    1.95721    0.07020    0.73912    0.04893
    157.43000    1.95162    0.03817    0.68779    0.04422
    159.85000    1.90173    0.04035    0.69371    0.04480
    162.99000    1.87958    0.05832    0.67221    0.06271
    165.77000    1.83816    0.07774    0.57802    0.06068
    169.07000    1.88724    0.07050    0.63736    0.03352
    172.23000    1.90330    0.04845    0.68925    0.04311
    174.79000    1.85498    0.06016    0.60691    0.04706
    177.94000    1.90690    0.02620    0.58566    0.02755
    179.38000    1.77742    0.06156    0.56149    0.03159
    182.85000    1.90541    0.06340    0.59179    0.05008
    186.69000    1.85348    0.05537    0.53421    0.04668
    189.88000    1.96744    0.03874    0.62961    0.06625
    191.59000    1.98583    0.00930    0.59975    0.02516
    195.35000    2.01293    0.02169    0.55777    0.05116
    199.32000    1.92382    0.04254    0.65152    0.07748
    203.92000    1.85271    0.04349    0.55014    0.06853
    206.34000    1.90292    0.07386    0.56574    0.03300
    209.89000    1.88233    0.03989    0.68557    0.04992
    212.06000    1.93535    0.06401    0.58775    0.05188
    215.55000    2.01562    0.04244    0.67247    0.03422
    217.62000    2.04507    0.07261    0.61842    0.05120
    220.80000    1.97876    0.04181    0.63869    0.05115
    222.01000    1.88929    0.06748    0.61243    0.02412
    225.53000    1.94046    0.03951    0.62377    0.05104
    228.17000    1.88765    0.06088    0.44846    0.06473
    231.33000    1.95751    0.07242    0.59631    0.05156
    232.96000    2.02651    0.04426    0.58520    0.08998
    235.90000    2.03157    0.02957    0.60605    0.02954
    238.61000    1.98585    0.02485    0.66100    0.04737
    368.20000    1.45007    0.06250    0.41700    0.05370
    372.17000    1.52159    0.06365    0.55600    0.05641
    376.32000    1.62928    0.08619    0.49917    0.04619
    379.81000    1.54677    0.03378    0.54552    0.04381
    382.65000    1.61384    0.04914    0.50822    0.04843
    386.62000    1.48773    0.03011    0.59401    0.05454
    390.10000    1.42790    0.06046    0.56608    0.03613
    393.24000    1.51812    0.07575    0.45301    0.09709
    395.72000    1.38236    0.05753    0.57467    0.03932
    398.50000    1.45294    0.04973    0.58792    0.04800
    401.36000    1.47461    0.05968    0.51421    0.05907
    401.83000    1.50406    0.04351    0.53160    0.02325
    405.46000    1.39718    0.05021    0.57996    0.03185
    406.61000    1.40010    0.04513    0.61449    0.06728
    407.89000    1.49238    0.07425    0.51149    0.06991
    411.34000    1.51626    0.03638    0.56003    0.02353
    413.47000    1.46401    0.05106    0.54696    0.02977
    416.13000    1.50216    0.05991    0.48020    0.06462
    419.19000    1.45612    0.06898    0.52225    0.07490
    421.24000    1.49402    0.05535    0.38567    0.06075
    424.24000    1.56296    0.05583    0.44817    0.07362
    427.90000    1.46831    0.04116    0.56125    0.04781
    432.01000    1.53574    0.02440    0.59001    0.03184
    435.41000    1.52939    0.03905    0.50422    0.06648
    437.45000    1.47415    0.05783    0.61331    0.07415
    440.77000    1.34739    0.08720    0.56610    0.01934
    445.87000    1.51441    0.03896    0.56387    0.04153
    449.07000    1.50537    0.07504    0.69356    0.06568
    450.33000    1.54541    0.07260    0.45455    0.05427
    453.63000    1.58925    0.03580    0.57892    0.01574
    457.20000    1.46038    0.06460    0.59164    0.06448
    461.16000    1.52584    0.04701    0.59837    0.02140
    463.58000    1.49616    0.05433    0.51997    0.07637
    466.94000    1.51628    0.11740    0.66741    0.06126
    468.95000    1.57613    0.05168    0.57152    0.05322
    471.82000    1.53824    0.04177    0.65603    0.02842
    474.05000    1.53056    0.03706    0.59915    0.05842
    476.15000    1.59644    0.06448    0.59044    0.07005
    477.26000    1.56762    0.05798    0.59429    0.05390
    480.17000    1.59473    0.04659    0.69053    0.07002
    483.06000    1.57877    0.06715    0.45850    0.07944
    485.16000    1.53147    0.06030    0.60040    0.05078
    488.71000    1.64457    0.05446    0.57188    0.08243
    491.94000    1.65262    0.03005    0.49819    0.07541
    496.12000    1.55132    0.05545    0.58962    0.06075
    500.58000    1.57411    0.03063    0.66779    0.04505
    503.59000    1.57233    0.04984    0.59538    0.05683
    507.01000    1.54588    0.05075    0.61374    0.06064
    509.88000    1.49222    0.03351    0.82113    0.07057
    513.23000    1.58974    0.03801    0.62422    0.06431
    515.60000    1.56987    0.02902    0.65966    0.02553
    518.81000    1.61796    0.09088    0.68732    0.03098
    522.02000    1.47625    0.04838    0.73179    0.05344
    524.20000    1.54409    0.03170    0.62970    0.03820
    528.27000    1.57262    0.03759    0.65287    0.05349
    531.18000    1.74522    0.06600    0.60045    0.03676
    533.94000    1.62665    0.05468    0.74383    0.05118
    537.06000    1.57515    0.04525    0.72648    0.04704
    541.03000    1.61066    0.04784    0.59492    0.09086
    544.82000    1.53342    0.08468    0.56479    0.07305
    548.13000    1.52982    0.04140    0.65178    0.03749
    550.96000    1.53974    0.06152    0.57113    0.09088
    553.08000    1.53939    0.05592    0.68970    0.05845
    557.14000    1.51673    0.05695    0.68074    0.06222
    559.52000    1.46842    0.01925    0.64613    0.05099
    561.44000    1.54760    0.05530    0.69443    0.03195
    564.69000    1.41311    0.06238    0.71837    0.05104
    566.16000    1.44268    0.06983    0.70066    0.03028
    569.00000    1.49579    0.05330    0.62267    0.06728
    574.39000    1.39796    0.07742    0.64607    0.04981
    579.61000    1.40810    0.05552    0.66697    0.03431
    581.04000    1.50495    0.05451    0.59738    0.08037
    583.57000    1.59310    0.05555    0.68193    0.08385
    587.25000    1.50308    0.03129    0.68133    0.02635
    590.84000    1.50004    0.03930    0.58082    0.04195
    594.05000    1.51609    0.05130    0.67294    0.08383
    597.44000    1.45299    0.05153    0.61288    0.05916
    600.52000    1.39321    0.05830    0.71058    0.03214
    603.04000    1.38071    0.03150    0.67532    0.07238
    731.62000    1.48047    0.06543    0.71374    0.04287
    734.61000    1.47811    0.04798    0.66218    0.05984
    738.15000    1.43093    0.03962    0.77448    0.05695
    741.53000    1.42767    0.04063    0.66492    0.06185
    743.71000    1.38052    0.05042    0.73942    0.04820
    746.92000    1.42123    0.06017    0.78814    0.07002
    751.36000    1.38417    0.05309    0.83981    0.06308
    754.60000    1.35124    0.03085    0.81014    0.04434
    758.17000    1.41932    0.02607    0.74645    0.07152
    763.02000    1.32852    0.04582    0.75672    0.06100
    765.24000    1.27890    0.02171    0.84076    0.05781
    767.43000    1.36949    0.05786    0.71053    0.04754
    771.92000    1.22198    0.06874    0.75989    0.06286
    775.64000    1.38570    0.06646    0.69808    0.06305
    778.45000    1.19728    0.06633    0.72802    0.03056
    782.67000    1.34169    0.07338    0.80687    0.03721
    785.44000    1.34029    0.03932    0.75763    0.02618
    787.90000    1.30633    0.02397    0.77033    0.05195
    790.84000    1.21902    0.04856    0.72469    0.03525
    792.54000    1.37157    0.06742    0.63594    0.06695
    797.19000    1.41852    0.09210    0.66124    0.05170
    799.57000    1.26853    0.02995    0.61496    0.06212
    801.87000    1.32393    0.05788    0.79516    0.06561
    803.87000    1.32670    0.05000    0.77750    0.04790
    805.29000    1.32205    0.06336    0.74148    0.02405
    809.86000    1.29025    0.05022    0.71208    0.05940
    812.89000    1.21679    0.04168    0.75733    0.04925
    815.26000    1.18582    0.05398    0.65472    0.06535
    819.84000    1.21165    0.07718    0.84985    0.05707
    821.32000    1.23754    0.06227    0.74202    0.04905
    824.30000    1.13259    0.06025    0.78111    0.03881
    826.54000    1.16047    0.03657    0.85497    0.05093
    829.57000    1.09755    0.06517    0.73515    0.04560
    832.52000    1.13302    0.02489    0.72852    0.05683
    836.21000    1.20772    0.03175    0.73104    0.03884
    839.39000    1.12869    0.03842    0.76938    0.04305
    841.68000    1.16200    0.05674    0.79878    0.06301
    844.48000    1.11576    0.03317    0.68137    0.05539
    847.10000    1.20425    0.06888    0.88683    0.09026
    850.67000    1.05078    0.04119    0.71275    0.06537
    853.87000    1.15132    0.07405    0.64489    0.06703
    856.57000    1.11942    0.04013    0.75462    0.01942
    858.63000    1.06664    0.06584    0.68934    0.02750
    862.44000    1.13660    0.03547    0.70791    0.05177
    865.83000    1.09070    0.05502    0.68709    0.05649
    869.29000    1.02367    0.06335    0.67971    0.05364
    873.40000    0.98368    0.08465    0.75683    0.05154
    875.51000    1.00407    0.04535    0.69966    0.07243
    878.08000    1.05980    0.05527    0.73231    0.04863
    881.02000    1.05412    0.03045    0.70734    0.02663
    884.02000    0.94381    0.05337    0.74199    0.03915
    887.28000    1.00516    0.03527    0.62079    0.05612
    889.82000    1.01215    0.06151    0.76943    0.05933
    893.39000    0.97890    0.05781    0.76980    0.05650
    896.74000    1.05295    0.03115    0.63188    0.06045
    900.16000    0.99074    0.05284    0.55024    0.07607
    901.88000    0.93316    0.07064    0.68871    0.09205
    904.16000    1.06952    0.05990    0.60417    0.05294
    907.60000    1.03855    0.07174    0.64124    0.04810
    910.06000    1.05287    0.05654    0.64210    0.06708
    913.28000    1.00495    0.04545    0.59964    0.05371
    915.03000    0.93316    0.03856    0.63469    0.04728
    918.72000    0.98357    0.02737    0.65045    0.06211
    921.70000    0.99427    0.07504    0.66317    0.03755
    924.26000    1.09367    0.06876    0.70845    0.04931
    926.90000    1.01551    0.05809    0.73621    0.03046
    931.53000    0.93644    0.05082    0.60602    0.04522
    935.63000    1.00408    0.02085    0.65295    0.03250
    938.41000    0.84995    0.06443    0.70285    0.03326
    940.96000    1.04531    0.04537    0.55902    0.06652
    944.32000    0.91564    0.05042    0.70255    0.06597
    947.29000    0.87852    0.04443    0.65285    0.06969
    951.68000    0.90886    0.03286    0.60784    0.05716
    954.73000    0.99557    0.04706    0.82587    0.05045
    959.71000    0.96563    0.06645    0.80759    0.04713
    962.64000    0.91683    0.06296    0.63157    0.05399
    964.62000    0.88665    0.01799    0.60540    0.06794
    966.80000    0.97574    0.04833    0.60681    0.04501
    968.77000    0.87300    0.06717    0.68728    0.06054
   1097.55000    0.74266    0.05741    0.61827    0.08872
   1099.99000    0.75218    0.06222    0.64708    0.04511
   1102.03000    0.73683    0.02520    0.69645    0.06442
   1105.78000    0.73252    0.07323    0.61424    0.06976
   1108.56000    0.69487    0.05056    0.71122    0.08550
   1112.80000    0.71483    0.01519    0.58144    0.07127
   1116.15000    0.70857    0.07164    0.51453    0.04605
   1119.08000    0.63515    0.07039    0.60452    0.05305
   1120.17000    0.75558    0.06015    0.61184    0.04111
   1122.74000    0.83348    0.06918    0.65971    0.07291
   1127.27000    0.74001    0.03756    0.53345    0.06617
   1131.19000    0.77459    0.03523    0.63606    0.03672
   1134.66000    0.77113    0.02925    0.61804    0.07118
   1137.44000    0.73845    0.06825    0.54919    0.01145
   1140.61000    0.80681    0.07888    0.53481    0.05540
   1143.11000    0.73810    0.03546    0.58613    0.03331
   1146.11000    0.73061    0.06804    0.43358    0.06397
   1149.26000    0.77590    0.06754    0.56169    0.03896
   1154.19000    0.76851    0.05127    0.54287    0.05105
   1157.71000    0.74210    0.03493    0.60162    0.06607
   1158.46000    0.73311    0.07691    0.64810    0.06362
   1162.11000    0.62217    0.08291    0.50967    0.06315
   1166.48000    0.73868    0.04029    0.50952    0.06703
   1168.79000    0.57337    0.05314    0.55105    0.03337
   1171.84000    0.67071    0.07046    0.43241    0.08158
   1175.43000    0.75081    0.08683    0.53980    0.08113
   1179.17000    0.66954    0.06394    0.56042    0.02820
   1182.76000    0.64447    0.02164    0.61990    0.05034
   1186.62000    0.59905    0.07166    0.58598    0.05948
   1189.43000    0.64725    0.05046    0.62878    0.04580
   1194.08000    0.66375    0.04886    0.55198    0.03585
   1197.87000    0.64240    0.03938    0.62576    0.07619
   1202.45000    0.68918    0.02723    0.54813    0.05730
   1205.95000    0.61256    0.05360    0.43907    0.06618
   1208.80000    0.67229    0.05429    0.55133    0.08567
   1212.83000    0.69074    0.06558    0.51637    0.04204
   1216.68000    0.68997    0.07457    0.55731    0.03559
   1218.72000    0.62327    0.05251    0.52618    0.06144
   1221.17000    0.67749    0.10884    0.52180    0.07716
   1224.70000    0.67575    0.04154    0.59208    0.06092
   1228.63000    0.72987    0.03941    0.47169    0.09247
   1229.78000    0.57325    0.05689    0.57423    0.07699
   1232.03000    0.66568    0.05255    0.56039    0.08947
   1237.89000    0.68759    0.04697    0.51281    0.07763
   1240.19000    0.56991    0.06060    0.58034    0.08034
   1242.77000    0.64444    0.05898    0.54135    0.07023
   1246.01000    0.63879    0.06571    0.46356    0.04863
   1249.08000    0.70923    0.05379    0.45737    0.08876
   1252.32000    0.68149    0.01528    0.64131    0.04892
   1254.98000    0.65719    0.04812    0.54662    0.01826
   1257.45000    0.57706    0.05593    0.45595    0.05611
   1259.98000    0.72843    0.04639    0.64692    0.07916
   1261.69000    0.68103    0.05445    0.56560    0.04167
   1265.15000    0.59952    0.07598    0.57178    0.03096
   1267.26000    0.72315    0.04113    0.56488    0.05242
   1271.42000    0.67803    0.04174    0.53629    0.06463
   1274.45000    0.68294    0.03425    0.52733    0.06487
   1276.42000    0.66233    0.02941    0.49732    0.07164
   1280.49000    0.70131    0.05150    0.54976    0.05048
   1284.56000    0.67959    0.03320    0.59931    0.05421
   1287.87000    0.62176    0.05159    0.53322    0.03234
   1292.06000    0.72292    0.03826    0.55669    0.08783
   1293.21000    0.66655    0.05717    0.63393    0.06024
   1295.15000    0.69551    0.03368    0.53405    0.05424
   1297.62000    0.69591    0.02911    0.61173    0.06004
   1301.90000    0.70706    0.03366    0.60710    0.05919
   1307.00000    0.67395    0.05203    0.54277    0.05790
   1310.18000    0.74149    0.03893    0.52447    0.05537
   1314.31000    0.73424    0.06989    0.55936    0.04530
   1318.31000    0.73571    0.03290    0.51355    0.04412
   1322.98000    0.67367    0.02866    0.52834    0.03438
   1326.57000    0.74366    0.05721    0.55560    0.04754
   1328.67000    0.70907    0.06430    0.57229    0.05609
   1332.41000    0.63909    0.06668    0.56559    0.06430
   1460.41000    0.80012    0.05536    0.64310    0.06041
   1464.30000    0.75614    0.04246    0.65318    0.03325
   1465.42000    0.83952    0.05721    0.74442    0.06275
   1468.45000    0.69082    0.05922    0.57650    0.06465
   1472.64000    0.77655    0.07356    0.60737    0.03301
   1475.71000    0.74678    0.02689    0.62994    0.05155
   1479.92000    0.74138    0.04372    0.65048    0.07692
   1483.41000    0.76992    0.06160    0.55403    0.04608
   1485.20000    0.70990    0.04440    0.68836    0.06162
   1487.77000    0.73492    0.06122    0.75964    0.04967
   1490.55000    0.75843    0.03553    0.62548    0.05036
   1491.75000    0.78521    0.06753    0.59407    0.04953
   1494.70000    0.68001    0.07776    0.53890    0.04396
   1498.23000    0.78325    0.04381    0.60084    0.06153
   1502.66000    0.65340    0.05966    0.65280    0.06563
   1503.85000    0.65876    0.04562    0.57030    0.06387
   1507.09000    0.68259    0.05320    0.63037    0.03685
   1508.59000    0.76477    0.06433    0.58989    0.04911
   1512.01000    0.66910    0.06076    0.58454    0.03567
   1514.43000    0.76182    0.05048    0.53874    0.05239
   1515.04000    0.67778    0.04880    0.60709    0.06210
   1518.86000    0.70454    0.04997    0.65545    0.07237
   1520.07000    0.76436    0.06517    0.54527    0.06671
   1523.88000    0.71583    0.08171    0.63263    0.04622
   1525.41000    0.74447    0.05313    0.56820    0.06986
   1526.78000    0.75535    0.06297    0.63071    0.03710
   1530.14000    0.72880    0.07125    0.58322    0.01468
   1533.07000    0.72591    0.05113    0.60939    0.06045
   1534.65000    0.67705    0.06556    0.60454    0.04572
   1537.35000    0.71834    0.05577    0.63833    0.03842
   1539.08000    0.70788    0.04317    0.56672    0.03724
   1541.05000    0.66818    0.05964    0.58960    0.01868
   1544.68000    0.74749    0.05339    0.65437    0.04569
   1547.98000    0.71606    0.00127    0.62374    0.04007
   1552.14000    0.73678    0.03044    0.59029    0.03990
   1555.37000    0.66885    0.06331    0.52187    0.05614
   1558.44000    0.71657    0.03230    0.58118    0.04891
   1560.66000    0.71065    0.01504    0.59793    0.04721
   1565.64000    0.66143    0.07150    0.54793    0.05564
   1568.73000    0.74540    0.03940    0.57340    0.04421
   1572.29000    0.76217    0.05685    0.64832    0.07314
   1576.52000    0.84878    0.04999    0.60748    0.04487
   1581.05000    0.80216    0.04069    0.60876    0.02536
   1584.27000    0.69162    0.04538    0.61692    0.06215
   1588.23000    0.75951    0.03801    0.66421    0.05597
   1589.50000    0.78860    0.04765    0.74804    0.04543
   1593.37000    0.77494    0.02742    0.63729    0.03125
   1596.39000    0.75392    0.06094    0.59476    0.03190
   1600.52000    0.75505    0.04329    0.67283    0.06243
   1601.92000    0.75180    0.08540    0.64347    0.04309
   1604.88000    0.78412    0.04642    0.63413    0.06422
   1607.92000    0.86317    0.05941    0.75114    0.06724
   1610.38000    0.74438    0.06051    0.65769    0.07969
   1612.48000    0.67639    0.05178    0.74137    0.07016
   1616.11000    0.80688    0.05197    0.65718    0.03838
   1620.36000    0.90025    0.05679    0.60128    0.06206
   1623.68000    0.66670    0.04439    0.65872    0.05597
   1626.02000    0.79881    0.04962    0.61229    0.03125
   1629.48000    0.79390    0.06536    0.58695    0.05544
   1632.51000    0.77083    0.04268    0.72309    0.10569
   1634.58000    0.80624    0.07381    0.63102    0.03334
   1635.41000    0.83788    0.07489    0.62479    0.05086
   1638.96000    0.75702    0.06599    0.59614    0.07338
   1643.10000    0.76416    0.05131    0.69889    0.04863
   1646.67000    0.73431    0.04046    0.62805    0.05005
   1650.21000    0.72772    0.05547    0.69202    0.04875
   1652.29000    0.67638    0.08002    0.59596    0.04944
   1654.84000    0.68522    0.04579    0.62361    0.01133
   1659.13000    0.71674    0.02831    0.66095    0.04868
   1663.71000    0.77239    0.05457    0.76213    0.07602
   1669.45000    0.79817    0.07381    0.69570    0.05803
   1671.08000    0.76517    0.05147    0.62171    0.05991
   1672.78000    0.77774    0.03709    0.47657    0.05118
   1675.09000    0.71821    0.08631    0.65116    0.05746
   1677.21000    0.72423    0.07432    0.62864    0.03748
   1678.60000    0.62102    0.05159    0.59945    0.05522
   1682.04000    0.67111    0.04791    0.55549    0.06831
   1687.35000    0.68387    0.05185    0.61945    0.04941
   1691.14000    0.69590    0.05007    0.58513    0.05663
   1695.43000    0.65080    0.04642    0.64161    0.08049
   1698.06000    0.70235    0.05610    0.57472    0.04021
