## Time Delay Challenge light curves
##
## [time]=days, [lc]=[err]=flux in nanomaggies
##
##       time       lc_A      err_A       lc_B      err_B
##-------------------------------------------------------
      3.18000    0.32194    0.05631    2.94765    0.06095
      5.87000    0.21925    0.06811    2.85098    0.03288
      8.64000    0.31849    0.06036    3.58353    0.02420
     11.67000    0.41175    0.04619    3.76119    0.07560
     12.53000    0.28368    0.04297    3.81607    0.06136
     13.80000    0.36579    0.05395    3.42372    0.05833
     16.02000    0.40595    0.06576    3.62113    0.05787
     18.49000    0.40800    0.06917    3.64763    0.05645
     19.53000    0.47508    0.00947    3.62634    0.06972
     22.02000    0.44600    0.08174    3.45248    0.04510
     22.80000    0.47509    0.05270    3.37584    0.06470
     26.53000    0.49951    0.05272    3.17216    0.06750
     29.09000    0.48445    0.03864    2.97255    0.05976
     32.63000    0.49610    0.04709    2.89049    0.07006
     34.98000    0.40338    0.05027    2.54854    0.03235
     38.45000    0.40303    0.05186    2.06621    0.03519
     41.66000    0.38509    0.07424    2.28271    0.07905
     43.59000    0.28791    0.07103    2.22353    0.04743
     45.69000    0.20186    0.05840    2.17508    0.05791
     47.82000    0.27765    0.02219    2.42951    0.04891
     50.18000    0.34168    0.03936    2.18959    0.04381
     52.96000    0.30026    0.02275    2.56196    0.06475
     56.70000    0.32647    0.05596    2.61731    0.07227
     59.34000    0.31866    0.04267    2.71215    0.03638
     62.64000    0.28201    0.05081    2.87073    0.03432
     65.96000    0.34194    0.03558    2.77884    0.02528
     68.95000    0.35140    0.05862    2.42186    0.05488
     70.22000    0.33324    0.04629    2.67100    0.01790
     73.73000    0.33838    0.05152    2.78159    0.03226
     75.72000    0.45616    0.05553    2.69759    0.08214
     77.12000    0.32812    0.02857    2.68108    0.05606
     80.10000    0.38281    0.04388    2.70216    0.05795
     83.75000    0.25862    0.07266    2.76833    0.06689
     86.18000    0.35713    0.06143    2.84841    0.03024
     88.49000    0.33924    0.07429    2.39131    0.04076
     92.51000    0.34924    0.04396    2.99252    0.03119
     96.02000    0.30530    0.05026    3.12201    0.05487
     97.94000    0.40305    0.06856    3.02118    0.05117
    100.03000    0.41873    0.05057    3.16209    0.04763
    103.13000    0.33953    0.04065    3.12581    0.04971
    106.15000    0.34719    0.02797    2.91169    0.06760
    110.01000    0.39973    0.04621    3.01341    0.03282
    114.15000    0.28527    0.06253    3.11738    0.06945
    116.88000    0.31200    0.07505    2.83289    0.05586
    119.76000    0.40404    0.04408    2.56496    0.04995
    122.44000    0.35237    0.05513    2.91857    0.09012
    124.34000    0.29431    0.07161    2.55801    0.06073
    127.86000    0.33445    0.03442    3.02850    0.05829
    130.06000    0.29117    0.06808    2.92832    0.03662
    133.96000    0.40807    0.04480    2.79260    0.05589
    135.25000    0.36996    0.06854    2.65800    0.07122
    137.34000    0.33198    0.07486    2.49831    0.05256
    140.44000    0.28718    0.06192    2.50235    0.04247
    145.53000    0.33920    0.07010    2.67917    0.04989
    149.00000    0.29609    0.05460    2.32650    0.05170
    152.44000    0.32374    0.09178    2.23195    0.07997
    155.64000    0.20592    0.05739    2.08613    0.06165
    157.91000    0.23221    0.04053    1.85965    0.05998
    160.30000    0.27235    0.04737    1.76223    0.05158
    162.67000    0.23218    0.04592    1.84666    0.08961
    164.99000    0.28811    0.04936    1.91983    0.05986
    169.24000    0.24961    0.04917    2.20644    0.04312
    171.89000    0.35438    0.04870    2.37373    0.06173
    175.04000    0.20589    0.05598    1.83798    0.01868
    177.81000    0.29077    0.03419    1.98431    0.03962
    181.69000    0.27514    0.03795    2.33265    0.05077
    185.89000    0.24900    0.05292    2.51322    0.06237
    189.56000    0.45211    0.06946    2.61286    0.05412
    193.34000    0.28647    0.04825    2.33503    0.04678
    195.37000    0.27817    0.06740    2.25380    0.02519
    198.75000    0.31733    0.03503    2.80797    0.05769
    201.11000    0.33808    0.04020    2.50621    0.03810
    204.55000    0.33176    0.05879    2.37475    0.04320
    208.22000    0.35805    0.04262    2.74212    0.06430
    210.66000    0.33802    0.03432    2.87095    0.08013
    212.85000    0.22437    0.04763    2.79804    0.04237
    216.08000    0.39090    0.05440    2.53119    0.06278
    217.77000    0.32459    0.04777    2.49895    0.04883
    220.71000    0.32371    0.05305    2.51154    0.08017
    224.34000    0.25372    0.05790    2.56268    0.05947
    226.25000    0.26698    0.05128    2.40392    0.04553
    230.27000    0.26034    0.05305    2.00852    0.06698
    235.44000    0.28000    0.07034    1.80412    0.05129
    237.23000    0.23261    0.05811    1.89852    0.03504
    239.75000    0.22404    0.03270    2.34961    0.05647
    365.17000    0.20869    0.03501    1.71331    0.05758
    367.56000    0.16591    0.04229    2.45526    0.06136
    369.11000    0.17088    0.07537    2.62564    0.04755
    372.43000    0.21684    0.05759    2.81150    0.04767
    376.17000    0.35038    0.06466    2.87529    0.04375
    376.98000    0.29792    0.07830    3.09563    0.03128
    379.23000    0.36808    0.04846    2.91000    0.03361
    382.85000    0.26784    0.05634    2.80679    0.10640
    386.22000    0.33600    0.03890    2.84365    0.07723
    388.77000    0.41872    0.06532    2.95646    0.06435
    393.08000    0.34406    0.04689    2.62439    0.05157
    394.98000    0.39222    0.06520    2.96413    0.04844
    397.69000    0.23856    0.04481    2.77119    0.06131
    400.38000    0.34791    0.08196    2.55784    0.06199
    403.51000    0.32701    0.02303    3.20198    0.06233
    406.16000    0.25052    0.08304    2.87242    0.06303
    407.68000    0.33212    0.03845    2.63917    0.02709
    410.47000    0.27956    0.05263    2.70108    0.04313
    412.44000    0.37334    0.05329    2.40307    0.04533
    414.26000    0.27721    0.05118    2.56669    0.00264
    418.21000    0.38059    0.07262    2.95595    0.06485
    421.28000    0.21769    0.06503    3.58501    0.03347
    424.81000    0.27889    0.04341    3.95175    0.10089
    428.61000    0.33528    0.06235    2.82666    0.07070
    431.89000    0.40107    0.06246    2.23147    0.04394
    434.51000    0.42139    0.05899    2.48479    0.05843
    436.58000    0.24859    0.06641    2.77839    0.03184
    439.70000    0.33521    0.05951    2.90431    0.04286
    442.97000    0.35868    0.05313    3.04242    0.03921
    447.08000    0.26492    0.03704    2.76807    0.06262
    448.46000    0.31153    0.08892    2.93324    0.04975
    452.15000    0.27847    0.06823    3.32966    0.07083
    455.33000    0.26125    0.04238    3.20000    0.05063
    460.27000    0.32977    0.02496    3.52001    0.06599
    462.96000    0.27294    0.06190    3.37994    0.04957
    466.22000    0.34588    0.03579    3.00123    0.04131
    468.01000    0.32642    0.06429    2.64408    0.07423
    470.89000    0.40446    0.07318    2.81299    0.05121
    473.21000    0.35644    0.01536    2.74062    0.05044
    476.74000    0.28369    0.05042    2.69400    0.05626
    479.65000    0.28197    0.04277    2.58169    0.04810
    482.04000    0.33697    0.05347    2.60189    0.05444
    483.90000    0.36911    0.06369    2.58055    0.03738
    488.13000    0.23956    0.04019    2.55793    0.05914
    490.20000    0.22062    0.06700    2.57068    0.07602
    492.28000    0.35105    0.05651    2.33688    0.06075
    495.50000    0.28711    0.04476    2.06701    0.03503
    497.58000    0.22799    0.05214    2.30237    0.03936
    498.86000    0.21046    0.05437    2.29093    0.01215
    501.80000    0.27520    0.03904    2.60024    0.05805
    504.38000    0.23876    0.02737    3.26849    0.05110
    506.73000    0.28104    0.04956    3.51050    0.02148
    509.19000    0.20978    0.02618    4.00680    0.04612
    512.02000    0.31973    0.04102    4.10025    0.02590
    514.90000    0.30315    0.06002    4.58382    0.08311
    517.14000    0.46926    0.06863    5.39313    0.03987
    519.65000    0.43061    0.07916    4.43772    0.06975
    522.54000    0.48375    0.04415    3.95064    0.04599
    526.04000    0.42657    0.08289    3.18595    0.07281
    528.59000    0.41482    0.05368    3.36878    0.07823
    531.71000    0.45359    0.07839    3.36726    0.03405
    534.28000    0.35108    0.03853    3.69883    0.03961
    539.11000    0.29860    0.07942    4.99551    0.06176
    539.70000    0.32996    0.04093    4.39523    0.06162
    542.06000    0.36908    0.04048    4.99730    0.05809
    546.10000    0.49633    0.03992    5.19981    0.02919
    548.93000    0.42956    0.03765    4.97802    0.05252
    550.94000    0.58336    0.06287    5.60831    0.03124
    553.08000    0.56701    0.05334    5.03943    0.05587
    556.52000    0.52574    0.04249    5.24460    0.05082
    558.27000    0.68164    0.07598    5.10605    0.04255
    560.50000    0.57850    0.05714    4.77475    0.05687
    561.73000    0.43105    0.05391    4.95372    0.04906
    564.88000    0.58314    0.05347    4.82839    0.03319
    569.83000    0.65099    0.05021    4.67650    0.04463
    572.72000    0.42290    0.06383    5.11500    0.05474
    574.64000    0.54450    0.06750    4.02245    0.04443
    575.63000    0.47881    0.06657    4.09418    0.04150
    579.35000    0.52052    0.03460    3.56722    0.02878
    581.22000    0.44536    0.07163    3.42825    0.05915
    585.33000    0.38468    0.04051    3.47324    0.06245
    587.70000    0.30698    0.07535    4.10624    0.00988
    589.23000    0.28968    0.05486    4.58505    0.06400
    591.99000    0.43423    0.03351    3.88432    0.04238
    596.04000    0.45748    0.04376    3.89340    0.07544
    599.22000    0.46877    0.01445    3.87011    0.05597
    601.42000    0.38382    0.03550    3.17150    0.04249
    603.42000    0.41689    0.06343    3.07718    0.05296
    732.20000    0.37474    0.03524    4.11616    0.04968
    735.20000    0.35018    0.03874    3.53972    0.04019
    738.90000    0.31188    0.05718    3.25075    0.05887
    741.27000    0.35622    0.02817    3.54115    0.07488
    743.19000    0.27539    0.06247    3.93612    0.04213
    749.60000    0.29782    0.04613    3.29904    0.04411
    752.98000    0.46683    0.08987    2.92682    0.06139
    755.85000    0.35871    0.02614    3.31681    0.06801
    759.60000    0.34129    0.04092    3.58901    0.04856
    760.49000    0.30360    0.04665    3.48403    0.06352
    764.45000    0.33379    0.01605    2.99668    0.06046
    769.56000    0.34815    0.02759    3.37497    0.05336
    772.78000    0.25471    0.03705    3.11231    0.06580
    776.92000    0.40274    0.04689    2.82505    0.05537
    778.98000    0.21925    0.05547    2.19088    0.06011
    780.65000    0.37753    0.04876    2.29245    0.06219
    784.11000    0.32881    0.06068    2.33065    0.06095
    786.57000    0.38580    0.05660    2.51456    0.05002
    788.26000    0.27649    0.07006    2.45954    0.04587
    791.65000    0.39599    0.06992    2.30893    0.04169
    797.08000    0.22853    0.05191    2.34691    0.04367
    801.06000    0.25116    0.06094    2.40118    0.04148
    804.89000    0.20339    0.03975    1.71239    0.06058
    807.45000    0.26405    0.05384    1.55416    0.05247
    810.92000    0.20080    0.04616    1.42967    0.05487
    813.15000    0.33261    0.05221    1.33506    0.04138
    815.70000    0.17313    0.04264    1.09049    0.07820
    817.79000    0.00377    0.06170    1.40837    0.03941
    820.69000    0.08995    0.06363    1.57855    0.04808
    822.80000    0.12542    0.04574    1.84234    0.08034
    826.52000    0.12031    0.03797    1.56356    0.07178
    829.56000    0.15788    0.03089    1.70668    0.05682
    834.25000    0.17373    0.06218    1.55677    0.05219
    837.75000    0.16151    0.04569    1.72321    0.02468
    841.18000    0.13369    0.04967    1.88516    0.07246
    843.98000    0.13950    0.03591    2.12218    0.04337
    846.98000    0.20209    0.07154    1.74461    0.03095
    849.30000    0.11654    0.05739    1.84761    0.04788
    852.05000    0.25861    0.05029    2.46515    0.08798
    854.77000    0.17115    0.04055    2.44528    0.06169
    858.44000    0.11680    0.05533    2.67034    0.05634
    860.82000    0.26798    0.04260    3.09877    0.05420
    863.60000    0.27301    0.04392    3.29342    0.04693
    866.18000    0.34060    0.06219    2.99747    0.04430
    868.73000    0.21177    0.03705    2.12670    0.07765
    872.47000    0.34058    0.04009    2.23297    0.05083
    876.90000    0.06110    0.07640    1.73128    0.06408
    880.18000    0.30943    0.02780    2.17391    0.06793
    884.05000    0.19842    0.05306    2.25416    0.09187
    887.47000    0.26038    0.04492    2.20390    0.06746
    888.69000    0.29252    0.05608    2.31560    0.05873
    894.30000    0.16545    0.05657    2.61222    0.03412
    898.92000    0.23494    0.01026    2.48964    0.05475
    901.37000    0.35012    0.05965    3.01702    0.06482
    903.74000    0.31051    0.05131    3.86884    0.06409
    908.56000    0.16487    0.04686    4.38110    0.05439
    910.66000    0.44993    0.04447    4.13326    0.05542
    913.86000    0.38875    0.05004    4.13016    0.05360
    916.29000    0.42924    0.02800    4.27197    0.05421
    919.52000    0.47679    0.03478    4.70701    0.02224
    920.83000    0.48549    0.06823    4.89221    0.07508
    923.81000    0.40247    0.06020    5.10523    0.05389
    928.47000    0.59371    0.06220    4.17829    0.07874
    930.76000    0.52506    0.05060    3.80732    0.06119
    933.17000    0.46363    0.06188    3.11641    0.04341
    937.36000    0.44639    0.05920    3.35167    0.05913
    940.78000    0.29308    0.05984    3.04158    0.04173
    944.43000    0.25759    0.06584    3.30041    0.04793
    945.75000    0.40001    0.03361    2.97015    0.06365
    948.32000    0.23390    0.06915    2.76353    0.06779
    950.11000    0.30530    0.06473    3.11160    0.07601
    954.17000    0.29951    0.02567    3.20650    0.09304
    956.77000    0.26043    0.04780    3.33718    0.05382
    960.28000    0.20610    0.05194    2.46384    0.02124
    964.61000    0.29586    0.04046    2.36654    0.05298
    965.54000    0.37476    0.03827    2.38634    0.07407
    969.27000    0.24137    0.03280    2.69887    0.06546
   1097.94000    0.25053    0.05324    2.98319    0.04892
   1100.78000    0.25495    0.06121    2.34655    0.07306
   1102.13000    0.28703    0.06596    2.64724    0.07209
   1107.46000    0.27861    0.07143    2.75245    0.06078
   1110.34000    0.13865    0.04130    2.49109    0.06630
   1113.88000    0.23382    0.04347    2.63753    0.01693
   1115.47000    0.30082    0.04380    2.73177    0.05098
   1117.46000    0.31072    0.04819    2.73183    0.09502
   1119.98000    0.27588    0.01881    2.83503    0.03515
   1122.25000    0.26288    0.06170    2.73659    0.08240
   1125.31000    0.23601    0.07122    2.54943    0.03002
   1130.54000    0.39856    0.07213    3.07095    0.06762
   1133.00000    0.30033    0.03786    2.80302    0.05542
   1136.14000    0.25976    0.02156    2.92284    0.04870
   1140.31000    0.29671    0.05828    3.57681    0.04237
   1143.68000    0.22927    0.05189    4.19230    0.03454
   1144.43000    0.22622    0.08757    4.16825    0.04917
   1148.70000    0.40726    0.05495    4.19476    0.04453
   1150.73000    0.35342    0.06295    3.83167    0.02815
   1154.11000    0.31768    0.02986    3.65591    0.07284
   1157.89000    0.30963    0.04964    3.63146    0.05166
   1161.13000    0.46078    0.07984    3.26555    0.06105
   1164.09000    0.38772    0.04098    3.34410    0.04371
   1167.18000    0.37823    0.09763    3.36343    0.05321
   1171.31000    0.35074    0.06142    3.71935    0.08447
   1173.19000    0.38685    0.05311    3.28969    0.03524
   1178.46000    0.32924    0.06748    2.89173    0.05456
   1179.05000    0.46895    0.07136    2.78502    0.05608
   1181.89000    0.30780    0.04014    2.88147    0.05309
   1183.43000    0.36686    0.07254    3.34936    0.06095
   1186.27000    0.29348    0.04280    3.05843    0.03418
   1189.61000    0.26947    0.07016    2.92901    0.04350
   1193.32000    0.34034    0.06398    2.84781    0.03381
   1197.30000    0.38952    0.04860    2.52069    0.03109
   1200.47000    0.29886    0.01953    2.21983    0.04126
   1202.82000    0.28652    0.06738    2.10500    0.03537
   1204.04000    0.21438    0.03697    2.17054    0.06682
   1209.29000    0.27349    0.07016    2.43676    0.06736
   1211.88000    0.27408    0.07386    2.57558    0.05074
   1215.72000    0.25648    0.00580    2.29515    0.05735
   1219.10000    0.27776    0.05529    2.25384    0.07009
   1222.01000    0.17273    0.05065    2.68652    0.05376
   1223.94000    0.30409    0.06312    2.92361    0.07337
   1227.70000    0.26527    0.05452    3.13258    0.07181
   1229.11000    0.24801    0.03251    3.22520    0.04813
   1233.11000    0.31668    0.05668    2.51903    0.03402
   1235.93000    0.37067    0.06427    2.40761    0.05895
   1240.32000    0.38037    0.05172    2.27136    0.05774
   1242.65000    0.33442    0.08298    2.58568    0.06906
   1245.02000    0.26850    0.04653    3.28059    0.04421
   1247.98000    0.14989    0.04236    2.58177    0.07145
   1251.02000    0.22799    0.04950    2.65313    0.06856
   1254.43000    0.32266    0.06243    3.30366    0.04830
   1258.08000    0.37918    0.06273    3.09052    0.03059
   1260.09000    0.29927    0.03166    3.51606    0.04446
   1262.68000    0.29428    0.07426    3.10850    0.07982
   1264.39000    0.26672    0.03400    3.28002    0.05525
   1267.80000    0.31977    0.05926    3.94780    0.03247
   1271.28000    0.33730    0.04145    4.60833    0.05162
   1274.97000    0.39421    0.04163    3.47771    0.06496
   1276.97000    0.41483    0.05462    4.05571    0.03796
   1281.55000    0.38911    0.04457    4.17844    0.08727
   1285.18000    0.35475    0.04879    4.01581    0.05637
   1289.96000    0.41951    0.06061    3.40278    0.05549
   1293.04000    0.36042    0.05885    3.67298    0.06497
   1296.66000    0.31075    0.04844    3.87871    0.05300
   1301.54000    0.33932    0.04853    3.35454    0.06759
   1304.38000    0.36603    0.07305    3.65051    0.04095
   1308.79000    0.24156    0.04095    2.76375    0.07462
   1312.64000    0.36508    0.05485    2.72652    0.04055
   1314.77000    0.39078    0.06201    2.69796    0.06138
   1317.42000    0.35183    0.05270    3.01609    0.04927
   1323.13000    0.26918    0.03495    3.43561    0.05676
   1327.04000    0.36694    0.03715    3.91074    0.03209
   1330.83000    0.38250    0.04134    4.13433    0.06066
   1461.54000    0.30829    0.03700    2.84830    0.06584
   1464.37000    0.30733    0.04792    3.20810    0.02771
   1466.45000    0.26444    0.05687    2.82495    0.05522
   1469.45000    0.51239    0.09401    3.13869    0.03911
   1471.84000    0.28459    0.04047    3.04015    0.07017
   1474.63000    0.30508    0.06608    2.98074    0.06834
   1477.49000    0.34941    0.06113    3.15909    0.05077
   1481.33000    0.38104    0.06695    2.85159    0.06917
   1482.91000    0.32065    0.02615    3.01068    0.07154
   1485.47000    0.35892    0.05722    2.73835    0.06608
   1487.68000    0.29920    0.06353    3.06546    0.05178
   1492.60000    0.23366    0.07127    3.52338    0.04123
   1495.44000    0.35876    0.04273    3.56651    0.05008
   1499.24000    0.31128    0.04100    3.01852    0.05372
   1501.36000    0.37258    0.04506    3.42608    0.07233
   1504.64000    0.43772    0.05284    2.84327    0.04587
   1508.38000    0.39477    0.04281    3.04868    0.04143
   1511.18000    0.41179    0.04608    3.55565    0.03180
   1514.67000    0.42203    0.05931    3.71511    0.04989
   1515.73000    0.27919    0.06527    3.71602    0.09981
   1517.04000    0.33273    0.05307    3.80677    0.06937
   1517.92000    0.35212    0.04530    3.79517    0.05536
   1521.05000    0.32912    0.07061    3.30428    0.05774
   1522.57000    0.37699    0.05040    3.54124    0.07686
   1527.20000    0.31806    0.04657    3.96484    0.02406
   1531.15000    0.36809    0.07196    2.98697    0.04285
   1532.93000    0.41971    0.04264    2.69119    0.05651
   1536.83000    0.44917    0.04001    2.48882    0.06948
   1540.72000    0.27314    0.08684    2.40091    0.05803
   1544.54000    0.19717    0.02981    2.67804    0.03143
   1547.15000    0.22980    0.06908    2.38431    0.03782
   1549.81000    0.23892    0.04020    2.55306    0.06148
   1554.10000    0.28386    0.05739    2.65644    0.07068
   1556.75000    0.22815    0.05963    2.71231    0.00868
   1561.26000    0.28459    0.05519    2.76628    0.05875
   1565.43000    0.37174    0.04763    2.60641    0.06238
   1568.44000    0.26041    0.02455    2.80380    0.04948
   1572.16000    0.31109    0.06403    3.04201    0.06931
   1575.22000    0.27893    0.02860    2.91813    0.05743
   1578.44000    0.30562    0.07240    3.98599    0.06099
   1581.85000    0.30083    0.04631    3.70053    0.05370
   1584.44000    0.34501    0.07990    3.22302    0.02912
   1586.52000    0.42992    0.04458    3.50121    0.03146
   1589.47000    0.37339    0.02872    3.37457    0.04333
   1593.24000    0.41968    0.04909    2.63234    0.08419
   1596.97000    0.40464    0.08403    2.60199    0.07983
   1599.75000    0.42805    0.05916    2.51689    0.04358
   1602.17000    0.35298    0.07882    2.44446    0.07321
   1604.56000    0.29487    0.04942    2.24890    0.05657
   1607.49000    0.34409    0.04630    1.65425    0.06896
   1610.35000    0.23957    0.04353    1.65206    0.05651
   1612.73000    0.28555    0.05809    1.94357    0.06366
   1615.79000   -0.02862    0.09830    1.80346    0.05371
   1616.48000    0.21017    0.06503    1.71900    0.08114
   1620.20000    0.19324    0.03531    1.70409    0.06116
   1622.63000    0.24137    0.05729    1.80256    0.03622
   1624.80000    0.12639    0.06607    1.73373    0.08119
   1630.00000    0.14833    0.05949    2.15873    0.04081
   1631.85000    0.18076    0.02265    3.01775    0.02523
   1636.37000    0.19023    0.07915    3.11609    0.04022
   1641.29000    0.31397    0.03122    3.31705    0.05569
   1645.57000    0.31961    0.03590    3.05559    0.04689
   1647.76000    0.37092    0.03246    3.39983    0.06756
   1649.89000    0.40659    0.05827    3.95040    0.04403
   1653.22000    0.40060    0.04846    4.13031    0.04706
   1655.52000    0.34759    0.05191    4.60725    0.03204
   1658.73000    0.38196    0.06352    4.13688    0.04541
   1662.24000    0.49282    0.06570    3.77485    0.02361
   1665.74000    0.49072    0.03477    3.79611    0.05564
   1667.49000    0.37860    0.05537    3.87692    0.04805
   1670.40000    0.51663    0.09444    3.27102    0.05405
   1673.53000    0.49008    0.05911    3.52840    0.04333
   1677.43000    0.38956    0.05930    3.02754    0.05255
   1680.14000    0.40177    0.08746    2.86968    0.06192
   1682.01000    0.34911    0.05576    2.65241    0.07393
   1684.29000    0.43511    0.05080    2.44000    0.04324
   1688.58000    0.28679    0.05088    3.02562    0.04267
   1690.98000    0.37702    0.06925    3.03741    0.06852
   1695.73000    0.25281    0.04548    2.54034    0.03218
   1697.75000    0.30792    0.03000    2.25322    0.06361
