## Time Delay Challenge light curves
##
## [time]=days, [lc]=[err]=flux in nanomaggies
##
##       time       lc_A      err_A       lc_B      err_B
##-------------------------------------------------------
      2.91000    0.76735    0.05364    0.51361    0.03511
      5.46000    0.69247    0.03191    0.47529    0.03889
      8.46000    0.70928    0.06243    0.49530    0.05272
     11.59000    0.66523    0.04681    0.43551    0.05540
     13.80000    0.79290    0.06539    0.51260    0.06702
     19.26000    0.57149    0.09190    0.50481    0.08297
     21.42000    0.75127    0.06876    0.40009    0.04212
     24.17000    0.72748    0.06219    0.42947    0.03705
     26.48000    0.67007    0.03934    0.55805    0.06174
     29.31000    0.72406    0.04404    0.44399    0.05684
     32.22000    0.65401    0.05632    0.49674    0.03372
     34.95000    0.65168    0.03914    0.49770    0.04640
     38.25000    0.60478    0.05520    0.48603    0.07679
     40.20000    0.61242    0.04682    0.38702    0.04634
     43.25000    0.61549    0.03317    0.42205    0.04324
     48.38000    0.69204    0.07078    0.48106    0.04547
     52.49000    0.71106    0.04494    0.46409    0.02714
     55.56000    0.64451    0.04842    0.51945    0.06366
     59.73000    0.70095    0.04847    0.32893    0.05850
     63.74000    0.73585    0.03178    0.59669    0.05554
     67.72000    0.69027    0.05780    0.42537    0.06662
     69.13000    0.80213    0.05488    0.51206    0.04106
     71.14000    0.73526    0.02945    0.49340    0.04356
     75.71000    0.77221    0.05467    0.49977    0.03331
     80.56000    0.70795    0.05764    0.52297    0.06453
     82.03000    0.72920    0.05137    0.50268    0.05181
     85.21000    0.71097    0.07628    0.39236    0.09291
     88.45000    0.79276    0.06086    0.47112    0.05432
     90.64000    0.94965    0.07066    0.48812    0.04895
     93.22000    0.66992    0.04599    0.43954    0.05823
     96.36000    0.75035    0.04743    0.57235    0.05243
     99.15000    0.76174    0.03901    0.42197    0.04785
    102.67000    0.71721    0.04914    0.56453    0.07080
    104.58000    0.73883    0.04662    0.60976    0.06903
    107.63000    0.74378    0.07340    0.50033    0.02937
    110.38000    0.73252    0.05298    0.57462    0.06769
    113.74000    0.75500    0.06187    0.56107    0.05003
    117.35000    0.73914    0.07101    0.49711    0.04116
    120.91000    0.79092    0.05632    0.43430    0.06012
    124.75000    0.81539    0.07792    0.53320    0.02216
    127.79000    0.72902    0.05219    0.52986    0.06018
    129.92000    0.69233    0.05679    0.58120    0.06460
    131.78000    0.69881    0.02679    0.58454    0.05071
    135.65000    0.70360    0.04871    0.43754    0.05537
    138.95000    0.75938    0.02607    0.33825    0.07706
    143.59000    0.79384    0.08384    0.53263    0.04247
    147.94000    0.87757    0.06143    0.49248    0.05648
    150.78000    0.81289    0.03730    0.45324    0.05515
    151.89000    0.88959    0.04210    0.49589    0.04877
    154.55000    0.71790    0.08185    0.61526    0.06417
    157.55000    0.77811    0.03675    0.54945    0.05060
    160.86000    0.81210    0.07017    0.49593    0.04964
    163.45000    0.75854    0.05455    0.56841    0.02213
    165.39000    0.81535    0.04604    0.55895    0.04596
    168.98000    0.81304    0.02166    0.46331    0.06326
    172.51000    0.68035    0.07498    0.43781    0.04178
    176.01000    0.88124    0.02977    0.45386    0.04830
    179.67000    0.84208    0.04639    0.44566    0.04746
    183.59000    0.72559    0.05113    0.52635    0.05866
    185.95000    0.84754    0.05533    0.50324    0.07009
    189.45000    0.82419    0.05159    0.51416    0.06149
    190.28000    0.79185    0.05091    0.46641    0.07069
    192.14000    0.78760    0.04845    0.61277    0.06862
    193.83000    0.76924    0.06700    0.61137    0.06713
    196.55000    0.72039    0.06364    0.60685    0.04578
    199.09000    0.77186    0.04911    0.47765    0.06184
    200.84000    0.86535    0.05759    0.54372    0.03266
    206.36000    0.87090    0.10319    0.55415    0.04293
    208.93000    0.81913    0.06023    0.60451    0.03169
    210.10000    0.94502    0.04401    0.54793    0.06883
    212.59000    0.79686    0.05762    0.56240    0.03398
    215.32000    0.90261    0.03935    0.54606    0.03908
    217.67000    0.84070    0.06318    0.55843    0.04870
    222.26000    0.85246    0.07719    0.55911    0.03177
    225.16000    0.90457    0.03805    0.45276    0.05290
    229.44000    0.82483    0.08465    0.50917    0.05121
    234.31000    0.92907    0.07577    0.66725    0.07125
    237.02000    0.87305    0.04992    0.54809    0.05032
    368.94000    0.86918    0.07724    0.56166    0.04184
    371.95000    0.84616    0.05210    0.55271    0.06949
    373.85000    1.00570    0.09681    0.48970    0.04059
    377.89000    0.92299    0.06004    0.47452    0.05015
    380.85000    0.78114    0.03869    0.42741    0.08337
    384.30000    0.93047    0.05355    0.53901    0.05956
    387.59000    0.83884    0.05813    0.54771    0.03032
    390.85000    0.80277    0.01724    0.46944    0.05737
    393.20000    0.74088    0.05044    0.49996    0.04685
    397.30000    0.79723    0.04752    0.53508    0.02600
    400.03000    0.79041    0.06570    0.52883    0.05657
    403.12000    0.88543    0.04667    0.52689    0.04536
    405.77000    0.96971    0.04486    0.55810    0.07152
    410.13000    0.80505    0.07530    0.50804    0.04261
    410.69000    0.91591    0.05561    0.52102    0.06141
    411.23000    0.86658    0.06933    0.59039    0.05024
    415.62000    0.82834    0.07762    0.48188    0.04158
    417.02000    0.97149    0.04758    0.48941    0.02680
    419.99000    0.88795    0.02412    0.53840    0.06719
    422.26000    0.96277    0.04093    0.41873    0.10643
    426.52000    0.87851    0.02374    0.53536    0.08157
    429.91000    0.89474    0.04628    0.58366    0.06891
    433.48000    0.81926    0.04229    0.51701    0.08215
    437.46000    0.74334    0.06850    0.60940    0.07132
    441.76000    0.86187    0.04203    0.59602    0.05412
    444.61000    0.95270    0.06549    0.74242    0.05315
    446.76000    0.93736    0.05880    0.52908    0.05579
    449.78000    0.79849    0.04723    0.56246    0.02019
    452.21000    0.80961    0.04294    0.54027    0.03320
    456.19000    0.90720    0.03151    0.62162    0.06799
    460.82000    0.90645    0.01042    0.53474    0.06337
    463.18000    0.89067    0.05406    0.59197    0.04492
    466.95000    0.84101    0.03845    0.56574    0.02940
    469.83000    0.98277    0.06571    0.70415    0.04536
    471.74000    0.85671    0.03475    0.56221    0.06254
    474.23000    0.78180    0.06073    0.51399    0.03000
    474.61000    0.90261    0.06793    0.54758    0.06138
    478.71000    0.79020    0.04282    0.62560    0.04899
    479.91000    0.82328    0.04924    0.57438    0.04559
    481.64000    0.88538    0.05728    0.64254    0.05306
    483.80000    0.83231    0.04113    0.51925    0.05816
    485.42000    0.86751    0.07280    0.62572    0.05300
    488.16000    0.74390    0.06383    0.64166    0.08312
    490.38000    0.69383    0.05073    0.57816    0.06090
    492.87000    0.73505    0.05444    0.58079    0.07904
    495.04000    0.76849    0.02982    0.59748    0.05523
    498.91000    0.61159    0.07407    0.55521    0.04434
    503.06000    0.84007    0.05769    0.63912    0.03511
    506.25000    0.73291    0.07933    0.54539    0.06822
    510.48000    0.78248    0.02483    0.60280    0.05605
    511.99000    0.75914    0.05472    0.54409    0.04801
    513.47000    0.76149    0.06893    0.57145    0.02839
    515.42000    0.78518    0.06137    0.57581    0.04403
    518.23000    0.76968    0.08402    0.61121    0.04565
    522.15000    0.80445    0.05220    0.55085    0.02768
    522.32000    0.82080    0.05562    0.54324    0.05044
    525.38000    0.81221    0.02157    0.52970    0.03459
    529.60000    0.84867    0.03477    0.51049    0.05409
    532.60000    0.77838    0.04154    0.50168    0.06838
    535.58000    0.82776    0.04975    0.46136    0.04316
    536.26000    0.81174    0.03865    0.53077    0.05051
    540.08000    0.79606    0.05577    0.55135    0.06411
    542.41000    0.92348    0.07152    0.49334    0.08100
    546.71000    0.84700    0.05196    0.49383    0.05487
    550.22000    0.78862    0.06260    0.49174    0.05847
    552.69000    0.68667    0.06975    0.54060    0.06754
    553.52000    0.86844    0.06769    0.59528    0.05241
    556.67000    0.70589    0.08619    0.46965    0.03172
    559.27000    0.73631    0.04493    0.54586    0.04636
    562.31000    0.65258    0.06425    0.54001    0.03879
    565.94000    0.71435    0.04955    0.62157    0.06959
    568.19000    0.84053    0.04172    0.51165    0.05298
    570.54000    0.79690    0.07123    0.52206    0.06252
    573.29000    0.80636    0.02167    0.49969    0.06910
    576.87000    0.81081    0.07108    0.54502    0.04683
    581.54000    0.75048    0.07873    0.55889    0.07143
    585.33000    0.79750    0.04934    0.49972    0.06062
    588.52000    0.71462    0.07332    0.48793    0.04115
    591.20000    0.89999    0.05636    0.63425    0.05208
    592.09000    0.88596    0.04684    0.56143    0.02523
    594.26000    0.82380    0.03859    0.52376    0.07124
    599.64000    0.75558    0.05687    0.50972    0.06654
    600.21000    0.83182    0.03525    0.53063    0.05435
    602.48000    0.81066    0.04679    0.64307    0.05281
    732.44000    0.85503    0.03253    0.44087    0.06531
    736.47000    0.85637    0.04011    0.56139    0.03365
    739.53000    1.00927    0.06984    0.53489    0.08035
    742.31000    0.79907    0.04561    0.63105    0.03372
    746.34000    0.88017    0.01624    0.55997    0.04403
    747.30000    0.88015    0.05172    0.50718    0.05251
    749.80000    0.87773    0.02274    0.62711    0.06419
    752.82000    0.91871    0.04719    0.59886    0.03112
    757.26000    0.85276    0.04910    0.54469    0.05369
    759.80000    0.87725    0.03287    0.55072    0.06275
    762.90000    0.89254    0.04381    0.58441    0.05803
    766.77000    0.80259    0.08179    0.52942    0.02242
    769.19000    0.92943    0.04139    0.53543    0.04513
    773.75000    0.86919    0.07080    0.55553    0.04170
    775.54000    0.83542    0.05283    0.50276    0.07812
    778.70000    0.91315    0.05776    0.73021    0.07219
    780.93000    0.87608    0.02854    0.61318    0.04320
    782.41000    0.88165    0.03465    0.62109    0.05337
    785.07000    0.89895    0.05814    0.59830    0.02995
    788.50000    0.92612    0.05144    0.60151    0.05977
    792.97000    0.91472    0.04911    0.64387    0.08335
    796.01000    0.83436    0.05229    0.63143    0.05625
    797.57000    0.88430    0.04110    0.56902    0.02830
    800.74000    0.85960    0.05110    0.62751    0.08641
    802.53000    0.70613    0.08414    0.59462    0.05106
    805.35000    0.82294    0.02863    0.67929    0.05220
    808.49000    0.81061    0.04157    0.58682    0.06785
    811.21000    0.85095    0.03968    0.62516    0.06815
    813.78000    0.97526    0.05240    0.48686    0.07096
    816.44000    0.92130    0.03244    0.61658    0.05028
    820.53000    0.84580    0.06453    0.56525    0.05888
    823.89000    0.90130    0.04897    0.56130    0.03624
    828.34000    0.77239    0.07314    0.56644    0.04324
    832.15000    0.87386    0.05295    0.61311    0.06855
    834.71000    0.79064    0.05440    0.61240    0.04242
    838.11000    0.80281    0.07305    0.59929    0.05138
    842.38000    0.91979    0.05683    0.56319    0.03482
    843.60000    0.90368    0.06057    0.62081    0.06040
    848.15000    0.95007    0.09417    0.60971    0.03368
    850.82000    0.86847    0.03692    0.53459    0.05523
    852.88000    0.82697    0.04882    0.61740    0.03460
    856.25000    0.87324    0.02752    0.57430    0.06053
    858.72000    0.93121    0.05932    0.73197    0.06432
    860.93000    0.93120    0.07052    0.53012    0.06347
    863.04000    0.85937    0.04698    0.64906    0.05931
    865.21000    0.85809    0.07435    0.60997    0.04604
    867.47000    0.85219    0.05595    0.61695    0.05656
    871.61000    0.95697    0.07293    0.54162    0.07020
    876.34000    0.89193    0.04371    0.61304    0.04402
    879.79000    0.83772    0.07447    0.57468    0.04198
    882.86000    0.89813    0.06079    0.58140    0.04754
    887.65000    0.84345    0.06644    0.58878    0.02707
    892.58000    0.91805    0.04946    0.55808    0.03898
    895.11000    0.87106    0.05763    0.63676    0.07989
    899.11000    0.77307    0.07999    0.60558    0.04489
    902.92000    0.93777    0.07613    0.71105    0.05226
    905.04000    0.85205    0.08764    0.65975    0.04373
    908.29000    0.81466    0.03652    0.60927    0.08248
    910.84000    0.88908    0.01233    0.60407    0.05540
    914.54000    0.78255    0.06255    0.64629    0.05465
    916.08000    0.85280    0.02552    0.59516    0.04617
    920.99000    0.80854    0.05061    0.58984    0.06263
    925.73000    0.86658    0.04482    0.64096    0.03747
    928.76000    0.72693    0.05481    0.59036    0.04011
    932.28000    0.90132    0.04371    0.58430    0.06162
    935.70000    0.84835    0.03036    0.55602    0.03029
    939.70000    0.76153    0.03442    0.63206    0.02926
    942.79000    0.77229    0.05894    0.55851    0.05250
    947.02000    0.82371    0.04027    0.56132    0.03402
    950.24000    0.81724    0.06373    0.70068    0.05974
    952.98000    0.87437    0.04259    0.54740    0.03675
    955.22000    0.78389    0.04012    0.56372    0.06257
    961.75000    0.84091    0.05839    0.48765    0.06623
    964.46000    0.65067    0.06553    0.53448    0.04309
    967.54000    0.93900    0.05575    0.60648    0.06982
   1096.06000    0.77856    0.01297    0.54888    0.05057
   1098.06000    0.81749    0.03137    0.47010    0.04609
   1100.56000    0.75283    0.06381    0.50995    0.06348
   1101.36000    0.78949    0.06118    0.48107    0.06747
   1105.31000    0.77331    0.03642    0.53437    0.01616
   1108.74000    0.79540    0.05802    0.50865    0.04195
   1113.47000    0.76019    0.08008    0.41081    0.06848
   1116.57000    0.59894    0.05546    0.49546    0.04046
   1119.68000    0.78195    0.03060    0.55639    0.05593
   1121.75000    0.77142    0.04719    0.52223    0.05034
   1125.16000    0.79771    0.06456    0.51534    0.05488
   1128.00000    0.67983    0.04559    0.44240    0.04590
   1129.79000    0.65645    0.06883    0.43438    0.03550
   1131.72000    0.73597    0.07216    0.58948    0.07046
   1134.27000    0.72451    0.04775    0.41074    0.06547
   1136.39000    0.73327    0.03056    0.53374    0.05606
   1139.54000    0.64396    0.04564    0.47441    0.07031
   1141.93000    0.67263    0.01983    0.47182    0.02598
   1145.96000    0.69467    0.04459    0.65127    0.08400
   1149.64000    0.65156    0.05219    0.53845    0.03706
   1152.58000    0.68505    0.02909    0.61377    0.07999
   1157.01000    0.75529    0.06291    0.43649    0.04894
   1160.40000    0.66149    0.03643    0.53206    0.06928
   1162.32000    0.67867    0.05539    0.47823    0.06076
   1166.47000    0.71313    0.02288    0.46912    0.02762
   1167.72000    0.74222    0.05998    0.53834    0.04219
   1167.97000    0.65743    0.04070    0.52096    0.05418
   1170.15000    0.70797    0.04408    0.50304    0.03699
   1174.13000    0.75604    0.05623    0.50338    0.04135
   1176.52000    0.64341    0.05775    0.47830    0.03970
   1180.19000    0.74267    0.04349    0.52024    0.03966
   1182.55000    0.72272    0.03939    0.49773    0.03723
   1185.59000    0.79978    0.05028    0.50078    0.03946
   1188.91000    0.66914    0.03045    0.36256    0.05844
   1193.67000    0.68665    0.02238    0.43495    0.03021
   1197.83000    0.73334    0.08165    0.40189    0.05290
   1200.66000    0.71409    0.05244    0.43777    0.06739
   1204.42000    0.71540    0.05942    0.40029    0.03632
   1207.52000    0.65102    0.05232    0.54256    0.04431
   1212.38000    0.75352    0.04098    0.50956    0.03166
   1215.76000    0.68851    0.02758    0.39914    0.06395
   1220.27000    0.69843    0.04665    0.46102    0.05331
   1223.08000    0.65441    0.04196    0.53017    0.04834
   1226.95000    0.66139    0.04020    0.49562    0.03850
   1229.12000    0.58840    0.07151    0.51168    0.06867
   1231.78000    0.69249    0.03219    0.51234    0.04712
   1234.80000    0.69970    0.02771    0.57397    0.04493
   1238.07000    0.80450    0.07401    0.43210    0.06662
   1240.68000    0.73482    0.04960    0.44622    0.05705
   1242.82000    0.60402    0.05864    0.43059    0.02861
   1243.48000    0.72928    0.06286    0.46395    0.03910
   1246.42000    0.66366    0.04383    0.44697    0.06494
   1249.25000    0.65203    0.03589    0.50269    0.03283
   1251.84000    0.65439    0.07360    0.53029    0.05282
   1252.86000    0.71659    0.01402    0.52593    0.06723
   1256.07000    0.77425    0.05913    0.46719    0.08049
   1259.61000    0.59801    0.05550    0.47282    0.05392
   1263.86000    0.69171    0.04055    0.54397    0.03665
   1266.23000    0.71532    0.06202    0.40312    0.06962
   1268.04000    0.72679    0.06491    0.48668    0.05084
   1272.84000    0.64755    0.08227    0.46363    0.04731
   1274.35000    0.67095    0.04194    0.37514    0.07018
   1276.31000    0.68866    0.03667    0.49304    0.04367
   1280.89000    0.73944    0.06820    0.43705    0.07253
   1283.54000    0.67457    0.01531    0.47624    0.05169
   1285.42000    0.70178    0.06660    0.45388    0.06560
   1289.57000    0.73357    0.08591    0.39152    0.04986
   1291.47000    0.57029    0.05182    0.56527    0.06853
   1293.60000    0.67493    0.04098    0.45518    0.05366
   1297.32000    0.70052    0.05906    0.47913    0.03485
   1300.68000    0.67676    0.04758    0.40381    0.05519
   1303.99000    0.79584    0.06823    0.47085    0.03313
   1306.43000    0.64048    0.05784    0.49068    0.08568
   1308.77000    0.56530    0.08206    0.54443    0.04653
   1309.82000    0.68603    0.04417    0.47253    0.05695
   1312.56000    0.61574    0.07459    0.43791    0.04127
   1316.10000    0.68434    0.04792    0.41898    0.05648
   1318.78000    0.70630    0.04302    0.44344    0.04880
   1322.60000    0.71139    0.07149    0.40229    0.04915
   1322.96000    0.77838    0.05641    0.47732    0.06232
   1325.56000    0.75085    0.05773    0.56912    0.08329
   1328.85000    0.66163    0.03558    0.48829    0.02971
   1332.09000    0.64540    0.06255    0.44561    0.01576
   1334.41000    0.70648    0.07043    0.45892    0.04049
   1462.05000    0.64144    0.02686    0.47495    0.03689
   1466.35000    0.70067    0.04623    0.52612    0.03322
   1468.79000    0.62597    0.06562    0.53101    0.05809
   1471.08000    0.62053    0.04860    0.45267    0.04246
   1474.09000    0.71716    0.06656    0.44061    0.05983
   1474.44000    0.62327    0.07139    0.49468    0.09087
   1478.64000    0.65140    0.04962    0.50261    0.02735
   1482.04000    0.64686    0.05165    0.43154    0.06228
   1483.78000    0.65110    0.03712    0.49271    0.03942
   1487.52000    0.65855    0.06167    0.39834    0.04404
   1490.09000    0.64670    0.04688    0.49374    0.04058
   1493.36000    0.67409    0.03667    0.45825    0.05206
   1496.41000    0.60307    0.07099    0.43656    0.03587
   1499.62000    0.68837    0.02307    0.36188    0.05155
   1500.30000    0.68277    0.02297    0.47545    0.06560
   1503.72000    0.71645    0.07049    0.52462    0.07635
   1507.47000    0.61625    0.05494    0.33806    0.05153
   1510.63000    0.64685    0.05649    0.41174    0.04289
   1514.64000    0.57905    0.05271    0.45359    0.03334
   1517.51000    0.59133    0.07209    0.41035    0.05437
   1521.59000    0.62981    0.03920    0.44054    0.04275
   1526.53000    0.69874    0.04113    0.31598    0.07520
   1529.90000    0.67113    0.04330    0.33669    0.07515
   1532.37000    0.60657    0.05337    0.45419    0.02650
   1532.58000    0.62145    0.05938    0.45122    0.05989
   1536.06000    0.71420    0.05261    0.36632    0.07576
   1540.10000    0.66043    0.02971    0.52598    0.03394
   1544.28000    0.69281    0.03228    0.42504    0.04884
   1546.80000    0.67313    0.03051    0.36655    0.04408
   1550.91000    0.69893    0.05483    0.37544    0.05900
   1556.54000    0.63477    0.05755    0.50183    0.06224
   1558.92000    0.65493    0.01970    0.40789    0.04537
   1560.92000    0.72765    0.05535    0.38260    0.06533
   1566.43000    0.66597    0.05342    0.43193    0.03237
   1569.47000    0.74574    0.02694    0.43106    0.05768
   1572.31000    0.64602    0.05141    0.49558    0.05317
   1574.25000    0.69692    0.05582    0.48083    0.02289
   1577.02000    0.80223    0.07494    0.46452    0.03977
   1580.15000    0.69687    0.04039    0.54102    0.05858
   1582.32000    0.69473    0.02526    0.44156    0.05959
   1585.38000    0.56967    0.06544    0.21299    0.07659
   1588.28000    0.68692    0.03859    0.44776    0.03020
   1592.12000    0.67841    0.02748    0.45637    0.05283
   1595.34000    0.63586    0.05470    0.39467    0.07521
   1599.16000    0.65209    0.04026    0.47045    0.07102
   1600.90000    0.75312    0.02546    0.45056    0.05481
   1603.22000    0.74625    0.07876    0.46841    0.06074
   1606.60000    0.68284    0.04902    0.38972    0.03988
   1609.66000    0.73854    0.05283    0.47491    0.09829
   1612.52000    0.75408    0.04118    0.40331    0.05403
   1616.45000    0.74409    0.06214    0.42433    0.05891
   1619.76000    0.64693    0.05348    0.49416    0.05093
   1622.87000    0.72734    0.03575    0.50261    0.05073
   1626.35000    0.71082    0.04404    0.48799    0.04810
   1630.14000    0.75395    0.05885    0.45882    0.08134
   1634.06000    0.62641    0.06708    0.46790    0.03257
   1636.51000    0.77907    0.06826    0.56021    0.04476
   1639.90000    0.76411    0.06741    0.48863    0.00789
   1643.90000    0.77449    0.06489    0.48237    0.04360
   1647.04000    0.79657    0.03531    0.48094    0.05347
   1650.74000    0.68612    0.04757    0.54593    0.03528
   1653.65000    0.77572    0.00749    0.57133    0.05131
   1656.25000    0.72790    0.06117    0.58983    0.06377
   1659.08000    0.75220    0.05846    0.56806    0.06383
   1662.10000    0.69715    0.08145    0.43969    0.06773
   1664.06000    0.68690    0.04454    0.50103    0.05573
   1669.09000    0.84311    0.06687    0.44688    0.04939
   1671.38000    0.75768    0.05462    0.47210    0.07017
   1675.94000    0.79101    0.03862    0.49788    0.03899
   1679.05000    0.76747    0.03668    0.43014    0.04767
   1681.17000    0.78095    0.01974    0.48585    0.02925
   1683.39000    0.69792    0.04421    0.51015    0.04107
   1685.96000    0.81065    0.03652    0.50119    0.04965
   1687.16000    0.83074    0.07136    0.53236    0.06537
   1689.91000    0.76303    0.02230    0.63703    0.06006
   1692.02000    0.72414    0.03292    0.48286    0.03385
   1695.55000    0.81940    0.02931    0.47937    0.02941
   1698.22000    0.76608    0.09528    0.55865    0.04892
   1699.48000    0.85237    0.06113    0.53058    0.02273
