## Time Delay Challenge light curves
##
## [time]=days, [lc]=[err]=flux in nanomaggies
##
##       time       lc_A      err_A       lc_B      err_B
##-------------------------------------------------------
      2.44000    0.76981    0.05454    1.52207    0.06039
      6.83000    0.81770    0.02383    1.51029    0.05218
     11.33000    0.71511    0.04295    1.56809    0.03860
     14.33000    0.74422    0.04011    1.50966    0.02001
     18.03000    0.72203    0.06233    1.55690    0.05435
     21.30000    0.78469    0.03993    1.56092    0.05248
     23.41000    0.75892    0.06547    1.44719    0.05509
     26.57000    0.77311    0.05928    1.55489    0.07259
     27.84000    0.73008    0.05957    1.56781    0.05931
     29.89000    0.78076    0.09113    1.33594    0.08992
     32.12000    0.80874    0.03793    1.47535    0.07156
     35.76000    0.80421    0.02712    1.49746    0.04527
     37.90000    0.82899    0.07154    1.55004    0.05565
     41.54000    0.72055    0.05605    1.54421    0.05089
     43.23000    0.76061    0.04836    1.62988    0.05689
     47.69000    0.76184    0.01575    1.45705    0.06155
     51.10000    0.75399    0.05358    1.45369    0.05249
     53.50000    0.77612    0.04836    1.41135    0.05758
     56.59000    0.75597    0.03841    1.44531    0.04803
     59.09000    0.76579    0.03263    1.49432    0.05844
     60.96000    0.79344    0.03533    1.42484    0.03417
     64.23000    0.64806    0.07486    1.54113    0.04247
     66.35000    0.82768    0.04984    1.47889    0.05243
     70.93000    0.82611    0.06736    1.50618    0.05183
     74.39000    0.75416    0.03590    1.50193    0.05030
     75.28000    0.72768    0.03805    1.53351    0.02796
     79.03000    0.75150    0.04828    1.47856    0.07350
     81.86000    0.78942    0.05950    1.48943    0.05057
     84.52000    0.77201    0.05874    1.53553    0.05700
     87.45000    0.77987    0.03724    1.43954    0.03269
     89.90000    0.85673    0.07588    1.47502    0.05806
     92.36000    0.76810    0.06051    1.50050    0.05871
     97.61000    0.77620    0.05168    1.40870    0.05849
     99.44000    0.74519    0.04343    1.54332    0.05834
    102.72000    0.69901    0.07889    1.48911    0.03113
    104.15000    0.81024    0.03507    1.49695    0.06659
    107.68000    0.78026    0.03968    1.45767    0.05906
    110.52000    0.82074    0.04495    1.56051    0.05888
    114.45000    0.75814    0.06499    1.49022    0.03633
    118.26000    0.77905    0.07248    1.42197    0.06879
    120.51000    0.70474    0.07072    1.51165    0.05956
    123.66000    0.75988    0.06082    1.53714    0.04196
    127.43000    0.86243    0.05666    1.50305    0.05238
    129.15000    0.80379    0.04976    1.46293    0.07186
    132.20000    0.56082    0.09271    1.48762    0.02745
    135.81000    0.62812    0.05273    1.47520    0.03968
    138.73000    0.74528    0.01237    1.51020    0.06186
    142.13000    0.77052    0.04299    1.50510    0.04207
    145.77000    0.74024    0.01846    1.50622    0.02558
    148.92000    0.74601    0.00678    1.61389    0.06592
    149.41000    0.80038    0.06110    1.47576    0.05364
    151.90000    0.69082    0.03010    1.49079    0.05050
    154.97000    0.76771    0.03990    1.40372    0.03586
    156.57000    0.76718    0.03179    1.48148    0.06727
    161.43000    0.63772    0.04092    1.48197    0.04330
    162.20000    0.72882    0.07885    1.44415    0.06060
    165.77000    0.77459    0.04855    1.49588    0.02935
    169.07000    0.70351    0.06515    1.32108    0.05560
    172.34000    0.88772    0.05658    1.47592    0.05937
    177.82000    0.73544    0.03334    1.48064    0.06038
    180.30000    0.62693    0.08126    1.42998    0.03534
    183.59000    0.72579    0.04309    1.46093    0.04974
    187.11000    0.91103    0.07348    1.42051    0.05562
    189.49000    0.75392    0.06477    1.49882    0.04620
    193.21000    0.84767    0.06833    1.53165    0.06778
    195.59000    0.73176    0.04594    1.54524    0.05787
    199.27000    0.76634    0.06585    1.45445    0.04423
    201.10000    0.70301    0.04176    1.53970    0.05163
    203.37000    0.77823    0.05971    1.52347    0.03954
    204.62000    0.78596    0.04070    1.56136    0.04824
    206.72000    0.69302    0.06544    1.48223    0.05291
    210.65000    0.76951    0.03662    1.50143    0.04330
    214.18000    0.70607    0.07842    1.47986    0.03169
    216.86000    0.70449    0.09142    1.50517    0.05448
    218.01000    0.75820    0.04729    1.51196    0.04672
    221.23000    0.70811    0.04202    1.36392    0.06890
    224.43000    0.72058    0.04059    1.51475    0.04603
    226.59000    0.73588    0.05932    1.57714    0.05081
    231.23000    0.65359    0.08154    1.39568    0.05089
    234.35000    0.79467    0.06487    1.59909    0.04595
    237.16000    0.76566    0.08773    1.49481    0.04982
    368.83000    0.74854    0.06660    1.44145    0.03935
    372.21000    0.84908    0.04124    1.43277    0.04084
    375.60000    0.83749    0.04942    1.39658    0.05618
    378.21000    0.71365    0.04827    1.43422    0.03711
    381.99000    0.78517    0.04796    1.47015    0.05096
    385.40000    0.73224    0.01585    1.55577    0.03858
    388.21000    0.75797    0.03897    1.50205    0.05756
    389.83000    0.72489    0.03056    1.52036    0.05766
    392.29000    0.77629    0.06491    1.52596    0.05250
    394.77000    0.65671    0.06954    1.49419    0.04455
    396.72000    0.75799    0.04698    1.52819    0.02953
    401.44000    0.71706    0.06184    1.45963    0.05980
    405.39000    0.77035    0.05077    1.54768    0.03247
    409.49000    0.74217    0.03721    1.51698    0.05560
    411.64000    0.67383    0.05725    1.57231    0.04996
    414.10000    0.75737    0.03829    1.58779    0.07124
    417.07000    0.72112    0.03372    1.58143    0.05240
    420.82000    0.84490    0.04631    1.52107    0.04141
    422.73000    0.74179    0.05409    1.46066    0.06062
    426.36000    0.79477    0.04253    1.55146    0.03985
    429.88000    0.81178    0.05007    1.49406    0.04194
    432.51000    0.82633    0.04514    1.53881    0.03676
    436.12000    0.77184    0.05227    1.53604    0.03599
    441.60000    0.80211    0.06004    1.52550    0.05243
    445.53000    0.80648    0.05927    1.45697    0.04963
    449.81000    0.78075    0.02883    1.58269    0.07677
    454.12000    0.77462    0.02417    1.56295    0.07644
    457.15000    0.66097    0.07455    1.47442    0.03975
    460.79000    0.99141    0.07463    1.46984    0.05195
    463.01000    0.68822    0.06458    1.35599    0.06846
    468.69000    0.74887    0.05900    1.55793    0.07195
    474.51000    0.69113    0.06183    1.51245    0.05756
    477.51000    0.66535    0.06003    1.59538    0.06522
    480.94000    0.82915    0.04915    1.46715    0.03631
    485.23000    0.80210    0.05667    1.50148    0.03980
    488.27000    0.74759    0.02921    1.48635    0.03532
    490.12000    0.85221    0.05066    1.44986    0.04576
    493.00000    0.79061    0.03660    1.48301    0.01816
    496.97000    0.75378    0.03510    1.43561    0.04633
    498.26000    0.77085    0.05610    1.43792    0.06078
    501.46000    0.75899    0.03303    1.50689    0.06616
    505.63000    0.77432    0.06340    1.44678    0.05444
    508.35000    0.81816    0.03914    1.55158    0.04477
    509.17000    0.71212    0.05845    1.52836    0.08009
    512.44000    0.73697    0.06092    1.46072    0.02341
    515.48000    0.70957    0.07270    1.41777    0.04010
    518.92000    0.83219    0.06456    1.43054    0.03834
    523.43000    0.83458    0.04850    1.61267    0.07428
    526.79000    0.74592    0.04687    1.41344    0.04793
    529.31000    0.79874    0.05288    1.45968    0.02467
    532.65000    0.76872    0.01988    1.48007    0.05209
    535.34000    0.68070    0.05012    1.56415    0.06843
    537.77000    0.72016    0.04707    1.37510    0.07212
    540.26000    0.69241    0.07817    1.35432    0.07441
    541.93000    0.70613    0.04219    1.47829    0.02202
    544.40000    0.69483    0.06512    1.58243    0.05492
    546.66000    0.72208    0.02814    1.45068    0.06421
    548.97000    0.83589    0.07181    1.41894    0.02589
    552.86000    0.75207    0.02953    1.43555    0.03374
    556.89000    0.74840    0.07323    1.49990    0.05535
    559.91000    0.74847    0.05145    1.45245    0.07057
    562.42000    0.78807    0.05414    1.38470    0.04942
    565.98000    0.72729    0.03700    1.38452    0.05921
    569.00000    0.76053    0.05336    1.55868    0.08078
    571.56000    0.81429    0.06151    1.47366    0.07514
    573.97000    0.74846    0.04263    1.49023    0.04139
    575.08000    0.73722    0.08475    1.44607    0.08369
    579.20000    0.74766    0.04885    1.47918    0.05477
    582.37000    0.64910    0.05436    1.48173    0.01507
    584.94000    0.74961    0.06691    1.29442    0.07242
    588.31000    0.73913    0.03429    1.49475    0.08061
    591.38000    0.74430    0.04636    1.47712    0.03963
    595.83000    0.71688    0.04853    1.52578    0.04910
    598.88000    0.71667    0.04900    1.52408    0.06482
    602.46000    0.66593    0.04250    1.45053    0.06102
    731.16000    0.75151    0.04606    1.39642    0.03950
    733.52000    0.75288    0.05085    1.58514    0.04033
    736.62000    0.74245    0.06216    1.55603    0.05455
    739.16000    0.73702    0.04736    1.42458    0.06713
    743.60000    0.72997    0.03971    1.42125    0.04397
    746.80000    0.74501    0.03128    1.50963    0.03828
    750.10000    0.74161    0.05310    1.49434    0.05791
    754.58000    0.77766    0.03094    1.57732    0.07526
    759.09000    0.73316    0.09074    1.51962    0.03290
    762.45000    0.67503    0.06402    1.53757    0.05462
    767.73000    0.76832    0.08423    1.52553    0.08606
    771.55000    0.88854    0.04661    1.54632    0.03664
    773.51000    0.82422    0.05430    1.47726    0.06898
    775.15000    0.78477    0.05971    1.53657    0.02473
    778.54000    0.78183    0.07222    1.55304    0.05657
    781.62000    0.80449    0.07030    1.49105    0.05784
    785.23000    0.78083    0.04942    1.39120    0.06895
    786.21000    0.72661    0.05158    1.50365    0.05331
    787.90000    0.77828    0.05250    1.46647    0.06793
    792.68000    0.83552    0.05277    1.70806    0.06892
    794.56000    0.84916    0.05135    1.57743    0.04518
    796.63000    0.86665    0.04346    1.57983    0.02688
    800.92000    0.79276    0.02527    1.41485    0.07596
    801.91000    0.76941    0.07485    1.53716    0.05567
    804.05000    0.77340    0.03679    1.48070    0.04052
    807.07000    0.77112    0.06613    1.48141    0.04481
    809.48000    0.76865    0.09413    1.55854    0.02939
    812.79000    0.61811    0.04893    1.49350    0.05512
    816.83000    0.77757    0.04857    1.56982    0.04198
    817.94000    0.76679    0.03176    1.43789    0.04595
    822.47000    0.86852    0.08022    1.54728    0.07171
    824.51000    0.76316    0.05829    1.47361    0.03432
    827.71000    0.75003    0.05255    1.49342    0.05557
    830.62000    0.70661    0.06489    1.53688    0.05765
    833.10000    0.74920    0.02388    1.53785    0.04717
    835.13000    0.68103    0.04150    1.43327    0.06739
    838.57000    0.73417    0.03429    1.56521    0.05946
    841.65000    0.80583    0.05758    1.50204    0.07488
    844.16000    0.71594    0.06380    1.43241    0.05830
    845.78000    0.76475    0.04894    1.58104    0.05733
    849.45000    0.82608    0.04028    1.49222    0.08277
    851.95000    0.72067    0.04440    1.42260    0.05384
    854.50000    0.76402    0.05371    1.45866    0.03715
    856.26000    0.76943    0.04845    1.47104    0.08670
    858.78000    0.80249    0.05399    1.55913    0.07457
    862.13000    0.76454    0.05543    1.51754    0.06449
    865.71000    0.78371    0.03650    1.53290    0.05737
    867.24000    0.73331    0.03982    1.49283    0.05311
    870.05000    0.85533    0.05189    1.59094    0.07412
    874.86000    0.76782    0.04523    1.48107    0.03335
    878.54000    0.77918    0.04032    1.58346    0.08174
    881.29000    0.79138    0.05426    1.58454    0.06379
    885.03000    0.92559    0.08189    1.57653    0.06322
    886.29000    0.71838    0.03357    1.47367    0.04591
    889.42000    0.82930    0.05056    1.58035    0.05295
    892.59000    0.69111    0.05343    1.61234    0.06047
    896.11000    0.74421    0.08925    1.51957    0.03639
    898.67000    0.75206    0.03720    1.60063    0.09974
    902.97000    0.75669    0.04739    1.59441    0.06653
    906.36000    0.79692    0.05728    1.53725    0.03409
    909.62000    0.72641    0.08047    1.57855    0.03342
    911.54000    0.76043    0.02740    1.54680    0.04463
    915.69000    0.78083    0.07132    1.64907    0.07611
    919.49000    0.82487    0.05087    1.45600    0.04869
    922.84000    0.75226    0.06130    1.57925    0.05642
    926.49000    0.72264    0.04407    1.54146    0.05508
    931.10000    0.77572    0.05798    1.45119    0.07639
    934.95000    0.77880    0.07084    1.59081    0.05956
    936.54000    0.68756    0.05207    1.46371    0.04800
    940.23000    0.77493    0.07355    1.52975    0.03833
    941.87000    0.86218    0.04877    1.57449    0.03140
    945.54000    0.72285    0.06011    1.57725    0.05182
    948.90000    0.78125    0.03327    1.55800    0.06618
    951.77000    0.82386    0.03874    1.53745    0.01987
    955.35000    0.73611    0.10277    1.47380    0.06462
    958.33000    0.57529    0.08325    1.61743    0.06952
    959.79000    0.74723    0.01891    1.56526    0.03636
    962.31000    0.76242    0.06953    1.58173    0.02749
    964.94000    0.80107    0.06223    1.57014    0.04475
    967.68000    0.78909    0.03235    1.57168    0.02151
    969.84000    0.70310    0.05234    1.54336    0.04204
   1096.50000    0.80021    0.04392    1.61828    0.03379
   1099.14000    0.74683    0.06181    1.59196    0.05149
   1103.55000    0.78002    0.02156    1.59847    0.05832
   1107.58000    0.84427    0.06363    1.65393    0.05919
   1110.47000    0.82086    0.02009    1.66742    0.04221
   1111.87000    0.77602    0.05057    1.67387    0.05627
   1114.18000    0.79206    0.03927    1.62848    0.05086
   1117.23000    0.85571    0.04398    1.70453    0.04383
   1120.70000    0.82069    0.04546    1.58175    0.05709
   1124.75000    0.75101    0.07466    1.68607    0.04357
   1127.05000    0.87022    0.04501    1.64387    0.04596
   1130.30000    0.85073    0.05714    1.67341    0.03646
   1131.42000    0.82781    0.07720    1.72186    0.05506
   1133.02000    0.80055    0.05687    1.71757    0.03968
   1135.73000    0.78556    0.04369    1.71263    0.03442
   1139.00000    0.71880    0.07656    1.70982    0.01997
   1142.07000    0.84335    0.05357    1.69849    0.05953
   1146.38000    0.83052    0.04630    1.74150    0.03961
   1149.54000    0.84863    0.01002    1.71901    0.05230
   1150.70000    0.83213    0.04432    1.66048    0.06429
   1154.75000    0.76283    0.08322    1.65548    0.05534
   1157.28000    0.79885    0.02256    1.63406    0.05544
   1160.21000    0.85039    0.05182    1.63449    0.04687
   1161.54000    0.79660    0.03393    1.62988    0.07489
   1164.50000    0.87273    0.06507    1.72313    0.06693
   1167.39000    0.79391    0.03887    1.71408    0.04472
   1169.91000    0.86098    0.05361    1.75679    0.05211
   1171.77000    0.86345    0.05842    1.71000    0.07313
   1175.09000    0.87214    0.03172    1.63192    0.03478
   1178.02000    0.86596    0.03407    1.72562    0.05533
   1181.53000    0.91651    0.08730    1.68892    0.04240
   1184.22000    0.99324    0.06244    1.69719    0.03798
   1185.63000    0.83356    0.02183    1.56511    0.07869
   1189.00000    0.84347    0.02581    1.64522    0.04974
   1191.77000    0.77148    0.04163    1.71577    0.07236
   1195.70000    0.75593    0.03878    1.66666    0.05837
   1198.97000    0.79639    0.06932    1.70487    0.04887
   1200.30000    0.76437    0.07867    1.68022    0.06401
   1204.70000    0.83045    0.03800    1.64513    0.04048
   1206.92000    0.84995    0.03886    1.67492    0.06527
   1208.54000    0.71610    0.05784    1.63859    0.04621
   1210.82000    0.86911    0.05733    1.66146    0.01125
   1213.36000    0.87330    0.05419    1.71505    0.04340
   1213.67000    0.79246    0.06859    1.63097    0.04136
   1216.24000    0.93377    0.05822    1.63051    0.03187
   1220.28000    0.90706    0.07451    1.54208    0.04506
   1222.93000    0.85703    0.07728    1.62523    0.03864
   1226.25000    0.87330    0.04885    1.70524    0.04795
   1229.72000    0.89806    0.06344    1.57310    0.03871
   1232.14000    0.90946    0.04420    1.58100    0.07295
   1238.58000    0.88882    0.05952    1.62494    0.05336
   1241.89000    0.81751    0.08622    1.52357    0.07055
   1246.15000    0.90580    0.03892    1.59133    0.02983
   1248.92000    0.85306    0.07438    1.75736    0.08145
   1251.17000    0.88132    0.06842    1.54291    0.06092
   1254.42000    0.79652    0.03374    1.59763    0.03647
   1257.82000    0.78573    0.05639    1.58750    0.06694
   1260.94000    0.82188    0.04186    1.58913    0.05035
   1265.93000    0.92028    0.07740    1.43495    0.06603
   1268.01000    0.92607    0.06432    1.57994    0.02852
   1270.56000    0.88880    0.04880    1.68625    0.04379
   1275.60000    0.82378    0.06466    1.66937    0.07434
   1279.84000    0.83897    0.08393    1.55629    0.06808
   1281.95000    0.81750    0.08765    1.74456    0.07858
   1286.32000    0.85945    0.06021    1.64078    0.04867
   1289.09000    0.83629    0.02023    1.69378    0.03849
   1292.61000    0.79282    0.05255    1.66796    0.04647
   1295.68000    0.72011    0.06432    1.65649    0.07782
   1298.97000    0.79107    0.05400    1.63967    0.06585
   1301.50000    0.93739    0.04983    1.71756    0.04610
   1304.87000    0.84542    0.02771    1.64166    0.02073
   1308.23000    0.80413    0.04057    1.67129    0.05072
   1310.99000    0.75809    0.05597    1.57415    0.09179
   1314.37000    0.88805    0.05687    1.60996    0.06679
   1318.39000    0.96623    0.09573    1.68150    0.03501
   1322.49000    0.94146    0.06985    1.61220    0.03724
   1327.00000    0.85550    0.04609    1.60373    0.05051
   1329.57000    0.84598    0.05589    1.63218    0.03709
   1333.42000    0.81006    0.05767    1.56690    0.05877
   1461.59000    0.88022    0.03539    1.61743    0.05471
   1464.45000    0.90352    0.04790    1.77881    0.05575
   1467.36000    0.81551    0.04684    1.68876    0.03714
   1469.13000    0.84340    0.07643    1.71867    0.03426
   1474.27000    0.87109    0.05697    1.79136    0.08203
   1477.52000    0.92356    0.03828    1.66454    0.04589
   1480.42000    0.86246    0.05853    1.75614    0.04852
   1483.80000    0.88635    0.08022    1.64910    0.08146
   1486.57000    0.86924    0.05312    1.68404    0.06665
   1488.84000    0.85361    0.06102    1.79564    0.04306
   1491.19000    0.90196    0.04395    1.70585    0.05571
   1494.96000    0.86764    0.07655    1.78861    0.04345
   1498.11000    0.99665    0.05849    1.74569    0.01102
   1500.48000    0.90492    0.03912    1.68836    0.07862
   1504.80000    0.82997    0.05437    1.60401    0.03788
   1507.49000    0.88985    0.06616    1.68518    0.06434
   1512.49000    0.97814    0.05294    1.80010    0.07350
   1514.45000    0.86627    0.05599    1.67234    0.05871
   1517.23000    0.85867    0.05041    1.79578    0.04389
   1522.10000    0.79437    0.06200    1.78367    0.06343
   1524.73000    0.82661    0.03732    1.70340    0.05817
   1527.35000    0.82837    0.05367    1.77691    0.01844
   1530.91000    0.85140    0.05242    1.79005    0.05840
   1534.32000    0.86829    0.04593    1.75018    0.04279
   1537.42000    0.95436    0.07306    1.72347    0.05388
   1540.41000    0.77203    0.07085    1.75467    0.05242
   1543.58000    0.83948    0.04811    1.76452    0.03804
   1545.47000    0.81923    0.04848    1.74227    0.04074
   1548.58000    0.92591    0.07340    1.79957    0.04590
   1550.23000    1.01461    0.07451    1.79275    0.08243
   1553.85000    0.94179    0.08465    1.65151    0.05170
   1557.30000    0.87526    0.05941    1.76056    0.06317
   1561.43000    0.87506    0.03929    1.73509    0.04711
   1564.79000    0.95641    0.03426    1.78597    0.05332
   1567.13000    0.87931    0.04792    1.72987    0.02442
   1569.03000    0.89697    0.04101    1.66242    0.06501
   1571.61000    0.85464    0.07319    1.75605    0.06743
   1574.75000    0.88623    0.04541    1.64725    0.05774
   1578.57000    0.89984    0.05660    1.64262    0.07292
   1581.34000    0.94803    0.06205    1.72284    0.06750
   1584.76000    0.86406    0.05121    1.73751    0.04686
   1586.67000    0.89067    0.05989    1.75714    0.04634
   1590.38000    0.95185    0.05553    1.71011    0.05078
   1594.34000    0.92293    0.03445    1.73160    0.02002
   1596.02000    0.91173    0.06795    1.75915    0.05050
   1600.25000    0.88815    0.05996    1.73597    0.05008
   1601.96000    0.84148    0.03806    1.73799    0.04714
   1605.00000    0.84281    0.04088    1.73533    0.03089
   1608.13000    0.94994    0.06429    1.75986    0.05951
   1610.85000    0.88569    0.02916    1.73538    0.04402
   1614.45000    0.88890    0.04169    1.74683    0.06500
   1618.22000    0.88697    0.06025    1.68251    0.03496
   1620.83000    0.82174    0.04390    1.67589    0.05728
   1626.02000    0.88615    0.05642    1.74307    0.05552
   1628.00000    0.91208    0.03226    1.69492    0.02538
   1631.09000    0.86932    0.06945    1.75075    0.06267
   1633.65000    0.95008    0.04119    1.76079    0.03082
   1635.90000    0.87499    0.04406    1.77900    0.05151
   1639.83000    0.90588    0.05799    1.70787    0.05947
   1642.39000    0.97415    0.07025    1.70415    0.04358
   1646.56000    0.90674    0.04714    1.76452    0.05551
   1648.93000    0.87404    0.03696    1.77897    0.04017
   1650.40000    0.89575    0.01340    1.79540    0.06384
   1654.13000    0.84825    0.06299    1.72211    0.03385
   1656.66000    0.88802    0.05123    1.74632    0.03289
   1660.18000    0.91858    0.03114    1.69020    0.03974
   1662.67000    0.94885    0.07397    1.71823    0.05667
   1665.46000    0.90611    0.04667    1.68689    0.04285
   1667.77000    0.92560    0.03764    1.65652    0.04326
   1669.72000    0.86273    0.04163    1.75119    0.04124
   1672.60000    1.00817    0.07825    1.71335    0.01192
   1674.83000    0.97203    0.05704    1.80088    0.06049
   1677.48000    0.88469    0.03172    1.71359    0.04479
   1679.69000    0.87970    0.01270    1.72842    0.05829
   1681.77000    0.90915    0.03938    1.76257    0.04585
   1685.25000    0.81620    0.06498    1.64297    0.05468
   1689.15000    1.01511    0.05388    1.71208    0.05308
   1692.73000    0.92402    0.03485    1.74741    0.02902
   1695.33000    0.84480    0.03691    1.71422    0.02374
   1697.92000    0.93130    0.05494    1.75916    0.04350
