## Time Delay Challenge light curves
##
## [time]=days, [lc]=[err]=flux in nanomaggies
##
##       time       lc_A      err_A       lc_B      err_B
##-------------------------------------------------------
      0.10000    2.39548    0.05257    2.01634    0.06772
      1.91000    2.30220    0.05088    2.16483    0.08260
      6.88000    2.03358    0.04774    2.01008    0.06542
     10.20000    1.95947    0.08172    2.13632    0.06309
     13.26000    1.90973    0.05796    1.94320    0.03675
     17.42000    1.66402    0.03890    1.93174    0.07091
     19.92000    1.63776    0.04345    1.94386    0.06226
     22.25000    1.68231    0.05270    1.92766    0.02300
     25.04000    1.61140    0.04694    1.96429    0.04625
     28.76000    1.64442    0.04871    1.95638    0.04131
     32.54000    1.57203    0.03842    2.18193    0.03251
     35.34000    1.26750    0.06727    1.60430    0.07373
     39.26000    1.50081    0.04773    2.03238    0.07280
     42.71000    1.66445    0.07013    1.99934    0.03787
     47.79000    1.51995    0.07205    1.92229    0.05160
     50.58000    1.45290    0.06850    2.00381    0.06600
     52.20000    1.39339    0.04295    1.93501    0.06198
     54.88000    1.44900    0.06462    1.97521    0.04199
     58.68000    1.45041    0.03947    1.96102    0.07077
     61.93000    1.41862    0.05892    2.03146    0.07067
     65.11000    1.37988    0.03497    1.81408    0.06365
     67.97000    1.42655    0.03763    1.87844    0.05218
     72.51000    1.51564    0.07315    1.61881    0.05636
     73.07000    1.36245    0.07526    1.65024    0.05643
     76.22000    1.49527    0.08650    1.69133    0.08791
     79.61000    1.22073    0.06392    1.86693    0.06803
     80.65000    1.18127    0.04261    1.79815    0.06179
     82.48000    1.07218    0.05723    1.54621    0.07572
     86.34000    1.10161    0.05293    1.51685    0.07060
     90.27000    1.18481    0.06779    1.65297    0.05233
     93.69000    0.97180    0.08665    1.77990    0.07223
     98.12000    1.21141    0.03107    1.74732    0.06514
    101.59000    1.53971    0.07774    1.87541    0.02041
    104.22000    1.08895    0.05235    1.76917    0.06027
    107.98000    1.18332    0.03492    1.83215    0.08567
    110.40000    1.18869    0.04492    1.52458    0.05224
    111.61000    1.16829    0.03341    1.63467    0.03474
    114.04000    1.11767    0.04247    1.69229    0.04814
    117.03000    1.12583    0.04548    1.52906    0.05324
    120.24000    1.17696    0.03533    1.60707    0.02403
    123.57000    1.12034    0.07735    1.57238    0.04542
    125.72000    1.20524    0.03817    1.50739    0.06388
    128.29000    1.25651    0.06474    1.70411    0.05057
    132.07000    1.27424    0.04711    1.70402    0.06257
    136.24000    1.23485    0.04677    1.82613    0.07442
    139.75000    1.17448    0.04484    1.52905    0.06051
    142.35000    1.18116    0.07947    1.42467    0.06072
    145.44000    1.09458    0.08373    1.44293    0.05621
    147.92000    1.17220    0.03198    1.35551    0.03526
    151.08000    1.12676    0.05873    1.33395    0.07807
    154.07000    1.09132    0.05986    1.26677    0.04860
    156.16000    1.03967    0.06765    1.30752    0.05992
    159.56000    0.98257    0.06441    1.41735    0.05272
    161.44000    0.99119    0.04987    1.46094    0.06656
    162.92000    1.08565    0.04900    1.49011    0.05623
    166.27000    1.08970    0.03744    1.53939    0.03966
    169.72000    0.94634    0.04578    1.50272    0.04091
    172.85000    1.12304    0.06638    1.57197    0.06702
    176.09000    1.06470    0.06014    1.49060    0.03127
    179.01000    0.93622    0.06197    1.42514    0.08575
    181.03000    1.06695    0.08020    1.49685    0.06567
    182.89000    1.13708    0.07784    1.63382    0.05905
    185.04000    1.02433    0.05500    1.55109    0.05216
    188.55000    1.03857    0.04655    1.43081    0.00412
    191.58000    1.08600    0.03317    1.39595    0.03128
    193.97000    1.00631    0.03300    1.41653    0.06245
    196.53000    0.93436    0.03497    1.50385    0.04144
    201.18000    1.01582    0.05543    1.56960    0.06916
    203.76000    0.90447    0.05932    1.58890    0.05286
    206.92000    0.97387    0.04635    1.63468    0.04913
    210.26000    0.87110    0.03858    1.80655    0.06163
    213.28000    0.88010    0.05389    1.84420    0.06713
    215.69000    0.99478    0.06808    1.88536    0.04863
    219.41000    1.11617    0.07705    1.77205    0.04547
    221.25000    1.02441    0.05999    1.78414    0.05220
    224.34000    0.92769    0.06000    1.84599    0.05040
    225.97000    0.85741    0.02395    1.80639    0.04188
    228.94000    0.92622    0.05023    1.96781    0.05451
    233.44000    0.87575    0.03035    1.84837    0.06665
    236.21000    0.77500    0.05503    1.72405    0.04378
    238.68000    0.80634    0.07254    1.79425    0.03893
    368.73000    1.25304    0.07995    1.67857    0.07228
    371.19000    1.27801    0.09459    1.70974    0.04377
    374.85000    1.23001    0.03573    1.62889    0.05214
    380.63000    1.19356    0.06049    1.64005    0.08795
    383.31000    1.18244    0.03301    1.85880    0.05679
    386.52000    1.25094    0.08034    1.69087    0.02281
    390.43000    1.40909    0.07599    1.55659    0.05534
    393.32000    1.26522    0.07183    1.44587    0.05456
    397.66000    1.19073    0.05101    1.44500    0.07010
    400.25000    1.22330    0.04332    1.40188    0.03529
    404.81000    1.22809    0.05944    1.39564    0.02226
    407.10000    1.44131    0.06301    1.30895    0.05664
    413.19000    1.25501    0.05369    1.34692    0.04418
    416.49000    1.23255    0.02723    1.52280    0.04727
    418.87000    1.20037    0.03566    1.44922    0.05578
    421.16000    1.61012    0.05795    1.43472    0.01442
    423.81000    1.40353    0.04649    1.40245    0.05530
    426.49000    1.38376    0.04531    1.31433    0.05886
    428.97000    1.38666    0.04311    1.26046    0.07186
    431.55000    1.22743    0.05310    1.37334    0.05302
    433.66000    1.38447    0.07647    1.56467    0.06478
    436.16000    1.38855    0.06624    1.30967    0.07456
    438.23000    1.35278    0.04990    1.25020    0.08075
    443.14000    1.38546    0.04819    1.48507    0.04624
    446.91000    1.15260    0.08404    1.31019    0.05439
    450.83000    0.95962    0.04152    1.06889    0.05321
    453.89000    1.01001    0.03728    1.45943    0.06038
    455.34000    0.98054    0.05784    1.36213    0.05844
    459.09000    0.97362    0.08076    1.59703    0.05549
    462.09000    1.01991    0.05443    1.51531    0.05208
    465.15000    1.02940    0.02593    1.56441    0.01838
    466.15000    1.00216    0.02327    1.57106    0.06605
    468.38000    1.04423    0.06567    1.54936    0.05846
    471.96000    1.07658    0.06051    1.55488    0.05293
    474.79000    0.97364    0.05692    1.53709    0.04023
    476.60000    0.97064    0.04742    1.60958    0.03914
    479.32000    0.96328    0.03579    1.62712    0.04649
    481.98000    0.93845    0.06798    1.64293    0.03189
    485.61000    0.89437    0.04188    1.46812    0.05287
    490.44000    0.71922    0.07772    1.49625    0.04921
    493.13000    0.77369    0.03351    1.58864    0.05096
    496.77000    0.82479    0.02187    1.50497    0.06045
    499.27000    0.81203    0.07638    1.51389    0.07754
    503.58000    0.92856    0.03467    1.63407    0.05737
    505.51000    0.84835    0.04181    1.52114    0.05435
    509.40000    0.90360    0.05278    1.41685    0.06479
    513.08000    0.78747    0.05734    1.55173    0.05273
    515.71000    0.77886    0.04605    1.43194    0.06174
    519.20000    0.83347    0.04201    1.49743    0.02555
    522.77000    0.96555    0.06951    1.76942    0.05157
    524.67000    0.73837    0.02447    1.61983    0.04108
    527.84000    0.74484    0.03845    1.63649    0.05394
    531.70000    0.90855    0.07256    1.56348    0.05741
    535.21000    0.83367    0.05583    1.68092    0.05032
    538.71000    0.82223    0.05648    1.88311    0.05986
    542.79000    0.84931    0.05294    1.74937    0.07355
    547.98000    1.00288    0.05044    1.85993    0.07608
    549.99000    0.88002    0.05910    1.87777    0.04337
    552.00000    1.08883    0.06548    1.91975    0.05406
    555.44000    1.02247    0.04519    2.33171    0.08779
    559.56000    0.96467    0.05710    1.99067    0.05379
    563.98000    0.90472    0.07917    2.12252    0.05429
    568.26000    1.06377    0.05842    2.18338    0.06951
    571.82000    0.86881    0.05390    2.20428    0.04079
    574.75000    0.88747    0.05407    2.08469    0.04133
    576.90000    0.86816    0.05894    2.08722    0.02510
    579.16000    0.93066    0.06682    2.17687    0.05792
    582.44000    0.91066    0.05128    2.27689    0.06658
    586.43000    0.87252    0.06186    2.10212    0.06703
    589.46000    0.91455    0.07392    2.17973    0.06439
    592.40000    0.97872    0.04506    2.20641    0.03302
    594.94000    0.85456    0.02954    2.27312    0.05703
    598.21000    0.78688    0.06227    2.11253    0.05270
    602.19000    0.85508    0.10117    2.31716    0.06111
    731.40000    1.05324    0.03794    1.47099    0.06357
    733.64000    0.99839    0.06633    1.55087    0.05670
    736.65000    1.06941    0.04181    1.53604    0.07800
    737.46000    1.23360    0.09723    1.73586    0.06954
    740.43000    1.16917    0.05634    1.73406    0.03765
    743.71000    1.03708    0.05077    1.68754    0.05645
    746.71000    0.98420    0.06168    1.63795    0.04164
    750.11000    1.09508    0.04311    1.69332    0.06813
    753.84000    1.03777    0.06000    1.63137    0.05876
    758.03000    1.16571    0.02987    1.76939    0.02886
    761.68000    0.98749    0.06842    1.71710    0.06845
    765.83000    1.11044    0.04503    1.88284    0.03462
    768.72000    1.05865    0.06627    1.95328    0.04902
    771.90000    1.22345    0.04889    2.02281    0.04120
    774.61000    1.15026    0.05490    2.07083    0.02779
    776.93000    1.25876    0.07562    2.17258    0.08313
    779.90000    1.17024    0.06703    2.00149    0.06296
    783.30000    1.22440    0.06374    1.94626    0.04515
    786.94000    1.17012    0.06095    1.76795    0.05678
    789.35000    1.09737    0.03673    1.90381    0.06219
    791.35000    1.15619    0.05187    1.82250    0.04533
    793.77000    1.06021    0.01867    2.00177    0.04154
    796.51000    0.81622    0.08038    1.79540    0.05839
    800.68000    1.03494    0.05424    1.71633    0.06916
    804.25000    0.90263    0.02970    1.67365    0.02870
    807.44000    0.98001    0.05612    1.80769    0.06253
    811.72000    0.97310    0.03350    1.64185    0.06721
    815.03000    0.84178    0.02366    1.65317    0.04360
    818.43000    0.89170    0.04862    1.70683    0.04981
    820.21000    0.85309    0.05104    1.75526    0.06274
    822.36000    0.87927    0.02578    1.75628    0.07949
    825.06000    0.77862    0.06950    1.75495    0.02722
    828.91000    0.98359    0.05949    1.78598    0.04393
    831.77000    0.85096    0.07243    1.74452    0.05321
    834.51000    1.08116    0.06596    1.85531    0.10342
    836.94000    0.92360    0.07549    1.94763    0.05937
    839.78000    0.98392    0.04744    1.81500    0.04832
    842.83000    0.97284    0.04566    1.72446    0.04624
    845.18000    0.98036    0.09313    1.80544    0.07736
    848.27000    0.95934    0.07513    1.69300    0.05901
    850.59000    1.05853    0.03360    1.63300    0.03835
    854.66000    1.01850    0.05623    1.45654    0.06076
    856.67000    1.12594    0.02903    1.62980    0.05700
    859.67000    1.20959    0.06482    1.73101    0.06245
    862.90000    1.19289    0.04711    1.82498    0.07799
    866.54000    1.18584    0.03864    1.75101    0.07149
    871.10000    1.10498    0.06471    1.52166    0.06346
    874.26000    1.12034    0.05339    1.46279    0.01823
    875.47000    1.10530    0.04413    1.43019    0.05405
    878.48000    1.13489    0.02853    1.30688    0.04610
    884.24000    1.05514    0.03384    1.43404    0.04455
    887.39000    1.05782    0.04714    1.37915    0.05933
    890.37000    1.04187    0.03964    1.37392    0.02785
    892.96000    0.96434    0.02855    1.40635    0.05254
    894.87000    0.67524    0.06296    1.26761    0.03113
    897.69000    1.07913    0.07838    1.36709    0.09124
    901.52000    0.96427    0.07000    1.26674    0.07917
    904.50000    0.97765    0.06272    1.48359    0.05941
    906.45000    1.05930    0.02844    1.55907    0.03917
    909.66000    1.12704    0.07286    1.57375    0.06695
    914.15000    1.01938    0.04693    1.61869    0.05392
    916.36000    1.16098    0.05934    1.51643    0.04807
    917.87000    1.04511    0.07846    1.64692    0.04250
    920.11000    1.00850    0.06058    1.63471    0.04955
    921.05000    1.08059    0.04807    1.55482    0.05259
    923.96000    1.13281    0.03785    1.81288    0.06149
    926.33000    1.04590    0.08297    1.93798    0.04625
    928.33000    1.12719    0.05483    1.92321    0.03889
    930.99000    0.99802    0.04292    1.79227    0.05718
    932.74000    0.44271    0.08861    1.30840    0.05718
    934.93000    0.99271    0.07299    1.82749    0.04972
    937.07000    0.95702    0.05718    2.02058    0.06937
    940.69000    0.92212    0.07104    1.82633    0.04905
    943.73000    0.93409    0.04807    2.02895    0.05366
    947.19000    0.93804    0.04003    2.09724    0.05087
    951.08000    1.04659    0.04826    2.28491    0.06674
    953.25000    0.97918    0.04065    2.15178    0.05676
    957.91000    0.79775    0.05487    2.06231    0.05258
    960.37000    0.91987    0.05415    2.05972    0.05932
    962.26000    1.00372    0.06896    1.93675    0.07390
    963.92000    0.97162    0.07481    2.02040    0.03989
    967.59000    0.90877    0.03984    1.67285    0.07780
   1096.59000    1.45897    0.07119    2.12204    0.05825
   1098.52000    1.52861    0.04961    2.09465    0.04619
   1102.93000    1.41242    0.06024    1.87021    0.06151
   1105.64000    1.47099    0.04764    1.88726    0.03295
   1108.14000    1.33794    0.06892    1.79603    0.03386
   1111.57000    1.39695    0.06178    1.93735    0.03965
   1113.93000    1.44443    0.07415    1.94154    0.05188
   1116.92000    1.40435    0.05853    1.80678    0.06366
   1121.10000    1.26649    0.02918    1.73230    0.04356
   1123.97000    1.29035    0.03300    1.90608    0.04847
   1126.01000    1.29841    0.06502    1.80074    0.02576
   1128.15000    1.49384    0.05104    1.97948    0.05003
   1130.45000    1.45424    0.05407    1.80868    0.05213
   1132.67000    1.38174    0.02456    1.76975    0.05425
   1137.39000    1.51569    0.07084    2.11587    0.05191
   1141.20000    1.46389    0.05458    2.04584    0.05803
   1144.91000    1.49289    0.02221    2.16612    0.06220
   1146.87000    1.45373    0.02987    1.97792    0.07037
   1151.34000    1.38379    0.06198    1.95359    0.04794
   1153.42000    1.28940    0.06483    1.91647    0.05430
   1155.00000    1.36952    0.05715    1.93597    0.04271
   1158.39000    1.36189    0.06728    2.24248    0.06785
   1159.76000    1.33569    0.05446    2.11586    0.04666
   1163.52000    1.30350    0.02196    2.07191    0.04367
   1164.77000    1.39302    0.09109    2.13837    0.06625
   1167.19000    1.33259    0.05199    1.90051    0.08058
   1169.78000    1.22653    0.04433    1.96071    0.04933
   1172.03000    1.21706    0.07551    2.08723    0.04346
   1173.92000    1.30258    0.05943    2.07749    0.05327
   1175.93000    1.46475    0.06784    2.38765    0.04273
   1178.26000    1.40699    0.04775    2.27616    0.05226
   1181.48000    1.29226    0.04927    2.28448    0.06595
   1184.36000    1.23161    0.04685    2.22639    0.04308
   1188.22000    1.34466    0.07054    1.79616    0.06921
   1192.62000    1.07587    0.04402    1.73329    0.02290
   1195.78000    1.08996    0.04128    1.71858    0.04492
   1198.46000    1.08138    0.06510    1.55683    0.06653
   1202.20000    0.86150    0.04389    1.30772    0.04654
   1206.02000    0.96870    0.05622    1.59323    0.07542
   1209.82000    1.09225    0.03722    1.51129    0.06752
   1214.13000    0.94137    0.05837    1.76609    0.08387
   1217.86000    1.11899    0.05397    1.66564    0.02719
   1220.65000    1.11087    0.04269    1.52980    0.05180
   1224.26000    1.14410    0.04849    1.59749    0.06018
   1224.93000    1.36457    0.09334    1.66003    0.04673
   1226.28000    1.36905    0.04162    2.15944    0.07146
   1228.91000    1.26989    0.04993    1.59136    0.05074
   1231.39000    1.24088    0.01388    1.57711    0.05438
   1235.19000    1.26434    0.07862    1.37642    0.05508
   1237.38000    1.21540    0.06114    1.50366    0.06636
   1239.83000    1.20279    0.04889    1.41555    0.03971
   1241.17000    1.14914    0.04097    1.31363    0.03498
   1245.39000    1.32997    0.04986    1.30213    0.06775
   1249.67000    0.84672    0.05795    0.52849    0.07525
   1253.41000    1.36779    0.07119    1.17819    0.03317
   1255.88000    1.17443    0.05432    1.17755    0.04550
   1257.96000    1.18001    0.05871    1.31991    0.05497
   1261.17000    1.33467    0.05926    1.02595    0.08053
   1265.09000    1.42209    0.05673    1.40416    0.06428
   1267.90000    1.25823    0.04208    1.22340    0.07732
   1271.40000    1.34206    0.03672    1.13121    0.06866
   1273.41000    1.30193    0.06374    1.16267    0.06809
   1275.80000    1.03121    0.07024    1.39919    0.06828
   1278.62000    1.15756    0.04381    1.43424    0.04449
   1283.43000    1.05185    0.04104    1.17722    0.04411
   1288.01000    0.91986    0.05828    1.13803    0.03547
   1290.97000    1.02763    0.02945    1.18872    0.09005
   1295.25000    0.90419    0.05045    1.18235    0.03412
   1297.16000    0.87971    0.05098    1.20673    0.05298
   1299.85000    0.99156    0.06232    1.19656    0.04544
   1301.48000    0.94877    0.03715    1.24114    0.04920
   1304.36000    1.04987    0.02590    1.28360    0.04396
   1307.72000    0.92842    0.04808    1.35876    0.05726
   1310.55000    0.97432    0.04154    1.31811    0.07449
   1313.47000    1.02469    0.05058    1.44859    0.05145
   1316.79000    0.92428    0.04281    1.46258    0.04638
   1320.29000    0.89980    0.03933    1.47698    0.07330
   1323.23000    0.86495    0.03972    1.62036    0.05673
   1328.61000    0.76884    0.07130    1.74965    0.03929
   1332.87000    0.39479    0.06723    1.35034    0.06879
   1461.56000    1.29846    0.04497    2.19211    0.03880
   1463.19000    1.37287    0.06015    2.27619    0.02964
   1465.69000    1.46008    0.08830    2.15689    0.04669
   1468.66000    1.37450    0.04058    2.21348    0.04472
   1470.93000    1.34465    0.04951    2.36509    0.06847
   1473.50000    1.30575    0.02969    2.40615    0.07682
   1477.12000    1.34802    0.05317    2.28603    0.04512
   1479.78000    1.37167    0.05686    2.12407    0.06598
   1482.01000    1.26147    0.03649    2.08529    0.07537
   1484.92000    1.27060    0.06951    2.17535    0.02248
   1488.14000    1.36422    0.04763    2.40398    0.07525
   1491.57000    1.34040    0.04759    2.30802    0.03016
   1493.85000    1.07702    0.06618    1.98842    0.04879
   1495.20000    1.26687    0.03152    2.26189    0.08070
   1498.39000    1.21655    0.06156    2.33928    0.04712
   1503.09000    1.04717    0.08761    2.13957    0.06234
   1506.92000    1.16722    0.06414    1.97600    0.05209
   1510.09000    1.27098    0.05657    1.85388    0.04340
   1514.37000    1.31741    0.06039    1.80403    0.04225
   1516.48000    1.25669    0.07267    1.74939    0.06790
   1521.32000    1.21150    0.08936    2.06952    0.03336
   1525.46000    1.11059    0.07134    2.25247    0.05740
   1529.04000    1.27596    0.05359    2.23609    0.03198
   1532.03000    1.32160    0.05396    2.05719    0.08233
   1535.68000    1.42932    0.03993    2.19716    0.05442
   1538.60000    1.32005    0.04876    2.12600    0.03009
   1542.01000    1.27026    0.06180    1.85215    0.06326
   1546.44000    1.32142    0.04238    1.81169    0.02462
   1549.49000    1.44065    0.04605    1.81357    0.03923
   1553.77000    1.38515    0.06933    1.68425    0.05698
   1556.92000    1.25178    0.07115    1.54513    0.05796
   1560.67000    1.39677    0.06363    1.85882    0.03544
   1564.43000    1.39287    0.04384    1.90305    0.05515
   1566.44000    1.26359    0.05183    1.85636    0.04813
   1570.46000    1.21168    0.05828    1.84725    0.05642
   1573.18000    1.16533    0.06941    1.79426    0.06349
   1577.37000    1.34167    0.04296    1.99749    0.05751
   1580.60000    1.29523    0.04426    2.05807    0.07309
   1584.75000    1.32232    0.04820    1.94373    0.02150
   1586.51000    1.39498    0.02204    2.25063    0.05611
   1588.67000    1.33691    0.05068    2.03316    0.05470
   1593.28000    1.25487    0.05663    1.88348    0.04183
   1595.73000    1.17631    0.04146    1.81101    0.02074
   1597.84000    1.09471    0.05827    1.73761    0.02552
   1598.80000    1.16294    0.05949    1.78852    0.05957
   1601.70000    0.97893    0.07213    1.83221    0.05412
   1605.58000    1.09703    0.01929    1.81383    0.03495
   1606.55000    1.17516    0.04576    1.76823    0.03699
   1610.93000    1.37495    0.09468    1.70223    0.03260
   1614.83000    1.35236    0.07697    1.62514    0.06439
   1618.36000    1.35872    0.05859    1.89392    0.07228
   1621.08000    1.37406    0.03277    1.91494    0.05500
   1623.88000    1.37078    0.06239    1.80733    0.02607
   1626.73000    1.22542    0.03393    1.71252    0.06197
   1630.16000    1.19856    0.06519    1.85598    0.05592
   1633.74000    0.96047    0.03756    1.54742    0.08647
   1636.42000    1.05778    0.07979    1.75525    0.03641
   1639.62000    1.04362    0.04490    1.81598    0.04995
   1641.51000    0.99037    0.05271    1.95031    0.03953
   1644.77000    1.04681    0.05997    2.13415    0.02367
   1645.96000    1.17959    0.07222    2.08612    0.06654
   1649.61000    1.24661    0.04041    2.44173    0.06602
   1652.96000    1.07907    0.04359    2.29257    0.08704
   1655.74000    1.05362    0.04494    2.42467    0.03831
   1658.45000    1.24853    0.05876    2.24751    0.07547
   1662.88000    1.21389    0.06149    2.37743    0.05289
   1665.01000    1.15330    0.05022    2.23935    0.04455
   1667.48000    1.17111    0.03277    2.34296    0.02687
   1670.77000    1.21439    0.06135    2.23838    0.04158
   1675.30000    1.27129    0.06765    2.40422    0.02883
   1678.06000    1.32022    0.04580    2.27502    0.05847
   1681.25000    1.19812    0.06100    2.05143    0.08462
   1683.69000    1.17490    0.05409    2.05936    0.04255
   1687.82000    1.10128    0.04038    2.12557    0.04046
   1689.48000    1.02158    0.07116    2.20686    0.03196
   1691.71000    1.10688    0.04573    2.14080    0.05781
   1695.60000    1.04731    0.06095    2.23362    0.04752
   1699.82000    0.96114    0.03572    2.36097    0.05988
