## Time Delay Challenge light curves
##
## [time]=days, [lc]=[err]=flux in nanomaggies
##
##       time       lc_A      err_A       lc_B      err_B
##-------------------------------------------------------
      0.04000    1.30113    0.03404    0.60808    0.05939
      4.26000    1.28083    0.04108    0.50912    0.03926
      5.78000    1.24619    0.04272    0.58973    0.06196
      9.20000    1.26757    0.06305    0.60615    0.05855
     10.40000    1.24647    0.03104    0.60058    0.04075
     15.70000    1.28110    0.03881    0.62335    0.04962
     17.33000    1.33684    0.05901    0.59612    0.07083
     22.14000    1.14957    0.04377    0.61086    0.05812
     26.04000    1.24023    0.07788    0.59828    0.07346
     27.84000    1.26050    0.04910    0.60721    0.04384
     31.41000    1.28817    0.06147    0.73686    0.05151
     34.05000    1.46024    0.06807    0.65218    0.06556
     36.05000    1.36289    0.06431    0.64868    0.02704
     40.93000    1.29272    0.05038    0.58916    0.05391
     44.94000    1.31153    0.05397    0.66484    0.04262
     47.90000    1.28361    0.02290    0.64665    0.05961
     52.24000    1.29867    0.05697    0.57532    0.05632
     54.83000    1.30481    0.06004    0.53258    0.05513
     57.87000    1.28419    0.03904    0.62378    0.04234
     60.40000    1.32853    0.04717    0.57629    0.03859
     65.09000    1.31749    0.04093    0.71116    0.04518
     69.63000    1.33145    0.08050    0.52943    0.06636
     73.71000    1.19176    0.07355    0.65390    0.03374
     75.06000    1.36523    0.06433    0.57389    0.03230
     78.06000    1.17506    0.04755    0.61917    0.07455
     81.82000    1.33272    0.05440    0.61297    0.05448
     85.90000    1.29225    0.06644    0.68255    0.08166
     89.91000    1.24467    0.04718    0.59042    0.06516
     90.17000    1.29704    0.07212    0.56090    0.06916
     91.55000    1.25117    0.03405    0.49381    0.07787
     94.77000    1.20357    0.04735    0.57368    0.03519
    100.01000    1.22618    0.06440    0.57599    0.06375
    102.58000    1.24106    0.03549    0.61955    0.00907
    106.63000    1.34063    0.06831    0.56202    0.05535
    109.91000    1.33781    0.05991    0.60977    0.05229
    114.30000    1.23912    0.06118    0.59620    0.05832
    117.25000    1.24835    0.06664    0.60620    0.01354
    122.20000    1.30412    0.03025    0.47746    0.05595
    127.10000    1.35673    0.07542    0.62576    0.03772
    129.54000    1.41938    0.08008    0.62927    0.07861
    131.59000    1.25668    0.06067    0.51719    0.04589
    135.43000    1.29901    0.06431    0.61477    0.05402
    139.61000    1.20252    0.03264    0.63665    0.03888
    142.14000    1.35284    0.05817    0.47088    0.06958
    145.54000    1.30699    0.05451    0.64367    0.05308
    147.85000    1.36831    0.08452    0.46864    0.06137
    150.69000    1.19841    0.07398    0.66326    0.03996
    152.60000    1.12407    0.07343    0.57385    0.05090
    154.96000    1.29652    0.06745    0.59229    0.03974
    157.93000    1.23398    0.06051    0.61725    0.03962
    159.93000    1.33338    0.05653    0.58839    0.04960
    163.89000    1.24750    0.04867    0.58232    0.07735
    168.50000    1.22250    0.05005    0.55115    0.05306
    170.12000    1.17613    0.07920    0.61210    0.07691
    172.30000    1.22102    0.07113    0.55638    0.06243
    175.51000    1.23813    0.04692    0.61308    0.06083
    177.99000    1.23598    0.01973    0.52604    0.03707
    181.61000    1.25026    0.05843    0.64346    0.05832
    183.78000    1.23146    0.04027    0.60758    0.05989
    186.61000    1.30192    0.05346    0.60591    0.07393
    189.51000    1.18162    0.06009    0.56394    0.03962
    192.21000    1.20991    0.03879    0.58356    0.03226
    195.10000    1.14435    0.06088    0.61699    0.03939
    196.99000    1.19281    0.03934    0.56867    0.05834
    199.67000    1.17015    0.03215    0.61303    0.05409
    204.75000    1.23886    0.04410    0.58791    0.03342
    208.16000    1.21490    0.02445    0.57286    0.06100
    213.44000    1.16601    0.07785    0.55744    0.04897
    217.53000    1.22864    0.03288    0.55041    0.05798
    219.92000    1.27355    0.05814    0.53122    0.04714
    221.95000    1.25786    0.08272    0.50784    0.05322
    225.97000    1.12121    0.06228    0.57990    0.02553
    227.47000    1.20929    0.05050    0.56919    0.06355
    229.90000    1.19876    0.04224    0.46364    0.04819
    232.90000    1.24427    0.03824    0.57843    0.02859
    235.48000    1.15984    0.06191    0.56373    0.03349
    238.85000    1.28998    0.05044    0.60661    0.07471
    367.56000    1.22444    0.00533    0.55824    0.03875
    370.52000    1.18818    0.03754    0.60118    0.05777
    375.00000    1.25507    0.06754    0.49877    0.05019
    377.35000    1.24214    0.04946    0.66503    0.05996
    379.81000    1.16809    0.04540    0.55571    0.04673
    382.35000    1.10835    0.05607    0.58709    0.04855
    385.18000    1.25281    0.05273    0.58793    0.06836
    386.04000    1.18847    0.04810    0.60173    0.04238
    389.65000    1.27499    0.04332    0.53465    0.03942
    391.42000    1.17182    0.05202    0.61012    0.06755
    394.69000    1.17102    0.06336    0.58100    0.08571
    398.18000    1.26726    0.01878    0.47882    0.06907
    401.81000    1.23404    0.04207    0.60916    0.05608
    406.06000    1.12631    0.05265    0.67626    0.07194
    409.95000    1.22671    0.03959    0.47198    0.03611
    412.49000    1.22493    0.04934    0.44265    0.06183
    414.35000    1.13401    0.04602    0.57681    0.04640
    418.31000    1.29126    0.06854    0.50855    0.06486
    420.49000    1.37058    0.05499    0.58248    0.08341
    424.14000    1.42802    0.04819    0.55276    0.04519
    426.97000    1.22982    0.05288    0.56240    0.05582
    430.47000    1.34870    0.02670    0.56638    0.04198
    431.27000    1.27443    0.05304    0.59424    0.04646
    434.88000    1.27564    0.03979    0.50857    0.06076
    437.32000    1.32322    0.04400    0.51145    0.03238
    440.43000    1.24800    0.06944    0.61026    0.05892
    442.53000    1.26785    0.05000    0.57433    0.04211
    447.07000    1.19838    0.07077    0.41652    0.06078
    450.57000    1.38114    0.07122    0.57544    0.03042
    452.08000    1.13738    0.07406    0.58505    0.06833
    453.53000    1.28433    0.05743    0.48528    0.04756
    456.06000    1.16475    0.06680    0.61019    0.06590
    457.90000    1.17768    0.06480    0.57335    0.07608
    461.75000    1.26220    0.03832    0.62193    0.10798
    465.18000    1.22034    0.07064    0.57973    0.04773
    468.23000    1.27726    0.08174    0.55845    0.04294
    472.73000    1.17412    0.06406    0.55593    0.03020
    475.23000    1.23748    0.06421    0.55161    0.03877
    476.86000    1.22172    0.03405    0.44761    0.07547
    479.08000    1.27360    0.04025    0.45556    0.06728
    481.85000    1.24685    0.05934    0.55541    0.04364
    484.82000    1.22818    0.04242    0.66895    0.05477
    487.03000    1.27443    0.03535    0.62109    0.07761
    489.50000    1.20876    0.03136    0.49350    0.03736
    492.25000    1.33012    0.09428    0.53514    0.02376
    494.95000    1.28729    0.03946    0.55552    0.04057
    497.88000    1.25705    0.04966    0.51666    0.06751
    501.39000    1.14594    0.05063    0.55054    0.03382
    503.55000    1.30295    0.06835    0.55671    0.06551
    505.07000    1.17384    0.04174    0.53093    0.06390
    507.45000    1.26199    0.03776    0.50113    0.03726
    510.96000    1.27506    0.04033    0.59962    0.04604
    516.28000    1.26871    0.04920    0.63752    0.04547
    520.06000    1.30007    0.06246    0.60158    0.04563
    524.23000    1.15941    0.05680    0.54571    0.04162
    527.71000    1.26123    0.05588    0.57180    0.06018
    530.17000    1.12351    0.07087    0.61314    0.04983
    532.53000    1.27227    0.03379    0.56348    0.04962
    535.69000    1.27186    0.05042    0.57210    0.04577
    537.31000    1.25321    0.02952    0.53845    0.07153
    540.20000    1.15717    0.07073    0.49034    0.05172
    543.90000    1.20367    0.04476    0.52688    0.01828
    547.12000    1.28666    0.04651    0.58313    0.05593
    551.39000    1.36172    0.05896    0.64314    0.08068
    554.37000    1.12003    0.06761    0.39745    0.07036
    557.32000    1.41107    0.06329    0.54560    0.04227
    559.61000    1.25914    0.02586    0.47868    0.04730
    562.65000    1.36258    0.03597    0.56407    0.06693
    565.25000    1.17989    0.07640    0.58924    0.05798
    567.35000    1.41329    0.08399    0.55263    0.04586
    570.89000    1.19106    0.06987    0.54086    0.06412
    574.14000    1.24091    0.07295    0.41317    0.09079
    577.57000    1.27419    0.04346    0.53185    0.04945
    580.37000    1.27062    0.07667    0.60254    0.06359
    580.50000    1.37038    0.03792    0.47001    0.04066
    582.69000    1.23288    0.04528    0.53743    0.03497
    584.44000    1.21959    0.03118    0.51279    0.03868
    587.66000    1.17004    0.06550    0.50301    0.04898
    591.57000    1.29023    0.07092    0.61665    0.05796
    593.35000    1.23749    0.06446    0.55574    0.05349
    596.12000    1.15460    0.08740    0.49203    0.04218
    599.87000    1.24665    0.03632    0.53147    0.04377
    601.76000    1.23983    0.03938    0.59153    0.05218
    604.01000    1.45854    0.08061    0.60257    0.07584
    730.14000    1.20858    0.04742    0.54752    0.02956
    732.76000    1.15687    0.05633    0.51260    0.05401
    736.77000    1.28755    0.07611    0.57675    0.03866
    739.28000    1.25585    0.05856    0.55056    0.03275
    742.53000    1.21486    0.03779    0.52523    0.02143
    744.12000    1.25969    0.06133    0.54924    0.07255
    745.95000    1.27494    0.08485    0.58464    0.04187
    750.44000    1.13464    0.05484    0.47237    0.07053
    753.76000    1.25923    0.03809    0.52685    0.04574
    756.57000    1.19531    0.04126    0.57291    0.03240
    760.15000    1.13271    0.05408    0.55144    0.05129
    763.94000    1.21588    0.03317    0.45621    0.06869
    767.28000    1.20654    0.07479    0.61553    0.04982
    770.87000    1.36765    0.05246    0.61519    0.08334
    775.34000    1.09810    0.05328    0.43706    0.07077
    778.90000    1.20617    0.05049    0.46848    0.03126
    782.78000    1.17517    0.04421    0.56562    0.02073
    785.33000    1.18904    0.03803    0.57695    0.04977
    787.59000    1.31305    0.05689    0.48046    0.04101
    789.89000    1.27913    0.04130    0.41577    0.07740
    793.76000    1.27189    0.05879    0.51461    0.05701
    795.69000    1.26805    0.06744    0.59329    0.05079
    797.90000    1.14402    0.05211    0.49079    0.04985
    801.95000    1.27505    0.05054    0.54556    0.06805
    804.09000    1.19330    0.05773    0.53439    0.07419
    806.95000    1.30295    0.06934    0.51502    0.07251
    810.14000    1.26463    0.03082    0.50717    0.05219
    812.43000    1.26222    0.04808    0.61294    0.07079
    816.01000    1.21002    0.06169    0.49405    0.05751
    818.68000    1.19854    0.06367    0.55555    0.06058
    821.67000    1.25182    0.06428    0.47496    0.07063
    823.55000    1.27868    0.05874    0.48712    0.06297
    826.72000    1.32060    0.05560    0.53917    0.04809
    830.76000    1.20866    0.03021    0.51187    0.02536
    833.88000    1.26752    0.04510    0.35888    0.08402
    836.80000    1.18397    0.06144    0.52807    0.06395
    839.53000    1.20835    0.03976    0.48528    0.07305
    841.54000    1.30758    0.05143    0.48585    0.08286
    843.45000    1.26542    0.04895    0.61267    0.05973
    845.62000    1.19900    0.07818    0.53058    0.05500
    849.41000    1.30548    0.06163    0.51935    0.04082
    853.75000    1.24592    0.06225    0.56020    0.03853
    856.39000    1.26244    0.07555    0.60703    0.02626
    859.01000    1.17819    0.05959    0.55931    0.06967
    860.93000    1.24472    0.04956    0.54855    0.02201
    862.65000    1.22077    0.05366    0.68906    0.08700
    864.80000    1.22550    0.04039    0.48183    0.10191
    869.48000    1.17435    0.02159    0.59605    0.06751
    871.81000    1.11867    0.07129    0.57843    0.02559
    874.25000    1.17767    0.06852    0.52737    0.06360
    878.46000    1.18450    0.06318    0.57713    0.03886
    881.28000    1.24760    0.03039    0.55533    0.03271
    884.25000    1.18733    0.05239    0.54437    0.05408
    887.50000    1.23815    0.03837    0.54731    0.05045
    889.47000    1.21282    0.01274    0.44776    0.07132
    891.98000    1.18192    0.05331    0.60865    0.03799
    894.47000    1.25431    0.06683    0.63356    0.07101
    896.73000    1.08862    0.05642    0.61499    0.07049
    900.51000    1.06363    0.04882    0.54643    0.07958
    903.86000    1.19432    0.01766    0.61226    0.09801
    907.33000    1.28214    0.07958    0.48828    0.03547
    910.89000    1.16085    0.04221    0.55726    0.05428
    913.23000    1.09922    0.07257    0.51750    0.05136
    918.70000    1.16163    0.04860    0.64359    0.07785
    921.67000    1.03171    0.07240    0.48064    0.05114
    926.68000    1.09971    0.06342    0.47753    0.07520
    929.57000    1.21989    0.05237    0.46466    0.05757
    933.16000    1.06127    0.04825    0.51093    0.06265
    935.37000    1.14843    0.05258    0.55437    0.04375
    938.62000    1.14839    0.06256    0.48817    0.02947
    941.59000    1.09626    0.03305    0.45465    0.07449
    944.50000    1.12788    0.05041    0.53610    0.05164
    947.64000    1.16426    0.04836    0.51687    0.06022
    949.41000    1.13378    0.04198    0.52615    0.06345
    952.21000    1.16534    0.04013    0.60958    0.05810
    956.68000    1.09277    0.05257    0.51350    0.06260
    959.90000    1.09025    0.05693    0.49910    0.02811
    963.00000    1.12438    0.05154    0.60857    0.05076
    964.79000    1.18141    0.06466    0.54446    0.04554
    967.58000    1.12059    0.06822    0.52883    0.04546
   1096.67000    1.18596    0.04894    0.48017    0.05229
   1099.72000    1.15310    0.03346    0.46221    0.06680
   1103.24000    1.14283    0.04757    0.55732    0.05567
   1105.84000    1.09503    0.04796    0.48367    0.06439
   1107.49000    1.11278    0.05889    0.48563    0.05578
   1111.69000    1.19828    0.07724    0.55401    0.06744
   1114.85000    1.20783    0.04035    0.51545    0.04873
   1118.35000    1.18387    0.03605    0.46410    0.04290
   1121.52000    1.19862    0.04433    0.48168    0.06483
   1124.84000    1.21092    0.07684    0.49140    0.04917
   1126.81000    1.13509    0.05841    0.36431    0.06871
   1130.29000    1.16715    0.01309    0.47150    0.04076
   1131.78000    1.08613    0.06386    0.55734    0.05820
   1136.56000    1.12980    0.04047    0.57412    0.07742
   1139.33000    1.18939    0.01939    0.50030    0.06013
   1140.67000    1.15171    0.04189    0.58314    0.06043
   1143.45000    0.98884    0.08893    0.55260    0.05397
   1146.98000    1.13996    0.03930    0.44788    0.06913
   1149.62000    1.21396    0.03501    0.53233    0.06292
   1152.92000    1.20958    0.04286    0.48438    0.05259
   1155.05000    1.14623    0.03549    0.47203    0.05171
   1157.96000    1.13452    0.04319    0.43153    0.06515
   1160.81000    1.18138    0.06279    0.50222    0.03374
   1163.26000    1.14140    0.04542    0.52674    0.05796
   1165.71000    1.17097    0.04670    0.60379    0.07007
   1169.78000    1.13914    0.02512    0.51507    0.07691
   1172.75000    1.04207    0.05738    0.54176    0.04551
   1176.42000    1.13022    0.03937    0.49875    0.04230
   1180.26000    1.24726    0.03165    0.60898    0.06592
   1181.78000    1.23228    0.05187    0.28740    0.07745
   1184.17000    1.19809    0.01803    0.43312    0.05820
   1188.68000    1.23501    0.07477    0.62314    0.07193
   1193.34000    1.16985    0.08966    0.51163    0.05071
   1195.55000    1.21624    0.06197    0.53449    0.06221
   1199.00000    1.19536    0.07320    0.55109    0.04668
   1202.95000    1.33124    0.06391    0.46032    0.05854
   1205.30000    1.20501    0.05801    0.52589    0.06595
   1208.75000    1.21055    0.04127    0.50145    0.03867
   1213.11000    1.29084    0.05628    0.50294    0.03684
   1216.51000    1.23823    0.06196    0.48933    0.04207
   1219.34000    1.23212    0.05999    0.59242    0.07674
   1222.21000    1.20675    0.04650    0.48405    0.06269
   1225.40000    1.10512    0.08042    0.48569    0.05838
   1227.32000    1.15994    0.06526    0.39710    0.05159
   1229.34000    1.15867    0.07214    0.45146    0.04773
   1230.02000    1.20411    0.06081    0.45663    0.06732
   1233.35000    1.19018    0.05969    0.52479    0.05453
   1234.86000    1.26210    0.07114    0.50271    0.03056
   1239.23000    1.22425    0.04802    0.45389    0.06109
   1241.44000    1.13495    0.03272    0.54173    0.03181
   1244.57000    1.19079    0.06682    0.48316    0.04535
   1247.37000    1.14385    0.04314    0.52977    0.05455
   1251.71000    1.10814    0.07601    0.47414    0.04165
   1254.28000    1.11122    0.05758    0.53268    0.06313
   1256.02000    1.17049    0.03600    0.42873    0.05788
   1260.09000    1.12754    0.05709    0.53606    0.07585
   1262.32000    1.19007    0.06731    0.47246    0.03102
   1265.55000    1.15246    0.05721    0.45671    0.07121
   1269.32000    1.25491    0.04630    0.53809    0.03851
   1272.53000    1.13134    0.05158    0.44654    0.05008
   1274.26000    1.14202    0.03373    0.50460    0.05915
   1276.81000    1.20153    0.04860    0.62691    0.04614
   1281.24000    1.19730    0.04656    0.55424    0.05575
   1284.06000    1.15337    0.03489    0.43625    0.05160
   1287.00000    1.22638    0.06677    0.47248    0.06477
   1289.81000    1.24218    0.07757    0.50076    0.05635
   1294.16000    1.26090    0.06695    0.70164    0.05934
   1297.02000    1.27604    0.07301    0.50136    0.03502
   1299.04000    1.17687    0.05082    0.47565    0.07436
   1301.44000    1.06303    0.06318    0.41926    0.02427
   1304.99000    1.18018    0.04581    0.48497    0.06502
   1309.44000    1.20258    0.04133    0.48628    0.04193
   1312.27000    1.17312    0.05585    0.37831    0.07142
   1316.09000    1.15805    0.04243    0.50375    0.03791
   1318.49000    1.22625    0.02362    0.41858    0.04936
   1319.89000    1.20388    0.05561    0.51343    0.06529
   1323.49000    1.27093    0.07151    0.47989    0.06159
   1325.83000    1.17633    0.06682    0.45649    0.06444
   1330.45000    1.25405    0.04824    0.46108    0.09436
   1334.40000    1.21661    0.06559    0.45880    0.03854
   1465.40000    1.43559    0.06142    0.56912    0.02987
   1469.47000    1.37153    0.03648    0.49836    0.05145
   1472.51000    1.47558    0.04005    0.56646    0.04659
   1475.31000    1.37832    0.03419    0.49687    0.05890
   1479.83000    1.38758    0.02771    0.54113    0.04148
   1483.33000    1.42105    0.05334    0.55846    0.03875
   1487.30000    1.34973    0.01963    0.58486    0.06735
   1490.14000    1.36371    0.03903    0.49836    0.04632
   1491.43000    1.35472    0.06401    0.56233    0.02697
   1493.37000    1.39007    0.04950    0.62904    0.06747
   1496.91000    1.36198    0.06420    0.42494    0.06525
   1498.32000    1.43537    0.06178    0.56381    0.04322
   1502.97000    1.43953    0.06515    0.52333    0.05600
   1506.39000    1.37289    0.05849    0.53846    0.05090
   1510.34000    1.45232    0.05561    0.51844    0.06512
   1515.35000    1.43756    0.06876    0.58703    0.04382
   1517.93000    1.38947    0.03110    0.52593    0.07506
   1520.94000    1.35762    0.02821    0.46726    0.07944
   1524.26000    1.32628    0.05137    0.61941    0.07466
   1525.79000    1.43492    0.02524    0.49407    0.04473
   1528.97000    1.43468    0.06568    0.60385    0.03916
   1532.38000    1.40060    0.02293    0.56404    0.06250
   1536.68000    1.37604    0.01111    0.56112    0.06448
   1541.17000    1.42262    0.06076    0.51917    0.07664
   1544.91000    1.36789    0.03721    0.54981    0.07254
   1548.15000    1.36565    0.04597    0.56958    0.03540
   1550.86000    1.36326    0.05147    0.53305    0.04268
   1553.64000    1.54076    0.06833    0.58369    0.04616
   1556.50000    1.38178    0.00357    0.61115    0.02775
   1558.58000    1.33764    0.08705    0.65211    0.05333
   1560.89000    1.39832    0.06491    0.61706    0.04289
   1563.00000    1.43006    0.03950    0.61076    0.04050
   1567.04000    1.37968    0.03801    0.48300    0.06019
   1568.63000    1.44411    0.04465    0.50499    0.04225
   1572.75000    1.41506    0.06853    0.58229    0.05316
   1577.80000    1.40467    0.06620    0.58067    0.03612
   1579.36000    1.44390    0.04144    0.58626    0.04294
   1583.45000    1.33394    0.06305    0.60031    0.08570
   1586.37000    1.45962    0.06871    0.57870    0.06138
   1588.72000    1.48867    0.03873    0.48490    0.05824
   1591.51000    1.45719    0.04102    0.58644    0.03283
   1593.76000    1.37109    0.04165    0.60024    0.03830
   1598.84000    1.34280    0.06020    0.56217    0.01697
   1601.10000    1.34019    0.07923    0.59172    0.05677
   1603.55000    1.39738    0.03799    0.59643    0.04488
   1607.47000    1.39299    0.07100    0.58916    0.08909
   1613.49000    1.51309    0.06845    0.62231    0.05919
   1616.45000    1.47961    0.04854    0.62058    0.06144
   1617.78000    1.46451    0.05423    0.58111    0.04673
   1621.12000    1.45610    0.07110    0.58326    0.03209
   1624.89000    1.43008    0.07224    0.51695    0.05376
   1627.91000    1.50277    0.04408    0.56676    0.06686
   1632.17000    1.51502    0.05329    0.61812    0.06445
   1635.59000    1.62424    0.03813    0.57866    0.06543
   1638.83000    1.58427    0.04157    0.61179    0.03543
   1642.02000    1.50115    0.04100    0.57430    0.05941
   1647.00000    1.59290    0.04994    0.57558    0.03691
   1649.59000    1.66832    0.06157    0.58606    0.05364
   1652.93000    1.66859    0.04300    0.63630    0.05271
   1655.86000    1.48454    0.05022    0.57151    0.06339
   1659.68000    1.58990    0.05656    0.58100    0.04794
   1661.65000    1.56566    0.04434    0.57378    0.05146
   1664.18000    1.68905    0.05392    0.55017    0.05187
   1668.07000    1.54334    0.06336    0.60526    0.05284
   1671.42000    1.50940    0.04413    0.53486    0.08749
   1675.99000    1.41324    0.07149    0.60158    0.04845
   1680.74000    1.50983    0.04951    0.58750    0.05908
   1684.78000    1.48106    0.05389    0.57363    0.07833
   1688.43000    1.51135    0.05247    0.64778    0.06136
   1691.62000    1.52947    0.09506    0.64632    0.08181
   1694.63000    1.50661    0.05008    0.72029    0.05914
   1699.09000    1.52644    0.04603    0.56720    0.03754
