## Time Delay Challenge light curves
##
## [time]=days, [lc]=[err]=flux in nanomaggies
##
##       time       lc_A      err_A       lc_B      err_B
##-------------------------------------------------------
      0.95000    1.90258    0.02160    0.84499    0.05498
      3.95000    1.93965    0.05818    0.84881    0.06600
      6.38000    1.94878    0.05210    0.79406    0.05811
      8.74000    1.89508    0.05296    0.82091    0.05496
     11.94000    1.89392    0.04774    0.78576    0.04942
     13.36000    1.75490    0.05661    0.75869    0.04899
     16.34000    1.93523    0.07826    0.76895    0.04371
     18.65000    1.93655    0.08463    0.79317    0.07061
     22.45000    1.84074    0.05326    0.82247    0.07256
     26.13000    1.87156    0.05237    0.77685    0.06567
     29.66000    1.81823    0.04996    0.82639    0.02563
     33.08000    1.80563    0.05435    0.86021    0.06176
     38.48000    1.89127    0.03037    0.77706    0.05744
     41.02000    1.96352    0.05627    0.86188    0.03796
     44.92000    1.85888    0.04201    0.87421    0.05532
     48.58000    1.88359    0.05056    0.79593    0.05631
     52.11000    1.91966    0.04890    0.73410    0.06505
     56.13000    1.94942    0.04515    0.81318    0.02116
     60.30000    1.84129    0.05834    0.85947    0.05045
     63.11000    1.89077    0.01271    0.74265    0.07053
     64.95000    1.92776    0.02039    0.77468    0.08334
     69.33000    1.93313    0.06193    0.83001    0.06368
     72.25000    1.91499    0.04816    0.83805    0.04131
     74.91000    1.89977    0.05861    0.86643    0.04962
     77.13000    1.91229    0.05264    1.01873    0.10169
     78.26000    1.90206    0.06771    0.83592    0.03812
     82.42000    1.93506    0.04767    0.80894    0.03766
     83.67000    1.97049    0.07315    0.85991    0.04514
     86.56000    1.89935    0.07403    0.94043    0.06982
     89.61000    1.92989    0.06044    0.84785    0.06352
     94.60000    1.97021    0.05547    0.80703    0.04058
     97.63000    1.90731    0.05233    0.83551    0.01294
    101.23000    1.94138    0.05709    0.83890    0.05475
    103.91000    1.93145    0.05369    0.80256    0.04430
    106.21000    1.88057    0.06365    0.72334    0.06655
    110.06000    1.92671    0.03681    0.83087    0.04052
    114.01000    1.89643    0.04770    0.79876    0.04461
    117.24000    1.89426    0.04288    0.89826    0.03689
    121.72000    1.98437    0.04912    0.82413    0.04879
    124.66000    1.87939    0.04652    0.73139    0.05774
    128.45000    2.01413    0.04655    0.83733    0.02261
    131.62000    1.85108    0.03162    0.87405    0.05534
    136.55000    1.90676    0.06485    0.82403    0.05905
    137.36000    1.84739    0.01641    0.79033    0.07578
    141.68000    1.94485    0.05554    0.81699    0.04955
    144.08000    1.86481    0.05862    0.88029    0.03237
    145.78000    1.88035    0.06299    0.85070    0.03021
    148.23000    1.89181    0.04938    0.87282    0.07753
    151.34000    1.69393    0.04062    0.82139    0.07052
    153.71000    1.80049    0.03763    0.89808    0.02755
    155.80000    1.84383    0.03192    0.91343    0.06660
    159.25000    1.71343    0.06829    0.93412    0.06666
    164.21000    1.83268    0.05698    0.90920    0.05794
    167.42000    1.78151    0.06561    0.76844    0.04440
    170.46000    1.83902    0.07157    0.89159    0.06397
    174.84000    1.80514    0.04585    0.87512    0.04568
    177.08000    1.80575    0.05713    0.80462    0.05275
    179.69000    1.92541    0.06841    0.86152    0.04262
    183.33000    1.92523    0.05422    0.83502    0.02302
    187.12000    1.82892    0.05742    0.81510    0.02471
    189.65000    1.97053    0.05285    0.78618    0.07474
    193.53000    1.92166    0.06344    0.84062    0.05276
    198.01000    1.91423    0.07054    0.89447    0.07315
    199.65000    1.91203    0.04555    0.87673    0.02578
    203.28000    1.93174    0.03444    0.88659    0.05459
    207.43000    1.84853    0.03126    0.84694    0.05175
    210.76000    1.82582    0.05852    0.88550    0.04654
    214.17000    1.89591    0.05380    0.91056    0.06883
    215.89000    1.93110    0.03197    0.89897    0.02644
    219.78000    1.96480    0.07936    0.76843    0.07767
    223.71000    1.86838    0.06139    0.86495    0.04489
    226.54000    2.04571    0.07819    0.74466    0.05733
    229.47000    2.03074    0.03989    0.76430    0.07615
    231.09000    2.03222    0.04382    0.78676    0.07230
    231.74000    1.99256    0.05376    0.80757    0.04922
    235.51000    1.92614    0.04233    0.79688    0.06042
    238.10000    2.17486    0.09569    0.81732    0.05853
    365.26000    1.91965    0.07244    0.82814    0.05892
    368.53000    1.90971    0.02673    0.79833    0.05181
    370.23000    1.84251    0.05776    0.83570    0.06091
    372.37000    1.76530    0.08285    0.81625    0.06654
    374.96000    1.79720    0.07250    0.79922    0.02239
    377.13000    1.91603    0.03650    0.80761    0.04396
    380.05000    1.85208    0.07944    0.91460    0.06292
    383.37000    1.73964    0.07113    0.76727    0.05295
    385.87000    1.91201    0.06289    0.80276    0.07193
    389.67000    1.89469    0.04928    0.93439    0.06310
    391.63000    1.97253    0.05827    0.83043    0.05843
    396.51000    2.09011    0.08451    1.02933    0.08040
    400.13000    1.85040    0.03428    0.86310    0.04909
    404.22000    1.90732    0.04407    0.90332    0.06073
    409.41000    1.92423    0.05344    0.93903    0.07081
    410.14000    1.95097    0.05954    0.81501    0.05436
    411.73000    1.89265    0.03297    0.77956    0.06901
    415.09000    1.97385    0.05383    0.86312    0.07296
    417.99000    1.86181    0.05441    0.91624    0.05172
    421.93000    1.79970    0.05777    0.83161    0.03188
    424.57000    1.80138    0.06770    0.87517    0.06003
    427.26000    1.89742    0.03118    0.94190    0.04582
    430.94000    1.84728    0.10555    0.83305    0.04796
    433.94000    2.00207    0.07106    0.84138    0.06611
    437.37000    1.89917    0.06131    0.94048    0.07287
    441.41000    1.75706    0.07759    0.91042    0.04989
    445.27000    1.78919    0.06926    0.86600    0.06605
    447.60000    1.83897    0.08155    0.78768    0.07942
    451.96000    1.88952    0.02264    0.86554    0.05313
    455.48000    1.89247    0.04898    0.89506    0.06394
    459.96000    1.86850    0.05193    0.82376    0.04992
    463.18000    1.91571    0.03846    0.77409    0.06169
    465.89000    1.82043    0.05902    0.91443    0.04700
    467.41000    1.80392    0.06351    0.86184    0.07500
    472.15000    1.83333    0.05253    0.84998    0.04683
    475.50000    1.88921    0.05316    0.87719    0.07757
    478.35000    1.76070    0.03909    0.84393    0.05630
    481.35000    1.78048    0.05019    0.85772    0.03766
    484.43000    1.78370    0.06484    0.86861    0.05577
    486.75000    1.86766    0.05694    0.82918    0.05814
    489.37000    1.73735    0.05581    0.82054    0.04523
    491.72000    1.87305    0.02807    0.81268    0.06131
    493.97000    1.80440    0.03117    0.73870    0.07472
    496.55000    1.82662    0.02657    0.85674    0.03033
    500.03000    2.02401    0.07007    0.80811    0.05399
    503.96000    1.81644    0.04569    0.81101    0.07882
    507.20000    1.97592    0.08360    0.91853    0.07404
    509.81000    1.87272    0.04341    0.83167    0.03115
    513.03000    1.89233    0.03503    0.84748    0.03813
    517.02000    1.92622    0.04074    0.92784    0.05836
    519.30000    1.93995    0.04605    0.89445    0.06653
    523.25000    1.89634    0.01939    0.89816    0.04685
    527.57000    2.01920    0.07354    0.74551    0.06165
    530.07000    1.95246    0.06763    0.88187    0.06095
    534.50000    1.95150    0.04616    0.94466    0.05212
    537.50000    2.00379    0.06787    0.85867    0.03976
    539.63000    1.95515    0.03980    0.84718    0.06005
    541.99000    1.93524    0.04623    0.83243    0.05399
    546.24000    1.98554    0.04454    0.94423    0.05279
    549.77000    1.92770    0.06619    0.86155    0.05637
    551.56000    1.93735    0.02727    0.87435    0.04118
    555.49000    2.05458    0.05169    0.87190    0.07200
    557.65000    1.95987    0.02876    0.83279    0.04759
    561.34000    1.92811    0.05737    0.75194    0.04025
    563.67000    1.86928    0.05485    0.86979    0.05330
    567.06000    1.82855    0.06979    0.81140    0.06009
    570.27000    1.95517    0.04591    0.77171    0.04138
    573.62000    1.80955    0.07431    0.87951    0.04812
    577.23000    1.95275    0.05434    0.85455    0.03573
    579.58000    1.89296    0.03241    0.82435    0.07754
    583.90000    1.87309    0.04061    0.85261    0.05933
    585.10000    1.85232    0.03571    0.88630    0.05881
    588.44000    1.74362    0.06952    0.77786    0.05026
    591.42000    1.84691    0.03498    0.92613    0.07736
    593.68000    1.86608    0.08397    0.85497    0.03367
    596.62000    1.89594    0.05917    0.81442    0.03863
    598.86000    1.95381    0.06403    0.85547    0.06789
    600.95000    1.88648    0.06005    0.74116    0.07148
    603.33000    1.79376    0.06077    0.70834    0.05165
    734.08000    1.81381    0.03651    0.85970    0.05246
    737.95000    1.79034    0.07256    0.81499    0.05067
    740.72000    1.66577    0.07174    0.80935    0.03060
    742.73000    1.83151    0.03813    0.87400    0.04990
    745.96000    1.81097    0.02736    0.76783    0.04294
    749.98000    1.76732    0.06322    0.84308    0.03238
    753.32000    1.88035    0.08000    0.74740    0.06779
    757.70000    1.86572    0.02722    0.83934    0.07899
    761.48000    1.94524    0.04704    0.79987    0.05217
    765.36000    1.88363    0.02425    0.83264    0.05200
    769.14000    1.80076    0.07254    0.81851    0.03894
    771.64000    1.93434    0.02782    0.74922    0.06695
    773.64000    1.96519    0.04051    0.79501    0.05977
    776.19000    1.93823    0.04380    0.83758    0.05139
    778.96000    1.95354    0.06109    0.82065    0.04009
    781.47000    1.76879    0.05232    0.86137    0.04639
    784.92000    1.88576    0.05297    0.84195    0.04418
    786.74000    1.91237    0.05728    0.83645    0.05651
    788.60000    1.86195    0.06541    0.87676    0.04154
    791.48000    1.97073    0.06575    0.81353    0.08152
    795.57000    1.83582    0.02086    0.81804    0.05784
    798.41000    1.73295    0.04716    0.74938    0.05851
    799.21000    1.80449    0.08042    0.87942    0.04082
    803.05000    1.91675    0.06752    0.91510    0.06574
    806.42000    1.76306    0.08120    0.81531    0.02455
    808.27000    1.90202    0.06981    0.87838    0.04933
    809.92000    1.68815    0.06894    0.85564    0.05859
    814.96000    1.79994    0.05866    0.82213    0.02072
    819.39000    1.81572    0.08304    0.86446    0.05335
    821.96000    1.82924    0.05087    0.79223    0.03820
    824.17000    1.85373    0.05815    0.81674    0.03882
    825.95000    1.75594    0.05153    0.87531    0.04836
    829.28000    1.88571    0.05513    0.83995    0.03994
    833.01000    1.84283    0.00811    0.85944    0.05260
    836.12000    1.76244    0.06937    0.87044    0.03939
    837.53000    1.80996    0.02024    0.81801    0.06079
    840.39000    1.95287    0.05290    0.88461    0.04364
    843.63000    1.89698    0.03970    0.84423    0.04881
    845.92000    1.83383    0.05371    0.86128    0.05590
    848.27000    1.83241    0.05593    0.86870    0.05852
    849.08000    1.87512    0.04902    0.83297    0.05284
    851.65000    1.81857    0.03747    0.75513    0.03657
    853.20000    1.81625    0.04378    0.95426    0.06795
    856.11000    1.84887    0.01924    0.81182    0.04819
    859.74000    1.69693    0.05655    0.83227    0.05632
    863.43000    1.81455    0.02137    0.84856    0.04363
    867.10000    1.85447    0.06871    0.78529    0.07333
    869.56000    1.79550    0.03502    0.83892    0.02791
    873.22000    1.82180    0.03686    0.84740    0.04847
    875.79000    1.80066    0.05736    0.83857    0.05226
    879.69000    1.81515    0.07112    0.80089    0.06657
    881.87000    1.88862    0.02540    0.83338    0.07073
    885.83000    1.84675    0.04443    0.92899    0.06703
    887.11000    1.94816    0.05427    0.69592    0.05307
    892.01000    1.89459    0.02962    0.94446    0.05572
    896.00000    1.87220    0.04594    0.79765    0.04567
    898.89000    1.83874    0.03400    0.80645    0.03166
    900.51000    1.77444    0.04554    0.80400    0.07100
    903.17000    1.83534    0.04119    0.83823    0.06288
    907.91000    1.82202    0.02821    0.82679    0.04114
    910.39000    1.83219    0.04728    0.85952    0.07490
    913.35000    1.74201    0.04219    0.77783    0.03197
    915.42000    1.79146    0.04618    0.81167    0.05293
    918.97000    1.84086    0.06097    0.78741    0.03396
    923.69000    1.78014    0.05873    0.76610    0.03949
    929.10000    1.89296    0.04417    0.79991    0.04318
    933.07000    1.83668    0.03819    0.85389    0.03982
    936.75000    1.79030    0.05026    0.86246    0.04642
    940.02000    1.77170    0.03699    0.81678    0.06704
    941.09000    1.73997    0.04906    0.89748    0.05511
    944.10000    1.70093    0.06528    0.88156    0.05292
    947.68000    1.77907    0.03963    0.73434    0.05966
    950.92000    1.69330    0.07018    0.83143    0.04303
    953.50000    1.91113    0.04527    0.82470    0.03009
    955.91000    1.89653    0.07053    0.86016    0.06124
    960.45000    1.71656    0.06065    0.93874    0.05744
    963.04000    1.86043    0.05708    0.77526    0.07207
    965.56000    1.81009    0.03197    0.80614    0.03491
    967.44000    1.88593    0.04186    0.80767    0.04105
   1097.02000    1.81949    0.07678    0.72370    0.03736
   1100.38000    1.68297    0.07671    0.79611    0.03754
   1102.74000    1.70498    0.05867    0.81645    0.04274
   1106.63000    1.93909    0.06807    0.78418    0.06024
   1107.99000    1.75549    0.06371    0.77410    0.04996
   1110.44000    1.79383    0.07538    0.64509    0.06790
   1113.62000    1.86273    0.06493    0.75466    0.05358
   1115.10000    1.80135    0.06241    0.87249    0.04537
   1118.32000    1.71945    0.04390    0.85874    0.07022
   1121.98000    1.74413    0.03457    0.80232    0.07056
   1125.38000    1.73692    0.06386    0.73163    0.06460
   1128.61000    1.68251    0.02380    0.75174    0.06491
   1134.73000    1.68853    0.06290    0.73716    0.04951
   1136.43000    1.74769    0.03432    0.80855    0.03044
   1138.98000    1.73415    0.05241    0.67732    0.04502
   1142.46000    1.70744    0.05467    0.78603    0.07586
   1146.69000    1.76532    0.05402    0.77109    0.03902
   1148.66000    1.74281    0.06614    0.77088    0.04453
   1151.96000    1.67530    0.06022    0.73988    0.01454
   1156.74000    1.75019    0.04778    0.70863    0.05649
   1159.32000    1.67725    0.06352    0.81839    0.06117
   1162.37000    1.60675    0.05036    0.72529    0.02971
   1164.24000    1.67518    0.02205    0.83522    0.05374
   1166.29000    1.65361    0.03552    0.74705    0.05867
   1167.18000    1.73054    0.06772    0.76722    0.01893
   1168.37000    1.64458    0.07863    0.79548    0.01443
   1170.95000    1.68033    0.03851    0.75925    0.03497
   1172.45000    1.64880    0.03094    0.79256    0.05707
   1175.14000    1.65765    0.05951    0.79422    0.05967
   1178.02000    1.74078    0.03904    0.72412    0.06593
   1180.84000    1.74149    0.05513    0.85996    0.05220
   1184.42000    1.76294    0.07404    0.74634    0.01782
   1187.59000    1.71450    0.04490    0.73872    0.03885
   1190.68000    1.84013    0.08550    0.76016    0.04474
   1191.11000    1.75489    0.06514    0.74400    0.05776
   1194.73000    1.69129    0.06218    0.77638    0.05633
   1195.55000    1.73029    0.07780    0.79915    0.07141
   1197.49000    1.59502    0.06733    0.77047    0.01961
   1199.09000    1.73893    0.05596    0.83540    0.07984
   1202.66000    1.59336    0.03380    0.88232    0.06358
   1203.73000    1.69314    0.04577    0.87898    0.04929
   1203.95000    1.69404    0.05284    0.75753    0.03393
   1206.94000    1.70168    0.06776    0.76799    0.02624
   1210.52000    1.68213    0.09225    0.77638    0.03676
   1212.62000    1.74283    0.06835    0.82236    0.04266
   1217.14000    1.72895    0.06377    0.73811    0.04221
   1219.51000    1.72396    0.04213    0.79133    0.06073
   1221.72000    1.53230    0.06110    0.74481    0.05951
   1224.74000    1.66509    0.06527    0.72934    0.05889
   1229.29000    1.69288    0.04025    0.68570    0.05401
   1230.55000    1.68121    0.00342    0.78833    0.06125
   1234.22000    1.58970    0.06509    0.73247    0.04288
   1235.94000    1.66433    0.03586    0.77475    0.06429
   1238.24000    1.55952    0.06208    0.72317    0.07453
   1240.61000    1.65234    0.07415    0.79144    0.02481
   1242.99000    1.62668    0.03770    0.66467    0.04425
   1246.15000    1.66758    0.03622    0.74739    0.02608
   1248.86000    1.64212    0.03737    0.70969    0.02541
   1251.67000    1.59170    0.07031    0.83774    0.04839
   1254.19000    1.69116    0.05987    0.80125    0.03435
   1257.41000    1.68551    0.03256    0.88022    0.06239
   1260.32000    1.71131    0.06392    0.77815    0.04838
   1262.65000    1.70674    0.03761    0.73673    0.04603
   1265.34000    1.64150    0.03949    0.73440    0.05027
   1268.05000    1.68623    0.03911    0.72950    0.02905
   1269.02000    1.60220    0.07736    0.73531    0.04387
   1273.05000    1.71038    0.06957    0.69871    0.06033
   1275.53000    1.68817    0.03265    0.84922    0.07131
   1279.09000    1.65337    0.04624    0.78244    0.06674
   1281.45000    1.64163    0.04676    0.70106    0.05842
   1284.64000    1.63711    0.04434    0.73864    0.05421
   1286.69000    1.66947    0.03979    0.80572    0.03934
   1290.34000    1.67762    0.05372    0.75620    0.04835
   1293.50000    1.70077    0.04157    0.71115    0.06315
   1295.10000    1.68958    0.03625    0.74961    0.05713
   1299.93000    1.65234    0.05120    0.74646    0.06996
   1301.67000    1.67092    0.04598    0.74713    0.02571
   1303.12000    1.70442    0.04950    0.76581    0.03613
   1305.33000    1.75075    0.07060    0.73644    0.05475
   1308.30000    1.53866    0.07160    0.49872    0.08178
   1310.98000    1.48959    0.06819    0.73501    0.07892
   1315.36000    1.66743    0.03753    0.77574    0.03720
   1317.20000    1.61261    0.07018    0.66643    0.07068
   1320.08000    1.57696    0.04040    0.74337    0.04524
   1323.73000    1.68176    0.03368    0.77251    0.06581
   1325.66000    1.63488    0.06441    0.71947    0.02845
   1327.64000    1.63918    0.06152    0.73268    0.02922
   1329.67000    1.65267    0.04480    0.72172    0.03591
   1333.60000    1.60815    0.06064    0.66875    0.06818
   1464.63000    1.60838    0.05138    0.73533    0.07000
   1467.86000    1.69310    0.06357    0.73575    0.05357
   1472.76000    1.66215    0.06268    0.72742    0.07598
   1475.11000    1.63059    0.05523    0.70540    0.04276
   1477.96000    1.62016    0.06519    0.67143    0.06766
   1481.23000    1.64795    0.06220    0.61470    0.04303
   1484.39000    1.74566    0.07287    0.93365    0.06757
   1488.18000    1.60407    0.06191    0.64549    0.04366
   1490.81000    1.64043    0.05319    0.81444    0.05228
   1492.52000    1.56972    0.03176    0.78336    0.04600
   1494.98000    1.60586    0.06022    0.67876    0.04901
   1497.18000    1.62262    0.03628    0.72797    0.04878
   1501.32000    1.66500    0.06666    0.80586    0.06256
   1505.45000    1.63838    0.06384    0.69444    0.03305
   1508.75000    1.50212    0.07771    0.70002    0.04691
   1510.57000    1.52856    0.05983    0.75280    0.06828
   1514.31000    1.62176    0.04782    0.72575    0.07188
   1518.31000    1.57106    0.04493    0.70007    0.04930
   1521.24000    1.64345    0.04912    0.63476    0.07477
   1523.02000    1.59588    0.02436    0.77349    0.05676
   1526.18000    1.59305    0.02944    0.77769    0.06663
   1529.03000    1.58391    0.06723    0.77740    0.06193
   1531.52000    1.62037    0.03671    0.69474    0.05948
   1533.78000    1.67091    0.06036    0.82531    0.04567
   1537.24000    1.57298    0.05986    0.71981    0.06911
   1541.03000    1.60824    0.06137    0.74596    0.02000
   1543.54000    1.54491    0.07084    0.71256    0.02659
   1546.48000    1.66429    0.05736    0.76636    0.04935
   1549.15000    1.59848    0.06850    0.73155    0.06849
   1553.16000    1.59591    0.05566    0.69852    0.03678
   1558.67000    1.55492    0.05910    0.67470    0.04395
   1561.24000    1.52938    0.05676    0.71336    0.05500
   1565.03000    1.74598    0.05957    0.85947    0.08101
   1568.86000    1.55909    0.06664    0.73090    0.06235
   1574.93000    1.64844    0.06130    0.74427    0.04905
   1576.64000    1.72244    0.04540    0.71144    0.05505
   1580.02000    1.69710    0.03746    0.77156    0.08815
   1581.90000    1.65757    0.06075    0.61459    0.06142
   1583.80000    1.61587    0.03511    0.71607    0.04501
   1586.08000    1.65953    0.04148    0.73245    0.06581
   1588.45000    1.63999    0.05267    0.78419    0.06656
   1591.10000    1.64190    0.04893    0.73169    0.04457
   1594.24000    1.75219    0.08952    0.73040    0.05376
   1596.89000    1.65728    0.04488    0.69500    0.05518
   1600.63000    1.65922    0.04461    0.66567    0.05567
   1603.08000    1.64549    0.02528    0.67874    0.05429
   1606.10000    1.65716    0.04330    0.71522    0.04918
   1609.90000    1.66934    0.04344    0.69604    0.06526
   1611.79000    1.66213    0.06230    0.66960    0.03228
   1616.16000    1.64511    0.04600    0.69641    0.02209
   1619.51000    1.60940    0.05471    0.67169    0.05387
   1622.67000    1.72132    0.05852    0.77351    0.05047
   1625.37000    1.68506    0.05096    0.75614    0.06163
   1630.00000    1.66338    0.02536    0.77702    0.03417
   1633.08000    1.70437    0.07517    0.70570    0.06489
   1635.78000    1.70746    0.05802    0.72548    0.03224
   1640.11000    1.68031    0.02150    0.63214    0.05784
   1644.36000    1.69210    0.04182    0.72909    0.04202
   1647.13000    1.71319    0.05570    0.71845    0.04309
   1648.07000    1.55443    0.04137    0.75396    0.08181
   1650.42000    1.71777    0.05712    0.77410    0.06839
   1653.99000    1.64719    0.08047    0.64602    0.04817
   1658.92000    1.64506    0.04264    0.76102    0.07180
   1662.72000    1.63703    0.05528    0.76733    0.03803
   1667.01000    1.61926    0.05335    0.65586    0.05145
   1670.37000    1.64504    0.07815    0.72871    0.05507
   1673.15000    1.76705    0.06248    0.73598    0.02800
   1676.27000    1.59828    0.05456    0.80796    0.03147
   1678.74000    1.65625    0.05368    0.72436    0.04073
   1682.58000    1.67909    0.07235    0.71779    0.03480
   1687.15000    1.59322    0.04518    0.71017    0.04072
   1689.73000    1.66615    0.07258    0.76408    0.04450
   1694.77000    1.61332    0.05368    0.74292    0.06437
   1695.54000    1.72144    0.07412    0.65786    0.07365
   1698.22000    1.66261    0.02273    0.86632    0.04414
