## Time Delay Challenge light curves
##
## [time]=days, [lc]=[err]=flux in nanomaggies
##
##       time       lc_A      err_A       lc_B      err_B
##-------------------------------------------------------
      1.98000    0.85515    0.08868    0.63379    0.04853
      4.91000    0.63351    0.04365    0.65296    0.07951
      8.42000    0.64938    0.07000    0.66943    0.05053
     10.70000    0.69022    0.06532    0.68577    0.05549
     12.13000    0.64084    0.05306    0.65876    0.02363
     17.00000    0.72248    0.05140    0.61505    0.06346
     22.79000    0.73472    0.07486    0.64224    0.04302
     26.68000    0.69580    0.03885    0.65848    0.05605
     29.26000    0.65854    0.06992    0.65894    0.06095
     32.49000    0.72738    0.03511    0.67914    0.02327
     35.04000    0.75576    0.03876    0.67196    0.07323
     38.69000    0.74858    0.05913    0.70191    0.06059
     42.80000    0.64321    0.06700    0.70149    0.04394
     46.40000    0.72853    0.05394    0.68860    0.06121
     50.32000    0.76467    0.07897    0.75554    0.04792
     53.03000    0.66158    0.04498    0.62222    0.08755
     54.99000    0.67006    0.04295    0.72061    0.05131
     57.61000    0.70946    0.06549    0.60026    0.06517
     60.92000    0.67810    0.05448    0.64036    0.04138
     64.62000    0.79544    0.03704    0.60494    0.07759
     68.48000    0.77103    0.06279    0.69281    0.00814
     71.08000    0.74579    0.06172    0.74297    0.03987
     74.11000    0.71621    0.05715    0.82191    0.06446
     75.25000    0.77611    0.03063    0.66810    0.03534
     76.64000    0.69554    0.02462    0.74441    0.03745
     80.21000    0.76314    0.06657    0.57830    0.05790
     83.09000    0.71908    0.06390    0.81885    0.06496
     85.52000    0.85400    0.06167    0.72873    0.03228
     87.82000    0.74761    0.03291    0.81896    0.04729
     89.21000    0.76372    0.03130    0.69839    0.06570
     91.11000    0.59858    0.06548    0.66442    0.07083
     94.38000    0.73418    0.05510    0.79957    0.07178
     98.18000    0.76978    0.03933    0.81813    0.06548
    102.16000    0.78562    0.05911    0.69486    0.06876
    103.71000    0.77290    0.03835    0.64200    0.06498
    106.12000    0.79594    0.03419    0.86339    0.06676
    109.63000    0.88492    0.05944    0.71188    0.04066
    111.82000    0.76587    0.07861    0.74495    0.04220
    113.91000    0.82539    0.02705    0.78464    0.06462
    116.00000    0.97214    0.07480    0.71649    0.03853
    118.60000    0.87210    0.05484    0.67539    0.04383
    122.13000    0.80894    0.06777    0.72352    0.04695
    124.79000    0.84379    0.04402    0.67577    0.03043
    128.21000    0.84421    0.06142    0.73881    0.05204
    131.54000    0.91805    0.05174    0.68526    0.06829
    134.55000    0.85557    0.03279    0.76264    0.03900
    138.08000    0.83208    0.06683    0.78625    0.05002
    140.72000    0.81487    0.05838    0.82090    0.07336
    144.88000    0.84046    0.03070    0.74950    0.05431
    148.14000    0.83296    0.02693    0.79522    0.07902
    151.38000    0.82621    0.03135    0.70914    0.04279
    154.53000    0.77925    0.05827    0.74614    0.05635
    158.13000    0.80560    0.05238    0.72518    0.04688
    162.50000    0.88408    0.04935    0.74009    0.04555
    166.46000    0.81061    0.04847    0.71406    0.05947
    168.21000    0.85593    0.05446    0.73558    0.07695
    171.72000    0.89375    0.06209    0.77514    0.02721
    174.83000    0.86555    0.02638    0.79293    0.05163
    179.48000    0.77221    0.05031    0.79198    0.02517
    184.61000    0.83061    0.03908    0.80785    0.04382
    187.98000    0.87593    0.05873    0.77447    0.01340
    193.02000    0.87761    0.02374    0.71054    0.06593
    196.65000    0.82760    0.05670    0.81043    0.08050
    198.09000    0.94432    0.07003    0.69605    0.04673
    198.27000    0.86849    0.05380    0.73472    0.03999
    201.73000    0.90908    0.05411    0.70252    0.05326
    204.15000    0.83800    0.06947    0.90271    0.09170
    208.16000    0.93088    0.05670    0.76449    0.06212
    211.31000    0.92194    0.05297    0.65054    0.04651
    214.62000    0.96298    0.05075    0.63749    0.03783
    218.23000    0.84766    0.03942    0.67849    0.02302
    223.09000    0.81116    0.03424    0.72537    0.06344
    227.32000    0.83735    0.06299    0.72899    0.04573
    229.89000    0.87587    0.02785    0.77561    0.05209
    232.98000    0.84240    0.02731    0.74848    0.06741
    234.65000    0.81654    0.06713    0.73413    0.02709
    237.33000    0.80326    0.05847    0.74706    0.06056
    366.29000    0.80781    0.06771    0.70440    0.05429
    370.10000    0.76483    0.03940    0.70841    0.04222
    371.04000    0.78678    0.05743    0.63957    0.03871
    374.74000    0.83685    0.05169    0.74145    0.03797
    379.05000    0.89328    0.06213    0.70808    0.04500
    381.44000    0.83155    0.03432    0.64269    0.06715
    384.50000    0.75704    0.04464    0.73857    0.05315
    388.76000    0.84265    0.02856    0.67635    0.06912
    393.42000    0.84475    0.04362    0.70291    0.05514
    397.44000    0.83822    0.05054    0.69762    0.03433
    400.05000    0.74923    0.04585    0.67475    0.04356
    402.82000    0.76623    0.04793    0.67520    0.06969
    405.49000    0.89291    0.06438    0.60228    0.06977
    407.63000    0.76627    0.07929    0.69235    0.04853
    413.01000    0.76609    0.06663    0.64777    0.03072
    414.62000    0.82963    0.05294    0.59823    0.02227
    416.22000    0.82109    0.03353    0.64972    0.06333
    420.67000    0.84082    0.05749    0.67490    0.05167
    424.30000    0.83545    0.05533    0.60783    0.03036
    426.95000    0.88430    0.06498    0.63958    0.02701
    431.95000    0.70116    0.05641    0.61030    0.04232
    434.09000    0.70355    0.06580    0.81205    0.08576
    436.76000    0.86929    0.06441    0.58761    0.04878
    440.53000    0.80222    0.06979    0.62777    0.01332
    445.89000    0.74703    0.05778    0.58676    0.05231
    448.74000    0.67875    0.03640    0.68382    0.05709
    452.08000    0.75762    0.03196    0.71334    0.04749
    454.96000    0.82075    0.06704    0.69020    0.04416
    457.03000    0.72562    0.05098    0.58108    0.05680
    459.76000    0.75158    0.08777    0.60456    0.03177
    462.87000    0.79065    0.06967    0.60620    0.05121
    464.88000    0.75908    0.04561    0.59572    0.09401
    469.20000    0.69502    0.04948    0.58673    0.03252
    472.42000    0.69195    0.05935    0.56653    0.06521
    475.05000    0.84394    0.07810    0.61494    0.06151
    479.54000    0.68163    0.07548    0.50070    0.04256
    482.59000    0.70777    0.06838    0.52630    0.07499
    486.07000    0.72242    0.03687    0.49098    0.04686
    488.59000    0.70019    0.05368    0.57979    0.06879
    490.70000    0.70174    0.02070    0.55506    0.05941
    494.12000    0.64779    0.04731    0.50402    0.02214
    498.17000    0.72404    0.05285    0.49844    0.03557
    502.40000    0.62521    0.06436    0.49012    0.05825
    505.60000    0.73958    0.07306    0.51664    0.04297
    507.88000    0.67690    0.06311    0.48851    0.04320
    510.09000    0.68113    0.01153    0.58713    0.05963
    514.93000    0.67789    0.05121    0.47502    0.06072
    518.10000    0.64468    0.04553    0.60760    0.04831
    521.15000    0.57077    0.06964    0.53919    0.07618
    523.55000    0.56583    0.07451    0.60319    0.05591
    526.29000    0.62050    0.06905    0.54711    0.07832
    527.54000    0.54563    0.06734    0.52242    0.04774
    530.60000    0.58285    0.05854    0.50599    0.03767
    534.79000    0.55238    0.04885    0.50495    0.08321
    539.19000    0.62657    0.05352    0.50769    0.05188
    540.09000    0.59308    0.06015    0.67536    0.03858
    542.69000    0.66361    0.05216    0.42829    0.06573
    546.79000    0.63826    0.06366    0.56743    0.04443
    549.83000    0.61085    0.00827    0.56648    0.03670
    552.94000    0.59598    0.03369    0.54089    0.03323
    556.40000    0.54266    0.04994    0.49073    0.04546
    559.34000    0.58469    0.05255    0.53823    0.05994
    560.92000    0.74942    0.07769    0.61946    0.06347
    562.35000    0.64542    0.03099    0.51095    0.04660
    564.64000    0.56345    0.06837    0.44156    0.04747
    570.06000    0.62297    0.03773    0.55216    0.06581
    574.28000    0.58416    0.07587    0.54214    0.07066
    577.53000    0.52175    0.06622    0.52758    0.03187
    580.00000    0.61978    0.08043    0.45232    0.07029
    582.42000    0.64036    0.06108    0.53941    0.04713
    585.74000    0.59271    0.07527    0.54530    0.08165
    589.39000    0.55867    0.08093    0.54497    0.03974
    592.47000    0.64579    0.05468    0.57118    0.06247
    593.77000    0.60616    0.05481    0.57929    0.02744
    595.20000    0.62514    0.02865    0.51208    0.05701
    598.23000    0.59455    0.05681    0.52186    0.05527
    602.18000    0.60709    0.04020    0.53808    0.06693
    604.17000    0.54771    0.04379    0.54888    0.04560
    730.54000    0.70254    0.04474    0.56264    0.05520
    732.11000    0.61082    0.03881    0.67675    0.08451
    734.73000    0.59685    0.01991    0.56242    0.07152
    737.51000    0.51995    0.05955    0.62418    0.06881
    740.95000    0.60652    0.03995    0.57999    0.05592
    744.87000    0.63587    0.06164    0.57665    0.06902
    747.98000    0.59254    0.04939    0.62907    0.06458
    752.79000    0.60692    0.05051    0.52817    0.05119
    754.73000    0.46340    0.08272    0.58080    0.04764
    757.48000    0.61543    0.06949    0.50320    0.06273
    759.14000    0.68401    0.05113    0.63656    0.04878
    761.72000    0.65851    0.02097    0.54192    0.05461
    763.84000    0.65488    0.05764    0.57835    0.04177
    765.41000    0.62985    0.02101    0.66910    0.06853
    767.34000    0.62268    0.03543    0.50302    0.04971
    769.64000    0.74540    0.04369    0.55687    0.05826
    772.48000    0.74214    0.05511    0.56326    0.07489
    774.75000    0.78428    0.06328    0.51640    0.07213
    776.68000    0.74137    0.06245    0.56966    0.02955
    780.09000    0.72683    0.04916    0.55594    0.07278
    783.48000    0.78586    0.06350    0.55790    0.04175
    786.26000    0.71452    0.05871    0.59870    0.03209
    789.23000    0.76658    0.06868    0.51327    0.06138
    791.25000    0.78647    0.07640    0.50170    0.06876
    793.87000    0.81262    0.06646    0.65274    0.04435
    798.40000    0.71920    0.03482    0.55987    0.07073
    802.37000    0.62454    0.03834    0.58081    0.06175
    805.90000    0.69593    0.05317    0.58320    0.06178
    808.52000    0.66255    0.01701    0.55310    0.04299
    812.33000    0.67282    0.01242    0.65523    0.04205
    815.54000    0.64471    0.07071    0.54557    0.06823
    820.18000    0.57319    0.06853    0.64226    0.04534
    822.61000    0.71619    0.06512    0.64352    0.02786
    825.81000    0.67062    0.04095    0.62810    0.06170
    827.27000    0.67432    0.01727    0.48725    0.07782
    831.38000    0.64330    0.06629    0.66413    0.03427
    831.88000    0.65890    0.01548    0.60272    0.05996
    834.68000    0.73816    0.08056    0.63545    0.07136
    836.36000    0.51530    0.08400    0.62147    0.04075
    837.93000    0.66143    0.03578    0.48920    0.08635
    842.14000    0.63167    0.06889    0.59875    0.03563
    844.62000    0.59375    0.06416    0.67931    0.07747
    847.04000    0.63843    0.04567    0.61263    0.05853
    850.44000    0.73413    0.05034    0.62074    0.04132
    854.10000    0.69999    0.04912    0.65582    0.06817
    857.97000    0.79707    0.05564    0.67265    0.05583
    862.12000    0.74156    0.05419    0.61918    0.04535
    863.90000    0.69059    0.03502    0.61576    0.05034
    867.38000    0.74461    0.05363    0.73350    0.06945
    870.53000    0.72499    0.05588    0.71083    0.04650
    872.97000    0.63590    0.07063    0.69412    0.03790
    875.50000    0.84631    0.06535    0.61476    0.04909
    878.81000    0.80113    0.06115    0.64932    0.06453
    881.01000    0.86250    0.05112    0.59830    0.06603
    882.75000    0.76339    0.05162    0.64165    0.05929
    885.23000    0.71339    0.07264    0.62041    0.07331
    888.66000    0.71345    0.03700    0.64648    0.02476
    891.86000    0.75250    0.06883    0.64646    0.02510
    894.63000    0.62453    0.07105    0.62703    0.01141
    898.09000    0.72406    0.06176    0.66519    0.05717
    899.61000    0.69415    0.07786    0.62001    0.07493
    903.33000    0.71508    0.04273    0.60603    0.06585
    906.79000    0.77734    0.03694    0.76238    0.05280
    910.20000    0.87119    0.06628    0.77682    0.10889
    913.44000    0.69936    0.05603    0.67120    0.04700
    917.42000    0.75442    0.06146    0.65078    0.02475
    919.04000    0.71589    0.03833    0.67616    0.06847
    922.97000    0.74261    0.05631    0.54397    0.05897
    926.49000    0.73202    0.07258    0.61713    0.06331
    929.49000    0.70708    0.05576    0.64431    0.07486
    931.92000    0.73552    0.05322    0.60317    0.08337
    936.21000    0.65823    0.05739    0.57339    0.07178
    938.68000    0.69911    0.08412    0.56710    0.05719
    941.45000    0.70585    0.03656    0.63031    0.04408
    944.69000    0.80083    0.04976    0.62826    0.04148
    945.93000    0.75774    0.05403    0.62649    0.02589
    948.77000    0.87843    0.06337    0.74999    0.06578
    949.40000    0.79366    0.04288    0.69628    0.04020
    951.98000    0.74624    0.01511    0.66926    0.05644
    952.80000    0.70953    0.05780    0.69740    0.05656
    954.75000    0.74367    0.04935    0.68134    0.05369
    958.73000    0.82381    0.05646    0.72145    0.06828
    960.94000    0.76577    0.05751    0.76452    0.05885
    963.36000    0.79195    0.05438    0.59654    0.04717
    966.35000    0.75847    0.04571    0.66533    0.05282
    968.83000    0.65528    0.04957    0.73046    0.05795
   1095.36000    0.83771    0.08715    0.71176    0.02641
   1099.29000    0.86083    0.03654    0.78270    0.06627
   1101.71000    0.85502    0.06727    0.73757    0.06713
   1106.62000    0.81981    0.03296    0.77928    0.05004
   1109.48000    0.80087    0.04264    0.71866    0.05346
   1113.93000    0.83163    0.04825    0.74560    0.06506
   1117.41000    0.88188    0.03061    0.72576    0.06060
   1120.23000    0.75971    0.06991    0.75539    0.06658
   1124.67000    0.80239    0.04485    0.58378    0.09552
   1127.34000    0.84097    0.06658    0.76285    0.06297
   1129.29000    0.90077    0.06373    0.72824    0.02975
   1131.84000    0.59180    0.08284    0.68432    0.03242
   1133.59000    0.83622    0.01311    0.58902    0.06452
   1136.40000    0.82098    0.08648    0.70138    0.03348
   1138.57000    0.83587    0.04295    0.66283    0.05293
   1142.64000    0.81703    0.03036    0.72784    0.07272
   1145.83000    0.75696    0.03897    0.60908    0.07684
   1147.47000    0.93125    0.05381    0.66564    0.04456
   1151.14000    0.80905    0.03487    0.84641    0.08158
   1153.82000    0.71033    0.06095    0.74609    0.01529
   1154.84000    0.76116    0.06510    0.71962    0.06882
   1158.93000    0.75538    0.05033    0.74720    0.06189
   1161.93000    0.84802    0.06763    0.63035    0.06602
   1164.85000    0.83650    0.04276    0.78664    0.07071
   1167.91000    0.80017    0.04335    0.79810    0.07443
   1170.06000    0.79918    0.05532    0.68512    0.07733
   1172.74000    0.73960    0.07086    0.70945    0.05029
   1176.03000    0.86740    0.07422    0.71612    0.05069
   1179.11000    0.81375    0.05527    0.73676    0.06539
   1182.71000    0.82488    0.03667    0.67325    0.08111
   1186.87000    0.80986    0.05311    0.67436    0.07354
   1190.28000    0.79335    0.04310    0.80262    0.05136
   1191.15000    0.83409    0.05487    0.70928    0.07115
   1195.30000    0.81168    0.06037    0.74794    0.06579
   1198.69000    0.83126    0.05930    0.68826    0.05015
   1201.15000    0.74964    0.04966    0.75299    0.02852
   1203.11000    0.83344    0.04959    0.73546    0.06129
   1205.87000    0.84621    0.05246    0.65867    0.06058
   1208.43000    0.87118    0.06811    0.66959    0.01787
   1210.98000    0.88953    0.03332    0.76027    0.04466
   1213.04000    0.84595    0.09281    0.79983    0.06470
   1214.89000    0.83610    0.08407    0.71403    0.02505
   1217.18000    0.84064    0.06297    0.88788    0.07168
   1220.61000    0.82786    0.05005    0.67328    0.06725
   1223.35000    0.71869    0.10690    0.78389    0.05399
   1226.08000    0.84555    0.05185    0.72437    0.04472
   1229.86000    1.05039    0.06796    0.73881    0.03550
   1233.15000    0.86452    0.04840    0.74834    0.04158
   1236.43000    0.85876    0.03287    0.71833    0.05203
   1240.60000    0.78432    0.05971    0.69554    0.03425
   1244.57000    0.93200    0.06744    0.70929    0.06582
   1247.29000    0.84761    0.04636    0.76061    0.08230
   1248.24000    0.82591    0.08365    0.77918    0.05592
   1251.78000    0.91243    0.05154    0.71017    0.06338
   1252.82000    0.81071    0.06222    0.73304    0.05516
   1255.73000    0.80777    0.03543    0.75742    0.06666
   1259.07000    0.79423    0.06044    0.71900    0.04352
   1261.40000    0.83131    0.05886    0.74983    0.04147
   1264.27000    0.87453    0.07249    0.79933    0.04289
   1268.07000    0.87917    0.02712    0.79421    0.03365
   1272.00000    0.83866    0.01990    0.81316    0.05029
   1274.67000    0.86107    0.06531    0.81269    0.03438
   1277.42000    0.77895    0.06864    0.69811    0.05907
   1279.84000    0.89488    0.05984    0.68476    0.07490
   1284.00000    0.83146    0.04203    0.70095    0.05411
   1285.93000    0.87228    0.03643    0.72110    0.02494
   1289.61000    0.87390    0.03769    0.66279    0.06153
   1293.68000    0.91314    0.05221    0.76293    0.02174
   1295.77000    0.85888    0.01558    0.84511    0.04077
   1298.80000    0.91965    0.05488    0.84854    0.04895
   1302.04000    0.88232    0.09770    0.75176    0.05869
   1305.11000    0.80623    0.06438    0.77173    0.06208
   1307.56000    0.92871    0.05982    0.78102    0.04834
   1311.70000    0.92738    0.05259    0.70727    0.08542
   1314.47000    0.81320    0.07324    0.71038    0.05911
   1318.12000    0.91524    0.04734    0.77025    0.06120
   1320.46000    0.81156    0.07094    0.73274    0.05111
   1323.28000    0.84370    0.05208    0.88247    0.06233
   1328.17000    0.74468    0.05438    0.66938    0.08333
   1332.28000    0.79802    0.04228    0.73223    0.04553
   1333.90000    0.83346    0.06407    0.78725    0.03529
   1460.42000    0.94003    0.05198    0.92287    0.05982
   1463.40000    0.88391    0.03122    0.78383    0.03563
   1466.23000    0.78711    0.04801    0.95953    0.04166
   1470.06000    0.90396    0.05102    0.84256    0.05828
   1474.10000    0.96007    0.04983    0.92431    0.03978
   1477.07000    0.97750    0.04343    0.92670    0.07658
   1480.44000    0.80415    0.07156    0.85668    0.03823
   1485.22000    0.92003    0.04690    0.86639    0.03365
   1486.58000    0.92953    0.04221    0.87925    0.03819
   1490.33000    0.93971    0.05852    0.83254    0.03556
   1492.14000    0.82187    0.05294    0.86329    0.04111
   1495.60000    0.83289    0.04583    0.74298    0.07405
   1497.45000    0.92063    0.06109    0.86349    0.06335
   1502.54000    1.08299    0.03435    0.88098    0.04563
   1504.70000    0.90949    0.06067    0.85549    0.07098
   1508.09000    0.99594    0.02219    0.91696    0.08716
   1511.43000    0.98038    0.07174    0.98637    0.03844
   1514.74000    1.00018    0.04478    0.89826    0.06671
   1518.97000    1.01655    0.05678    0.90943    0.05505
   1521.11000    0.94144    0.07130    0.82676    0.06376
   1524.21000    1.04857    0.06547    0.85127    0.05282
   1526.51000    0.92557    0.04871    0.93210    0.02493
   1528.60000    1.12238    0.06447    0.93070    0.05494
   1530.79000    1.02802    0.04635    0.89277    0.04414
   1533.76000    0.99086    0.08185    0.94910    0.04992
   1537.38000    1.05212    0.09432    1.00699    0.06369
   1541.87000    1.07421    0.06993    1.01299    0.02755
   1543.96000    1.10598    0.06124    1.05948    0.05602
   1546.48000    1.07237    0.05520    0.92968    0.04312
   1549.58000    1.06186    0.07096    0.97639    0.02526
   1552.40000    0.99678    0.05448    0.95794    0.06631
   1556.48000    1.07231    0.04934    1.04909    0.04230
   1559.53000    1.01116    0.08765    0.87825    0.04291
   1563.62000    0.98579    0.06441    0.94662    0.07897
   1566.62000    1.02379    0.04633    0.88948    0.05415
   1569.85000    1.00926    0.03823    1.01064    0.04632
   1571.49000    1.00707    0.04569    1.08002    0.06610
   1572.64000    0.94607    0.06532    1.01014    0.03707
   1575.44000    1.07356    0.05799    1.04465    0.04625
   1579.97000    1.15661    0.04133    1.10903    0.03401
   1582.62000    1.07152    0.06096    1.07628    0.05310
   1584.51000    1.18427    0.06159    1.14518    0.07007
   1589.15000    1.20805    0.05954    1.12269    0.05318
   1591.39000    1.13057    0.04766    1.01280    0.05004
   1593.76000    1.16673    0.03327    1.16770    0.05090
   1596.24000    1.21702    0.05681    1.18852    0.06592
   1598.66000    1.14701    0.03335    1.00544    0.04488
   1601.78000    1.25907    0.06363    0.94669    0.08470
   1605.49000    1.19870    0.04664    1.13816    0.05473
   1608.91000    1.20092    0.05000    1.06700    0.04994
   1612.38000    1.27903    0.03421    1.06714    0.03859
   1615.99000    1.20266    0.04556    1.02724    0.04125
   1619.73000    1.28758    0.04673    1.05947    0.03757
   1623.41000    1.26545    0.01619    0.98101    0.07482
   1626.48000    1.25878    0.03654    1.02373    0.02986
   1631.72000    1.20387    0.04800    1.04150    0.06760
   1634.61000    1.13868    0.06453    0.98744    0.06620
   1637.73000    1.23140    0.01833    1.02794    0.03951
   1639.69000    1.27753    0.03132    0.98275    0.02423
   1641.21000    1.13762    0.04635    0.96759    0.06183
   1643.27000    1.28339    0.05020    0.95069    0.06809
   1646.47000    1.30729    0.03960    0.97502    0.05547
   1649.34000    1.20019    0.02559    0.91993    0.03734
   1654.83000    1.21366    0.02715    1.07557    0.05182
   1656.78000    1.13560    0.07771    1.05831    0.04812
   1658.95000    1.13094    0.03164    0.91117    0.08535
   1662.23000    1.21869    0.08034    1.00280    0.06942
   1665.87000    1.27886    0.04228    1.02791    0.05861
   1669.39000    1.30785    0.03848    0.96001    0.04311
   1673.02000    1.23321    0.05275    0.96435    0.04382
   1676.45000    1.15639    0.05904    0.96155    0.06040
   1679.69000    1.19093    0.05396    0.93998    0.08066
   1683.22000    1.09422    0.03364    0.95745    0.03700
   1688.15000    1.12663    0.04173    0.93662    0.04002
   1690.95000    1.15487    0.04398    0.83884    0.06678
   1692.63000    1.15950    0.06320    0.96857    0.05843
   1695.54000    1.19267    0.05634    1.18063    0.06387
