## Time Delay Challenge light curves
##
## [time]=days, [lc]=[err]=flux in nanomaggies
##
##       time       lc_A      err_A       lc_B      err_B
##-------------------------------------------------------
      1.60000    0.97207    0.06690    0.77021    0.04554
      4.84000    0.89564    0.06171    0.87817    0.04849
      6.52000    0.86205    0.04092    0.83561    0.04867
     10.53000    0.87941    0.08170    0.73350    0.07303
     13.65000    0.91097    0.05826    0.88966    0.04613
     18.41000    0.93363    0.06138    0.87290    0.04286
     22.74000    0.88902    0.04913    0.87401    0.05473
     26.59000    0.87544    0.03741    0.88129    0.05580
     29.73000    0.91097    0.04027    0.91124    0.01324
     31.94000    0.94955    0.04549    0.95179    0.05549
     33.86000    0.91244    0.03526    0.95623    0.04762
     36.92000    0.86791    0.07437    0.91836    0.02392
     39.79000    0.90299    0.05842    0.88690    0.02910
     44.41000    0.92399    0.05976    1.00650    0.06165
     47.83000    0.89832    0.05185    0.92735    0.03522
     50.76000    0.95828    0.05324    0.85468    0.04919
     53.40000    0.95770    0.02514    1.02099    0.05001
     57.86000    1.00832    0.07271    0.97404    0.06698
     61.50000    0.97272    0.04410    1.04924    0.04950
     64.44000    0.99937    0.04623    0.93472    0.06433
     66.51000    1.00222    0.02546    0.87201    0.05564
     69.05000    0.98944    0.06078    0.87451    0.05034
     71.72000    0.97102    0.06530    0.90574    0.08738
     74.35000    0.93611    0.04920    0.99577    0.04105
     77.47000    0.97033    0.01998    0.92726    0.07285
     80.11000    0.98170    0.04382    0.82387    0.07879
     82.10000    0.80797    0.04494    0.91738    0.06437
     82.56000    1.01436    0.04935    0.91804    0.04457
     86.77000    0.98731    0.03441    0.92557    0.06291
     89.86000    0.98490    0.02740    1.02793    0.07645
     93.17000    1.00106    0.03690    0.88927    0.04509
     96.05000    0.82034    0.04875    0.92286    0.04234
     99.42000    0.91117    0.06519    0.85765    0.06719
    104.41000    0.86248    0.05506    0.89482    0.04905
    108.36000    0.91578    0.01618    0.89696    0.04607
    109.95000    0.95046    0.06541    0.99034    0.06149
    112.54000    0.91455    0.04096    0.85745    0.03508
    115.11000    1.03941    0.05908    0.91199    0.06984
    116.52000    0.95005    0.07165    0.88277    0.03342
    121.11000    0.84476    0.05476    0.81881    0.05400
    123.75000    0.99211    0.05424    0.96261    0.06071
    127.58000    0.97222    0.06091    0.74915    0.07478
    130.92000    0.96873    0.04719    0.95801    0.05947
    131.79000    0.91205    0.04184    0.94400    0.04468
    135.39000    0.87362    0.06756    0.90236    0.07606
    138.34000    1.06272    0.04359    0.90631    0.00949
    141.72000    0.93542    0.04543    0.89591    0.04160
    145.08000    0.96485    0.04049    0.93559    0.04064
    147.57000    1.08772    0.08138    0.90319    0.03639
    149.55000    0.92705    0.06952    0.91431    0.07201
    153.14000    0.89819    0.03001    0.96748    0.05135
    156.53000    0.92435    0.03887    0.96904    0.06716
    159.74000    0.91019    0.03559    0.90770    0.05187
    163.02000    0.99476    0.09312    0.89362    0.05281
    167.10000    0.93447    0.04445    0.91217    0.04171
    169.10000    0.93037    0.06754    0.85581    0.06036
    171.89000    0.94721    0.03426    0.90925    0.02895
    173.77000    0.95753    0.01984    0.85937    0.05844
    174.91000    0.94375    0.05208    0.91131    0.05372
    178.27000    1.01769    0.05759    0.87746    0.04893
    182.32000    0.97693    0.03215    0.85885    0.04990
    186.00000    1.05553    0.04986    0.96153    0.03289
    188.28000    1.10825    0.07092    0.96280    0.02618
    191.83000    0.98369    0.03646    0.97938    0.05021
    195.94000    1.09767    0.03928    0.95785    0.04393
    198.18000    1.08749    0.05978    1.04685    0.04322
    200.69000    1.01100    0.07884    0.98585    0.05501
    202.14000    1.00794    0.07109    1.04450    0.04977
    205.85000    1.04951    0.04385    0.98385    0.06263
    208.52000    1.09964    0.03859    1.03856    0.04011
    211.59000    1.05407    0.04230    1.14302    0.08904
    213.30000    1.18043    0.06536    1.14462    0.10031
    217.74000    1.05113    0.03823    1.12503    0.07260
    220.62000    0.95606    0.05976    0.98180    0.04569
    224.01000    1.10619    0.06859    0.95825    0.06898
    225.36000    1.01321    0.03817    1.01058    0.03200
    229.44000    0.81574    0.08847    0.97738    0.02391
    231.81000    0.94859    0.02664    0.97308    0.08355
    234.44000    1.06494    0.04646    0.98823    0.02909
    236.46000    1.02712    0.06719    0.91638    0.04463
    368.55000    0.93173    0.06691    1.04992    0.04767
    370.29000    1.02713    0.04194    0.92804    0.04740
    372.66000    0.96762    0.03120    1.01137    0.03642
    378.15000    0.95372    0.05442    0.96683    0.01817
    379.57000    0.95023    0.01711    0.90097    0.05566
    384.29000    0.91566    0.03344    1.04678    0.04942
    387.11000    0.89736    0.07063    0.87672    0.04741
    389.96000    0.93705    0.03259    0.98328    0.05314
    393.44000    1.03193    0.04541    0.88353    0.06112
    397.60000    1.05075    0.04930    0.94974    0.06408
    401.34000    0.94951    0.02708    0.95114    0.05265
    403.92000    0.90923    0.01871    0.96587    0.03847
    404.61000    0.85777    0.06796    1.16108    0.09220
    407.40000    0.90585    0.06216    0.95131    0.05373
    411.85000    0.99306    0.05973    0.91860    0.04986
    414.67000    0.80881    0.05908    0.89988    0.07788
    419.48000    0.98097    0.04191    0.92815    0.04511
    422.65000    0.80204    0.05382    0.87517    0.02016
    427.10000    0.88152    0.05924    0.94646    0.06810
    429.49000    0.90508    0.00343    0.88749    0.06130
    432.18000    0.93286    0.04255    0.87596    0.04741
    436.20000    1.07464    0.08305    0.88372    0.03762
    441.82000    0.88361    0.05224    0.87641    0.02143
    446.29000    0.89094    0.02896    0.95962    0.04999
    449.69000    0.89564    0.04333    0.91691    0.07486
    452.87000    0.96161    0.06258    0.90065    0.07471
    456.23000    0.93857    0.04267    0.92114    0.05959
    459.85000    0.90647    0.07782    0.86268    0.06358
    463.33000    0.87682    0.04067    0.95762    0.03559
    466.12000    0.93995    0.05288    0.90361    0.03622
    467.67000    0.94960    0.03651    0.89245    0.05750
    471.00000    0.86569    0.06117    0.83914    0.03992
    475.26000    0.99967    0.05295    0.95217    0.04182
    477.62000    0.91437    0.04420    1.01836    0.07289
    481.87000    0.96492    0.03211    0.83926    0.05874
    484.05000    0.92688    0.06948    0.90347    0.05646
    486.33000    0.97351    0.03506    0.87352    0.04268
    488.28000    0.90646    0.04892    1.05434    0.07013
    490.94000    0.99565    0.05130    0.91077    0.02784
    493.17000    1.02398    0.06773    0.96643    0.02527
    496.38000    0.95558    0.08282    1.02330    0.09072
    500.35000    1.00527    0.02267    0.93989    0.03342
    503.70000    1.02523    0.03433    0.90034    0.05904
    506.03000    0.88533    0.03861    0.90685    0.06345
    508.65000    0.85153    0.04548    1.00425    0.05046
    511.99000    1.00245    0.05637    0.79500    0.06246
    513.58000    0.94483    0.03534    0.90977    0.03218
    517.84000    0.90743    0.05354    0.89867    0.03998
    519.30000    0.91718    0.05249    0.89245    0.01123
    520.63000    0.91269    0.07606    0.85942    0.04719
    522.03000    0.91521    0.03901    1.00509    0.05087
    524.19000    0.87696    0.04499    0.87807    0.01614
    528.72000    0.82303    0.05505    0.84350    0.06726
    530.64000    0.97532    0.05664    0.74032    0.06556
    531.27000    0.86184    0.03561    0.89997    0.03580
    533.98000    0.90961    0.06739    0.84832    0.05418
    536.83000    0.76113    0.05801    0.78005    0.04136
    541.10000    0.85862    0.06538    0.71339    0.05497
    544.15000    0.81806    0.02944    0.76681    0.04518
    547.01000    0.87223    0.04914    0.75798    0.02545
    551.15000    0.88043    0.07091    0.79931    0.00212
    554.49000    0.93793    0.07645    0.71499    0.07165
    558.62000    0.90174    0.01346    1.02449    0.08199
    560.35000    0.83818    0.03205    0.89539    0.05240
    563.71000    0.91668    0.05103    0.84111    0.02546
    567.34000    0.83302    0.06317    0.91672    0.04105
    570.72000    0.80451    0.07067    0.88424    0.04211
    573.34000    0.91364    0.03585    0.79624    0.04024
    576.59000    0.83942    0.03727    0.92432    0.06642
    577.84000    0.83016    0.06460    0.97203    0.05453
    578.88000    0.98128    0.05465    0.93280    0.05527
    582.38000    0.83157    0.04324    0.78249    0.05789
    584.83000    0.78895    0.05010    0.83095    0.05472
    587.37000    0.83421    0.04197    1.08682    0.08023
    589.27000    0.82061    0.04097    0.87507    0.07304
    592.25000    0.84994    0.06253    0.79723    0.04120
    594.25000    0.83864    0.02903    0.95452    0.06666
    596.65000    0.83562    0.02666    0.79434    0.07904
    600.36000    0.84262    0.03239    0.83731    0.03448
    604.42000    0.86067    0.07337    0.82734    0.05104
    735.12000    0.99564    0.06302    0.97636    0.05010
    737.52000    0.83290    0.05737    0.92778    0.05222
    741.94000    0.96818    0.09029    0.80067    0.08047
    743.59000    0.91285    0.05195    0.82513    0.03401
    746.58000    0.83056    0.06126    0.94255    0.04240
    748.03000    0.91592    0.06442    0.95211    0.07143
    749.45000    0.93224    0.04461    0.98913    0.05140
    752.33000    0.95835    0.06221    0.86777    0.03866
    757.96000    0.90750    0.07383    0.89035    0.04514
    759.87000    0.90009    0.04129    0.84919    0.02742
    763.69000    0.88003    0.04536    0.91104    0.03263
    765.73000    0.86363    0.03927    0.87681    0.06784
    767.83000    0.83695    0.04990    0.97951    0.06259
    769.19000    0.77069    0.07270    0.88853    0.06346
    772.54000    0.96229    0.03794    0.67402    0.08314
    775.92000    0.82338    0.05722    0.94010    0.06025
    779.17000    0.91423    0.06094    0.88273    0.05421
    781.23000    0.86058    0.03673    0.95626    0.04559
    784.56000    0.81859    0.04888    0.99875    0.08035
    787.31000    0.76793    0.06208    0.81402    0.06795
    791.69000    0.81103    0.04447    0.94017    0.05276
    794.39000    0.86080    0.02427    0.71502    0.08884
    796.94000    0.77281    0.05957    0.89779    0.07239
    799.77000    0.83204    0.05456    0.89288    0.03685
    803.49000    0.93551    0.06249    0.82402    0.03319
    805.21000    0.88446    0.07640    0.85764    0.06282
    808.66000    0.83417    0.05295    0.76872    0.05861
    811.55000    0.91376    0.03850    0.76438    0.02951
    815.33000    0.93229    0.04716    0.84567    0.05552
    817.54000    0.91012    0.00750    0.82945    0.06377
    819.55000    0.89571    0.04593    0.89013    0.08600
    822.00000    0.91273    0.04417    0.86312    0.03671
    824.48000    0.90130    0.07427    0.83482    0.04898
    828.15000    0.88621    0.03016    0.85876    0.03791
    830.82000    0.88349    0.05472    0.87648    0.06306
    833.49000    0.92067    0.05377    0.90877    0.04320
    838.03000    0.83895    0.06028    0.80682    0.04448
    841.84000    0.93387    0.05402    0.80524    0.07655
    842.30000    0.86330    0.07164    0.81078    0.02799
    844.34000    0.92935    0.06577    0.89251    0.04614
    847.50000    0.88035    0.04979    0.81128    0.05658
    849.61000    1.04049    0.05406    0.93165    0.04683
    851.74000    0.89469    0.04473    0.88242    0.07522
    853.60000    0.99335    0.03895    0.87751    0.05276
    857.51000    0.90795    0.05901    0.95599    0.07759
    859.45000    1.01921    0.06635    0.92419    0.05490
    862.34000    0.89751    0.06394    0.99237    0.05980
    865.39000    1.05873    0.06374    0.96395    0.03900
    868.72000    0.94945    0.06153    0.96966    0.03241
    871.04000    0.84630    0.05332    1.02218    0.04807
    872.51000    0.98894    0.05921    0.94619    0.03379
    874.17000    0.97125    0.08481    1.01313    0.05654
    877.38000    0.96042    0.04878    0.95893    0.04721
    879.85000    0.92530    0.04995    0.76585    0.04055
    883.31000    0.96502    0.04044    0.88440    0.04415
    886.00000    0.96570    0.07516    0.96551    0.07616
    889.21000    0.98427    0.03230    0.99437    0.06682
    894.05000    1.04131    0.08873    0.95602    0.05139
    897.23000    1.07497    0.06045    1.07418    0.08168
    899.95000    1.09481    0.07398    0.98471    0.01583
    905.20000    0.83667    0.05507    0.91322    0.07216
    908.51000    0.86394    0.07256    0.89338    0.07164
    911.50000    0.98026    0.03777    0.98142    0.02775
    914.61000    0.93544    0.04347    0.85629    0.05745
    917.63000    1.02715    0.04594    0.84143    0.08622
    920.49000    0.96912    0.07349    1.04104    0.07083
    924.78000    0.93469    0.03187    0.84921    0.04377
    927.68000    0.99169    0.06146    0.88192    0.02486
    930.05000    1.06375    0.07234    1.01355    0.04459
    933.64000    0.99031    0.05413    0.89882    0.07437
    936.69000    0.90339    0.06340    0.94382    0.03140
    939.30000    0.92990    0.06000    0.93376    0.07249
    944.31000    0.91429    0.06160    0.91909    0.05572
    945.77000    0.97536    0.03321    0.85975    0.05811
    949.81000    0.84987    0.04214    0.86955    0.04123
    950.09000    0.96695    0.08813    0.90242    0.01972
    951.59000    0.94861    0.04161    0.83205    0.07497
    956.28000    1.01379    0.03987    0.83538    0.04180
    960.42000    0.98414    0.01519    0.94099    0.03129
    964.27000    0.99945    0.02603    0.98305    0.06648
    968.66000    0.92483    0.03129    0.95823    0.08487
   1095.10000    1.02599    0.04489    0.83239    0.07089
   1097.85000    0.99764    0.05412    0.89834    0.03707
   1100.57000    0.92922    0.03780    0.95254    0.03475
   1102.90000    1.00320    0.03372    0.91422    0.06160
   1106.31000    0.92068    0.05546    0.87734    0.08090
   1108.13000    0.98729    0.04141    0.89539    0.05894
   1111.70000    0.91708    0.06595    0.93666    0.03018
   1113.72000    1.00686    0.05162    0.99801    0.02578
   1117.72000    0.89276    0.02994    0.84210    0.06820
   1121.52000    0.92820    0.05623    0.90575    0.07856
   1125.35000    0.84986    0.06542    0.90921    0.06087
   1127.80000    1.00369    0.03857    0.96405    0.04173
   1133.08000    0.89843    0.02623    0.87582    0.03096
   1137.60000    0.92426    0.03676    0.96301    0.07158
   1140.92000    0.87479    0.04895    0.95610    0.04385
   1142.27000    0.86752    0.05660    0.83719    0.04630
   1145.27000    0.92257    0.07924    0.88032    0.06530
   1149.31000    0.93594    0.05702    0.89698    0.07204
   1153.03000    0.80530    0.05129    0.87802    0.05303
   1155.59000    0.87819    0.06689    0.79255    0.04425
   1156.60000    0.89113    0.06706    0.87199    0.08626
   1159.89000    0.85888    0.04472    0.89198    0.07817
   1162.39000    0.94117    0.06380    0.83399    0.06392
   1164.88000    0.94139    0.02574    0.90463    0.03399
   1168.66000    0.95582    0.03769    0.94087    0.05712
   1170.97000    0.85707    0.06101    1.02233    0.05792
   1173.52000    0.97489    0.06780    0.91513    0.04396
   1176.22000    0.86186    0.05650    0.94479    0.04174
   1178.58000    0.92999    0.06606    0.88927    0.03976
   1182.07000    0.80187    0.06067    0.98385    0.04772
   1182.86000    0.92513    0.05693    0.88366    0.05018
   1185.81000    1.05659    0.07321    0.92247    0.02697
   1189.27000    0.90081    0.02979    0.84780    0.06097
   1190.95000    0.93957    0.00451    0.86709    0.06891
   1192.52000    0.85066    0.05855    0.89070    0.05056
   1194.74000    0.89896    0.03858    0.95294    0.04439
   1197.36000    0.92112    0.03347    1.00757    0.03195
   1198.73000    0.93971    0.04573    0.91650    0.03446
   1200.72000    0.95368    0.06477    1.02908    0.07873
   1203.58000    0.97459    0.04233    0.92002    0.00615
   1207.54000    0.87568    0.05718    0.93817    0.06582
   1209.08000    0.94080    0.07185    0.81513    0.07781
   1210.70000    0.92833    0.03187    0.86753    0.03594
   1214.14000    0.85363    0.04525    0.95036    0.05048
   1216.01000    0.89200    0.05116    0.90118    0.05658
   1218.97000    0.98756    0.05578    0.86694    0.03208
   1223.23000    0.98562    0.05444    0.84321    0.06934
   1226.96000    0.95422    0.05761    0.88172    0.05030
   1230.08000    0.92408    0.07211    0.88696    0.04741
   1233.45000    0.88754    0.04227    0.80632    0.08040
   1236.08000    0.93529    0.06117    0.91312    0.05932
   1239.12000    0.84268    0.06424    0.94486    0.06692
   1241.42000    0.91059    0.01466    0.91805    0.05146
   1242.91000    0.89786    0.02797    0.80869    0.05797
   1245.72000    0.86693    0.05514    0.86110    0.07897
   1248.23000    0.80490    0.06242    0.91175    0.04653
   1251.28000    0.81202    0.08481    0.83421    0.05475
   1254.43000    0.92390    0.03806    0.86218    0.06213
   1257.34000    0.97240    0.04992    0.93567    0.07438
   1259.65000    0.89730    0.06687    0.83074    0.03599
   1261.39000    0.86059    0.05327    0.75177    0.05797
   1264.56000    0.84890    0.04729    0.81362    0.06173
   1269.18000    0.89964    0.05869    0.87127    0.06232
   1273.09000    0.87382    0.04479    0.82159    0.06756
   1278.30000    0.86649    0.05723    0.84572    0.03894
   1284.69000    0.75842    0.04894    0.83337    0.04197
   1286.61000    0.92655    0.05764    0.87497    0.07159
   1289.33000    0.90983    0.03617    0.86082    0.06643
   1290.75000    0.94661    0.07121    0.82656    0.05255
   1292.73000    0.97400    0.05764    0.88829    0.05889
   1296.92000    1.03293    0.06619    0.85864    0.05519
   1300.91000    0.85209    0.03426    0.80623    0.05385
   1302.14000    0.93067    0.05324    0.93478    0.06689
   1304.27000    0.95942    0.04071    0.90944    0.05027
   1307.15000    1.00080    0.06199    0.86432    0.04026
   1309.27000    1.01871    0.06431    0.84497    0.04646
   1313.38000    1.02652    0.04978    0.96057    0.06361
   1317.21000    0.96282    0.03523    0.94220    0.04364
   1320.16000    1.00821    0.06240    0.96898    0.03002
   1323.52000    0.99511    0.00451    0.97300    0.02693
   1328.44000    0.82513    0.07044    0.93929    0.05244
   1330.56000    0.94150    0.03707    0.94757    0.05392
   1332.46000    0.87529    0.05717    0.93541    0.04528
   1461.24000    0.89259    0.04597    0.82236    0.05891
   1463.65000    0.82929    0.06962    0.88346    0.04466
   1466.82000    0.87762    0.05028    0.97773    0.04791
   1469.93000    0.97376    0.08893    0.86852    0.06072
   1475.31000    0.91599    0.01995    0.89031    0.04561
   1478.81000    0.88640    0.07136    0.88308    0.05898
   1481.10000    0.96709    0.04216    0.92379    0.04736
   1484.63000    0.99014    0.04675    0.86733    0.03466
   1487.37000    0.90380    0.07957    0.95411    0.05727
   1490.96000    1.00321    0.04559    0.76902    0.08034
   1494.07000    0.84055    0.05452    0.88514    0.02858
   1496.76000    0.84219    0.07915    0.89685    0.01899
   1499.23000    0.80084    0.08300    0.91665    0.04230
   1503.23000    0.92967    0.06725    0.89878    0.05213
   1505.85000    0.94172    0.05111    0.97605    0.04482
   1509.32000    0.93298    0.03593    0.91616    0.05196
   1511.60000    0.87087    0.07079    0.89401    0.02538
   1514.99000    1.05705    0.05256    0.98010    0.04652
   1516.88000    1.02842    0.07605    0.85744    0.05905
   1519.48000    0.99486    0.02750    1.02811    0.06554
   1524.16000    0.94897    0.05634    0.96018    0.07127
   1525.51000    0.89922    0.06893    0.89372    0.07347
   1526.81000    0.93707    0.02464    0.98230    0.03502
   1529.66000    1.00205    0.02977    0.96526    0.03064
   1532.66000    1.15055    0.09243    0.91480    0.06816
   1534.61000    0.88647    0.04008    0.92875    0.03033
   1538.49000    0.77536    0.07389    0.93153    0.07828
   1540.91000    0.81155    0.07473    0.95464    0.07839
   1545.26000    0.94886    0.04729    0.87386    0.03405
   1547.13000    0.95106    0.05827    0.86698    0.03386
   1551.36000    0.87347    0.06075    0.91881    0.05429
   1553.91000    0.96198    0.04637    0.94880    0.05019
   1558.09000    0.97162    0.07279    0.88785    0.04949
   1560.29000    0.88835    0.03534    0.82399    0.07203
   1562.31000    0.87504    0.04989    0.84269    0.04377
   1565.34000    1.03837    0.05067    0.86847    0.06057
   1568.58000    0.96472    0.03272    0.93196    0.02721
   1571.44000    0.93588    0.04757    0.90586    0.08308
   1573.90000    0.93066    0.07598    0.83940    0.05577
   1576.69000    0.92290    0.07690    0.86291    0.04922
   1580.38000    1.00324    0.06496    0.96692    0.03973
   1584.13000    1.00906    0.09812    1.03685    0.07018
   1586.95000    0.93737    0.07222    0.92305    0.00791
   1589.31000    0.98910    0.06942    0.91644    0.03623
   1592.89000    0.98604    0.04971    0.93384    0.03759
   1595.91000    1.00531    0.05750    0.91522    0.04766
   1598.32000    0.99669    0.04133    0.98727    0.07096
   1602.14000    1.02777    0.02635    0.96133    0.06259
   1604.66000    1.04408    0.06405    0.94223    0.04017
   1608.05000    0.97532    0.04271    0.98317    0.03390
   1611.03000    0.96207    0.06281    0.97901    0.03415
   1615.76000    1.08272    0.03230    0.96241    0.05968
   1619.32000    1.07519    0.05493    0.98938    0.04221
   1622.26000    0.98526    0.06193    0.99954    0.05883
   1624.25000    0.92305    0.06269    0.98302    0.04174
   1628.02000    1.04977    0.02391    1.04569    0.06080
   1631.58000    1.01670    0.04394    1.11586    0.05807
   1635.97000    1.09975    0.04768    0.94636    0.02865
   1639.50000    1.00071    0.06378    1.06461    0.07108
   1643.37000    0.98602    0.03015    0.93352    0.04187
   1644.91000    0.96540    0.03133    1.08154    0.06013
   1648.11000    1.02275    0.04954    0.97473    0.01167
   1649.90000    0.90715    0.05730    0.95161    0.07152
   1652.91000    0.92944    0.02800    0.88889    0.05492
   1656.36000    0.92472    0.05830    0.91415    0.05500
   1658.32000    1.01185    0.06604    0.94991    0.04089
   1661.75000    1.05057    0.04992    0.95203    0.02839
   1666.66000    0.90485    0.05638    1.07949    0.05868
   1670.33000    0.97254    0.02405    0.95715    0.04694
   1673.54000    0.92827    0.04910    0.93934    0.03370
   1675.32000    0.94692    0.03356    0.86270    0.05317
   1677.63000    0.94080    0.03038    0.98355    0.04450
   1680.53000    0.77227    0.06321    0.92018    0.06303
   1683.91000    0.74069    0.07506    0.92594    0.02856
   1687.04000    0.97447    0.06631    0.93386    0.07288
   1692.08000    0.94975    0.02666    0.90921    0.03895
   1695.14000    0.93414    0.04631    0.95918    0.05724
   1697.88000    0.95138    0.04280    0.77708    0.05775
