## Time Delay Challenge light curves
##
## [time]=days, [lc]=[err]=flux in nanomaggies
##
##       time       lc_A      err_A       lc_B      err_B
##-------------------------------------------------------
      3.05000    0.55923    0.03672    0.43826    0.02414
      6.75000    0.60357    0.04227    0.35667    0.04197
     10.71000    0.61618    0.07505    0.36089    0.04562
     13.17000    0.63853    0.04454    0.44404    0.06286
     16.34000    0.64530    0.02615    0.48162    0.05321
     20.32000    0.61537    0.03371    0.46858    0.05202
     24.51000    0.61195    0.03337    0.39660    0.04395
     28.56000    0.64227    0.05045    0.34603    0.04980
     32.15000    0.70761    0.06384    0.51639    0.06010
     35.20000    0.62581    0.03983    0.35101    0.03429
     38.03000    0.58371    0.07048    0.46491    0.07403
     39.84000    0.59153    0.05292    0.43511    0.05600
     43.42000    0.63213    0.02480    0.48733    0.05608
     46.65000    0.66007    0.04866    0.44171    0.05649
     50.00000    0.64344    0.02700    0.40683    0.03757
     54.17000    0.65044    0.02988    0.41103    0.06854
     56.80000    0.70298    0.06849    0.47552    0.05290
     59.45000    0.69855    0.04064    0.48475    0.07067
     62.11000    0.64038    0.07954    0.40290    0.05695
     66.13000    0.62191    0.03836    0.46748    0.06071
     70.88000    0.64077    0.06633    0.43502    0.07195
     73.94000    0.70180    0.03119    0.33033    0.04697
     77.98000    0.62201    0.06951    0.42298    0.06247
     82.10000    0.64763    0.03326    0.46709    0.02644
     86.58000    0.76321    0.04619    0.47270    0.05376
     90.17000    0.62731    0.05152    0.45139    0.04748
     93.26000    0.60696    0.04944    0.42164    0.06341
     95.94000    0.67037    0.06075    0.38946    0.06441
    100.53000    0.69451    0.04699    0.51353    0.04113
    102.82000    0.66299    0.04313    0.51496    0.07019
    104.02000    0.74250    0.06007    0.37041    0.06852
    106.54000    0.72057    0.04764    0.42735    0.02105
    108.03000    0.60590    0.05700    0.53842    0.08002
    110.31000    0.63627    0.05935    0.40874    0.04048
    113.61000    0.73494    0.06664    0.49376    0.05495
    117.08000    0.68219    0.03943    0.48230    0.05283
    119.85000    0.61817    0.07811    0.42433    0.05727
    123.83000    0.67707    0.03617    0.44742    0.03979
    128.12000    0.79062    0.07734    0.43890    0.04005
    131.85000    0.70214    0.05283    0.47711    0.04498
    135.02000    0.70751    0.06317    0.50687    0.04940
    139.71000    0.69457    0.02023    0.34912    0.05215
    143.23000    0.74082    0.05246    0.48294    0.06365
    145.51000    0.72841    0.03954    0.41644    0.02722
    147.29000    0.69296    0.06668    0.47545    0.04930
    150.45000    0.68601    0.04460    0.43708    0.05578
    154.09000    0.63928    0.04123    0.45632    0.07902
    156.91000    0.73324    0.03456    0.48888    0.02811
    161.54000    0.67188    0.06663    0.49407    0.05387
    165.41000    0.63917    0.07845    0.37809    0.08033
    168.08000    0.81846    0.06074    0.48093    0.08002
    171.66000    0.68295    0.04090    0.47202    0.02687
    173.00000    0.64020    0.03783    0.47076    0.03986
    175.78000    0.65527    0.03108    0.47290    0.02419
    179.99000    0.62721    0.04789    0.39799    0.05511
    184.04000    0.60952    0.05403    0.43327    0.03947
    187.48000    0.71066    0.05990    0.46847    0.05475
    189.92000    0.62143    0.04118    0.52570    0.05964
    193.36000    0.61971    0.05197    0.44085    0.04421
    195.62000    0.68358    0.03870    0.43778    0.04261
    199.49000    0.62993    0.03326    0.50941    0.06838
    201.67000    0.68668    0.03995    0.44566    0.03977
    203.71000    0.61654    0.06239    0.39887    0.05051
    207.05000    0.71928    0.03891    0.46826    0.05314
    208.65000    0.60875    0.05638    0.49536    0.03927
    211.92000    0.70826    0.06058    0.41295    0.04390
    215.95000    0.66354    0.06127    0.48583    0.03800
    219.25000    0.57701    0.05853    0.45224    0.03796
    221.31000    0.55289    0.06154    0.49788    0.04248
    222.97000    0.65453    0.05421    0.41039    0.05065
    225.09000    0.74083    0.04257    0.39689    0.05679
    227.08000    0.70418    0.03393    0.37093    0.04168
    229.21000    0.56671    0.04985    0.48858    0.03377
    231.79000    0.73186    0.07186    0.47716    0.06753
    234.96000    0.77977    0.04225    0.41403    0.06133
    236.79000    0.60270    0.06403    0.42353    0.04721
    238.88000    0.65478    0.05820    0.47027    0.05189
    366.43000    0.68157    0.05050    0.42542    0.07587
    370.14000    0.61321    0.08051    0.45588    0.05910
    372.15000    0.67888    0.06573    0.44855    0.03905
    374.02000    0.60635    0.05186    0.38964    0.05861
    377.87000    0.82711    0.04317    0.50220    0.05125
    379.29000    0.59868    0.04033    0.43826    0.02770
    381.47000    0.62538    0.04133    0.44632    0.05918
    384.12000    0.66889    0.05882    0.39525    0.06069
    385.20000    0.59602    0.06141    0.43810    0.07813
    386.92000    0.73210    0.06920    0.33407    0.07018
    390.99000    0.60881    0.06117    0.47814    0.07456
    394.88000    0.63777    0.03752    0.33850    0.06781
    396.90000    0.75004    0.05565    0.42641    0.01611
    400.42000    0.59787    0.06330    0.45039    0.07926
    403.27000    0.63968    0.08026    0.35496    0.08423
    406.90000    0.68090    0.05917    0.40281    0.06765
    408.73000    0.64237    0.05157    0.37752    0.03133
    411.51000    0.73398    0.03944    0.42699    0.03407
    413.89000    0.54225    0.05133    0.43046    0.03113
    414.93000    0.63183    0.02701    0.47991    0.03631
    418.44000    0.64548    0.06385    0.40558    0.04400
    421.21000    0.58980    0.04355    0.43651    0.03633
    423.98000    0.68238    0.03350    0.36810    0.06433
    427.21000    0.58811    0.04228    0.42530    0.04023
    428.94000    0.72211    0.05771    0.45681    0.04151
    430.96000    0.52064    0.05289    0.44946    0.04638
    434.31000    0.56859    0.06309    0.52505    0.05648
    437.90000    0.61000    0.02835    0.41126    0.05276
    440.94000    0.63261    0.02869    0.40683    0.06666
    443.12000    0.58793    0.03410    0.38238    0.05364
    446.61000    0.55360    0.08196    0.37998    0.02639
    449.43000    0.58549    0.07237    0.34895    0.07325
    453.80000    0.61122    0.05527    0.28343    0.06239
    456.76000    0.61976    0.03272    0.40682    0.03139
    460.59000    0.62339    0.05918    0.41538    0.06984
    463.27000    0.58641    0.03736    0.46643    0.06293
    467.08000    0.55628    0.05789    0.41836    0.05470
    469.71000    0.61045    0.05964    0.35629    0.04601
    472.51000    0.71995    0.06520    0.41333    0.04219
    475.46000    0.66119    0.05401    0.40186    0.04911
    477.83000    0.56478    0.05282    0.52665    0.06006
    482.16000    0.68069    0.03602    0.32636    0.06915
    484.71000    0.62246    0.03609    0.41176    0.05596
    485.19000    0.67855    0.06867    0.42352    0.03154
    487.84000    0.63965    0.04655    0.51765    0.05825
    490.65000    0.72793    0.04606    0.44038    0.04458
    493.71000    0.57498    0.09970    0.35128    0.05114
    496.46000    0.60353    0.05570    0.46372    0.06159
    497.83000    0.56820    0.06369    0.35333    0.07372
    501.61000    0.66064    0.06749    0.40451    0.06828
    504.59000    0.63763    0.04463    0.37706    0.02007
    507.27000    0.58204    0.03109    0.42235    0.04832
    510.12000    0.53067    0.05458    0.35572    0.08806
    512.62000    0.64659    0.07796    0.38503    0.04645
    516.22000    0.58854    0.03912    0.33432    0.06770
    517.95000    0.62137    0.04890    0.35513    0.05180
    522.56000    0.66103    0.06363    0.44472    0.05010
    524.82000    0.69625    0.04805    0.39441    0.06862
    528.03000    0.60048    0.03132    0.47209    0.06869
    531.97000    0.60901    0.04427    0.42819    0.03453
    536.54000    0.60121    0.03734    0.40856    0.03039
    540.72000    0.65945    0.04147    0.46957    0.05085
    544.30000    0.61974    0.05079    0.29328    0.06110
    545.76000    0.57065    0.04651    0.29834    0.04408
    549.74000    0.63095    0.05822    0.40655    0.05291
    551.76000    0.51778    0.05607    0.33790    0.06726
    555.04000    0.55219    0.03782    0.36524    0.04027
    557.13000    0.63215    0.09424    0.47321    0.03525
    560.18000    0.55568    0.02794    0.34854    0.04741
    562.52000    0.54206    0.04560    0.34024    0.06214
    564.05000    0.58368    0.08309    0.44495    0.04305
    567.45000    0.54400    0.05007    0.36954    0.02209
    570.90000    0.53470    0.04132    0.41819    0.02662
    573.05000    0.60144    0.06914    0.39586    0.02519
    574.91000    0.55133    0.05740    0.36690    0.06171
    579.39000    0.56340    0.05611    0.37529    0.04039
    583.56000    0.47114    0.06704    0.40238    0.06088
    587.30000    0.61347    0.03428    0.40326    0.05269
    591.29000    0.49866    0.07677    0.35965    0.06753
    594.35000    0.54358    0.07903    0.35760    0.03556
    596.18000    0.58609    0.06325    0.35245    0.03712
    599.25000    0.58151    0.03486    0.37179    0.05913
    604.01000    0.58772    0.05864    0.37429    0.05310
    732.24000    0.50209    0.05161    0.37594    0.02955
    735.68000    0.51458    0.06048    0.40689    0.03568
    737.08000    0.50222    0.07225    0.43155    0.05204
    738.27000    0.47805    0.03390    0.34702    0.05105
    741.69000    0.43258    0.07613    0.44594    0.05516
    745.29000    0.34024    0.07580    0.27436    0.07462
    749.74000    0.49364    0.05111    0.37845    0.02831
    752.58000    0.43294    0.08704    0.45991    0.05383
    757.67000    0.54811    0.06199    0.43770    0.05618
    760.42000    0.49575    0.04219    0.40902    0.07271
    763.24000    0.47955    0.04927    0.42938    0.03527
    768.13000    0.56857    0.05820    0.37184    0.01952
    772.89000    0.53610    0.04005    0.36152    0.06186
    776.04000    0.39129    0.06496    0.41114    0.05678
    778.97000    0.54481    0.02095    0.30784    0.08708
    781.13000    0.58169    0.05739    0.38343    0.06051
    783.00000    0.50003    0.07056    0.36437    0.03170
    785.45000    0.42666    0.05972    0.41058    0.02689
    788.88000    0.41519    0.03984    0.30534    0.08183
    792.26000    0.48470    0.04712    0.32679    0.05699
    795.96000    0.48828    0.05148    0.36086    0.05963
    799.55000    0.45636    0.06408    0.21195    0.07536
    801.38000    0.46435    0.04347    0.45798    0.06414
    805.96000    0.53842    0.04064    0.28378    0.04140
    808.45000    0.50499    0.06544    0.32624    0.02911
    808.75000    0.42926    0.04885    0.32239    0.03282
    812.47000    0.49831    0.05539    0.31166    0.05958
    814.54000    0.54333    0.04209    0.33314    0.06320
    818.02000    0.38684    0.06645    0.35436    0.05466
    819.67000    0.47138    0.05024    0.35770    0.06930
    822.79000    0.55325    0.03841    0.39246    0.05052
    824.19000    0.56323    0.05258    0.30001    0.05384
    826.17000    0.45261    0.03808    0.29240    0.08363
    827.56000    0.55950    0.02630    0.34412    0.04476
    828.48000    0.37405    0.06878    0.30022    0.03988
    829.53000    0.55315    0.07453    0.38622    0.04180
    833.54000    0.39349    0.06863    0.31588    0.05472
    835.99000    0.47426    0.07036    0.39501    0.05767
    838.78000    0.46837    0.07005    0.36421    0.04379
    841.26000    0.53076    0.01835    0.32736    0.03854
    844.23000    0.55605    0.05601    0.35999    0.03503
    846.41000    0.62645    0.05616    0.38410    0.08357
    849.39000    0.55378    0.05322    0.40744    0.06489
    852.46000    0.50492    0.05717    0.33066    0.03535
    853.65000    0.49630    0.06116    0.36378    0.06898
    857.47000    0.46167    0.05002    0.24279    0.04261
    860.36000    0.51317    0.05804    0.41483    0.04986
    863.90000    0.47004    0.06896    0.34510    0.03779
    865.43000    0.47068    0.05543    0.40845    0.04379
    867.90000    0.57829    0.05502    0.33933    0.06481
    871.03000    0.44070    0.07606    0.38516    0.04141
    875.22000    0.55512    0.02496    0.37232    0.03611
    878.40000    0.51915    0.04345    0.33562    0.05895
    881.07000    0.60899    0.07099    0.25820    0.07090
    884.30000    0.46358    0.06314    0.28438    0.07088
    887.96000    0.51164    0.05249    0.39053    0.04185
    892.75000    0.48053    0.05643    0.28612    0.06343
    895.52000    0.51269    0.05743    0.35604    0.03402
    896.63000    0.47669    0.03185    0.40530    0.07811
    899.65000    0.48463    0.04184    0.26642    0.05624
    901.16000    0.56084    0.05003    0.38542    0.07441
    903.66000    0.57705    0.06132    0.33869    0.03666
    905.47000    0.51138    0.04843    0.34572    0.06303
    907.96000    0.50143    0.06909    0.41309    0.05335
    910.03000    0.56279    0.03999    0.44291    0.07241
    914.57000    0.71742    0.08859    0.39172    0.02109
    916.33000    0.51729    0.05431    0.35419    0.06428
    918.29000    0.45723    0.02695    0.46665    0.04514
    921.25000    0.54998    0.06673    0.36950    0.04501
    925.04000    0.56042    0.04708    0.38168    0.05687
    926.61000    0.62680    0.06817    0.36554    0.05057
    931.63000    0.53741    0.03547    0.44880    0.03618
    932.82000    0.46002    0.04801    0.33386    0.04731
    935.23000    0.51634    0.06437    0.34138    0.04036
    936.54000    0.54310    0.03834    0.30621    0.05456
    938.19000    0.50508    0.03198    0.40893    0.02677
    939.67000    0.51434    0.02776    0.25838    0.06710
    941.30000    0.64054    0.07713    0.38762    0.05375
    945.17000    0.53738    0.04735    0.40267    0.05434
    946.44000    0.54212    0.04503    0.38810    0.04366
    949.72000    0.66464    0.08190    0.32127    0.04764
    950.98000    0.56022    0.04810    0.45174    0.06589
    954.63000    0.52332    0.06841    0.32437    0.05295
    958.04000    0.49575    0.04997    0.32597    0.06792
    962.98000    0.58544    0.04252    0.36240    0.06178
    964.21000    0.59585    0.06995    0.48547    0.04413
    966.57000    0.55064    0.03956    0.42793    0.07091
   1098.01000    0.64471    0.05996    0.51457    0.07158
   1101.04000    0.64067    0.06795    0.55522    0.04807
   1104.62000    0.63731    0.06827    0.44349    0.05644
   1107.77000    0.52140    0.06077    0.55282    0.06656
   1110.66000    0.57761    0.02138    0.51124    0.06219
   1113.65000    0.63568    0.02107    0.46198    0.04583
   1117.55000    0.69655    0.04921    0.42858    0.04980
   1121.22000    0.60542    0.04698    0.43673    0.04503
   1126.03000    0.75093    0.05783    0.33380    0.07617
   1130.02000    0.56460    0.05236    0.56975    0.05891
   1132.88000    0.66665    0.04817    0.49986    0.06795
   1135.37000    0.69396    0.07074    0.41015    0.06489
   1138.80000    0.51008    0.06668    0.42966    0.04264
   1142.34000    0.64119    0.05929    0.39840    0.09594
   1145.79000    0.59609    0.04017    0.48147    0.04070
   1148.17000    0.71200    0.07447    0.39466    0.07446
   1150.18000    0.58999    0.00524    0.48512    0.04563
   1154.26000    0.56557    0.04051    0.38253    0.08983
   1157.31000    0.56927    0.00885    0.48014    0.04027
   1159.11000    0.61677    0.04353    0.41902    0.03887
   1161.63000    0.54716    0.04533    0.44193    0.05551
   1166.00000    0.52615    0.06189    0.41890    0.06575
   1167.58000    0.62220    0.06660    0.37115    0.04704
   1171.26000    0.57132    0.04111    0.38104    0.04332
   1175.40000    0.61323    0.04718    0.43854    0.04423
   1178.66000    0.53828    0.06587    0.50359    0.05966
   1182.31000    0.51725    0.06599    0.44605    0.01492
   1184.27000    0.54580    0.04495    0.44511    0.03205
   1187.23000    0.60298    0.03949    0.32860    0.06106
   1189.81000    0.56694    0.04404    0.53698    0.05883
   1192.20000    0.62139    0.04004    0.35628    0.06553
   1195.73000    0.70434    0.06151    0.42748    0.04803
   1198.36000    0.60142    0.05271    0.44204    0.03959
   1203.32000    0.62929    0.05855    0.46508    0.04324
   1207.86000    0.63537    0.04902    0.42415    0.02332
   1211.59000    0.59918    0.05267    0.40044    0.03120
   1214.63000    0.54813    0.04296    0.36688    0.02884
   1217.73000    0.59861    0.08455    0.42190    0.03309
   1221.25000    0.61457    0.06488    0.39714    0.06337
   1224.09000    0.60780    0.05640    0.41113    0.00715
   1226.63000    0.60571    0.02899    0.42210    0.04173
   1230.27000    0.56106    0.05039    0.48614    0.05317
   1232.48000    0.62200    0.04704    0.46546    0.06171
   1236.49000    0.68504    0.03923    0.48240    0.07378
   1239.26000    0.59774    0.04718    0.32263    0.05180
   1240.65000    0.61344    0.03719    0.51403    0.04177
   1243.81000    0.71694    0.05706    0.41494    0.04272
   1246.06000    0.62680    0.07472    0.37168    0.06995
   1249.17000    0.65392    0.04376    0.39194    0.03330
   1250.68000    0.62787    0.02720    0.44570    0.04080
   1255.13000    0.65708    0.02970    0.46330    0.06538
   1257.98000    0.56786    0.03382    0.41278    0.05000
   1260.75000    0.63063    0.04805    0.52278    0.07140
   1264.43000    0.64108    0.03348    0.46570    0.04802
   1266.98000    0.64115    0.04824    0.43646    0.04956
   1270.30000    0.68153    0.04780    0.37603    0.07091
   1274.59000    0.63828    0.07366    0.37653    0.05980
   1277.40000    0.58875    0.05920    0.46277    0.04713
   1280.37000    0.63890    0.07356    0.41088    0.04369
   1281.78000    0.58631    0.07673    0.30184    0.06247
   1285.35000    0.59148    0.04740    0.42631    0.03206
   1288.44000    0.61418    0.04290    0.44996    0.04962
   1292.17000    0.66846    0.03742    0.44973    0.04349
   1295.35000    0.55744    0.08620    0.48233    0.06234
   1297.66000    0.66257    0.06908    0.53147    0.06440
   1300.67000    0.66171    0.04228    0.42672    0.06603
   1303.76000    0.64180    0.06798    0.34068    0.06778
   1306.04000    0.59056    0.04679    0.46982    0.03810
   1310.30000    0.61663    0.03888    0.51695    0.08553
   1313.27000    0.79925    0.08895    0.45379    0.03110
   1316.92000    0.74998    0.07248    0.43556    0.06560
   1319.69000    0.62398    0.02663    0.49397    0.06946
   1323.81000    0.66885    0.09267    0.43328    0.03841
   1326.43000    0.68078    0.03939    0.44344    0.02741
   1329.80000    0.60366    0.06175    0.36015    0.03933
   1331.59000    0.61991    0.02319    0.30537    0.08268
   1462.37000    0.58206    0.01132    0.37131    0.07007
   1463.97000    0.53904    0.05410    0.42719    0.05596
   1467.50000    0.60730    0.05562    0.38804    0.05227
   1469.98000    0.57908    0.03805    0.36696    0.05008
   1471.50000    0.55324    0.06545    0.36086    0.05942
   1474.68000    0.55335    0.03442    0.48201    0.05427
   1477.63000    0.57986    0.02655    0.36172    0.06612
   1480.96000    0.42731    0.06404    0.36233    0.05204
   1484.13000    0.57146    0.08033    0.35950    0.08012
   1487.34000    0.64720    0.07049    0.34112    0.06758
   1491.36000    0.55851    0.04499    0.43657    0.05139
   1496.74000    0.62952    0.04254    0.35794    0.03864
   1497.83000    0.64967    0.07384    0.39200    0.04300
   1499.62000    0.56731    0.03981    0.43980    0.04332
   1501.33000    0.55920    0.03938    0.33521    0.06688
   1503.36000    0.60629    0.04763    0.38982    0.05201
   1506.54000    0.42489    0.08333    0.38234    0.03146
   1511.67000    0.54482    0.05789    0.37067    0.06091
   1513.92000    0.50915    0.05684    0.39399    0.04842
   1518.14000    0.53701    0.05736    0.22879    0.05918
   1520.75000    0.57231    0.07985    0.30084    0.04033
   1523.35000    0.49942    0.06148    0.26225    0.08071
   1528.69000    0.55372    0.09374    0.32131    0.06064
   1531.81000    0.57240    0.06771    0.41956    0.04697
   1533.63000    0.60850    0.03493    0.40682    0.06272
   1538.03000    0.50310    0.04432    0.37774    0.04558
   1541.30000    0.56797    0.09160    0.39568    0.02814
   1545.61000    0.53694    0.03801    0.30535    0.06871
   1548.20000    0.54608    0.03772    0.36004    0.01880
   1551.60000    0.59024    0.05103    0.42858    0.06250
   1554.29000    0.55127    0.04643    0.38678    0.03041
   1555.36000    0.31122    0.07585    0.37842    0.04478
   1560.01000    0.58385    0.05983    0.32417    0.03052
   1563.92000    0.48643    0.04788    0.30142    0.04583
   1565.66000    0.62946    0.05581    0.34418    0.04584
   1568.59000    0.59483    0.04446    0.35182    0.01399
   1572.12000    0.63144    0.03212    0.35772    0.05845
   1574.61000    0.52540    0.04150    0.40425    0.07125
   1576.72000    0.55728    0.07551    0.31340    0.05055
   1578.21000    0.47482    0.07884    0.37764    0.04180
   1581.23000    0.58017    0.01754    0.42497    0.08727
   1587.16000    0.53892    0.07819    0.44274    0.04426
   1589.00000    0.58893    0.05334    0.36744    0.07185
   1592.21000    0.54739    0.03586    0.32396    0.07305
   1594.94000    0.51578    0.05266    0.33938    0.04108
   1599.66000    0.63758    0.03769    0.33948    0.02629
   1602.45000    0.59976    0.04286    0.39385    0.02991
   1605.34000    0.54263    0.05214    0.33161    0.03559
   1608.72000    0.67059    0.05170    0.33812    0.03860
   1611.35000    0.59585    0.05935    0.34251    0.04570
   1613.96000    0.64573    0.08839    0.33142    0.04284
   1616.11000    0.55228    0.05097    0.36849    0.03138
   1620.49000    0.51935    0.05341    0.30156    0.07241
   1622.05000    0.58663    0.05655    0.32325    0.06092
   1624.40000    0.68568    0.06161    0.45543    0.04594
   1627.23000    0.55725    0.06143    0.17438    0.09221
   1631.25000    0.56164    0.03423    0.29027    0.04627
   1632.90000    0.58950    0.05642    0.33595    0.03956
   1636.62000    0.59306    0.03957    0.38598    0.06133
   1641.13000    0.65421    0.04638    0.38981    0.06897
   1644.48000    0.53209    0.05730    0.36643    0.04170
   1647.04000    0.50469    0.04513    0.35106    0.02183
   1651.52000    0.66190    0.07968    0.39266    0.04874
   1654.42000    0.54234    0.06216    0.30453    0.06123
   1657.01000    0.64124    0.04095    0.34318    0.06114
   1661.85000    0.59171    0.05371    0.38169    0.04198
   1665.18000    0.60727    0.05153    0.47067    0.04822
   1667.85000    0.60054    0.05785    0.23072    0.07255
   1669.98000    0.61931    0.03023    0.36082    0.02994
   1673.21000    0.57344    0.06474    0.46373    0.05528
   1674.25000    0.55114    0.05225    0.38045    0.02707
   1677.14000    0.63431    0.07466    0.42633    0.03817
   1679.80000    0.61101    0.05271    0.42508    0.03563
   1682.51000    0.53901    0.03539    0.40109    0.02813
   1684.10000    0.51003    0.06844    0.31896    0.04566
   1686.92000    0.84087    0.07572    0.39407    0.05196
   1688.61000    0.60748    0.06181    0.37462    0.03489
   1690.57000    0.56559    0.06172    0.42269    0.06657
   1695.11000    0.57220    0.04853    0.55524    0.06861
   1698.26000    0.55447    0.04428    0.49195    0.06077
