## Time Delay Challenge light curves
##
## [time]=days, [lc]=[err]=flux in nanomaggies
##
##       time       lc_A      err_A       lc_B      err_B
##-------------------------------------------------------
      1.26000    4.02281    0.05097    0.95955    0.05489
      4.66000    3.91301    0.04115    1.09708    0.04645
      7.28000    3.89280    0.04763    1.13462    0.04959
     11.22000    3.90643    0.09409    1.24201    0.05499
     13.53000    3.99413    0.05239    1.20493    0.04708
     14.69000    4.02323    0.02744    1.24451    0.04949
     18.69000    4.01408    0.05833    1.43378    0.06043
     22.88000    4.19213    0.06611    1.20059    0.02609
     25.32000    4.47255    0.04048    1.11809    0.04705
     29.93000    4.03612    0.05129    1.12410    0.07764
     31.59000    3.98649    0.05015    1.17264    0.04880
     36.49000    4.07399    0.06422    1.08990    0.05215
     39.33000    3.98567    0.04483    1.16891    0.05160
     40.47000    4.07292    0.04963    1.19088    0.04797
     43.56000    3.85746    0.03656    1.31195    0.06163
     47.22000    3.96909    0.06771    1.32403    0.05605
     51.18000    4.26226    0.04830    1.29074    0.02625
     54.88000    3.93516    0.04577    1.24685    0.03920
     58.34000    3.56717    0.03932    1.31287    0.04243
     62.56000    3.56032    0.06446    1.37708    0.08429
     65.37000    3.55705    0.05191    1.32924    0.05132
     66.81000    3.52150    0.04176    1.31100    0.06808
     67.28000    3.49070    0.04818    1.31489    0.05274
     68.22000    3.52095    0.04936    1.47740    0.05666
     71.10000    3.24314    0.04167    1.37280    0.01265
     72.71000    3.24482    0.02785    1.46293    0.05121
     75.44000    3.38140    0.05899    1.20029    0.06106
     78.57000    3.65285    0.06842    1.16226    0.05827
     82.07000    3.63406    0.03707    1.22253    0.04294
     84.29000    3.46089    0.04397    1.20874    0.04572
     86.48000    3.61961    0.05727    1.19201    0.04680
     88.00000    3.58043    0.03218    1.14443    0.04595
     91.88000    3.71106    0.05351    1.21466    0.05553
     94.56000    3.87201    0.07009    1.21149    0.06207
     97.93000    4.01429    0.05173    1.28954    0.07952
    101.85000    3.63521    0.04844    1.32988    0.07712
    104.77000    3.85280    0.05628    1.29758    0.00742
    107.66000    4.53316    0.05198    1.30212    0.05433
    110.86000    4.82384    0.02255    1.23656    0.03183
    114.91000    4.60047    0.05682    1.20872    0.08938
    117.99000    4.59311    0.07596    1.19939    0.06437
    119.63000    4.61484    0.03644    1.31489    0.06152
    122.17000    4.65093    0.05832    1.26566    0.04689
    127.05000    5.17425    0.03982    1.34129    0.05549
    130.15000    4.81327    0.05338    1.45242    0.05446
    133.15000    4.53144    0.06668    1.35755    0.07557
    135.39000    4.53443    0.06001    1.22170    0.04036
    137.13000    4.23640    0.06191    1.12737    0.07196
    140.51000    4.30320    0.07739    1.17899    0.07700
    143.23000    3.98644    0.06136    1.38633    0.05524
    146.91000    4.28131    0.04925    1.20410    0.06629
    150.03000    4.28751    0.05419    1.28295    0.06468
    152.90000    3.99094    0.04094    1.31636    0.06441
    155.46000    3.83759    0.07057    1.30116    0.03159
    161.56000    4.36293    0.07219    1.12795    0.04755
    165.01000    4.39161    0.06938    1.09886    0.05522
    168.36000    4.39020    0.06017    1.07237    0.03462
    170.75000    4.36693    0.04673    1.10508    0.06121
    173.58000    4.15767    0.09720    0.94262    0.03843
    177.12000    4.10518    0.06452    1.01892    0.01383
    180.50000    4.11525    0.07369    1.07204    0.03657
    182.93000    4.08511    0.03280    1.12421    0.04665
    186.34000    3.70271    0.08218    0.99882    0.06598
    190.34000    3.42303    0.05936    1.13087    0.03361
    191.63000    3.55905    0.05086    1.09279    0.04526
    193.91000    3.65087    0.06445    1.13637    0.04241
    197.43000    3.54145    0.04591    1.17334    0.05208
    199.57000    3.81511    0.02644    1.14744    0.08601
    200.81000    3.48697    0.06490    1.16957    0.05633
    204.44000    3.46800    0.03670    1.02006    0.08034
    206.91000    3.56877    0.01303    1.23252    0.07269
    211.26000    3.58270    0.05155    1.38590    0.05924
    213.54000    3.78889    0.06192    1.45713    0.05301
    217.56000    3.90866    0.03991    1.26101    0.04606
    219.15000    3.91312    0.05280    1.41892    0.03593
    223.22000    4.13315    0.03438    1.37478    0.05502
    228.11000    4.20016    0.08912    1.54204    0.06052
    230.56000    4.15148    0.05741    1.42269    0.02980
    234.84000    3.95498    0.06127    1.36876    0.04659
    237.02000    3.82476    0.05906    1.12782    0.08036
    367.39000    3.40404    0.03286    1.25310    0.06187
    369.41000    3.35103    0.04975    1.26470    0.05844
    373.52000    3.43220    0.06266    1.13464    0.03818
    378.28000    3.61398    0.05499    1.27766    0.06870
    380.20000    3.63569    0.05622    1.22898    0.05488
    383.77000    3.45750    0.05856    1.26571    0.07730
    387.23000    3.72912    0.04148    1.11146    0.05454
    390.14000    3.53243    0.05175    0.92191    0.04123
    393.89000    3.72237    0.01893    0.96559    0.07431
    396.04000    3.64706    0.05879    1.09721    0.03538
    400.46000    3.63820    0.06517    1.08852    0.05569
    403.25000    3.65527    0.03777    1.05485    0.05483
    406.00000    3.76050    0.04550    1.00377    0.07061
    410.06000    3.94860    0.06570    1.07125    0.04800
    414.20000    4.35308    0.05657    0.95271    0.05881
    416.67000    4.19133    0.04208    0.90014    0.04244
    418.76000    4.21212    0.04279    0.98176    0.06661
    421.53000    4.04149    0.06705    1.01854    0.06354
    423.97000    4.16931    0.05967    1.06017    0.04661
    426.98000    3.98939    0.03905    1.07118    0.06776
    429.68000    3.86138    0.03326    1.04685    0.05531
    432.31000    4.07945    0.04843    1.04461    0.06487
    436.01000    4.17814    0.04464    0.99773    0.02150
    437.30000    4.08715    0.07155    1.02645    0.02458
    439.79000    4.22644    0.02404    1.01941    0.07213
    441.76000    4.24634    0.05815    1.07570    0.02348
    443.91000    4.42825    0.06273    1.06437    0.04070
    447.69000    4.52765    0.06019    1.11174    0.01779
    451.00000    4.06380    0.05503    1.04257    0.04116
    454.23000    3.90026    0.07068    1.01291    0.04450
    455.22000    4.11266    0.05393    1.09415    0.07301
    458.94000    4.11748    0.05996    1.05823    0.07079
    461.51000    4.14519    0.02180    1.20639    0.07645
    464.13000    4.31177    0.04275    1.11837    0.04934
    466.33000    4.31823    0.04995    1.04537    0.03547
    470.74000    4.34755    0.03642    0.94872    0.06254
    472.64000    4.63936    0.08112    0.85147    0.05072
    475.59000    4.65250    0.07179    0.89595    0.04599
    479.62000    4.57898    0.03959    0.97455    0.03325
    482.57000    4.83440    0.06185    0.97574    0.04594
    485.32000    4.63677    0.05378    0.99728    0.06191
    489.49000    4.74476    0.07298    0.98886    0.06628
    492.65000    4.70153    0.06999    1.02824    0.04199
    495.48000    4.55794    0.06033    1.01662    0.04617
    497.21000    4.66781    0.05215    1.06983    0.02525
    499.67000    4.51777    0.05486    1.06369    0.04548
    501.98000    4.60523    0.05362    1.09281    0.03465
    505.00000    4.44481    0.07442    1.01073    0.03415
    508.38000    4.64450    0.08925    1.06015    0.07254
    512.87000    5.04358    0.04344    1.18698    0.06900
    515.90000    5.25107    0.07371    1.19337    0.05015
    518.64000    5.58133    0.06333    1.30517    0.06933
    521.54000    5.25723    0.03178    1.21994    0.04488
    525.12000    5.47722    0.04073    1.22389    0.06703
    525.73000    5.34926    0.04509    1.12046    0.04956
    528.89000    5.25296    0.03906    1.17678    0.04903
    532.37000    4.92034    0.05741    1.08147    0.07965
    535.30000    4.73067    0.03257    1.19799    0.02330
    537.58000    4.91872    0.04416    1.17404    0.04496
    539.66000    4.60322    0.05761    1.13337    0.06243
    543.51000    4.70596    0.04798    1.23056    0.03642
    546.92000    4.70163    0.04938    1.22868    0.05034
    549.71000    4.31031    0.03312    1.31564    0.05710
    552.38000    4.45994    0.05143    1.27484    0.02184
    557.23000    4.38105    0.05441    1.23656    0.05884
    560.22000    4.31227    0.01985    1.20343    0.03328
    564.55000    4.20924    0.06123    1.25399    0.05390
    569.85000    4.13330    0.03263    1.29135    0.04487
    573.07000    4.04176    0.04766    1.20496    0.03735
    575.15000    4.21669    0.05410    1.35420    0.05777
    578.10000    4.07982    0.04797    1.49887    0.10462
    578.69000    4.09474    0.04410    1.22814    0.05833
    581.17000    4.03076    0.04792    1.31981    0.04680
    583.66000    4.36069    0.05513    1.31286    0.01791
    587.09000    4.29813    0.06056    1.52904    0.07203
    590.91000    4.11522    0.03687    1.46454    0.03986
    594.56000    4.59207    0.06482    1.24104    0.06349
    598.63000    4.69650    0.06868    1.29487    0.06311
    601.41000    4.59540    0.03989    1.40511    0.05208
    602.82000    4.57459    0.03559    1.23892    0.07124
    731.54000    4.27984    0.05374    1.32641    0.03514
    732.75000    4.48750    0.01390    1.31405    0.02428
    737.25000    4.39485    0.03050    1.52381    0.05648
    739.15000    4.40260    0.05940    1.57667    0.09083
    741.98000    4.22854    0.05711    1.47274    0.04845
    745.24000    4.63786    0.04566    1.52896    0.06275
    748.23000    4.94646    0.03798    1.51785    0.07703
    751.99000    4.69914    0.06927    1.40743    0.08743
    754.44000    4.63905    0.03923    1.55174    0.04987
    756.77000    4.56908    0.03080    1.53648    0.03479
    760.14000    4.56412    0.04287    1.50297    0.03186
    765.72000    4.47235    0.07458    1.60848    0.04479
    768.77000    4.79307    0.04005    1.50594    0.07017
    770.82000    4.84571    0.05584    1.56514    0.02780
    775.45000    4.59663    0.05570    1.57047    0.05579
    777.59000    4.22503    0.06046    1.63665    0.04832
    781.42000    4.06619    0.06621    1.42534    0.05817
    785.27000    4.02881    0.08188    1.50198    0.04434
    789.00000    4.39880    0.05634    1.28067    0.06948
    791.27000    4.37447    0.06000    1.30317    0.08802
    794.49000    4.15404    0.05775    1.34588    0.05614
    796.41000    4.25812    0.05195    1.23972    0.04251
    800.41000    3.78114    0.05610    1.17820    0.06053
    803.27000    3.78018    0.05722    1.34837    0.05092
    806.21000    3.97310    0.04460    1.41328    0.02670
    809.20000    4.01406    0.05005    1.28981    0.03766
    812.28000    4.17279    0.03615    1.14736    0.06167
    815.88000    4.27184    0.05364    1.23410    0.06115
    821.42000    4.12819    0.07823    1.23959    0.03618
    821.65000    4.19953    0.08729    1.14586    0.06122
    825.27000    4.19876    0.07530    1.27950    0.06367
    828.42000    4.01933    0.04541    1.15397    0.05466
    831.30000    3.76582    0.06307    1.11831    0.07371
    833.93000    4.01962    0.04538    1.26476    0.07716
    836.89000    4.30620    0.02663    1.24893    0.06551
    838.44000    4.59523    0.06753    1.23337    0.06518
    840.51000    4.29419    0.05094    1.26178    0.06286
    844.85000    4.40658    0.02594    1.26735    0.06293
    845.94000    4.48885    0.06502    1.31588    0.07075
    849.88000    4.55157    0.05009    1.30697    0.03715
    852.95000    4.70403    0.05443    1.35920    0.04326
    855.32000    4.67776    0.05574    1.24139    0.01583
    857.28000    4.79033    0.04794    1.32061    0.05271
    860.81000    4.88141    0.02419    1.27731    0.02968
    863.89000    5.35161    0.05538    1.27549    0.06428
    866.59000    5.17723    0.04685    1.27800    0.06481
    871.06000    5.27830    0.05776    1.30362    0.05892
    874.17000    5.26905    0.06340    1.18044    0.05763
    876.22000    5.27032    0.04715    1.43548    0.05642
    880.71000    5.24622    0.02436    1.14856    0.05823
    883.02000    5.34305    0.04987    1.15527    0.06743
    885.59000    4.56284    0.09044    1.17609    0.05736
    888.41000    4.40426    0.06097    1.11877    0.05798
    891.43000    4.58687    0.09082    1.15265    0.06994
    893.88000    4.73402    0.06771    1.14118    0.08320
    897.58000    4.79930    0.07058    1.12946    0.07639
    900.60000    4.60347    0.03125    1.10669    0.04952
    902.58000    4.59392    0.03689    1.03791    0.03329
    904.94000    4.47010    0.06655    1.06682    0.08330
    906.19000    4.68848    0.07274    1.04926    0.03448
    909.83000    4.40851    0.06001    1.06707    0.03714
    912.25000    4.72501    0.03360    1.10439    0.05104
    916.06000    4.82169    0.05475    1.12760    0.02454
    918.82000    4.91123    0.06412    1.20357    0.02471
    922.16000    4.92731    0.06572    1.22211    0.04399
    926.45000    5.30094    0.05143    1.21683    0.05825
    929.81000    5.79493    0.02694    1.11596    0.04993
    932.96000    5.93966    0.02382    0.98409    0.03244
    935.54000    6.19819    0.05519    1.12161    0.05069
    939.66000    6.05786    0.06033    1.15504    0.06236
    943.30000    6.39097    0.05711    1.22791    0.05130
    946.58000    6.41870    0.03727    1.18880    0.04580
    950.51000    7.16044    0.09881    1.22465    0.05241
    953.39000    7.01565    0.08070    1.25468    0.03498
    955.67000    6.79285    0.06521    1.37079    0.07269
    958.15000    6.51893    0.04025    1.32313    0.04059
    960.79000    7.08148    0.06264    1.36618    0.06394
    964.32000    7.10451    0.03407    1.42190    0.04186
    967.61000    7.28197    0.10154    1.54518    0.04029
    969.80000    6.80380    0.04486    1.45733    0.04322
   1096.36000    6.02884    0.04489    1.57062    0.03221
   1098.89000    6.03214    0.04422    1.51889    0.05564
   1100.68000    6.13323    0.06265    1.39057    0.05727
   1104.13000    6.74018    0.03322    1.73653    0.07909
   1108.17000    6.43875    0.06043    1.59849    0.05039
   1110.98000    6.76918    0.06542    1.52367    0.05538
   1113.04000    6.91697    0.06976    1.73570    0.04643
   1117.04000    7.56094    0.05671    1.76279    0.02521
   1119.91000    7.25117    0.05849    1.52059    0.04489
   1123.09000    7.53624    0.06853    1.58252    0.04309
   1125.34000    7.16140    0.05764    1.48992    0.04720
   1127.78000    7.07206    0.03792    1.41525    0.05723
   1130.58000    6.58216    0.05862    1.40220    0.06155
   1134.00000    6.65461    0.06856    1.30081    0.04823
   1137.44000    6.42608    0.04047    1.40295    0.04957
   1139.86000    6.51315    0.04190    1.31245    0.04567
   1144.63000    6.72969    0.04681    1.48008    0.04838
   1147.25000    6.86222    0.03449    1.41802    0.03323
   1147.44000    6.94346    0.08333    1.49976    0.04088
   1149.64000    6.86492    0.02201    1.37773    0.03309
   1152.64000    6.64213    0.06732    1.33323    0.06343
   1155.49000    6.58544    0.02377    1.30798    0.03027
   1156.53000    6.58462    0.04483    1.25403    0.04537
   1159.04000    6.55453    0.06287    1.36981    0.04407
   1161.91000    6.69392    0.06714    1.47848    0.03417
   1163.28000    6.56693    0.07029    1.54231    0.02695
   1165.70000    6.75888    0.06148    1.44080    0.03434
   1169.09000    6.97475    0.04326    1.39376    0.02925
   1172.98000    7.17879    0.06209    1.29476    0.08476
   1174.84000    7.19416    0.05169    1.30259    0.07919
   1177.95000    7.61796    0.06822    1.42480    0.03693
   1180.91000    6.97166    0.03368    1.51852    0.08611
   1184.65000    6.96221    0.05814    1.50036    0.02391
   1188.63000    6.54691    0.06382    1.60250    0.05750
   1191.44000    6.29519    0.04150    1.53291    0.04718
   1193.94000    6.12511    0.07302    1.53574    0.04132
   1196.15000    5.83416    0.04680    1.47139    0.06019
   1198.77000    5.96610    0.03505    1.62153    0.03082
   1200.23000    6.09168    0.08751    1.74275    0.08992
   1202.76000    5.52678    0.04603    1.69684    0.02896
   1205.96000    5.18821    0.04237    1.77650    0.06531
   1209.25000    5.44977    0.04191    1.79079    0.05522
   1211.91000    5.19875    0.05052    1.75218    0.05747
   1214.89000    4.57036    0.03955    1.84619    0.05051
   1216.68000    4.55266    0.04451    1.96795    0.06657
   1220.68000    4.54697    0.05000    2.17863    0.07508
   1222.53000    4.76058    0.02884    2.01694    0.06256
   1224.20000    4.85230    0.05610    2.06786    0.05646
   1225.73000    4.65062    0.02877    2.11908    0.06533
   1228.92000    4.72739    0.04801    2.10488    0.09260
   1232.57000    4.75491    0.06356    1.91100    0.06785
   1235.32000    4.81820    0.03353    1.88982    0.04505
   1239.02000    4.55840    0.06668    1.81521    0.06658
   1241.49000    4.72831    0.06553    1.82293    0.06949
   1241.50000    4.73305    0.02638    1.99937    0.05009
   1244.60000    4.42050    0.03369    1.92255    0.07424
   1246.88000    4.70496    0.10197    2.09609    0.05866
   1249.79000    4.68970    0.06292    1.90918    0.06208
   1252.06000    4.63868    0.06111    2.05576    0.04311
   1255.01000    4.74611    0.04641    1.88172    0.05416
   1259.17000    4.49214    0.07576    1.92171    0.03842
   1261.44000    4.46701    0.05317    1.89777    0.04458
   1265.62000    4.12868    0.05222    1.91143    0.01063
   1266.77000    4.22472    0.06141    1.96604    0.03448
   1269.66000    4.15350    0.04845    1.97242    0.04687
   1271.40000    4.29008    0.05029    2.05772    0.05617
   1275.08000    4.06382    0.02073    2.16488    0.05051
   1277.29000    4.09874    0.03031    2.14185    0.03937
   1278.50000    3.72958    0.08314    2.18091    0.04794
   1280.68000    3.58785    0.06224    2.22885    0.05090
   1284.26000    3.55426    0.05030    2.09292    0.04318
   1285.49000    3.45566    0.05933    2.21159    0.05636
   1289.58000    3.42578    0.02801    2.04979    0.02697
   1292.20000    3.59200    0.05078    1.98649    0.01925
   1294.57000    3.62093    0.07389    1.99228    0.07923
   1297.10000    3.32359    0.02673    1.88124    0.06136
   1300.48000    3.01818    0.07464    1.87892    0.05071
   1302.66000    3.05891    0.05745    1.94368    0.05647
   1306.95000    3.00372    0.06192    1.57496    0.07190
   1309.17000    3.06690    0.05848    1.65477    0.08850
   1311.35000    3.04738    0.06504    1.66364    0.05227
   1313.56000    2.98883    0.03021    1.56826    0.04890
   1316.34000    2.74597    0.07768    1.53209    0.05823
   1318.55000    2.67658    0.06940    1.43069    0.06888
   1321.38000    2.65670    0.04701    1.43123    0.03895
   1323.86000    2.72883    0.04032    1.38401    0.04765
   1327.15000    2.68763    0.04946    1.50003    0.06216
   1330.44000    2.80625    0.07498    1.51119    0.05826
   1332.85000    2.83915    0.04118    1.50349    0.04328
   1462.57000    3.32289    0.04892    0.94433    0.08375
   1467.45000    3.38151    0.02485    0.90879    0.05909
   1469.89000    3.35821    0.05786    0.82002    0.03752
   1471.90000    3.46917    0.05359    0.81576    0.07621
   1474.37000    3.68529    0.05656    0.82999    0.05596
   1479.53000    3.82040    0.04633    0.98686    0.05166
   1481.39000    3.97804    0.04910    0.99681    0.04694
   1482.66000    3.80759    0.03902    0.96592    0.04760
   1484.82000    3.88161    0.03415    1.02557    0.05184
   1487.70000    3.76317    0.08043    0.94956    0.06282
   1490.74000    3.81086    0.05964    0.93677    0.04473
   1492.75000    3.99305    0.03585    0.86897    0.03525
   1497.12000    4.01672    0.03660    0.88727    0.04427
   1499.47000    3.85931    0.04935    0.96223    0.06045
   1501.92000    3.72807    0.08958    0.95532    0.05145
   1503.30000    3.57654    0.04024    1.01103    0.02264
   1507.06000    3.76541    0.04822    0.86677    0.07729
   1509.68000    3.29739    0.04410    1.04337    0.06927
   1513.49000    3.14315    0.06596    1.05061    0.08413
   1515.61000    3.09788    0.02926    1.09655    0.03401
   1519.27000    3.44762    0.07478    1.02034    0.05872
   1522.96000    3.78874    0.05449    1.12813    0.05875
   1527.54000    3.81523    0.06826    1.08158    0.07806
   1530.13000    3.88273    0.06551    1.13536    0.04201
   1532.90000    3.71791    0.06486    1.16733    0.02238
   1536.12000    3.97064    0.06425    1.12485    0.03747
   1539.93000    3.64487    0.01727    1.15453    0.03565
   1545.23000    3.68534    0.07224    1.18760    0.07321
   1550.56000    4.01590    0.07192    1.05454    0.03936
   1552.90000    4.13022    0.06504    0.99892    0.05673
   1556.76000    4.03818    0.05948    0.86261    0.04986
   1560.34000    3.91115    0.05263    0.87551    0.04647
   1563.61000    3.95383    0.04717    0.86466    0.04046
   1566.44000    3.55923    0.06997    0.91487    0.02499
   1568.52000    3.45599    0.02947    0.93814    0.02926
   1571.95000    3.69669    0.05713    0.94539    0.07805
   1575.02000    3.74651    0.04933    0.94616    0.02178
   1579.08000    3.65232    0.07537    1.09926    0.04279
   1583.50000    3.58570    0.07286    1.13535    0.02737
   1586.94000    3.73316    0.07872    1.23533    0.04067
   1591.33000    3.64119    0.06765    1.08404    0.03808
   1593.77000    3.64661    0.02702    1.15538    0.05935
   1594.89000    3.50580    0.04823    1.16831    0.04151
   1596.37000    3.69470    0.05824    1.02678    0.05485
   1598.36000    3.49902    0.05044    1.21761    0.05375
   1602.27000    3.53598    0.02376    1.24552    0.06700
   1605.78000    3.46009    0.04196    1.06127    0.05453
   1609.52000    3.52518    0.05279    1.09023    0.05925
   1612.57000    3.60014    0.04413    0.98644    0.03974
   1616.47000    3.53447    0.04495    0.91465    0.01995
   1621.28000    3.32988    0.06785    1.10121    0.04699
   1622.98000    3.66738    0.04575    0.91952    0.05117
   1625.09000    3.73566    0.05484    1.10190    0.03448
   1628.32000    3.75971    0.04015    1.14521    0.06388
   1630.41000    3.51354    0.06145    1.05868    0.06797
   1635.05000    3.35903    0.07769    1.11266    0.04048
   1637.63000    3.16317    0.03320    0.96199    0.07854
   1641.18000    3.40193    0.03584    1.11113    0.05215
   1645.56000    3.12571    0.04553    1.05743    0.05061
   1649.47000    3.40508    0.05472    1.09829    0.05132
   1652.40000    3.41056    0.03930    1.10571    0.02342
   1656.55000    3.51127    0.08241    1.13123    0.05462
   1658.37000    3.43158    0.06062    1.23311    0.07051
   1659.88000    3.45727    0.05518    1.14575    0.04050
   1661.67000    3.45438    0.05601    1.10646    0.05395
   1663.56000    3.56284    0.04490    1.11363    0.07127
   1667.78000    3.55571    0.05488    1.12673    0.05875
   1670.91000    3.55821    0.08678    0.89627    0.06513
   1673.44000    3.82889    0.04633    1.02907    0.05637
   1677.89000    3.95182    0.05987    1.02638    0.07457
   1681.25000    3.80317    0.03324    1.13237    0.06899
   1683.70000    4.12795    0.05066    1.00992    0.03684
   1686.80000    3.92766    0.04660    0.93086    0.07165
   1688.85000    3.92223    0.05005    1.08760    0.05939
   1690.52000    3.72317    0.06580    1.01619    0.05576
   1692.96000    3.66891    0.07267    1.09493    0.04595
   1696.10000    3.68026    0.06410    0.96981    0.03846
   1699.84000    3.67321    0.06612    1.05867    0.05762
