## Time Delay Challenge light curves
##
## [time]=days, [lc]=[err]=flux in nanomaggies
##
##       time       lc_A      err_A       lc_B      err_B
##-------------------------------------------------------
      2.36000    2.40510    0.04393   10.41222    0.03823
      6.31000    2.34858    0.04595   10.38123    0.06286
      9.73000    2.46194    0.04587   10.37967    0.05232
     13.23000    2.32432    0.06146   10.26198    0.05842
     17.86000    2.31884    0.06057   10.40424    0.05614
     20.73000    2.39709    0.04415   10.27682    0.04503
     24.40000    2.36563    0.04409   10.22798    0.05323
     27.77000    2.44748    0.06363   10.29743    0.06816
     30.33000    2.37758    0.05054   10.17605    0.03910
     33.71000    2.31781    0.04378   10.37775    0.04467
     38.48000    2.39947    0.07063   10.41767    0.05223
     41.95000    2.42728    0.06213   10.40597    0.06348
     43.68000    2.36396    0.03141   10.43447    0.05068
     46.56000    2.39245    0.03702   10.30272    0.05954
     48.59000    2.41712    0.07186   10.31769    0.03737
     53.66000    2.31348    0.02834   10.28581    0.05318
     57.90000    2.32875    0.04657   10.38031    0.05591
     62.05000    2.36867    0.06205   10.21301    0.05322
     66.13000    2.31143    0.06768   10.22731    0.06146
     69.13000    2.33808    0.05124   10.20498    0.05480
     71.92000    2.36067    0.02869   10.18922    0.04549
     73.89000    2.35157    0.05292   10.11491    0.05185
     77.35000    2.32498    0.02184   10.21600    0.05051
     80.96000    2.30136    0.02596   10.33336    0.06110
     82.69000    2.28276    0.05575   10.27874    0.05118
     86.22000    2.29411    0.10061   10.21459    0.04991
     89.17000    2.30983    0.06328   10.19645    0.05274
     92.03000    2.37774    0.08410   10.13385    0.07914
     94.94000    2.23834    0.06088   10.34562    0.02913
     98.29000    2.28844    0.02934   10.28691    0.07525
    102.20000    2.36943    0.06606   10.26630    0.03747
    104.14000    2.24771    0.05506   10.29258    0.03829
    108.05000    2.25679    0.05556   10.21633    0.04776
    111.67000    2.31952    0.04829    9.85588    0.07383
    113.78000    2.24023    0.06579   10.06886    0.05632
    116.84000    2.35678    0.05604   10.07363    0.05985
    121.20000    2.25009    0.06810   10.04179    0.05336
    122.84000    2.32858    0.03200    9.92231    0.02264
    126.70000    2.32360    0.05543    9.87596    0.04516
    131.66000    2.29114    0.03003   10.03379    0.04975
    135.12000    2.25649    0.05472   10.02375    0.03592
    139.70000    2.27930    0.03358   10.05925    0.04584
    142.20000    2.41331    0.07783   10.13115    0.05299
    143.96000    2.20990    0.03178   10.06675    0.03036
    146.72000    2.27079    0.04094   10.10175    0.09032
    150.01000    2.33870    0.02586    9.96508    0.05779
    152.18000    2.34184    0.06139   10.04887    0.06908
    154.80000    2.32214    0.07995    9.99870    0.06199
    155.88000    2.23338    0.04459    9.90516    0.04504
    159.95000    2.29346    0.04463    9.91966    0.04954
    164.66000    2.29472    0.07219    9.95299    0.05222
    168.57000    2.39879    0.05614   10.10012    0.04694
    172.18000    2.22441    0.06930    9.99473    0.04026
    177.03000    2.32440    0.00615   10.04254    0.03951
    181.92000    2.32691    0.02985   10.19279    0.04412
    184.31000    2.31643    0.03655   10.16814    0.05287
    186.79000    2.33948    0.03478   10.03143    0.04451
    190.85000    2.44093    0.08886   10.12160    0.05643
    194.85000    2.26156    0.06591   10.06725    0.05348
    197.68000    2.32581    0.07388   10.03776    0.02004
    201.49000    2.18544    0.06549   10.12375    0.04123
    206.07000    2.34720    0.06238   10.06142    0.05064
    209.19000    2.36621    0.06068   10.15610    0.03767
    211.50000    2.37780    0.02474   10.20404    0.05040
    215.41000    2.28433    0.06911   10.04492    0.04367
    218.90000    2.31624    0.06322    9.97253    0.04718
    220.43000    2.33779    0.04764    9.95142    0.03986
    224.27000    2.33527    0.03705    9.88273    0.05111
    228.94000    2.24869    0.05318    9.93665    0.04008
    230.37000    2.31126    0.02347    9.80767    0.02596
    233.96000    2.37646    0.03692    9.84547    0.04236
    237.73000    2.31409    0.02267    9.89029    0.05669
    239.05000    2.30159    0.07412    9.92681    0.07046
    367.93000    2.46032    0.07726   10.01241    0.04234
    371.59000    2.32193    0.05365    9.91868    0.05333
    375.48000    2.41748    0.03281    9.95175    0.04176
    378.56000    2.33733    0.05446    9.98566    0.04154
    381.40000    2.44273    0.05166    9.98972    0.05237
    384.74000    2.40779    0.03532   10.27805    0.04508
    388.41000    2.42886    0.06067   10.10046    0.05894
    390.37000    2.51093    0.07351   10.24946    0.03757
    392.47000    2.45942    0.02136   10.32840    0.04635
    396.57000    2.42369    0.04805   10.35551    0.06654
    400.77000    2.48297    0.08852   10.48679    0.04460
    403.45000    2.39849    0.07341   10.49611    0.01802
    404.99000    2.39744    0.05886   10.47033    0.03220
    407.84000    2.47504    0.04427   10.50404    0.09180
    410.46000    2.41115    0.06029   10.48857    0.02329
    415.22000    2.56216    0.06433   10.35330    0.03955
    419.24000    2.50329    0.04938   10.53617    0.03830
    420.19000    2.39226    0.06654   10.57174    0.06853
    424.54000    2.53668    0.05900   10.68092    0.05105
    428.03000    2.46007    0.05101   10.73318    0.05492
    429.41000    2.38953    0.07660   10.65910    0.04424
    431.71000    2.41820    0.07301   10.50543    0.04800
    435.28000    2.47649    0.01775   10.60516    0.03780
    437.26000    2.28467    0.06787   10.58106    0.05040
    439.16000    2.43613    0.05328   10.64487    0.03980
    444.12000    2.43058    0.03168   10.86634    0.08261
    447.32000    2.34511    0.05371   10.64905    0.03712
    451.22000    2.48270    0.07623   10.61599    0.06740
    453.93000    2.34820    0.06258   10.67337    0.04488
    456.15000    2.49263    0.04858   10.70498    0.07880
    458.33000    2.48953    0.04743   10.65391    0.03196
    461.44000    2.52394    0.07403   10.59552    0.08371
    463.20000    2.47255    0.06122   10.58385    0.05240
    464.98000    2.37687    0.06577   10.59527    0.04086
    468.57000    2.45274    0.04006   10.49039    0.08458
    472.00000    2.42642    0.08481   10.66588    0.02535
    474.63000    2.37029    0.05933   10.78725    0.06656
    478.97000    2.47758    0.04814   10.47001    0.05871
    482.58000    2.56989    0.07216   10.41743    0.05436
    485.79000    2.45253    0.06240   10.55395    0.05871
    487.70000    2.50336    0.05988   10.48022    0.04086
    490.61000    2.49757    0.05454   10.52328    0.05190
    492.31000    2.47709    0.02567   10.52734    0.05965
    496.05000    2.49004    0.04762   10.44170    0.05128
    499.96000    2.44361    0.06933   10.61863    0.07588
    503.35000    2.45137    0.05280   10.70422    0.05148
    505.86000    2.51655    0.04500   10.69640    0.03706
    507.94000    2.50801    0.05950   10.94172    0.06807
    511.54000    2.55179    0.06704   10.73178    0.02837
    513.66000    2.41918    0.04115   10.78301    0.05112
    516.88000    2.41126    0.03819   10.88835    0.03108
    518.94000    2.41485    0.05776   10.90955    0.06900
    521.26000    2.47274    0.02817   10.84088    0.04847
    523.66000    2.36342    0.07121   10.87213    0.06226
    526.83000    2.62088    0.04082   10.74255    0.04764
    529.71000    2.60409    0.07051   10.66206    0.02669
    533.37000    2.43863    0.04389   10.75024    0.03595
    537.61000    2.48712    0.05804   10.57029    0.04645
    542.47000    2.56668    0.08206   10.49387    0.06971
    544.87000    2.56902    0.04367   10.45445    0.03752
    547.04000    2.52185    0.00366   10.56160    0.05839
    549.49000    2.49264    0.04887   10.67968    0.03470
    552.42000    2.51393    0.04133   10.74762    0.02302
    556.45000    2.43404    0.02788   10.85138    0.02971
    560.23000    2.41704    0.06894   10.90158    0.04501
    564.21000    2.51150    0.04500   10.90329    0.05872
    567.66000    2.29526    0.04977   11.02554    0.04653
    570.89000    2.16581    0.07112   10.78850    0.03627
    574.80000    2.47414    0.04224   10.74412    0.04132
    578.45000    2.32887    0.06871   10.90707    0.06929
    581.03000    2.26432    0.05669   10.79619    0.06356
    583.90000    2.24752    0.07164   10.63341    0.06679
    587.30000    2.34194    0.03733   10.57391    0.05476
    589.67000    2.36929    0.06396   10.65213    0.06304
    592.54000    2.39585    0.08196   10.35799    0.06712
    595.91000    2.35700    0.06845   10.36558    0.05376
    598.72000    2.32795    0.05528   10.45219    0.07612
    601.78000    2.39594    0.03235   10.25914    0.07167
    733.47000    2.42792    0.06169   10.83323    0.06766
    735.92000    2.52186    0.09178   10.63302    0.07211
    737.66000    2.37282    0.04624   10.71661    0.02267
    740.51000    2.51583    0.05418   10.72766    0.07690
    743.60000    2.41356    0.04018   10.61376    0.05799
    745.88000    2.46066    0.05242   10.52349    0.06931
    749.30000    2.51608    0.06700   10.41944    0.05109
    752.46000    2.38611    0.06234   10.45730    0.04970
    756.67000    2.37889    0.04617   10.36272    0.05923
    759.49000    2.61638    0.08223   10.34349    0.04045
    761.08000    2.43357    0.07490   10.33607    0.05474
    765.29000    2.46501    0.06514   10.49574    0.05447
    767.46000    2.59732    0.07513   10.52991    0.06283
    770.84000    2.44127    0.03849   10.55515    0.03584
    774.45000    2.43007    0.04798   10.66241    0.04913
    776.39000    2.52394    0.02671   10.60812    0.03594
    779.64000    2.52698    0.02926   10.55301    0.07225
    782.85000    2.51575    0.04317   10.45983    0.05130
    784.90000    2.56640    0.05179   10.45527    0.06408
    786.07000    2.59038    0.05385   10.45615    0.02834
    787.79000    2.44417    0.07889   10.41446    0.06954
    790.52000    2.57644    0.04832   10.63929    0.02313
    793.30000    2.50178    0.05581   10.71287    0.03296
    795.62000    2.53375    0.04655   10.76427    0.04914
    798.63000    2.47622    0.03345   10.91918    0.05516
    802.32000    2.50045    0.05468   10.72402    0.05388
    805.63000    2.46999    0.05760   10.83637    0.04557
    808.35000    2.53138    0.06723   11.03705    0.06624
    810.44000    2.46045    0.00332   10.94738    0.06379
    815.65000    2.51576    0.04463   11.15170    0.05883
    819.99000    2.50027    0.05890   11.05306    0.05622
    820.88000    2.40673    0.04247   11.04567    0.06125
    822.02000    2.39500    0.04896   11.05763    0.04417
    825.32000    2.32107    0.06055   11.08633    0.05845
    828.58000    2.38017    0.06339   10.94510    0.04243
    831.10000    2.44602    0.04017   11.00854    0.05224
    835.23000    2.42293    0.04554   10.87497    0.05295
    839.47000    2.43415    0.03953   10.61063    0.05926
    844.12000    2.48171    0.06146   10.64894    0.07386
    848.22000    2.49227    0.05075   10.88479    0.07671
    852.07000    2.32459    0.02023   10.72715    0.06138
    855.68000    2.48104    0.06303   10.55760    0.04919
    860.35000    2.35821    0.03771   10.48850    0.06591
    863.25000    2.44126    0.05451   10.53544    0.05457
    865.22000    2.49959    0.04967   10.53533    0.06706
    869.69000    2.47556    0.05491   10.47207    0.02587
    874.04000    2.41915    0.05178   10.37450    0.04491
    876.36000    2.44154    0.04213   10.25150    0.07549
    880.08000    2.43209    0.05114   10.43135    0.06831
    883.66000    2.36532    0.05217   10.27518    0.04294
    885.87000    2.29160    0.04204   10.42819    0.03707
    888.83000    2.35542    0.06868   10.42310    0.07202
    891.88000    2.29691    0.03553   10.55226    0.05971
    894.35000    2.39440    0.04142   10.37244    0.05412
    898.24000    2.37708    0.04627   10.54866    0.05944
    900.35000    2.30891    0.05472   10.57535    0.05344
    903.43000    2.29551    0.05197   10.57769    0.02834
    906.78000    2.36292    0.07033   10.60591    0.06046
    911.05000    2.34536    0.04785   10.47579    0.04852
    913.64000    2.34967    0.04085   10.34094    0.07349
    916.37000    2.32896    0.04143   10.13702    0.04065
    919.51000    2.45902    0.05922   10.11461    0.03454
    922.66000    2.37813    0.06852   10.12464    0.04097
    925.99000    2.36916    0.03787   10.15002    0.03846
    927.32000    2.43057    0.05224   10.22757    0.02916
    931.83000    2.35422    0.06504   10.30751    0.07241
    934.99000    2.33002    0.04410   10.22899    0.06095
    936.28000    2.37752    0.04332   10.44868    0.05884
    939.67000    2.31725    0.06579   10.31757    0.03284
    942.79000    2.25064    0.07172   10.29501    0.04608
    945.32000    2.29552    0.03299   10.49255    0.07754
    948.83000    2.38712    0.07801   10.40086    0.06660
    951.71000    2.34284    0.01803   10.50330    0.04189
    954.87000    2.23982    0.07234   10.29216    0.07374
    958.82000    2.25963    0.06081   10.33517    0.04554
    963.00000    2.31327    0.07300   10.28063    0.06360
    967.13000    2.26920    0.05574   10.04319    0.05308
    969.95000    2.37823    0.05339   10.14017    0.06590
   1098.70000    2.42580    0.08887   10.28773    0.05277
   1100.51000    2.45749    0.07057   10.31390    0.06924
   1104.12000    2.49813    0.04031   10.31688    0.04787
   1107.52000    2.43852    0.05764   10.58817    0.05555
   1112.19000    2.41462    0.06443   10.67131    0.03292
   1113.91000    2.50737    0.04617   10.66871    0.05460
   1116.89000    2.52474    0.06279   10.51526    0.06543
   1122.28000    2.52221    0.03860   10.69466    0.05471
   1125.41000    2.49369    0.04716   10.65684    0.03345
   1129.33000    2.56617    0.05226   10.70472    0.04161
   1133.17000    2.48480    0.03111   10.75826    0.03784
   1137.66000    2.60733    0.05203   10.68947    0.07609
   1139.45000    2.53954    0.04808   10.69747    0.04727
   1145.34000    2.54846    0.04467   10.84903    0.04395
   1147.93000    2.56987    0.05171   10.94932    0.02912
   1151.45000    2.62629    0.05899   10.86456    0.02969
   1153.06000    2.53076    0.06631   10.87361    0.04873
   1156.82000    2.51495    0.04073   10.94604    0.05752
   1160.21000    2.46184    0.04035   11.07233    0.04686
   1165.07000    2.47679    0.05757   11.06962    0.05489
   1168.00000    2.46283    0.03705   11.11286    0.03081
   1172.36000    2.46368    0.02732   11.12819    0.04801
   1174.58000    2.44326    0.05181   11.13538    0.04214
   1177.16000    2.48628    0.04355   11.29531    0.04491
   1179.63000    2.61755    0.08952   11.10895    0.03288
   1185.03000    2.50981    0.05705   11.07073    0.04462
   1188.12000    2.48895    0.05072   10.96765    0.05904
   1191.86000    2.42901    0.07458   10.79711    0.04031
   1193.11000    2.37826    0.05688   10.88357    0.06148
   1196.11000    2.50985    0.04794   10.79261    0.04179
   1199.02000    2.46275    0.03505   11.05130    0.05000
   1200.09000    2.52067    0.04093   10.97030    0.03325
   1204.23000    2.43391    0.05724   10.84634    0.02893
   1206.07000    2.47720    0.04861   10.85169    0.05659
   1209.48000    2.35401    0.08096   10.95778    0.04738
   1211.36000    2.51691    0.05231   10.97556    0.05670
   1214.74000    2.71123    0.08785   10.99591    0.02597
   1218.17000    2.42498    0.04459   10.87087    0.06654
   1219.75000    2.48294    0.05188   10.96285    0.05027
   1222.13000    2.59128    0.06587   10.88948    0.04693
   1226.88000    2.42734    0.06432   10.86414    0.05499
   1229.11000    2.44445    0.04263   10.84771    0.06139
   1230.52000    2.45601    0.06746   10.92389    0.08143
   1233.65000    2.34907    0.04539   10.73833    0.04522
   1236.55000    2.35557    0.06729   10.88261    0.06264
   1239.51000    2.40421    0.02110   10.71355    0.04820
   1242.78000    2.32213    0.04635   10.72601    0.03854
   1246.10000    2.39684    0.05034   10.90213    0.06181
   1250.19000    2.23825    0.05753   10.75578    0.05551
   1251.69000    2.30459    0.06428   10.97351    0.05078
   1254.33000    2.18202    0.05502   11.02581    0.05647
   1256.70000    2.26153    0.03553   10.71689    0.05810
   1258.98000    2.32049    0.03858   10.78067    0.04698
   1262.78000    2.22817    0.04807   10.79112    0.07012
   1264.23000    2.28720    0.05125   10.70400    0.03835
   1267.92000    2.29081    0.05168   10.52473    0.04899
   1271.32000    2.22145    0.05649   10.38120    0.07524
   1272.68000    2.31498    0.05590   10.48285    0.06089
   1276.48000    2.25910    0.03357   10.23518    0.03453
   1279.85000    2.25122    0.04659   10.20989    0.01927
   1283.62000    2.28423    0.03740   10.09670    0.06742
   1286.68000    2.17340    0.05603   10.02562    0.05769
   1290.64000    2.30266    0.06784   10.16544    0.06323
   1293.21000    2.29611    0.07538   10.25083    0.03682
   1293.89000    2.32055    0.03860   10.25501    0.02927
   1297.80000    2.33294    0.03924   10.27356    0.07339
   1301.04000    2.28002    0.06397   10.15290    0.04310
   1305.25000    2.28112    0.04249    9.97075    0.05265
   1308.00000    2.30789    0.05436   10.09472    0.05346
   1311.38000    2.20711    0.06557   10.12579    0.03474
   1314.02000    2.24223    0.05062   10.03459    0.04668
   1317.84000    2.19373    0.05566   10.00160    0.04318
   1321.08000    2.21225    0.03992   10.11749    0.06467
   1323.98000    2.24027    0.03146   10.08655    0.02421
   1327.18000    2.24022    0.04796    9.87439    0.03883
   1330.02000    2.20310    0.01965    9.85307    0.06743
   1334.44000    2.21182    0.08838   10.08243    0.04828
   1463.47000    2.18521    0.08665    9.89585    0.05927
   1467.65000    2.15908    0.05867    9.92608    0.03965
   1469.40000    2.26275    0.02031    9.74360    0.05942
   1472.99000    2.20158    0.05336    9.74127    0.04978
   1473.85000    2.27313    0.00959    9.81650    0.04259
   1475.82000    2.25159    0.06369    9.75938    0.03796
   1477.92000    2.21243    0.05450    9.90392    0.07554
   1481.60000    2.21167    0.05683    9.88976    0.03771
   1485.29000    2.32147    0.06029    9.86252    0.04516
   1488.60000    2.14729    0.08329    9.74891    0.03266
   1490.71000    2.24444    0.01857    9.84935    0.05830
   1495.10000    2.27955    0.04687    9.79935    0.07435
   1498.95000    2.20307    0.06098    9.86527    0.06119
   1500.89000    2.36090    0.05790    9.97738    0.05943
   1504.52000    2.27242    0.04048    9.94544    0.02389
   1508.48000    2.22139    0.04866    9.97641    0.06161
   1512.98000    2.26138    0.06929    9.88591    0.04523
   1515.85000    2.20959    0.01381    9.83940    0.07072
   1519.05000    2.23996    0.05661    9.87414    0.05450
   1520.94000    2.17825    0.05429    9.74576    0.06511
   1525.29000    2.16824    0.06195    9.80756    0.07249
   1528.89000    2.27538    0.04140    9.83958    0.04690
   1531.97000    2.28392    0.02194    9.88455    0.05546
   1535.35000    2.24995    0.05798    9.95849    0.03822
   1538.60000    2.16071    0.03437    9.85953    0.03925
   1542.18000    2.30489    0.04993    9.74640    0.06508
   1542.76000    2.08256    0.06914    9.79411    0.07384
   1544.54000    2.35378    0.05553    9.85223    0.07076
   1547.26000    2.24772    0.04924    9.78923    0.07772
   1549.86000    2.33349    0.06389    9.78012    0.05444
   1553.73000    2.27762    0.03972    9.80772    0.07935
   1557.03000    2.26828    0.03485    9.80095    0.05845
   1559.77000    2.18039    0.05380    9.82606    0.05170
   1561.60000    2.29284    0.04023    9.77025    0.04511
   1564.29000    2.28108    0.06701    9.89295    0.06133
   1567.18000    2.27425    0.06406    9.69578    0.04849
   1570.81000    2.18797    0.03826    9.81787    0.07800
   1573.39000    2.26351    0.05907    9.99020    0.05027
   1577.72000    2.21979    0.04252    9.95118    0.05474
   1579.26000    2.28232    0.04037    9.95054    0.05358
   1581.64000    2.40569    0.07712   10.03465    0.02264
   1586.36000    2.26382    0.05099    9.92919    0.07063
   1589.98000    2.26612    0.05559   10.07590    0.02781
   1593.83000    2.28821    0.04377   10.19185    0.06986
   1599.07000    2.32018    0.04055   10.04084    0.06258
   1602.54000    2.29478    0.06489    9.89819    0.06188
   1605.33000    2.25922    0.02761    9.89170    0.06139
   1607.55000    2.29428    0.06495    9.99441    0.05195
   1611.42000    2.26470    0.04388   10.06888    0.03804
   1614.87000    2.34621    0.05158   10.19105    0.04159
   1617.62000    2.34655    0.05989   10.12323    0.02195
   1619.87000    2.21244    0.04816   10.08233    0.05375
   1625.12000    2.28435    0.05574   10.04271    0.06114
   1628.78000    2.24796    0.05457   10.06031    0.05059
   1630.22000    2.29607    0.04431   10.05119    0.09018
   1633.55000    2.38439    0.01887   10.02066    0.06519
   1636.26000    2.39424    0.03586   10.09184    0.03542
   1639.06000    2.32530    0.03213   10.21531    0.07274
   1644.58000    2.43775    0.06274   10.14980    0.06063
   1648.50000    2.48424    0.07624    9.99117    0.08061
   1650.97000    2.41602    0.03899    9.82892    0.06874
   1651.87000    2.45069    0.06024   10.03507    0.06858
   1653.06000    2.43032    0.05721   10.07392    0.06143
   1657.29000    2.38428    0.08049   10.10335    0.03129
   1659.67000    2.39923    0.05135   10.20145    0.05472
   1662.29000    2.32093    0.07182   10.16241    0.05705
   1665.72000    2.42691    0.06362   10.51447    0.08019
   1670.33000    2.48088    0.03719   10.67747    0.03136
   1672.78000    2.44237    0.04395   10.68990    0.03642
   1676.58000    2.49982    0.03650   10.73176    0.04363
   1677.97000    2.59438    0.04881   10.73933    0.07643
   1680.46000    2.54592    0.08171   10.70431    0.03459
   1682.75000    2.51306    0.03644   10.75601    0.06051
   1684.05000    2.41703    0.05377   10.64565    0.04097
   1686.34000    2.42966    0.03365   10.66329    0.05034
   1690.61000    2.44528    0.05393   10.61674    0.02471
   1692.87000    2.41228    0.05033   10.67722    0.04440
   1695.51000    2.38613    0.07039   10.90151    0.05684
   1698.40000    2.38608    0.06072   10.99591    0.03645
   1699.81000    2.55056    0.06998   11.09639    0.06673
