## Time Delay Challenge light curves
##
## [time]=days, [lc]=[err]=flux in nanomaggies
##
##       time       lc_A      err_A       lc_B      err_B
##-------------------------------------------------------
      2.26000    1.38190    0.03089    0.43658    0.03774
      6.13000    1.25943    0.06181    0.59731    0.04921
      9.95000    1.42783    0.08067    0.56907    0.06041
     13.67000    1.37470    0.05934    0.50985    0.04792
     15.76000    1.50593    0.05971    0.59652    0.03505
     18.80000    1.39509    0.04533    0.54060    0.07092
     22.20000    1.49744    0.07766    0.67342    0.07556
     24.52000    1.41083    0.03103    0.57900    0.06749
     28.23000    1.42615    0.05147    0.47294    0.02648
     31.72000    1.37056    0.07200    0.64756    0.06053
     34.67000    1.49574    0.05070    0.54773    0.06374
     37.17000    1.30494    0.05879    0.54566    0.07516
     40.29000    1.39308    0.03919    0.51863    0.07377
     43.20000    1.39841    0.04275    0.74495    0.08430
     46.29000    1.42042    0.06239    0.61238    0.06998
     49.66000    1.24487    0.06813    0.54141    0.04519
     52.22000    1.38779    0.03154    0.55818    0.04317
     56.75000    1.33022    0.06252    0.59477    0.03482
     60.03000    1.32592    0.09355    0.55257    0.03654
     63.54000    1.39904    0.05465    0.64908    0.06224
     67.00000    1.50463    0.04070    0.60222    0.04664
     70.12000    1.42951    0.04326    0.60252    0.03270
     72.70000    1.43871    0.05565    0.69324    0.05630
     79.01000    1.40206    0.06346    0.63633    0.05085
     79.90000    1.35076    0.05364    0.53472    0.06153
     81.98000    1.46940    0.04532    0.61094    0.04946
     83.96000    1.32131    0.04382    0.58830    0.05436
     87.07000    1.52412    0.06090    0.58944    0.07280
     89.45000    1.43142    0.02561    0.50363    0.06506
     93.54000    1.52758    0.07475    0.59155    0.05946
     96.92000    1.46065    0.06344    0.51759    0.04817
     99.61000    1.51214    0.03267    0.57488    0.03895
    104.29000    1.50854    0.02598    0.56636    0.05198
    107.80000    1.52475    0.01705    0.53708    0.04796
    111.91000    1.52994    0.02549    0.54978    0.03037
    114.92000    1.46934    0.03397    0.53992    0.06181
    118.81000    1.58236    0.07730    0.57913    0.06594
    122.72000    1.49287    0.04518    0.62438    0.08193
    124.96000    1.46330    0.05111    0.55856    0.05052
    126.65000    1.54091    0.04483    0.54382    0.07270
    127.44000    1.46117    0.05540    0.62778    0.07974
    130.54000    1.45310    0.04698    0.67424    0.06370
    134.23000    1.49740    0.09076    0.53578    0.02939
    139.57000    1.47757    0.05767    0.45801    0.08954
    144.66000    1.37169    0.06785    0.59388    0.05853
    146.58000    1.44744    0.01700    0.50933    0.08231
    148.99000    1.42780    0.04393    0.53458    0.06684
    151.43000    1.32169    0.05506    0.53321    0.10070
    155.00000    1.46812    0.04276    0.61492    0.04941
    157.57000    1.48378    0.02857    0.58276    0.03630
    162.17000    1.45169    0.05276    0.62265    0.08215
    164.79000    1.47149    0.03462    0.62847    0.03621
    168.11000    1.49030    0.07019    0.56371    0.08141
    171.29000    1.53187    0.04544    0.57052    0.05383
    174.22000    1.53540    0.05015    0.48069    0.06699
    177.37000    1.48211    0.04416    0.52471    0.08301
    180.39000    1.55446    0.09422    0.67379    0.06154
    183.75000    1.48515    0.04758    0.47570    0.10845
    186.52000    1.46578    0.04830    0.48958    0.06666
    187.38000    1.47200    0.05943    0.56030    0.06993
    191.52000    1.51814    0.06095    0.54413    0.05720
    195.64000    1.53282    0.04102    0.47737    0.07891
    198.21000    1.48532    0.04306    0.52361    0.02956
    200.33000    1.48477    0.06112    0.58687    0.03964
    202.33000    1.52670    0.04724    0.57148    0.06405
    204.07000    1.54761    0.05154    0.50961    0.04395
    206.63000    1.49083    0.07187    0.51493    0.03875
    209.06000    1.55351    0.04021    0.65341    0.07451
    211.03000    1.51439    0.02069    0.55804    0.02859
    213.63000    1.37699    0.05635    0.54135    0.06850
    215.94000    1.35164    0.07086    0.58775    0.04031
    218.84000    1.39039    0.04496    0.57205    0.06908
    219.82000    1.47341    0.04748    0.63734    0.05239
    222.11000    1.56887    0.07886    0.61620    0.07465
    224.14000    1.51341    0.02930    0.47105    0.05900
    225.84000    1.42693    0.07104    0.70330    0.06295
    230.09000    1.44899    0.01710    0.61961    0.06183
    233.29000    1.42937    0.06205    0.34308    0.08910
    237.44000    1.44329    0.06845    0.59081    0.05184
    367.26000    1.55240    0.06125    0.57656    0.07319
    370.51000    1.54843    0.06659    0.64652    0.03806
    373.83000    1.68260    0.03222    0.58211    0.04187
    375.55000    1.70323    0.05828    0.67735    0.06793
    378.25000    1.59168    0.02475    0.60929    0.05449
    383.16000    1.63098    0.05629    0.59828    0.05089
    385.56000    1.68274    0.05274    0.58500    0.05706
    388.16000    1.64223    0.05299    0.61158    0.03482
    391.68000    1.66065    0.04299    0.66991    0.05438
    395.63000    1.55329    0.06701    0.65684    0.05085
    399.12000    1.63810    0.06132    0.53263    0.04913
    402.13000    1.52157    0.07369    0.52212    0.05564
    405.65000    1.64269    0.07326    0.46926    0.06570
    408.39000    1.63039    0.05551    0.58113    0.05629
    411.27000    1.57129    0.03273    0.62177    0.03059
    415.11000    1.64171    0.04025    0.41566    0.07232
    420.42000    1.67522    0.06453    0.55343    0.05012
    424.64000    1.51125    0.04861    0.60778    0.04383
    427.17000    1.54035    0.04633    0.64123    0.05160
    429.20000    1.55219    0.03013    0.56875    0.03740
    432.85000    1.57944    0.04665    0.56798    0.05704
    436.76000    1.58696    0.08688    0.44628    0.07143
    440.83000    1.47639    0.05283    0.68112    0.06410
    443.50000    1.47573    0.04336    0.62044    0.05034
    447.51000    1.42185    0.06274    0.53584    0.05022
    451.26000    1.36600    0.05595    0.54560    0.05605
    454.15000    1.44900    0.02820    0.63977    0.04973
    456.97000    1.42883    0.05175    0.52040    0.04074
    459.94000    1.37158    0.07867    0.61782    0.05267
    462.38000    1.36426    0.04939    0.61649    0.05114
    466.42000    1.46098    0.05599    0.68903    0.04836
    468.43000    1.43912    0.05065    0.52445    0.05436
    470.55000    1.26264    0.07532    0.59820    0.04626
    473.47000    1.46139    0.04386    0.53786    0.05545
    478.34000    1.52595    0.06472    0.63057    0.04517
    481.37000    1.45183    0.05266    0.53410    0.05206
    484.23000    1.36741    0.07382    0.54791    0.07033
    485.41000    1.50148    0.05989    0.56544    0.04963
    489.78000    1.45664    0.04106    0.57153    0.04629
    494.14000    1.47470    0.05256    0.59544    0.03710
    497.65000    1.36491    0.04856    0.48624    0.07837
    498.12000    1.54701    0.05508    0.61903    0.04223
    500.05000    1.48256    0.05144    0.57702    0.03314
    503.21000    1.50862    0.02543    0.55818    0.03586
    505.16000    1.48223    0.05817    0.61429    0.06130
    507.51000    1.60848    0.05820    0.53766    0.06135
    511.03000    1.41553    0.06162    0.61032    0.08409
    513.33000    1.52056    0.05622    0.56130    0.03226
    515.51000    1.52292    0.03943    0.62526    0.04056
    518.57000    1.47794    0.04905    0.69567    0.05917
    521.09000    1.50269    0.04963    0.59892    0.02387
    523.15000    1.53689    0.06591    0.58185    0.03129
    525.52000    1.51708    0.06265    0.64946    0.05195
    527.63000    1.47585    0.05756    0.54081    0.05512
    531.67000    1.50230    0.02926    0.55950    0.05833
    532.46000    1.44818    0.05399    0.55203    0.02229
    535.10000    1.50963    0.03361    0.56696    0.02760
    539.17000    1.48582    0.06104    0.55346    0.06228
    541.60000    1.49174    0.02755    0.61875    0.03281
    547.25000    1.48236    0.04797    0.62245    0.06564
    549.71000    1.53486    0.07530    0.57649    0.04461
    552.44000    1.52087    0.02823    0.56565    0.05192
    557.76000    1.57361    0.07006    0.64326    0.02946
    560.36000    1.49500    0.04276    0.58889    0.06389
    564.23000    1.60617    0.07113    0.61176    0.06258
    568.93000    1.54528    0.05624    0.61590    0.06165
    572.15000    1.49605    0.04292    0.62136    0.07302
    574.87000    1.39997    0.05211    0.54091    0.04908
    579.32000    1.47535    0.05376    0.61308    0.05989
    584.25000    1.50086    0.07588    0.60541    0.06681
    586.40000    1.65676    0.06750    0.53146    0.06750
    588.78000    1.46742    0.03989    0.67099    0.05404
    592.98000    1.41586    0.04493    0.57710    0.04694
    596.05000    1.38775    0.06574    0.59101    0.06189
    599.03000    1.53642    0.04303    0.57592    0.01702
    602.42000    1.51768    0.04018    0.60485    0.04202
    730.62000    1.52441    0.06501    0.50220    0.05088
    732.80000    1.58148    0.05844    0.66684    0.06454
    737.77000    1.58332    0.06639    0.63489    0.04901
    741.29000    1.50254    0.05252    0.59181    0.03537
    743.85000    1.58726    0.06120    0.66594    0.04978
    747.04000    1.41357    0.08217    0.65019    0.03058
    751.37000    1.44941    0.03156    0.68660    0.03497
    753.01000    1.49742    0.06231    0.69909    0.04874
    756.27000    1.47179    0.06608    0.59187    0.04214
    759.04000    1.47736    0.05707    0.60669    0.06003
    762.85000    1.58929    0.06044    0.67680    0.04127
    766.32000    1.56493    0.06526    0.67766    0.04467
    771.29000    1.55501    0.04449    0.78139    0.05277
    774.47000    1.62890    0.05816    0.60593    0.04732
    778.42000    1.46038    0.04491    0.64340    0.05009
    780.40000    1.63023    0.06234    0.61302    0.04144
    783.95000    1.57640    0.03514    0.70965    0.05060
    787.74000    1.59971    0.04153    0.75357    0.05479
    790.96000    1.65654    0.05727    0.66313    0.06409
    793.91000    1.84025    0.08992    0.64824    0.02674
    795.98000    1.51566    0.04230    0.59844    0.07592
    798.51000    1.57248    0.08849    0.71453    0.03693
    802.40000    1.57064    0.05116    0.69687    0.02912
    806.12000    1.58715    0.04967    0.65222    0.05744
    807.82000    1.66906    0.05384    0.61736    0.04645
    811.06000    1.57510    0.05313    0.68998    0.05680
    812.24000    1.67876    0.07703    0.66799    0.04825
    813.67000    1.59176    0.05919    0.57108    0.05795
    817.22000    1.69429    0.07877    0.59447    0.04209
    820.03000    1.63930    0.05837    0.67952    0.05540
    821.91000    1.69596    0.06034    0.56162    0.04965
    824.72000    1.61373    0.05149    0.54797    0.07606
    828.50000    1.59973    0.05993    0.65407    0.04171
    831.65000    1.61260    0.03658    0.67611    0.05533
    835.06000    1.68104    0.04775    0.65846    0.07609
    837.46000    1.56658    0.05142    0.56868    0.05990
    841.66000    1.72000    0.05624    0.56700    0.05926
    844.21000    1.66828    0.03922    0.60597    0.02330
    848.12000    1.72158    0.05479    0.61312    0.04096
    850.40000    1.85306    0.06942    0.62028    0.03825
    852.60000    1.70012    0.06672    0.59729    0.04246
    855.38000    1.64216    0.04196    0.58667    0.04885
    858.07000    1.71522    0.07438    0.63766    0.04267
    859.93000    1.64055    0.05530    0.59213    0.05158
    862.03000    1.65344    0.06209    0.62702    0.07880
    863.81000    1.66356    0.05239    0.60752    0.06032
    867.11000    1.65944    0.05763    0.51099    0.06849
    868.99000    1.70416    0.04794    0.60492    0.05882
    871.30000    1.62592    0.04604    0.59335    0.04546
    872.63000    1.64860    0.04884    0.69627    0.06630
    875.83000    1.50510    0.06779    0.56339    0.04549
    880.49000    1.52989    0.06214    0.69208    0.05889
    882.78000    1.76763    0.06143    0.63298    0.06606
    886.11000    1.55804    0.06617    0.59824    0.03432
    888.66000    1.62304    0.04459    0.53514    0.06031
    892.82000    1.61444    0.05510    0.62038    0.03821
    894.78000    1.46748    0.07045    0.53471    0.06012
    896.40000    1.52962    0.05272    0.60937    0.05368
    899.58000    1.47519    0.05288    0.55507    0.03847
    904.96000    1.55893    0.04480    0.63001    0.05354
    908.71000    1.55474    0.06943    0.72967    0.06622
    909.73000    1.54846    0.03854    0.60436    0.03896
    913.32000    1.51929    0.05827    0.57868    0.04917
    917.21000    1.50548    0.04235    0.51633    0.06491
    918.33000    1.58701    0.04750    0.54144    0.04049
    921.18000    1.57274    0.07447    0.66631    0.06700
    925.98000    1.48076    0.05148    0.50316    0.05496
    927.33000    1.53828    0.05109    0.51589    0.04083
    930.95000    1.49706    0.06074    0.52666    0.04320
    933.59000    1.46778    0.07633    0.52689    0.03894
    937.40000    1.60216    0.06786    0.62875    0.06892
    940.82000    1.48524    0.07873    0.67427    0.05913
    941.78000    1.49551    0.05840    0.57477    0.04254
    944.03000    1.65253    0.08878    0.63431    0.05174
    946.93000    1.52894    0.06231    0.59144    0.01870
    949.27000    1.52813    0.05630    0.52083    0.05647
    950.67000    1.54809    0.02242    0.59025    0.04957
    954.69000    1.50387    0.01927    0.59965    0.03784
    956.67000    1.45413    0.06304    0.75317    0.07250
    960.15000    1.53609    0.03562    0.54236    0.04171
    963.10000    1.45738    0.05461    0.72722    0.08345
    965.15000    1.49897    0.06205    0.55049    0.07905
    967.12000    1.44298    0.07301    0.62173    0.02722
    969.97000    1.61293    0.06398    0.49430    0.05163
   1095.13000    1.50249    0.02898    0.53203    0.07035
   1097.66000    1.49590    0.06241    0.58313    0.04338
   1099.40000    1.40620    0.06477    0.52777    0.05795
   1103.16000    1.45962    0.06349    0.50857    0.05883
   1105.54000    1.48155    0.05710    0.47286    0.07824
   1106.51000    1.49166    0.03284    0.55629    0.04671
   1109.32000    1.34247    0.05023    0.55925    0.09655
   1113.85000    1.54009    0.07104    0.52836    0.08010
   1117.14000    1.40396    0.04796    0.47372    0.03049
   1120.59000    1.37810    0.04670    0.59271    0.07626
   1121.75000    1.46362    0.03702    0.44613    0.05341
   1124.39000    1.41308    0.03765    0.51780    0.03913
   1129.16000    1.49600    0.04912    0.52320    0.03095
   1132.92000    1.45334    0.03628    0.57307    0.05933
   1136.23000    1.49006    0.07159    0.51337    0.06824
   1140.64000    1.52121    0.07653    0.42433    0.06717
   1142.75000    1.43008    0.05616    0.50841    0.06187
   1146.18000    1.36781    0.06838    0.54226    0.05268
   1147.94000    1.45923    0.09509    0.47276    0.03984
   1151.61000    1.41920    0.06350    0.55069    0.03872
   1153.14000    1.41287    0.06013    0.56321    0.03612
   1157.01000    1.46716    0.03917    0.57365    0.06944
   1160.80000    1.31032    0.07236    0.41528    0.07255
   1163.89000    1.44205    0.05514    0.55547    0.02720
   1165.15000    1.45403    0.05955    0.57525    0.07367
   1169.31000    1.38721    0.04168    0.54024    0.04894
   1173.27000    1.51621    0.08140    0.56211    0.04571
   1176.62000    1.37118    0.06480    0.59103    0.04888
   1179.97000    1.47693    0.04276    0.53534    0.05804
   1183.14000    1.32140    0.05577    0.53450    0.07484
   1186.66000    1.38234    0.03869    0.51485    0.04290
   1190.89000    1.44997    0.06658    0.55134    0.03365
   1194.27000    1.45256    0.04882    0.50091    0.06879
   1196.99000    1.44828    0.06226    0.60015    0.04801
   1200.54000    1.42816    0.03831    0.57043    0.08153
   1205.00000    1.44419    0.03869    0.57465    0.04835
   1205.84000    1.41778    0.03530    0.48654    0.04670
   1208.87000    1.57716    0.08495    0.53071    0.03153
   1210.24000    1.49608    0.04428    0.49566    0.06671
   1212.90000    1.46649    0.01968    0.54160    0.06172
   1214.85000    1.43289    0.04614    0.53372    0.05824
   1217.75000    1.51381    0.04247    0.53106    0.07749
   1220.54000    1.51045    0.03427    0.56569    0.05807
   1222.42000    1.47008    0.06837    0.50387    0.03900
   1228.35000    1.50860    0.06827    0.47744    0.03155
   1231.57000    1.49899    0.03433    0.42652    0.06480
   1234.19000    1.45548    0.04664    0.56102    0.06232
   1236.80000    1.41806    0.05756    0.48436    0.05802
   1239.51000    1.29399    0.05513    0.61888    0.06381
   1242.45000    1.36543    0.03786    0.52123    0.05204
   1245.57000    1.35522    0.04135    0.46682    0.05957
   1248.68000    1.43903    0.04549    0.43541    0.05727
   1251.10000    1.30061    0.05269    0.58878    0.06772
   1254.79000    1.42844    0.04670    0.56383    0.06825
   1259.49000    1.41142    0.06247    0.57190    0.04975
   1262.58000    1.40444    0.02761    0.47584    0.06047
   1265.82000    1.39444    0.05161    0.48947    0.03987
   1268.70000    1.37422    0.04998    0.41444    0.05786
   1272.88000    1.24223    0.06142    0.50431    0.05666
   1276.60000    1.36579    0.04478    0.46398    0.02855
   1277.46000    1.32557    0.04022    0.47414    0.04838
   1280.33000    1.35506    0.02158    0.45448    0.05566
   1283.04000    1.42272    0.07111    0.53532    0.06784
   1285.63000    1.34578    0.04425    0.58155    0.05534
   1288.39000    1.39197    0.07547    0.50195    0.07549
   1292.18000    1.32702    0.05441    0.47391    0.03282
   1296.57000    1.39040    0.05285    0.43039    0.06388
   1299.54000    1.25332    0.06306    0.48433    0.05629
   1302.42000    1.34300    0.03599    0.57638    0.05018
   1304.37000    1.33183    0.05450    0.57196    0.06328
   1309.55000    1.31395    0.06380    0.42887    0.04842
   1313.10000    1.35822    0.04932    0.41648    0.04705
   1315.88000    1.45567    0.07480    0.42886    0.06323
   1317.33000    1.38167    0.05942    0.47727    0.05837
   1320.20000    1.24655    0.07286    0.49398    0.02892
   1322.35000    1.41484    0.03684    0.51578    0.06053
   1325.71000    1.38399    0.05860    0.43154    0.06985
   1328.17000    1.45247    0.06240    0.59065    0.06296
   1331.46000    1.45130    0.06273    0.48553    0.05381
   1461.81000    1.21987    0.03671    0.46640    0.04356
   1463.74000    1.30528    0.06529    0.49748    0.06431
   1468.89000    1.30291    0.05098    0.49654    0.02025
   1471.83000    1.31105    0.04823    0.51710    0.07764
   1474.33000    1.27924    0.04937    0.44659    0.06077
   1477.72000    1.28159    0.03444    0.47820    0.04297
   1480.51000    1.33273    0.06119    0.48518    0.04356
   1481.08000    1.31187    0.06282    0.47273    0.03792
   1483.58000    1.25500    0.06132    0.49286    0.00545
   1487.32000    1.26398    0.04696    0.52633    0.05642
   1489.79000    1.29724    0.03580    0.47311    0.04797
   1493.99000    1.34362    0.03882    0.52158    0.05489
   1498.04000    1.34811    0.07118    0.49554    0.05794
   1500.85000    1.30048    0.02809    0.48453    0.01694
   1502.36000    1.19902    0.09223    0.49701    0.05793
   1505.25000    1.21673    0.04901    0.46640    0.04555
   1508.55000    1.39466    0.05790    0.41785    0.05862
   1511.72000    1.26239    0.05142    0.34573    0.06789
   1514.28000    1.32138    0.03317    0.42814    0.08376
   1516.72000    1.36684    0.07179    0.46614    0.06846
   1521.01000    1.37750    0.05090    0.36564    0.07841
   1523.81000    1.31391    0.06414    0.41311    0.03973
   1526.18000    1.35784    0.06005    0.51243    0.06234
   1531.25000    1.31748    0.06607    0.45094    0.05781
   1533.61000    1.33724    0.03946    0.54731    0.05408
   1534.73000    1.36037    0.04598    0.52631    0.03693
   1535.94000    1.31920    0.04583    0.48649    0.08813
   1538.83000    1.30752    0.03222    0.50439    0.02809
   1540.33000    1.28955    0.04931    0.48003    0.04499
   1543.67000    1.32830    0.03557    0.46613    0.04871
   1546.10000    1.25332    0.07173    0.52468    0.04819
   1549.68000    1.27429    0.07912    0.45899    0.02724
   1553.72000    1.25828    0.03406    0.49016    0.06530
   1559.12000    1.35342    0.06002    0.49615    0.05333
   1563.53000    1.37204    0.08033    0.49638    0.04452
   1568.14000    1.32033    0.05859    0.58497    0.07561
   1571.57000    1.35192    0.06457    0.49377    0.02479
   1574.82000    1.38758    0.04459    0.51820    0.04299
   1578.08000    1.33102    0.03850    0.56792    0.06449
   1581.99000    1.31769    0.04174    0.33858    0.07592
   1583.99000    1.43368    0.05427    0.52693    0.05325
   1586.24000    1.30185    0.05920    0.51475    0.04449
   1588.75000    1.31306    0.02868    0.46272    0.03056
   1591.96000    1.34621    0.05506    0.55844    0.04545
   1596.01000    1.34657    0.02704    0.61689    0.05419
   1599.48000    1.35851    0.03454    0.45723    0.03242
   1601.13000    1.31698    0.04390    0.52192    0.06059
   1604.19000    1.35505    0.06919    0.57322    0.05270
   1606.39000    1.33172    0.05677    0.41496    0.05860
   1607.98000    1.40193    0.05326    0.47999    0.02975
   1611.36000    1.39754    0.04554    0.45055    0.04741
   1614.92000    1.33188    0.04849    0.57578    0.04955
   1618.08000    1.33737    0.05154    0.44600    0.03992
   1620.42000    1.41528    0.04192    0.61846    0.07289
   1624.13000    1.38282    0.05378    0.46734    0.04040
   1626.07000    1.38479    0.07623    0.53303    0.03611
   1627.58000    1.30999    0.03927    0.51333    0.05687
   1629.64000    1.35510    0.07837    0.48878    0.03807
   1632.83000    1.33246    0.03296    0.43856    0.07438
   1636.66000    1.34467    0.06003    0.47230    0.06644
   1639.40000    1.35411    0.04617    0.61398    0.09725
   1642.08000    1.31173    0.08700    0.56359    0.07920
   1645.62000    1.36643    0.05007    0.49232    0.04284
   1647.26000    1.49176    0.08816    0.50272    0.04091
   1651.50000    1.46917    0.05511    0.49486    0.02143
   1656.05000    1.45602    0.07289    0.55578    0.04470
   1656.80000    1.46382    0.07109    0.74786    0.08445
   1661.23000    1.35224    0.03256    0.56860    0.04759
   1664.91000    1.36238    0.07918    0.48705    0.04315
   1670.04000    1.38726    0.07471    0.55960    0.04324
   1672.70000    1.32570    0.02940    0.55180    0.06123
   1674.34000    1.38037    0.05331    0.54483    0.06109
   1678.11000    1.44372    0.06514    0.46154    0.04552
   1680.58000    1.39000    0.08946    0.54409    0.06956
   1684.32000    1.35515    0.03504    0.52960    0.04237
   1687.66000    1.34224    0.03371    0.50977    0.04921
   1690.35000    1.31075    0.05725    0.47492    0.05755
   1694.61000    1.35715    0.05918    0.50263    0.05039
   1696.72000    1.36008    0.07479    0.43259    0.06952
