## Time Delay Challenge light curves
##
## [time]=days, [lc]=[err]=flux in nanomaggies
##
##       time       lc_A      err_A       lc_B      err_B
##-------------------------------------------------------
      0.71000    1.31710    0.06253    1.54962    0.03671
      2.70000    1.31040    0.04837    1.53128    0.06937
      5.78000    1.28565    0.02970    1.49862    0.03756
      6.77000    1.20370    0.08006    1.62387    0.06139
     10.97000    1.37717    0.02855    1.53315    0.08346
     14.27000    1.45304    0.07337    1.48042    0.05148
     18.29000    1.44276    0.03342    1.70486    0.07672
     21.72000    1.43544    0.05692    1.60350    0.06965
     25.41000    1.55358    0.05771    1.69773    0.06950
     30.20000    1.48559    0.06035    1.72386    0.06613
     33.37000    1.64636    0.01942    1.88442    0.04621
     37.09000    1.55806    0.07905    1.69966    0.05760
     40.81000    1.54681    0.06596    1.86238    0.06871
     44.00000    1.47571    0.02263    2.01136    0.05664
     46.26000    1.43674    0.05596    2.00449    0.03843
     50.55000    1.59692    0.07600    2.19572    0.06450
     54.12000    1.48264    0.05286    2.12977    0.04285
     57.32000    1.52029    0.04347    1.83390    0.08110
     58.27000    1.51048    0.04456    2.08925    0.05120
     61.02000    1.51249    0.06172    2.03172    0.04463
     65.28000    1.45659    0.07272    2.17599    0.06742
     67.59000    1.38076    0.02943    2.05519    0.04079
     70.94000    1.23364    0.01687    2.24996    0.03969
     74.41000    1.28419    0.04194    2.02442    0.07939
     78.27000    1.21986    0.04695    2.02367    0.06677
     80.81000    1.11515    0.02982    2.03513    0.05506
     84.73000    1.16979    0.05746    1.96178    0.02976
     87.98000    1.14165    0.04526    1.87478    0.03358
     92.87000    1.09288    0.08349    1.83826    0.07661
     94.80000    1.02427    0.03861    1.74703    0.05977
     99.04000    0.97038    0.09007    1.82681    0.05826
    102.36000    1.08242    0.01998    1.65442    0.04485
    105.79000    1.04278    0.05927    1.68032    0.03742
    110.64000    1.05522    0.04225    1.69990    0.06460
    114.86000    1.08876    0.05992    1.55744    0.07886
    116.42000    1.07207    0.03509    1.67013    0.06360
    119.90000    1.06647    0.03497    1.63499    0.02464
    122.49000    1.09376    0.07694    1.63794    0.02942
    124.13000    1.14269    0.05126    1.66256    0.03687
    127.19000    0.97802    0.04321    1.59834    0.04831
    130.59000    1.16260    0.06197    1.57882    0.03880
    132.83000    1.12356    0.04797    1.64931    0.02823
    135.57000    1.08815    0.03314    1.69956    0.07393
    139.76000    1.16460    0.05377    1.67493    0.07540
    142.26000    1.13698    0.04577    1.70384    0.07317
    144.91000    1.21256    0.05212    1.66200    0.03591
    148.47000    1.30576    0.06853    1.75357    0.03495
    151.36000    1.14452    0.05113    1.73829    0.03301
    153.77000    1.23748    0.04085    1.79066    0.03637
    157.23000    1.17203    0.07715    2.04079    0.05469
    159.04000    1.10296    0.06251    1.93656    0.04114
    162.22000    1.12612    0.03590    1.88574    0.06599
    165.89000    1.19561    0.07309    2.08312    0.05753
    169.60000    1.06721    0.07818    1.95445    0.06610
    170.39000    1.15848    0.04449    1.97262    0.06779
    173.16000    1.12159    0.06425    2.15087    0.06862
    175.87000    1.17809    0.06021    2.01295    0.00672
    177.80000    1.11038    0.04982    2.13412    0.06983
    182.02000    1.18837    0.03478    2.04386    0.07621
    185.31000    1.16214    0.03303    2.09479    0.05409
    187.74000    1.21329    0.04406    1.99371    0.07499
    192.06000    1.44208    0.06605    1.97309    0.04526
    195.16000    1.23745    0.04053    1.95240    0.08101
    197.63000    1.19944    0.02779    2.15805    0.06794
    200.74000    1.28428    0.03322    2.05631    0.03531
    202.52000    1.35196    0.05632    2.02204    0.08843
    204.86000    1.45147    0.05803    2.16006    0.04412
    207.75000    1.52248    0.05314    2.22799    0.04420
    209.48000    1.40848    0.08105    2.17622    0.04973
    212.89000    1.45077    0.06040    2.33599    0.04175
    215.73000    1.39265    0.06856    2.24263    0.04639
    219.97000    1.21307    0.05860    2.43618    0.05248
    223.88000    1.32901    0.03796    2.84297    0.04418
    227.50000    1.37254    0.06114    2.73012    0.03214
    230.40000    1.33371    0.07633    2.78115    0.07942
    233.34000    1.29485    0.02949    2.86570    0.05532
    237.73000    1.39163    0.06122    2.48213    0.04795
    367.36000    0.76206    0.02435    2.15789    0.08939
    371.14000    0.76128    0.05214    1.87026    0.04329
    375.63000    0.69406    0.06503    1.82912    0.05205
    377.95000    0.85799    0.05554    1.83029    0.03986
    380.79000    0.79006    0.04663    1.88917    0.07342
    385.85000    0.72826    0.04186    1.86864    0.05732
    387.80000    0.73426    0.04032    1.82436    0.07562
    391.09000    0.71772    0.03968    1.77776    0.07235
    395.03000    0.68720    0.03330    1.90550    0.06005
    399.12000    0.75506    0.05038    1.89350    0.04609
    402.34000    0.55539    0.07400    1.71570    0.06436
    405.78000    0.66498    0.06579    1.89297    0.04478
    406.74000    0.69802    0.05142    1.73676    0.07069
    409.29000    0.59806    0.03612    1.99749    0.05074
    412.66000    0.71641    0.05028    1.99543    0.05740
    414.35000    0.77938    0.08283    1.89441    0.06620
    418.02000    0.71073    0.07942    1.70130    0.04907
    422.25000    0.81299    0.07235    1.68047    0.06098
    424.72000    0.81349    0.07540    1.86174    0.04904
    427.17000    0.59641    0.05497    1.75407    0.05902
    429.59000    0.70536    0.04771    1.73780    0.05421
    433.28000    0.72528    0.02706    1.78069    0.00350
    436.20000    0.71242    0.04945    1.77024    0.04983
    438.94000    0.72879    0.05484    1.76807    0.04382
    442.54000    0.66994    0.04224    1.88603    0.06709
    446.34000    0.70422    0.08319    1.79208    0.04801
    449.96000    0.68840    0.04537    1.74807    0.09606
    451.61000    0.65390    0.05282    1.81953    0.06528
    454.69000    0.61621    0.06512    1.98280    0.05120
    458.91000    0.70707    0.05322    1.81342    0.03287
    461.10000    0.62838    0.03394    1.77530    0.05563
    463.59000    0.66182    0.05065    1.77148    0.03695
    465.53000    0.62626    0.07886    1.82867    0.07100
    468.03000    0.63508    0.06871    1.67337    0.06903
    471.33000    0.60765    0.03217    1.80224    0.04313
    473.20000    0.56321    0.06634    1.59382    0.06865
    474.92000    0.73976    0.07683    1.63434    0.01945
    478.87000    0.61057    0.04203    1.69218    0.04529
    482.43000    0.64208    0.03440    1.57895    0.07392
    486.07000    0.59773    0.03378    1.69269    0.04378
    489.89000    0.62970    0.05752    1.58590    0.06807
    494.41000    0.58860    0.06116    1.59696    0.03327
    498.43000    0.63876    0.06096    1.65907    0.06175
    500.46000    0.68677    0.03953    1.66936    0.04979
    502.21000    0.51119    0.06691    1.61649    0.07857
    506.70000    0.57057    0.06828    1.63277    0.07374
    511.02000    0.50694    0.06066    1.59063    0.05262
    515.11000    0.61044    0.06822    1.58632    0.05639
    517.38000    0.57669    0.04317    1.55257    0.07376
    519.27000    0.61546    0.06363    1.65617    0.03933
    522.42000    0.60066    0.04780    1.63059    0.06695
    527.25000    0.52975    0.05078    1.56991    0.05389
    530.06000    0.60626    0.07582    1.66618    0.05840
    533.02000    0.66270    0.04811    1.58281    0.06696
    536.13000    0.65920    0.06885    1.52527    0.06980
    539.07000    0.69753    0.04799    1.73771    0.06983
    542.04000    0.66754    0.06333    1.70874    0.05804
    546.01000    0.56725    0.04806    1.60905    0.05124
    549.20000    0.71137    0.05957    1.63073    0.06149
    552.11000    0.59582    0.03358    1.79469    0.06950
    556.07000    0.60985    0.05090    1.92200    0.04282
    557.87000    0.67014    0.06374    1.85367    0.07080
    561.92000    0.59839    0.06375    1.84841    0.05265
    564.42000    0.51746    0.06082    1.73237    0.07062
    567.95000    0.62381    0.03440    1.74520    0.03075
    571.94000    0.63340    0.05338    1.88527    0.06599
    575.40000    0.48317    0.04291    1.98414    0.06215
    577.72000    0.55882    0.06088    1.92609    0.02073
    582.14000    0.64811    0.07250    2.04516    0.08096
    584.29000    0.60157    0.03358    1.89404    0.06051
    586.10000    0.50313    0.05953    1.57474    0.07540
    590.85000    0.56251    0.05306    1.67367    0.02961
    594.80000    0.63844    0.04464    1.70096    0.03623
    596.31000    0.68184    0.06884    1.79870    0.05162
    597.58000    0.54814    0.05313    1.75218    0.08246
    603.09000    0.53728    0.06568    1.83610    0.05384
    604.66000    0.63976    0.05766    1.75526    0.03559
    730.71000    0.60592    0.06156    2.00764    0.06919
    733.46000    0.61900    0.04081    2.15027    0.06351
    736.23000    0.49548    0.07322    1.99672    0.05245
    739.26000    0.65545    0.05526    1.87225    0.06843
    742.38000    0.52809    0.04231    2.16295    0.04244
    743.77000    0.57407    0.03611    2.03740    0.05875
    746.21000    0.49684    0.06978    1.98998    0.06407
    749.40000    0.66047    0.04006    1.81187    0.06579
    751.54000    0.61529    0.04334    1.95937    0.09519
    753.91000    0.62687    0.05132    2.05404    0.05633
    757.80000    0.60319    0.05679    2.01889    0.04906
    758.76000    0.56934    0.06474    2.01640    0.05749
    762.24000    0.62591    0.05018    2.08853    0.05367
    765.73000    0.60079    0.03244    2.17468    0.04523
    769.19000    0.66185    0.03469    2.19743    0.06613
    772.72000    0.44756    0.08461    1.98515    0.04554
    774.68000    0.52812    0.07783    1.88014    0.07147
    776.45000    0.51868    0.03281    1.99760    0.06310
    780.81000    0.53219    0.06728    2.01962    0.04157
    786.24000    0.53373    0.02120    1.92313    0.05427
    789.26000    0.54635    0.06179    1.78043    0.04748
    792.13000    0.55231    0.04048    1.85722    0.06286
    795.54000    0.60404    0.04649    1.79705    0.04731
    798.50000    0.60124    0.08594    1.69641    0.06865
    800.69000    0.60232    0.04450    1.68372    0.07606
    802.62000    0.51400    0.04076    1.86475    0.02469
    805.20000    0.50419    0.04679    1.88511    0.04678
    809.12000    0.45986    0.08833    1.92483    0.05679
    812.40000    0.40853    0.05359    1.99663    0.04175
    816.14000    0.51933    0.04646    1.92813    0.05785
    819.15000    0.42541    0.06054    1.88733    0.03642
    821.58000    0.40308    0.02754    1.80816    0.04607
    823.97000    0.45860    0.08735    1.79468    0.03396
    828.96000    0.50842    0.04200    1.94805    0.02612
    832.04000    0.49605    0.01640    1.81356    0.04999
    834.93000    0.49660    0.04144    1.67264    0.06667
    837.14000    0.46774    0.04023    1.60276    0.03331
    839.83000    0.45512    0.05022    1.55443    0.03673
    842.71000    0.54000    0.04847    1.48327    0.04278
    845.98000    0.59615    0.05619    1.61088    0.01077
    849.16000    0.62308    0.05204    1.67048    0.04325
    853.07000    0.44477    0.03298    1.49820    0.07802
    855.44000    0.52295    0.06665    1.65663    0.06895
    857.26000    0.59242    0.04755    1.64642    0.04929
    860.14000    0.45036    0.06347    1.70086    0.05061
    861.67000    0.54827    0.05967    1.77578    0.06106
    865.52000    0.45930    0.02984    1.65767    0.05739
    868.03000    0.58888    0.06867    1.71138    0.04137
    870.84000    0.50650    0.05228    1.61968    0.06466
    873.27000    0.47922    0.04027    1.76867    0.06436
    877.59000    0.36534    0.06810    1.87015    0.07309
    880.38000    0.49841    0.07214    1.84449    0.06285
    883.80000    0.58964    0.05812    1.83648    0.04298
    886.25000    0.52503    0.06289    1.75328    0.05457
    891.96000    0.67293    0.06535    1.89434    0.06141
    894.34000    0.54835    0.06818    1.66547    0.06148
    897.79000    0.51609    0.04186    1.81536    0.03863
    901.02000    0.45428    0.06053    1.88182    0.03592
    903.94000    0.53443    0.05416    2.07238    0.05892
    907.70000    0.52213    0.04589    2.02225    0.03843
    913.54000    0.59942    0.03620    1.93543    0.06059
    915.77000    0.53313    0.04226    1.90040    0.02849
    917.24000    0.47040    0.05442    1.82825    0.05767
    919.31000    0.62699    0.07676    1.90220    0.06488
    921.44000    0.62181    0.02445    1.93777    0.06885
    924.60000    0.54313    0.07112    2.07304    0.06050
    928.74000    0.48463    0.06511    2.07981    0.06640
    932.46000    0.51150    0.01705    2.23054    0.06177
    935.82000    0.50530    0.02820    2.18989    0.04281
    937.22000    0.48520    0.03376    2.01104    0.07576
    941.48000    0.49019    0.05776    2.10905    0.05964
    944.49000    0.48576    0.02587    2.10017    0.03694
    947.20000    0.54717    0.09370    1.92412    0.03358
    950.25000    0.57459    0.05759    1.86354    0.06263
    953.34000    0.54805    0.03832    1.91077    0.02969
    957.67000    0.38862    0.05238    1.95079    0.04065
    959.73000    0.45683    0.05524    2.05481    0.05429
    961.36000    0.51745    0.04793    2.08059    0.07033
    963.81000    0.49760    0.04280    1.88226    0.07734
    966.35000    0.59501    0.07225    1.99021    0.03639
    969.74000    0.57321    0.04737    1.92549    0.04973
   1095.05000    0.48309    0.03463    2.13215    0.03724
   1099.78000    0.48552    0.05926    2.15053    0.06140
   1102.14000    0.45890    0.03690    2.16029    0.08370
   1104.11000    0.42900    0.04467    2.02608    0.07008
   1107.67000    0.42858    0.05392    2.02695    0.02089
   1109.34000    0.46065    0.01363    1.93696    0.06081
   1111.54000    0.51890    0.05678    2.01797    0.03764
   1112.79000    0.47425    0.06039    2.16362    0.07577
   1114.29000    0.51881    0.06918    2.05071    0.04737
   1117.05000    0.51165    0.05209    2.00017    0.03404
   1118.39000    0.47129    0.07349    2.02431    0.04626
   1123.18000    0.47019    0.05200    2.09799    0.05734
   1125.60000    0.53378    0.05113    1.94335    0.04727
   1127.52000    0.42676    0.05595    1.88143    0.05219
   1130.33000    0.51799    0.05018    2.06542    0.05143
   1132.44000    0.53917    0.05673    2.16199    0.05200
   1133.89000    0.38335    0.04915    2.29032    0.05712
   1136.11000    0.63291    0.06976    2.28469    0.04980
   1136.77000    0.52786    0.05186    2.19693    0.05051
   1139.54000    0.55913    0.06193    2.00051    0.05942
   1144.23000    0.61551    0.06283    2.02115    0.03031
   1148.01000    0.52114    0.08431    2.13824    0.04508
   1151.86000    0.54344    0.04720    2.14994    0.07022
   1155.67000    0.51589    0.02816    2.10806    0.05280
   1155.75000    0.55269    0.02973    2.08087    0.06541
   1160.42000    0.60886    0.06222    2.12489    0.06929
   1162.69000    0.59075    0.03986    2.23806    0.05063
   1165.90000    0.47214    0.07970    2.12550    0.05532
   1168.90000    0.52999    0.04771    2.15877    0.03948
   1172.73000    0.47982    0.04828    2.25877    0.05609
   1177.48000    0.45204    0.07870    2.37660    0.04543
   1180.50000    0.43838    0.05596    2.46016    0.05217
   1183.17000    0.48332    0.04107    2.40225    0.05897
   1186.77000    0.54550    0.04116    2.33775    0.04082
   1189.99000    0.42251    0.04775    2.21980    0.05538
   1193.33000    0.35717    0.05536    2.12056    0.05395
   1198.26000    0.52943    0.05912    2.15557    0.05334
   1201.18000    0.45415    0.06059    2.06356    0.05287
   1203.18000    0.45039    0.06772    1.86815    0.04625
   1204.64000    0.49321    0.04021    2.01061    0.07621
   1206.47000    0.43316    0.04958    1.90217    0.06082
   1208.49000    0.38247    0.05733    1.92886    0.04682
   1210.75000    0.46557    0.05423    1.87707    0.05005
   1214.13000    0.37883    0.05932    1.93189    0.06283
   1217.19000    0.49414    0.06519    1.96405    0.06839
   1220.14000    0.47860    0.07917    1.97124    0.06258
   1222.42000    0.41607    0.07010    1.98026    0.04136
   1224.93000    0.50962    0.03403    2.01874    0.04814
   1229.17000    0.45769    0.07283    2.01704    0.05050
   1233.67000    0.44370    0.03185    2.12957    0.05165
   1238.46000    0.44096    0.01704    2.15070    0.02739
   1239.99000    0.51026    0.03112    2.07020    0.03860
   1244.18000    0.51953    0.06745    2.28571    0.04604
   1247.84000    0.49067    0.03176    1.94442    0.06413
   1250.47000    0.43873    0.04648    2.10182    0.04965
   1253.76000    0.41650    0.06903    2.23280    0.03307
   1255.34000    0.48692    0.04498    2.13880    0.06495
   1259.30000    0.56252    0.05429    2.17966    0.04678
   1263.15000    0.52097    0.05525    2.19066    0.05005
   1266.68000    0.61764    0.05756    2.28152    0.06067
   1269.13000    0.57416    0.03409    2.40861    0.04678
   1272.08000    0.65238    0.04890    2.37113    0.03262
   1274.27000    0.61028    0.06833    2.48577    0.05138
   1276.61000    0.61448    0.04461    2.37332    0.05849
   1280.07000    0.63363    0.06609    2.50662    0.04602
   1283.56000    0.70957    0.07051    2.67784    0.04016
   1287.59000    0.58213    0.06397    2.69974    0.07046
   1292.62000    0.52771    0.06486    2.94610    0.07074
   1296.70000    0.64069    0.04429    3.08679    0.07340
   1300.31000    0.68180    0.08033    2.93661    0.05370
   1303.14000    0.60877    0.06842    3.09803    0.03630
   1306.84000    0.74923    0.05820    3.28453    0.03304
   1308.85000    0.81563    0.08584    3.20682    0.05941
   1311.57000    0.77132    0.04359    3.21014    0.02510
   1312.97000    0.76501    0.03907    3.25241    0.05251
   1316.99000    0.85336    0.05883    3.29294    0.04190
   1320.57000    0.80675    0.04051    3.46981    0.04367
   1323.62000    0.79071    0.05495    3.62146    0.06410
   1324.04000    0.85761    0.03962    3.57775    0.05172
   1325.77000    0.73236    0.05492    3.96402    0.06074
   1329.40000    0.78981    0.04244    3.83406    0.05803
   1330.98000    0.80362    0.04141    3.84390    0.08329
   1460.24000    0.82669    0.00982    4.75861    0.01851
   1462.93000    0.89692    0.04445    4.74891    0.03502
   1466.76000    0.83617    0.05258    4.93912    0.06704
   1470.94000    0.82836    0.03448    5.27656    0.06896
   1473.87000    0.73047    0.05248    5.53879    0.05974
   1475.59000    0.82358    0.04708    5.64927    0.07991
   1476.79000    0.79540    0.03510    5.55324    0.06003
   1477.78000    0.74914    0.05624    5.54915    0.03177
   1482.95000    0.95842    0.03339    5.76484    0.02899
   1484.25000    1.03286    0.07748    5.96049    0.03968
   1488.42000    0.98138    0.06260    5.83022    0.08077
   1491.60000    1.01078    0.04391    5.98583    0.02897
   1492.22000    0.94515    0.03379    5.96699    0.05662
   1496.07000    0.89679    0.03720    5.80561    0.03715
   1499.34000    0.90845    0.03655    6.51402    0.07341
   1502.57000    0.97116    0.05897    6.33630    0.05469
   1504.55000    0.98382    0.05013    6.44075    0.08415
   1506.59000    0.92728    0.03122    6.76388    0.06737
   1510.12000    0.96228    0.05698    6.72609    0.05019
   1513.25000    0.84665    0.04361    6.46086    0.06272
   1517.22000    0.73687    0.06335    6.42408    0.07765
   1521.21000    0.59743    0.07483    6.73288    0.04445
   1524.92000    0.76397    0.03553    6.57984    0.03563
   1527.88000    0.84534    0.06279    6.51777    0.06381
   1531.26000    0.72192    0.06699    6.56755    0.04820
   1534.43000    0.84505    0.04743    6.46313    0.04518
   1536.99000    0.73402    0.07235    6.04944    0.03220
   1540.41000    0.77279    0.04630    5.98974    0.04123
   1541.75000    0.71249    0.06161    6.11249    0.04393
   1544.79000    0.77627    0.07162    6.14787    0.03433
   1549.28000    0.79955    0.05321    6.09706    0.05261
   1553.53000    0.73893    0.05216    6.22432    0.05290
   1557.80000    0.78229    0.04070    5.93751    0.05433
   1560.93000    0.75618    0.04374    6.04062    0.05231
   1564.95000    0.81896    0.03605    6.21295    0.04977
   1569.71000    0.82154    0.04189    6.31726    0.05563
   1571.69000    0.90223    0.07925    6.28577    0.05110
   1574.53000    0.68473    0.05701    6.92018    0.06838
   1577.89000    0.77908    0.03881    6.66329    0.05902
   1581.01000    0.81966    0.02801    6.69968    0.05655
   1585.70000    0.74778    0.05387    7.13247    0.05528
   1589.33000    0.75539    0.06197    7.12132    0.03663
   1591.73000    0.94751    0.05231    7.02681    0.07818
   1593.85000    0.90640    0.05441    6.75915    0.04918
   1597.36000    0.95589    0.04726    6.88943    0.07052
   1600.77000    0.94839    0.07329    7.43827    0.04838
   1606.17000    0.99847    0.04016    8.05752    0.03713
   1609.89000    0.97528    0.05546    8.23889    0.04234
   1611.11000    0.92449    0.04760    8.36382    0.05076
   1614.60000    0.91541    0.06251    9.11438    0.09164
   1618.94000    0.94705    0.06259    9.02981    0.07613
   1622.93000    0.96476    0.03695    9.17992    0.05445
   1627.33000    0.84476    0.06144    8.83835    0.05114
   1629.82000    0.95508    0.04990    8.71495    0.05369
   1632.40000    0.84368    0.04637    8.90258    0.03815
   1634.61000    0.80724    0.06777    9.00683    0.07572
   1637.21000    0.79910    0.05366    9.23697    0.06928
   1640.59000    0.83229    0.05319    9.14898    0.07342
   1645.14000    0.96320    0.04714    8.74592    0.06178
   1648.73000    0.90767    0.06093    8.28356    0.05063
   1653.46000    0.98187    0.04753    8.58920    0.05887
   1655.62000    0.91706    0.02252    8.78793    0.06412
   1656.33000    0.97227    0.04205    8.69701    0.05599
   1659.72000    1.04021    0.05801    8.93754    0.06388
   1662.16000    1.04783    0.03700    8.51784    0.02011
   1665.82000    1.02549    0.04558    9.58986    0.06051
   1669.23000    1.03378    0.04582   10.09578    0.03739
   1671.71000    1.05382    0.03796   10.08234    0.04028
   1675.06000    0.99595    0.04167   10.11601    0.03612
   1677.85000    0.99718    0.03257   10.73249    0.06332
   1681.56000    1.03500    0.03242   10.64497    0.03728
   1684.40000    1.07165    0.05414   10.71782    0.06955
   1687.42000    0.95991    0.07174   10.80617    0.05486
   1690.89000    1.12629    0.04971   11.09851    0.04688
   1694.16000    1.18084    0.06702   11.03406    0.04748
   1697.47000    1.04423    0.06720   11.11274    0.08421
