## Time Delay Challenge light curves
##
## [time]=days, [lc]=[err]=flux in nanomaggies
##
##       time       lc_A      err_A       lc_B      err_B
##-------------------------------------------------------
      0.23000    9.16513    0.08175    3.97097    0.05967
      3.18000    8.54655    0.04521    4.28825    0.02312
      5.47000    9.41454    0.05347    4.11083    0.04416
      8.50000    9.24905    0.06930    3.99760    0.02706
     10.73000    8.70698    0.06660    4.25343    0.06224
     13.67000    8.23532    0.04454    4.16629    0.08224
     15.77000    7.86675    0.05483    4.18268    0.07408
     19.24000    8.35336    0.07673    3.87549    0.04702
     21.60000    7.66579    0.04891    3.73933    0.04979
     24.33000    9.26420    0.05068    3.60223    0.03476
     26.92000    8.58247    0.07409    3.52113    0.04177
     29.94000    7.82768    0.05767    4.35895    0.06149
     33.58000    7.49151    0.04681    3.60742    0.04046
     33.84000    7.42544    0.02193    3.46342    0.08560
     38.16000    7.49256    0.04621    3.50154    0.04145
     40.27000    7.31144    0.05527    3.18282    0.06129
     42.20000    7.80452    0.04475    3.40731    0.04801
     44.98000    8.22939    0.05278    3.27821    0.07282
     48.72000    8.10732    0.03120    3.79072    0.05994
     52.30000    9.34851    0.04888    3.49377    0.06713
     55.31000    8.96506    0.07254    3.71578    0.04963
     59.24000    8.99147    0.02032    4.07482    0.06926
     61.59000    9.42130    0.03952    4.05104    0.04352
     63.64000    8.28770    0.03228    4.49780    0.02211
     67.19000    8.20442    0.04451    4.58548    0.07808
     70.91000    7.82051    0.06333    4.11025    0.04935
     73.97000    8.82296    0.06804    4.02737    0.03162
     76.34000    8.41220    0.02266    3.75413    0.04953
     78.59000    8.38890    0.04731    4.02950    0.09106
     82.35000    7.46533    0.03372    3.98540    0.04963
     85.42000    7.36311    0.05819    3.85279    0.09325
     87.74000    6.61770    0.06198    3.42771    0.04475
     89.65000    6.59062    0.05693    3.26942    0.04808
     93.41000    6.60695    0.06636    3.15520    0.06550
     95.67000    7.32314    0.03298    2.91566    0.03375
     99.96000    7.10621    0.05861    3.38632    0.05370
    104.03000    6.87381    0.06352    3.50373    0.03402
    107.99000    7.46603    0.04067    3.14619    0.03941
    112.26000    9.53755    0.05475    3.61650    0.04800
    116.20000    9.57256    0.05765    4.30959    0.06035
    118.72000    9.40420    0.06776    4.24470    0.05066
    120.04000    9.40529    0.04806    4.59949    0.05254
    122.62000    9.75453    0.04320    4.52301    0.06906
    126.19000    9.13432    0.03425    4.44649    0.02990
    129.09000    9.92437    0.04967    4.37456    0.06723
    132.63000   10.10927    0.05391    4.33632    0.06178
    136.71000   10.31163    0.03994    4.57524    0.04814
    139.93000    9.89621    0.04654    4.79095    0.03874
    144.42000   11.16033    0.04445    4.94911    0.06135
    149.29000   10.22485    0.05543    4.95682    0.05963
    151.60000   10.55480    0.03734    4.99999    0.07561
    154.85000    9.47945    0.04254    4.86007    0.03532
    158.56000    9.99459    0.08798    4.42145    0.06371
    162.37000    9.25690    0.05324    4.54922    0.04256
    165.35000    9.47895    0.03994    4.45002    0.05645
    169.04000    8.74400    0.02681    4.65035    0.05054
    171.96000    8.44765    0.06248    4.31996    0.05523
    176.16000    8.18920    0.03720    4.01019    0.05527
    177.82000    9.28213    0.08425    3.84940    0.05098
    181.35000    8.54597    0.03635    3.64520    0.04730
    185.12000    8.08105    0.05936    3.80580    0.05332
    189.94000    9.03422    0.05444    3.79538    0.05740
    192.93000    9.11796    0.03268    3.90021    0.06450
    196.27000    8.40810    0.04868    4.24982    0.05565
    198.24000    8.26732    0.02578    4.21489    0.04686
    201.51000   10.09711    0.05659    4.03819    0.06270
    204.56000   10.02410    0.07575    4.31443    0.03638
    208.28000    9.63549    0.08836    4.91219    0.04557
    210.36000   10.09227    0.03458    4.71127    0.04019
    213.49000   10.17740    0.06033    4.57049    0.05171
    216.56000    8.85466    0.06691    4.83863    0.05732
    217.51000    9.24408    0.04655    4.75737    0.02182
    218.84000   10.62209    0.05783    4.78863    0.04781
    222.90000   11.73015    0.04337    4.27614    0.03657
    226.46000   11.41662    0.04768    5.80416    0.06705
    229.46000   10.38337    0.08327    5.45301    0.08129
    232.05000   11.33077    0.06821    5.25664    0.08075
    236.25000   11.57781    0.04569    5.15207    0.04832
    366.88000    8.25437    0.04350    3.73919    0.05514
    368.90000    8.44281    0.06123    3.70591    0.03837
    372.26000    8.26163    0.04187    3.93845    0.05391
    376.48000   10.91400    0.04575    4.33669    0.05985
    379.91000    9.56910    0.05540    4.95777    0.04102
    382.69000    9.84582    0.08095    4.84076    0.04689
    386.99000    9.04186    0.06445    4.38510    0.02144
    390.10000    9.89753    0.05148    4.76889    0.04294
    393.75000   11.20546    0.06584    4.73689    0.04861
    395.29000   11.46832    0.06442    4.75246    0.05704
    398.08000   12.26343    0.04413    5.82320    0.06220
    401.75000   12.20620    0.04987    5.75118    0.04750
    403.55000   10.54367    0.07009    6.11672    0.08032
    406.52000   10.27706    0.04720    5.94118    0.04504
    407.75000   10.11059    0.05670    5.86395    0.04028
    411.16000   10.21978    0.08590    5.12925    0.05570
    415.60000    9.57533    0.04310    5.39475    0.06645
    417.23000    8.92667    0.04256    4.73059    0.06073
    419.36000    8.47642    0.05270    4.81855    0.05311
    420.83000    8.76018    0.07187    4.64294    0.04545
    424.59000    8.46900    0.06372    4.02273    0.07915
    428.05000    9.08569    0.06633    3.94217    0.05648
    431.03000    9.55137    0.05265    4.35264    0.07430
    434.57000   11.22911    0.06321    4.64298    0.06108
    437.36000   10.97526    0.05615    4.77168    0.06063
    440.02000   10.36416    0.03610    5.39692    0.05839
    443.52000   11.49245    0.06013    5.10860    0.07070
    446.29000   10.67178    0.02375    5.23214    0.04254
    449.90000   11.84202    0.03647    5.11439    0.05392
    453.11000   12.06935    0.03674    6.01852    0.05295
    456.75000   12.13566    0.07708    5.52110    0.04259
    459.99000   12.73907    0.05528    6.70533    0.04477
    463.02000   13.43473    0.07447    6.46155    0.01816
    465.65000   12.32770    0.06757    6.05888    0.06409
    469.17000   14.08589    0.08014    6.22882    0.07671
    471.14000   13.38044    0.03943    6.12986    0.06076
    475.70000   12.82958    0.05912    6.59408    0.07982
    479.43000   13.33442    0.06684    6.14997    0.05588
    480.90000   12.90497    0.07139    6.27959    0.02554
    483.66000   11.63548    0.03318    6.65064    0.06404
    487.33000   11.55331    0.05230    5.57692    0.07181
    488.40000   12.24588    0.04161    5.99600    0.05195
    494.14000   10.43675    0.05073    5.72462    0.05087
    497.29000    9.79621    0.02015    5.30321    0.06127
    502.20000   11.02292    0.06626    4.80948    0.06065
    506.27000    9.24536    0.06428    5.52917    0.05931
    509.56000    9.27037    0.08616    4.57103    0.05936
    513.18000   10.07007    0.06469    4.42935    0.04074
    514.76000   10.11031    0.01821    4.43606    0.04099
    517.35000   10.96608    0.05125    4.64614    0.08135
    519.14000   10.42929    0.04956    4.91800    0.06974
    521.60000   11.19131    0.05359    5.54663    0.06911
    524.15000   10.49431    0.07133    5.15318    0.04362
    528.20000   13.10121    0.03332    5.59367    0.04915
    530.74000   13.18559    0.05931    5.71433    0.05123
    534.35000   13.56371    0.06316    6.69230    0.02281
    537.35000   14.80485    0.04149    6.10647    0.05099
    539.59000   12.73840    0.08296    6.39964    0.07413
    544.21000   11.86216    0.06755    6.49014    0.04524
    547.00000   12.15712    0.07973    6.24689    0.03452
    550.06000   12.01375    0.05256    5.65183    0.07273
    552.81000   11.46487    0.04896    5.89492    0.05675
    555.27000   11.24340    0.05548    5.58855    0.03868
    557.57000   10.91082    0.05215    5.56758    0.06503
    560.36000   10.92384    0.06192    5.59757    0.02946
    562.91000   10.53353    0.03552    5.40462    0.02045
    566.07000    9.65542    0.06645    5.23045    0.05883
    568.72000    9.31354    0.07116    5.16408    0.06600
    571.56000    9.03523    0.03680    4.81945    0.05493
    574.89000    9.47952    0.03673    4.42492    0.03536
    577.12000    9.21905    0.04504    4.38138    0.06501
    580.90000   10.63489    0.07374    4.61348    0.09726
    583.80000    9.36718    0.06754    4.65038    0.04494
    585.36000    9.09327    0.07512    4.75863    0.03239
    589.20000    8.89080    0.05453    4.59828    0.06715
    592.87000    9.26259    0.03474    4.08942    0.04638
    596.29000   10.95933    0.05301    4.14513    0.05498
    597.44000   10.76668    0.03169    4.22033    0.06559
    601.78000   11.35549    0.05541    5.41740    0.04746
    603.73000   11.42770    0.05502    5.14223    0.04885
    730.51000   10.53322    0.08951    5.43262    0.06690
    734.34000   10.20401    0.05175    4.50389    0.03588
    739.49000   10.73041    0.05750    5.05092    0.07557
    742.18000    9.81300    0.05837    4.89863    0.05911
    744.18000    8.99472    0.04215    5.18164    0.05797
    747.55000    8.42203    0.05858    4.97521    0.08019
    750.70000    8.77353    0.02914    4.53070    0.05042
    752.74000    9.05502    0.02539    4.07769    0.04622
    757.26000    8.54146    0.03945    4.55291    0.05868
    760.60000   11.10964    0.05578    4.32968    0.06034
    764.03000   11.26060    0.05816    5.00606    0.04045
    766.62000   11.88056    0.04713    5.47314    0.04725
    769.05000   12.59878    0.04936    5.44354    0.04059
    771.93000   11.15848    0.07054    5.89576    0.06161
    773.38000   10.87438    0.03662    6.13684    0.03684
    776.95000   11.12707    0.05019    5.86273    0.05199
    781.72000   14.56253    0.05991    5.31980    0.05388
    784.83000   12.80307    0.07994    6.72823    0.04341
    788.19000   11.91449    0.03629    7.34720    0.06648
    791.08000   11.37058    0.04125    6.22102    0.08509
    791.40000   11.33411    0.05318    6.26538    0.04993
    793.16000   12.45850    0.06009    6.06782    0.05327
    794.99000   12.33104    0.06591    6.28092    0.07596
    798.82000   14.56110    0.04770    6.14062    0.04514
    802.10000   16.03641    0.03455    6.39862    0.08879
    805.22000   15.10561    0.05286    7.14262    0.09830
    807.77000   14.04358    0.07992    8.01169    0.05489
    813.29000   13.29666    0.05944    6.99622    0.05286
    816.01000   13.55314    0.08402    6.85264    0.05908
    819.99000   13.32006    0.06989    7.18128    0.04369
    821.76000   13.53723    0.02580    6.43375    0.06351
    825.75000   13.44317    0.06011    6.44367    0.05472
    830.38000   12.82172    0.04292    6.24631    0.07008
    833.92000   13.25288    0.01170    5.89396    0.05134
    837.43000   13.37175    0.03588    6.87475    0.06701
    838.26000   13.92373    0.05526    6.47350    0.05216
    840.37000   13.67443    0.04933    6.34331    0.06245
    844.55000   13.63927    0.02989    6.85293    0.04217
    848.03000   15.61367    0.04264    6.58271    0.07390
    851.52000   15.45383    0.04531    6.95575    0.06499
    854.75000   13.60028    0.08237    8.15251    0.06908
    858.45000   15.19023    0.02374    7.11163    0.05386
    861.26000   17.17906    0.06559    6.72043    0.06798
    864.17000   15.10572    0.06901    7.77771    0.05869
    866.38000   13.74365    0.05786    8.27327    0.05537
    869.72000   13.85006    0.06564    7.36173    0.06196
    872.48000   11.61696    0.05524    7.24305    0.06046
    872.75000   12.11391    0.04970    7.34943    0.03291
    876.46000   11.58357    0.05562    6.11033    0.04810
    879.57000   10.31320    0.03481    5.91904    0.03502
    881.32000   10.98531    0.05843    6.18212    0.05817
    885.68000   11.14925    0.04833    5.38128    0.04222
    888.95000   11.58225    0.04066    5.39858    0.06190
    891.35000   13.26722    0.05558    5.44297    0.06413
    894.33000   13.91635    0.03432    5.61277    0.02568
    897.76000   16.24270    0.07699    6.45780    0.05271
    900.53000   15.73160    0.05013    7.09686    0.05677
    902.66000   14.77729    0.04886    8.09988    0.06192
    905.68000   14.86978    0.04998    7.45448    0.04560
    908.28000   16.93744    0.06073    7.31522    0.02273
    910.79000   18.13825    0.05385    7.55570    0.08282
    913.41000   18.07699    0.06994    8.23707    0.04272
    917.54000   19.06288    0.07076    9.67992    0.03547
    921.92000   18.26826    0.06589    8.40745    0.05198
    924.48000   16.86320    0.05787    8.45070    0.07596
    928.60000   16.63485    0.05916    8.07302    0.07120
    930.32000   18.88827    0.04735    8.24975    0.04383
    933.81000   20.44827    0.05220    8.21981    0.05561
    937.85000   19.70403    0.05250    9.62992    0.03988
    939.17000   19.65841    0.01649   10.06387    0.07390
    942.96000   19.22717    0.07054    9.81421    0.07391
    944.98000   18.21630    0.04541    9.91593    0.04009
    947.16000   17.15742    0.04141    9.47470    0.05200
    950.46000   15.46145    0.05619    9.12494    0.06099
    954.10000   14.13175    0.04192    7.63674    0.04744
    956.28000   13.54540    0.05554    7.71041    0.05332
    957.97000   12.47080    0.05221    7.54898    0.06025
    961.33000   11.96169    0.07732    6.82142    0.05359
    963.95000   12.99494    0.02702    6.10507    0.05420
    965.78000   13.21830    0.06741    6.07783    0.06841
    968.40000   14.99057    0.02591    6.27271    0.06259
   1095.14000   10.83631    0.03313    5.00997    0.06129
   1098.87000   11.70270    0.05635    5.11719    0.09384
   1102.52000   11.12082    0.04587    5.22140    0.04623
   1105.17000    9.89041    0.05623    5.42694    0.05638
   1108.40000   10.10207    0.06263    5.18900    0.04164
   1109.91000   10.65441    0.04690    4.78266    0.06112
   1113.29000   10.33248    0.05962    5.22726    0.05173
   1116.66000    9.49600    0.03570    5.30605    0.05435
   1120.64000   11.32041    0.06635    4.65601    0.07838
   1122.69000   10.46854    0.03431    5.06014    0.05793
   1125.65000   11.26646    0.06579    5.48458    0.05064
   1128.56000   12.60427    0.04956    5.08680    0.06743
   1130.87000   11.90600    0.05747    5.39524    0.07286
   1134.30000   11.07631    0.04932    5.79741    0.04469
   1138.73000    9.44069    0.06562    5.59788    0.04447
   1142.82000   10.20009    0.04783    4.89359    0.06941
   1146.00000   13.12455    0.05278    4.37295    0.05522
   1147.94000   12.51213    0.07025    5.16748    0.04697
   1150.81000   13.21973    0.08158    6.34410    0.08481
   1154.10000   13.59531    0.02655    6.41155    0.05314
   1156.25000   14.07244    0.05974    6.49103    0.03715
   1159.35000   11.52732    0.05862    6.82689    0.05389
   1162.37000   13.47787    0.04124    6.91423    0.07225
   1165.73000   12.87817    0.06679    5.40692    0.05665
   1168.37000   13.57885    0.03188    6.42671    0.03137
   1169.73000   14.05156    0.03272    6.33298    0.06828
   1174.05000   17.33143    0.04097    6.59271    0.05834
   1176.67000   17.11728    0.04998    7.75377    0.05487
   1180.72000   16.21749    0.08012    8.60752    0.03210
   1183.06000   15.49787    0.03643    7.98112    0.06797
   1186.14000   17.55559    0.04510    7.89773    0.07738
   1187.68000   16.73438    0.02841    7.57215    0.04930
   1189.67000   17.31508    0.04549    7.52990    0.04507
   1191.18000   17.89761    0.05305    8.50644    0.06019
   1193.13000   18.07893    0.06817    8.36293    0.04605
   1195.39000   16.18709    0.06442    8.56987    0.06776
   1199.04000   13.43625    0.09025    8.62682    0.04515
   1201.64000   12.24976    0.05224    7.55048    0.04920
   1204.66000   11.75756    0.06200    6.45954    0.04502
   1206.54000   13.20663    0.05846    6.15502    0.06429
   1211.05000   12.38255    0.05316    6.17027    0.06044
   1214.74000   10.92888    0.07525    6.75989    0.06021
   1215.78000   11.17749    0.05477    6.29826    0.05671
   1217.27000    9.94914    0.06347    5.64787    0.05091
   1220.50000   12.14336    0.06203    5.41867    0.05348
   1224.30000   11.88841    0.04139    5.53506    0.02068
   1227.07000   11.00451    0.05099    5.40540    0.04314
   1229.91000   11.46944    0.05820    5.88874    0.04401
   1234.36000   10.36626    0.05278    5.78547    0.06606
   1237.57000   11.99948    0.04301    5.59455    0.01753
   1241.46000   10.39973    0.06855    5.23683    0.01761
   1243.90000    9.93827    0.02752    5.81757    0.02121
   1247.01000   10.74415    0.07323    5.27934    0.07610
   1252.35000   11.01332    0.03963    5.33889    0.06853
   1254.97000   11.29340    0.04464    5.19859    0.03038
   1259.18000   11.68198    0.05287    5.49458    0.05743
   1262.50000   11.84256    0.06508    5.32244    0.05560
   1266.52000   11.95738    0.06169    6.45165    0.05871
   1270.67000   10.46608    0.05748    5.13167    0.05017
   1273.78000   10.83439    0.06787    5.40173    0.08437
   1276.53000   10.60772    0.04135    5.03463    0.06167
   1278.80000   10.04248    0.06291    5.19424    0.04860
   1282.85000   11.31752    0.04616    5.02061    0.03828
   1285.46000   11.62720    0.04625    4.74405    0.03574
   1288.97000   11.07543    0.04373    5.57992    0.06781
   1291.44000   11.36349    0.04004    5.85508    0.05433
   1294.20000   13.03647    0.04201    5.72370    0.06168
   1295.64000   13.13306    0.04490    5.31048    0.07046
   1299.53000   12.59616    0.04732    6.43083    0.03748
   1302.85000   12.20561    0.03195    6.16502    0.04717
   1304.14000   12.69521    0.05637    5.98880    0.07394
   1308.19000   13.08312    0.05948    6.08226    0.06339
   1311.75000   14.70117    0.07456    6.20589    0.04612
   1313.51000   13.52427    0.04886    6.47196    0.05470
   1315.91000   13.86062    0.03407    6.87681    0.03367
   1319.71000   11.49484    0.03304    6.37209    0.04461
   1323.33000   12.11584    0.06505    6.05621    0.04034
   1327.01000   12.30634    0.06018    5.05792    0.03205
   1329.25000   13.01340    0.07647    5.89165    0.07178
   1332.90000   13.15326    0.03113    5.82415    0.09323
   1461.13000   11.89820    0.05474    5.76190    0.03993
   1462.29000   11.68073    0.07599    6.26429    0.07347
   1467.55000   11.91873    0.04684    6.16909    0.04591
   1472.43000   10.49634    0.03572    5.88723    0.05706
   1475.75000   10.33102    0.02204    5.10923    0.03489
   1479.58000    9.91578    0.06598    5.34535    0.03551
   1483.82000    9.11824    0.06394    4.94083    0.04998
   1487.21000    9.82090    0.03878    4.60492    0.06322
   1490.42000   10.75561    0.04663    4.77951    0.08845
   1493.37000   10.89727    0.05360    4.77103    0.05254
   1496.19000   11.18327    0.04522    5.13092    0.00448
   1499.50000   10.98286    0.07997    5.15044    0.03056
   1502.56000   10.54541    0.03824    5.51221    0.04467
   1505.29000   10.69108    0.04680    5.31677    0.05501
   1509.09000   10.21157    0.04131    5.33524    0.05456
   1512.56000    9.55567    0.08851    4.96308    0.05245
   1515.29000    8.71027    0.06369    4.65771    0.03352
   1518.53000    9.34432    0.04654    4.36003    0.01803
   1521.66000    8.02396    0.07756    4.18586    0.07235
   1527.52000    7.71309    0.07153    3.65271    0.07821
   1528.48000    8.02916    0.03096    3.65032    0.06414
   1530.70000    7.58589    0.04319    3.93287    0.03776
   1533.82000    7.65206    0.04045    3.91463    0.04317
   1537.24000    8.28933    0.03945    3.87280    0.05650
   1538.96000    8.91251    0.05441    4.05060    0.04736
   1543.34000    8.66069    0.02856    4.20135    0.07459
   1546.33000    8.80058    0.07352    4.55032    0.04398
   1550.40000    8.47726    0.07387    4.33075    0.04759
   1553.99000    7.42407    0.04795    4.04049    0.04796
   1557.05000    7.17483    0.03054    3.63352    0.06672
   1557.26000    7.13074    0.09399    3.57196    0.06100
   1561.09000    8.09260    0.04599    3.32526    0.06846
   1564.20000    7.93351    0.08202    3.51128    0.06682
   1568.69000    9.98469    0.09305    3.99381    0.07364
   1571.19000   10.87126    0.06545    3.81531    0.05600
   1573.52000   10.19869    0.01430    4.51479    0.01393
   1577.16000   11.96975    0.06017    5.17647    0.04102
   1578.69000   12.34623    0.05576    5.18659    0.04848
   1583.08000   11.22378    0.06584    5.54978    0.05723
   1586.57000   10.48862    0.04726    5.88144    0.04176
   1588.60000    9.30488    0.07876    5.52689    0.07307
   1591.18000    9.32057    0.03953    5.25061    0.04725
   1593.79000    9.57896    0.06995    4.68479    0.05150
   1595.91000    8.07427    0.04064    4.21404    0.05137
   1599.12000    9.70748    0.02056    4.70544    0.01007
   1602.72000   11.76232    0.04661    4.42079    0.06040
   1604.30000   12.30760    0.06093    4.65468    0.00185
   1608.83000   15.67906    0.05034    5.78062    0.03615
   1614.40000   15.54710    0.01496    7.73056    0.05076
   1617.09000   14.79611    0.04982    6.58595    0.07254
   1623.18000   15.25877    0.06002    7.92426    0.06668
   1627.03000   17.16460    0.03014    7.40955    0.04487
   1630.39000   15.13942    0.07507    7.93640    0.07457
   1634.72000   15.07867    0.05860    7.40357    0.04282
   1636.81000   14.36330    0.06943    7.98187    0.04086
   1637.85000   13.74877    0.03335    8.05016    0.07050
   1642.67000   12.91170    0.05594    6.82359    0.02496
   1646.11000   11.67416    0.04784    6.78216    0.06056
   1649.25000   12.58312    0.01832    6.12729    0.05737
   1651.98000   13.46228    0.04613    5.64715    0.01996
   1656.31000   12.86449    0.05823    6.28392    0.03756
   1659.53000   14.32693    0.10082    7.12485    0.04818
   1661.03000   13.49155    0.03432    6.47631    0.06850
   1663.38000   13.60264    0.07861    6.47770    0.07726
   1666.11000   12.78784    0.06495    6.81085    0.04909
   1668.92000   14.52681    0.03870    6.38478    0.04724
   1674.62000   22.70262    0.04886    7.11152    0.05530
   1678.94000   21.86651    0.05342   11.16752    0.02767
   1681.38000   19.37603    0.07287   10.62645    0.03703
   1685.50000   19.59987    0.04201    9.57659    0.04641
   1687.50000   19.25559    0.03667    9.07636    0.00561
   1690.19000   16.35831    0.06492    8.76395    0.07584
   1692.70000   14.16712    0.02405    9.57929    0.04181
   1694.42000   12.52855    0.04298    8.98982    0.02867
   1696.50000   10.97674    0.06625    7.07937    0.06147
   1699.62000   11.94633    0.03683    6.38706    0.05299
