## Time Delay Challenge light curves
##
## [time]=days, [lc]=[err]=flux in nanomaggies
##
##       time       lc_A      err_A       lc_B      err_B
##-------------------------------------------------------
      2.99000    3.97303    0.03987    3.70832    0.08400
      4.76000    4.05331    0.03378    3.75337    0.03160
      7.25000    3.88693    0.07468    3.72835    0.05962
      8.85000    3.98184    0.06109    3.74911    0.05866
     12.60000    3.92034    0.07396    3.81511    0.05367
     15.20000    3.94990    0.02854    3.69858    0.04341
     19.96000    3.95651    0.05372    3.63316    0.07523
     21.82000    3.96297    0.05793    3.65785    0.04615
     24.17000    3.88053    0.03282    3.65121    0.05428
     27.85000    3.85418    0.05911    3.25446    0.08390
     31.41000    3.92141    0.07097    3.55561    0.08938
     33.89000    3.83998    0.05287    3.63109    0.03503
     36.95000    3.77870    0.04942    3.55875    0.03903
     38.19000    3.81558    0.04422    3.52483    0.02965
     39.54000    3.66574    0.05175    3.55189    0.04776
     41.78000    3.81367    0.04305    3.55814    0.04244
     45.36000    3.78235    0.06258    3.55663    0.07234
     47.62000    3.71885    0.03806    3.43816    0.04008
     51.41000    3.72193    0.04210    3.36926    0.04381
     53.55000    3.75176    0.08263    3.36584    0.05762
     56.42000    3.83854    0.06430    3.42083    0.02447
     59.52000    3.71292    0.06557    3.38396    0.03780
     62.15000    3.57328    0.07130    3.49162    0.04953
     64.73000    3.64213    0.04921    3.41746    0.05151
     67.88000    3.67577    0.05872    3.47331    0.07181
     70.28000    3.59366    0.04532    3.41759    0.05235
     73.16000    3.64905    0.03905    3.44494    0.06317
     76.21000    3.45337    0.07555    3.42013    0.01931
     78.83000    3.59934    0.05738    3.36833    0.07367
     81.14000    3.50093    0.00734    3.39122    0.08092
     86.18000    3.50031    0.03838    3.33018    0.03443
     89.70000    3.46682    0.05563    3.38106    0.03370
     92.69000    3.41290    0.06321    3.41639    0.04609
     97.67000    3.51745    0.05202    3.36029    0.04999
     99.36000    3.65700    0.06269    3.35415    0.06462
    102.58000    3.54385    0.05416    3.34350    0.05326
    103.60000    3.42930    0.04145    3.40220    0.03848
    106.59000    3.48025    0.03451    3.35827    0.06422
    109.68000    3.57583    0.04873    3.43802    0.06333
    111.79000    3.57670    0.05403    3.39656    0.06018
    114.32000    3.76224    0.06006    3.36446    0.03458
    117.85000    3.49584    0.04777    3.46691    0.06682
    119.46000    3.54172    0.04308    3.45050    0.02984
    123.54000    3.45804    0.00980    3.46666    0.04272
    128.01000    3.54543    0.04495    3.50730    0.06224
    129.90000    3.51092    0.07133    3.51807    0.07531
    132.24000    3.52981    0.02613    3.43869    0.04845
    133.75000    3.57643    0.05190    3.42747    0.03674
    135.30000    3.51608    0.03361    3.42217    0.02769
    137.07000    3.61124    0.05137    3.27262    0.04442
    139.13000    3.42355    0.05045    3.40416    0.04798
    142.11000    3.44037    0.05451    3.40362    0.05305
    145.37000    3.42201    0.05040    3.48938    0.07780
    149.00000    3.50520    0.04516    3.50763    0.06841
    152.88000    3.39795    0.06753    3.48682    0.03325
    155.89000    3.48308    0.03557    3.57036    0.04877
    159.97000    3.49478    0.04715    3.57164    0.06061
    162.87000    3.54711    0.03624    3.55454    0.05210
    165.85000    3.57800    0.02240    3.53157    0.06118
    169.32000    3.63555    0.05343    3.63968    0.07307
    173.45000    3.59808    0.04923    3.57732    0.05921
    174.38000    3.63404    0.05582    3.54592    0.04638
    175.15000    3.58011    0.05338    3.57099    0.03417
    179.11000    3.63395    0.06215    3.51986    0.03389
    182.12000    3.62338    0.03040    3.56110    0.05351
    185.02000    3.63905    0.05429    3.66726    0.06619
    187.18000    3.49995    0.03524    3.60986    0.03386
    189.04000    3.53813    0.06467    3.56849    0.05813
    192.31000    3.44336    0.05923    3.57079    0.06451
    194.92000    3.41482    0.05192    3.47498    0.03899
    199.67000    3.60847    0.05197    3.57462    0.07428
    202.26000    3.59978    0.05933    3.64674    0.07532
    205.12000    3.49144    0.06105    3.62670    0.06487
    207.68000    3.60586    0.02548    3.66817    0.04527
    210.08000    3.66852    0.04463    3.74918    0.05623
    212.54000    3.62571    0.02140    3.69181    0.06476
    216.97000    3.69345    0.06350    3.72343    0.06373
    220.23000    3.83698    0.06198    3.76031    0.02836
    224.13000    3.70527    0.10096    3.72750    0.04768
    228.43000    3.79340    0.05917    3.60863    0.02949
    231.93000    3.69189    0.05520    3.79059    0.03994
    234.52000    3.69612    0.05816    3.74759    0.04052
    239.47000    3.79963    0.06328    3.78451    0.06894
    367.97000    3.76695    0.08044    3.88238    0.05438
    372.07000    3.63743    0.08924    3.99676    0.06863
    374.37000    3.71420    0.03388    3.86040    0.06445
    378.74000    3.59012    0.08858    3.92035    0.02319
    381.88000    3.71832    0.06773    3.88039    0.04377
    386.28000    3.33468    0.05427    3.87310    0.05645
    387.69000    3.65728    0.06750    3.96304    0.02986
    389.93000    3.70969    0.02973    3.89758    0.02731
    393.30000    3.76179    0.06746    3.85999    0.05986
    396.86000    3.73618    0.07910    3.78956    0.04078
    398.06000    3.79125    0.06580    3.88272    0.06439
    399.35000    3.74130    0.03541    3.85105    0.05439
    402.54000    3.74751    0.04268    3.91198    0.06450
    405.86000    3.73640    0.04505    3.78528    0.05367
    408.64000    3.75241    0.05004    3.84042    0.04935
    413.06000    3.72115    0.04275    4.09745    0.07735
    415.77000    3.33830    0.04997    3.66717    0.05143
    417.71000    3.74036    0.04518    4.12441    0.06038
    421.30000    3.67371    0.04728    3.98802    0.05693
    424.62000    3.73289    0.03783    4.06635    0.03305
    427.70000    3.66898    0.05034    4.06754    0.04569
    428.98000    3.63988    0.03384    4.06592    0.04613
    430.98000    3.56861    0.06459    4.02540    0.04148
    434.27000    3.69016    0.03406    4.06899    0.06028
    438.28000    3.88553    0.05720    3.84645    0.02718
    441.92000    3.74299    0.04140    3.97938    0.04743
    443.26000    3.74627    0.07488    4.05195    0.02734
    445.99000    3.77102    0.03920    3.97042    0.03541
    450.38000    3.85676    0.06546    4.18262    0.05473
    451.25000    3.88847    0.06078    4.11603    0.03394
    455.87000    3.84373    0.05917    4.12828    0.07171
    459.55000    3.72708    0.05356    4.20880    0.03033
    461.58000    3.71466    0.04203    3.93726    0.06142
    465.04000    3.79091    0.06728    4.19500    0.05446
    467.88000    3.76979    0.06758    4.11192    0.08522
    469.68000    3.86406    0.04365    4.20778    0.04412
    473.11000    3.94434    0.04000    4.18418    0.03069
    477.28000    3.97754    0.05217    4.16334    0.05371
    481.83000    3.92723    0.00686    4.15162    0.05893
    483.54000    3.77845    0.08656    4.17746    0.03862
    487.75000    3.92330    0.06380    4.10883    0.04006
    490.66000    3.95918    0.05716    4.16537    0.04658
    495.44000    3.95730    0.06999    4.21140    0.08481
    497.96000    3.96304    0.03745    4.10570    0.05811
    500.81000    3.98990    0.06777    4.22466    0.06946
    503.99000    4.10349    0.03856    4.27741    0.05918
    509.17000    4.15048    0.06001    4.23022    0.02713
    510.97000    4.01010    0.06388    4.19385    0.01819
    511.36000    4.12348    0.06394    4.25391    0.03961
    515.54000    4.05055    0.03960    4.20751    0.06912
    520.68000    3.96533    0.05366    4.12458    0.03984
    522.32000    3.93134    0.05436    3.81658    0.06233
    526.19000    4.11349    0.05920    4.15493    0.04481
    527.17000    4.00827    0.05580    4.19998    0.05284
    530.06000    4.07063    0.05127    4.19935    0.08085
    532.72000    4.10160    0.05624    4.06080    0.07100
    535.45000    4.12779    0.04333    4.29295    0.05298
    538.93000    4.08703    0.02890    4.19894    0.03393
    540.51000    4.11448    0.03843    4.15635    0.02441
    545.34000    4.16708    0.02740    4.08201    0.04303
    547.11000    4.09161    0.03747    4.12908    0.05835
    551.23000    4.19194    0.06693    4.18670    0.04365
    554.49000    4.01176    0.01390    4.16882    0.03593
    557.84000    3.98794    0.04036    4.27568    0.04709
    562.34000    3.91507    0.03956    4.25163    0.07499
    566.89000    4.01624    0.02563    4.23403    0.03698
    569.96000    4.04756    0.02029    4.17750    0.05241
    573.68000    4.01935    0.03633    4.19829    0.04229
    577.32000    4.07343    0.05094    4.21954    0.02297
    580.70000    3.99298    0.04643    4.00530    0.04646
    584.50000    4.08608    0.05209    4.28537    0.06137
    587.78000    4.13873    0.05570    4.32689    0.05546
    590.35000    4.18796    0.04548    4.34454    0.05483
    594.60000    4.06099    0.04499    4.33450    0.01939
    598.17000    4.11262    0.06210    4.31223    0.05622
    600.60000    4.16165    0.05815    4.31026    0.05193
    604.25000    4.15312    0.04570    4.33544    0.04968
    730.92000    4.38137    0.03656    4.50454    0.06049
    734.19000    4.42971    0.05414    4.26258    0.02502
    736.71000    4.35317    0.05072    4.59117    0.07503
    739.88000    4.35567    0.04601    4.43132    0.05812
    742.67000    4.35446    0.04375    4.53383    0.04718
    747.95000    4.28067    0.07112    4.34984    0.06146
    750.07000    4.38257    0.02225    4.68247    0.07890
    753.68000    4.47920    0.04299    4.56080    0.03297
    755.19000    4.42619    0.05045    4.53205    0.04228
    756.88000    4.46702    0.04471    4.50908    0.06245
    758.76000    4.42754    0.05003    4.53816    0.06206
    761.28000    4.51333    0.05564    4.58808    0.04036
    764.10000    4.36367    0.05301    4.62707    0.05316
    765.22000    4.47561    0.07616    4.57563    0.05323
    768.11000    4.30743    0.06145    4.50110    0.05821
    771.22000    4.89897    0.04490    4.42793    0.02890
    774.27000    4.46047    0.01511    4.53167    0.05987
    779.22000    4.49961    0.03812    4.58967    0.07903
    781.79000    4.53801    0.06361    4.67371    0.05854
    783.72000    4.47553    0.04880    4.58555    0.08797
    785.64000    4.49966    0.04282    4.67636    0.06692
    788.59000    4.47491    0.02747    4.63429    0.04005
    791.56000    4.42108    0.09213    4.38415    0.06834
    796.07000    4.43124    0.05657    4.56881    0.03166
    798.44000    4.45376    0.05824    4.69313    0.04719
    801.51000    4.45275    0.05173    4.67410    0.04503
    805.82000    4.42736    0.04419    4.74679    0.05120
    808.02000    4.44057    0.04238    4.77016    0.03629
    810.95000    4.35449    0.07218    4.85922    0.03080
    815.94000    4.47288    0.07573    4.89487    0.04519
    820.23000    4.31472    0.06971    4.90266    0.05925
    823.17000    4.29953    0.03512    4.84128    0.05548
    827.76000    4.23917    0.06566    4.99109    0.05517
    832.09000    4.29580    0.04465    4.91567    0.04699
    835.46000    4.36986    0.04452    4.97472    0.06487
    839.13000    4.42516    0.04788    4.99322    0.05562
    841.49000    4.46432    0.06592    4.95770    0.03374
    843.77000    4.31703    0.03197    5.08368    0.05720
    845.49000    4.34698    0.05948    4.99544    0.05960
    849.08000    4.39768    0.04906    4.92374    0.11120
    850.61000    4.41457    0.07347    4.91134    0.04250
    854.79000    4.31580    0.07194    4.94171    0.04516
    858.51000    4.33718    0.07139    4.80894    0.08439
    862.16000    4.36442    0.02031    4.83818    0.05777
    867.43000    4.56307    0.05683    4.88340    0.05896
    871.13000    4.07597    0.06718    4.98219    0.06359
    872.64000    4.25263    0.03242    4.81919    0.06357
    874.29000    4.40898    0.06877    4.91687    0.06244
    876.00000    4.26177    0.03620    4.84610    0.03731
    876.41000    4.18952    0.05454    4.85998    0.04151
    878.80000    4.17318    0.04601    4.80795    0.04504
    882.97000    4.10452    0.06170    4.72592    0.05445
    886.84000    4.12703    0.09222    4.80097    0.05667
    890.21000    4.21333    0.04429    4.74456    0.06334
    894.49000    3.69301    0.08754    4.89720    0.06238
    897.16000    4.16312    0.04625    4.84693    0.03496
    899.49000    4.23385    0.06012    4.76398    0.03881
    903.79000    4.15757    0.07774    4.77115    0.04377
    904.84000    4.17916    0.04155    4.75090    0.07346
    908.01000    4.19973    0.04247    4.78118    0.04272
    910.76000    4.15603    0.07903    4.71965    0.04026
    914.27000    4.18002    0.06083    4.74402    0.05828
    919.57000    4.15235    0.05252    4.78215    0.05464
    924.17000    4.26099    0.02234    4.63833    0.03704
    927.06000    4.30433    0.05034    5.07992    0.07775
    929.62000    4.31073    0.04281    4.58887    0.04498
    934.02000    4.29730    0.04365    4.46508    0.04704
    937.62000    4.38638    0.04115    4.40877    0.05774
    941.55000    4.35719    0.04283    4.32904    0.03967
    945.29000    4.59083    0.03379    4.46741    0.06747
    949.04000    4.49585    0.04013    4.53166    0.04509
    954.92000    4.17740    0.05753    4.99018    0.04702
    957.06000    4.47420    0.07012    4.45927    0.03830
    959.62000    4.48199    0.06265    4.48060    0.04584
    964.83000    4.61378    0.04116    4.45720    0.04768
    966.52000    4.57250    0.04649    4.41843    0.03584
    969.65000    4.53223    0.08170    4.48071    0.03455
   1096.38000    4.72108    0.04744    4.61502    0.05560
   1099.21000    4.70814    0.07784    4.54618    0.07095
   1102.75000    4.83989    0.05996    4.59523    0.03846
   1106.15000    4.87847    0.08437    4.68303    0.06811
   1110.27000    4.94277    0.04355    4.59293    0.04546
   1112.90000    4.97860    0.07450    4.41348    0.04182
   1116.76000    4.99341    0.04864    4.59408    0.05952
   1121.01000    4.89697    0.03906    4.48460    0.08045
   1124.96000    4.88988    0.05064    4.50637    0.08818
   1127.67000    4.98537    0.05661    4.61616    0.04155
   1131.68000    4.93995    0.04390    4.66373    0.01202
   1132.85000    4.92167    0.04322    4.68328    0.05705
   1135.09000    4.96664    0.04083    4.72998    0.04798
   1138.99000    4.97720    0.07268    4.74262    0.05096
   1142.71000    5.01654    0.04871    4.73567    0.03525
   1144.59000    4.90592    0.04934    4.66429    0.03126
   1146.47000    4.86862    0.05191    4.57354    0.06303
   1148.30000    5.10133    0.03816    4.64761    0.03469
   1150.36000    5.08617    0.05589    4.63143    0.05924
   1152.88000    5.03495    0.02436    4.58650    0.06566
   1154.31000    5.03382    0.06025    4.53571    0.04454
   1157.13000    5.03660    0.05297    4.54215    0.04231
   1160.59000    5.20646    0.07278    4.29711    0.05130
   1164.85000    5.05378    0.05849    4.44886    0.06393
   1167.27000    5.00853    0.05168    4.61229    0.05287
   1170.46000    5.03793    0.01994    4.67902    0.06957
   1172.70000    5.11618    0.03089    4.53862    0.09654
   1176.73000    5.14157    0.06205    4.49257    0.06820
   1181.02000    5.61849    0.06297    4.76852    0.05625
   1183.45000    5.20741    0.03833    4.54561    0.06262
   1184.70000    5.24211    0.03451    4.55682    0.04506
   1187.43000    5.26794    0.03425    4.57434    0.04859
   1191.05000    5.22528    0.06400    4.49848    0.05564
   1195.11000    5.36096    0.04036    4.43977    0.02377
   1199.75000    5.31050    0.05842    4.45678    0.02595
   1204.48000    5.28629    0.05766    4.49181    0.05535
   1209.08000    5.17920    0.03707    4.62041    0.04867
   1211.78000    5.38858    0.04806    4.49706    0.03682
   1215.09000    5.46680    0.04345    4.39538    0.05411
   1217.60000    5.44201    0.04656    4.52946    0.06186
   1220.71000    5.41883    0.07483    4.57403    0.08134
   1223.33000    5.45682    0.08393    4.39455    0.05383
   1226.99000    5.44805    0.03121    4.49290    0.05292
   1229.38000    5.43547    0.03343    4.52322    0.05199
   1232.48000    5.40001    0.04952    4.89928    0.06387
   1235.44000    5.50334    0.05173    4.67045    0.04602
   1239.27000    5.44171    0.04639    4.78609    0.05044
   1241.68000    5.49648    0.04163    4.80269    0.07580
   1245.52000    5.46447    0.05301    4.76927    0.04904
   1247.35000    5.42187    0.03751    4.78469    0.02165
   1248.14000    5.55725    0.05672    4.74385    0.04683
   1251.02000    5.55165    0.05344    4.79666    0.05615
   1253.87000    5.56378    0.05098    4.69783    0.04559
   1256.47000    5.45940    0.06520    4.87745    0.05792
   1261.08000    5.66824    0.08146    4.79054    0.05617
   1262.86000    5.61389    0.04836    4.75206    0.05754
   1265.77000    5.64304    0.03884    4.94747    0.08141
   1270.72000    5.75276    0.02302    4.83961    0.08080
   1275.31000    5.76044    0.03055    4.95921    0.02905
   1278.72000    5.80457    0.03565    5.03523    0.06823
   1281.38000    5.74471    0.05907    5.02459    0.04273
   1284.85000    5.88176    0.05331    5.06072    0.03788
   1287.62000    5.83394    0.02301    4.97660    0.05699
   1289.66000    5.81815    0.04925    5.07770    0.05884
   1294.11000    5.95332    0.05830    4.88783    0.03895
   1297.52000    5.80840    0.03421    4.95476    0.04973
   1301.05000    5.91201    0.04626    4.94499    0.02197
   1303.48000    5.90610    0.02987    4.98222    0.06480
   1306.08000    5.86695    0.04647    5.00809    0.06864
   1308.34000    5.85365    0.04149    5.08248    0.05226
   1312.19000    5.98530    0.05072    5.00787    0.04683
   1314.95000    5.59272    0.06460    4.78310    0.05017
   1318.31000    5.85741    0.06346    5.01301    0.04636
   1320.67000    5.86578    0.06412    5.08662    0.05414
   1324.87000    5.81455    0.06059    4.99074    0.05100
   1328.23000    6.00872    0.09904    5.10063    0.02281
   1329.97000    5.73941    0.05635    5.09823    0.04755
   1332.69000    5.77793    0.05451    5.09993    0.02526
   1334.96000    5.66565    0.06473    4.84433    0.06688
   1460.21000    6.72534    0.05322    5.08705    0.06320
   1463.26000    6.72644    0.03046    5.06344    0.06335
   1466.02000    6.77244    0.03487    5.12942    0.07282
   1470.38000    6.61074    0.06469    5.10496    0.04185
   1474.82000    6.77719    0.06459    5.04486    0.08889
   1475.42000    6.84986    0.03497    5.11371    0.06697
   1478.21000    6.55176    0.05251    4.79444    0.04875
   1481.64000    6.83554    0.05483    5.12913    0.04173
   1485.85000    6.76489    0.05254    5.31275    0.06205
   1486.67000    6.87581    0.06657    5.25223    0.05400
   1487.85000    6.74771    0.05357    5.19780    0.07098
   1489.59000    6.80051    0.07900    5.12656    0.06421
   1490.68000    6.79524    0.05116    5.30485    0.06972
   1493.94000    6.90702    0.06428    5.21545    0.06257
   1498.92000    7.06484    0.04327    5.59868    0.06579
   1501.61000    6.96580    0.05629    5.36127    0.05645
   1506.01000    6.94096    0.05228    5.46473    0.05814
   1508.20000    6.92988    0.04949    5.33502    0.08431
   1510.81000    6.95236    0.03940    5.41384    0.05025
   1514.47000    6.80536    0.06703    5.38964    0.05602
   1517.32000    6.88626    0.07347    5.40709    0.07717
   1520.53000    6.93734    0.03693    5.43323    0.05706
   1523.26000    6.85984    0.04576    5.47802    0.04068
   1526.11000    6.88285    0.05492    5.45284    0.03613
   1529.24000    6.94680    0.02848    5.48907    0.04830
   1533.35000    7.00665    0.08812    5.38857    0.06818
   1537.03000    6.86315    0.07019    5.45790    0.05270
   1540.86000    6.83760    0.07074    5.42498    0.07143
   1543.21000    6.77201    0.06775    5.41670    0.05239
   1546.48000    6.88181    0.07024    5.47076    0.04145
   1548.93000    6.80024    0.05505    5.45862    0.04477
   1552.27000    6.90016    0.04804    5.50367    0.06078
   1554.51000    6.86566    0.05328    5.67733    0.07800
   1557.13000    6.91214    0.03002    5.58836    0.03679
   1561.47000    6.96674    0.06351    5.55179    0.08521
   1563.99000    7.09702    0.03353    5.34312    0.06865
   1568.35000    6.94053    0.03976    5.49629    0.04956
   1572.02000    6.86946    0.06568    5.56097    0.07149
   1574.73000    6.95977    0.05018    5.49522    0.03788
   1578.11000    6.96976    0.08513    5.44054    0.03898
   1582.40000    7.01341    0.04202    5.55724    0.05022
   1584.40000    7.55414    0.06270    5.50215    0.06431
   1588.45000    6.93889    0.04153    5.45412    0.06055
   1592.08000    6.90299    0.05161    5.50767    0.06846
   1595.13000    6.97738    0.04945    5.38441    0.06843
   1599.05000    6.95935    0.05241    5.42118    0.04257
   1600.97000    6.94339    0.06400    5.46262    0.02829
   1602.63000    6.94404    0.03686    5.26488    0.07964
   1604.68000    6.91292    0.05050    5.50032    0.07000
   1608.96000    6.76827    0.06160    5.56183    0.04524
   1610.00000    6.68768    0.08569    5.65057    0.08812
   1612.94000    6.84240    0.06252    5.43363    0.06893
   1616.10000    6.87126    0.04828    5.49938    0.06179
   1620.99000    6.72528    0.02975    5.49586    0.05078
   1624.83000    6.84973    0.06510    5.56479    0.06732
   1626.31000    6.82555    0.04787    5.45728    0.09213
   1628.19000    6.88925    0.05981    5.58840    0.06738
   1632.96000    6.80297    0.03184    5.45237    0.03798
   1636.79000    6.19954    0.06445    5.45317    0.03835
   1638.78000    6.82437    0.02817    5.49550    0.05575
   1639.79000    6.89275    0.04606    5.45368    0.08704
   1642.00000    6.91828    0.05346    5.47878    0.02447
   1645.18000    7.00607    0.06540    5.49416    0.06312
   1647.64000    6.96711    0.05875    5.37011    0.07865
   1651.26000    6.99695    0.05151    5.50128    0.05464
   1652.88000    6.83027    0.03368    5.54664    0.06795
   1656.30000    7.08660    0.02016    5.39623    0.06432
   1658.14000    7.10085    0.06183    5.36807    0.06457
   1662.54000    7.06928    0.05004    5.42386    0.06959
   1665.19000    7.07488    0.04295    5.33048    0.03630
   1667.16000    7.04963    0.06892    5.35592    0.05687
   1671.51000    7.13905    0.05259    5.14312    0.05014
   1674.62000    7.17780    0.06107    5.09725    0.06271
   1677.86000    7.24482    0.02645    5.11478    0.04135
   1680.97000    7.18123    0.02621    5.11156    0.04215
   1683.27000    7.14119    0.05197    5.04443    0.07864
   1683.67000    7.17192    0.04644    5.25230    0.04196
   1686.16000    7.21408    0.04446    5.10893    0.05122
   1689.34000    7.09279    0.02920    5.15872    0.07651
   1692.74000    7.11259    0.04202    5.15806    0.05565
   1694.62000    7.18406    0.05454    5.04741    0.03354
   1698.25000    7.17224    0.06754    5.06295    0.06502
