## Time Delay Challenge light curves
##
## [time]=days, [lc]=[err]=flux in nanomaggies
##
##       time       lc_A      err_A       lc_B      err_B
##-------------------------------------------------------
      0.79000    0.57300    0.04290    0.69764    0.06976
      3.57000    0.73037    0.03546    0.54392    0.05230
      6.62000    0.66381    0.05177    0.50843    0.03158
     10.06000    0.64419    0.05503    0.57454    0.05592
     12.75000    0.73021    0.05093    0.63379    0.05066
     16.33000    0.59166    0.07161    0.54089    0.06050
     18.17000    0.54169    0.07168    0.65502    0.05080
     20.30000    0.65991    0.03355    0.66897    0.06074
     23.13000    0.66928    0.04368    0.64097    0.05867
     26.36000    0.63670    0.04806    0.79459    0.09012
     30.07000    0.73228    0.07145    0.66412    0.04630
     33.35000    0.62281    0.02122    0.61517    0.05376
     38.34000    0.69007    0.03552    0.62160    0.07844
     41.51000    0.69997    0.06646    0.59330    0.01720
     44.19000    0.67057    0.03602    0.71642    0.06808
     46.62000    0.72830    0.04107    0.46347    0.06978
     50.57000    0.71942    0.06324    0.60989    0.01916
     55.49000    0.78951    0.05584    0.61771    0.02577
     57.72000    0.66096    0.04583    0.58649    0.03745
     60.13000    0.68525    0.07657    0.62034    0.04314
     63.99000    0.67941    0.04902    0.61046    0.07050
     66.27000    0.65947    0.08500    0.62669    0.03851
     69.09000    0.69916    0.07394    0.51767    0.07684
     69.93000    0.68612    0.06098    0.54466    0.06227
     74.66000    0.74852    0.03716    0.66853    0.03416
     77.13000    0.66970    0.04160    0.59162    0.02808
     81.55000    0.79280    0.06903    0.62193    0.05327
     84.17000    0.64518    0.05535    0.61759    0.04087
     86.50000    0.75701    0.06418    0.62137    0.05387
     90.17000    0.69668    0.05487    0.59643    0.04238
     93.31000    0.66521    0.05294    0.54273    0.04868
     96.01000    0.71850    0.05644    0.57669    0.08522
     98.52000    0.71293    0.02962    0.62607    0.07581
    102.22000    0.64015    0.05548    0.59181    0.05205
    105.00000    0.73446    0.06382    0.52910    0.03828
    108.26000    0.63865    0.05717    0.59382    0.04136
    111.45000    0.71217    0.03091    0.56741    0.07620
    115.27000    0.62777    0.05458    0.51602    0.03983
    117.92000    0.64102    0.06519    0.47857    0.05400
    121.69000    0.74922    0.05210    0.55263    0.07261
    124.91000    0.59770    0.05842    0.59320    0.05126
    128.13000    0.69886    0.06561    0.58298    0.05312
    131.52000    0.74659    0.05577    0.64369    0.08273
    134.76000    0.58428    0.04812    0.64327    0.05887
    138.40000    0.74116    0.08125    0.55195    0.05285
    140.48000    0.72521    0.06401    0.57136    0.01851
    144.54000    0.69471    0.06306    0.63350    0.05669
    146.53000    0.69391    0.03599    0.60384    0.03592
    149.53000    0.59790    0.05521    0.60043    0.05312
    154.07000    0.66450    0.03342    0.52333    0.04860
    157.87000    0.67054    0.02855    0.59329    0.01777
    160.34000    0.59712    0.05654    0.55640    0.06259
    165.14000    0.74083    0.06628    0.59730    0.05552
    168.58000    0.69781    0.04646    0.59154    0.04435
    170.91000    0.59574    0.04724    0.59566    0.07494
    173.06000    0.65995    0.00700    0.57206    0.07744
    179.12000    0.62243    0.05409    0.57717    0.07267
    179.93000    0.64813    0.01429    0.65870    0.04596
    182.44000    0.62281    0.07471    0.64685    0.06273
    187.03000    0.72800    0.07133    0.63715    0.04374
    190.13000    0.64206    0.05256    0.61225    0.03762
    194.04000    0.73048    0.04288    0.57328    0.03236
    196.27000    0.63307    0.04153    0.73342    0.06513
    198.47000    0.57959    0.05236    0.65908    0.05325
    200.61000    0.69693    0.05233    0.62200    0.06082
    203.59000    0.64184    0.07368    0.60898    0.04197
    205.02000    0.65701    0.04356    0.62432    0.03406
    206.14000    0.64338    0.03987    0.51892    0.04942
    209.28000    0.64725    0.05807    0.57647    0.02278
    211.99000    0.65731    0.05076    0.57532    0.04352
    215.45000    0.61311    0.05428    0.53477    0.04793
    216.75000    0.71524    0.04688    0.56719    0.06592
    220.08000    0.73828    0.05841    0.56185    0.05015
    222.12000    0.68961    0.02503    0.70176    0.05756
    225.04000    0.57828    0.06697    0.63149    0.05081
    227.29000    0.68825    0.05985    0.63738    0.04172
    229.89000    0.71105    0.05048    0.66061    0.05620
    232.71000    0.67810    0.03771    0.58975    0.05590
    235.15000    0.68655    0.05806    0.53509    0.04194
    238.15000    0.54220    0.06596    0.67360    0.07219
    366.00000    0.66182    0.07477    0.57817    0.07597
    369.66000    0.74173    0.05334    0.54161    0.08535
    374.01000    0.86056    0.06350    0.59238    0.04179
    375.84000    0.72135    0.06062    0.65855    0.04415
    377.83000    0.72957    0.05104    0.56122    0.04490
    381.02000    0.74969    0.02544    0.61473    0.03141
    384.14000    0.73053    0.05443    0.66898    0.06921
    385.39000    0.73521    0.07343    0.56887    0.06816
    390.09000    0.74787    0.04507    0.63177    0.05886
    392.84000    0.70931    0.03799    0.66192    0.05462
    396.03000    0.75400    0.04970    0.59935    0.02656
    397.84000    0.72422    0.04838    0.64595    0.05805
    400.77000    0.73729    0.05264    0.66288    0.06139
    405.14000    0.74555    0.05847    0.57911    0.06706
    406.98000    0.60248    0.06657    0.58482    0.05384
    409.61000    0.75665    0.04270    0.61329    0.04979
    412.85000    0.74790    0.06575    0.64171    0.04028
    415.40000    0.67735    0.07609    0.53336    0.05890
    417.97000    0.63797    0.05466    0.67925    0.07476
    422.74000    0.68348    0.08512    0.64150    0.05683
    425.39000    0.69601    0.05236    0.63850    0.06625
    428.37000    0.61652    0.07638    0.55675    0.06670
    431.44000    0.70224    0.04907    0.59833    0.04320
    434.74000    0.76918    0.07389    0.58133    0.05388
    438.11000    0.75391    0.02228    0.52091    0.06502
    441.36000    0.78363    0.06946    0.53940    0.03135
    444.14000    0.74011    0.06551    0.56961    0.04972
    444.54000    0.69258    0.01072    0.66467    0.03422
    446.63000    0.70743    0.02932    0.51926    0.06437
    449.46000    0.73378    0.05432    0.50808    0.05273
    452.85000    0.73337    0.03831    0.61134    0.05076
    454.15000    0.65214    0.04976    0.60980    0.04423
    458.03000    0.63943    0.04041    0.58457    0.03626
    461.06000    0.68126    0.04098    0.52730    0.04711
    464.03000    0.67620    0.06291    0.63849    0.09020
    468.22000    0.66224    0.00572    0.59839    0.07382
    470.54000    0.60751    0.06322    0.57159    0.04598
    472.91000    0.64647    0.06158    0.52685    0.08119
    476.83000    0.57012    0.05619    0.58229    0.04446
    480.96000    0.64730    0.00934    0.62173    0.05423
    484.68000    0.65642    0.04688    0.70547    0.07487
    486.40000    0.66360    0.04738    0.54827    0.04586
    489.81000    0.63265    0.03964    0.54213    0.06838
    492.65000    0.68507    0.03644    0.59093    0.05484
    494.51000    0.68229    0.06370    0.59515    0.07223
    497.47000    0.62780    0.02408    0.57646    0.04303
    499.37000    0.57046    0.07320    0.52330    0.06064
    503.13000    0.62755    0.05949    0.57051    0.06340
    506.93000    0.62628    0.06018    0.47782    0.06785
    511.01000    0.67566    0.05019    0.53882    0.04511
    512.90000    0.57897    0.03808    0.57039    0.06316
    515.73000    0.60800    0.03713    0.55548    0.00423
    518.55000    0.62682    0.04099    0.60358    0.04988
    520.52000    0.61611    0.04364    0.48305    0.06579
    523.35000    0.51971    0.08739    0.51344    0.04010
    527.18000    0.70631    0.06507    0.55378    0.03720
    531.57000    0.67673    0.04508    0.55022    0.02870
    534.72000    0.66427    0.04138    0.56868    0.06984
    537.87000    0.59111    0.04880    0.57615    0.04968
    542.63000    0.71983    0.05678    0.70680    0.07826
    546.55000    0.65790    0.05559    0.51025    0.04363
    548.74000    0.62277    0.02904    0.52550    0.03438
    552.29000    0.69026    0.03978    0.68375    0.05450
    552.74000    0.68831    0.06160    0.51536    0.03408
    556.92000    0.74487    0.05202    0.58006    0.04141
    559.85000    0.56672    0.06030    0.56314    0.03026
    562.87000    0.66134    0.09287    0.45282    0.04969
    566.38000    0.74787    0.08582    0.53000    0.07728
    568.76000    0.66291    0.05019    0.56512    0.05467
    572.99000    0.67977    0.06374    0.56889    0.04114
    575.05000    0.67080    0.06294    0.54432    0.04026
    579.67000    0.48266    0.06745    0.59103    0.02752
    581.37000    0.66709    0.01799    0.58851    0.05618
    585.21000    0.67634    0.04417    0.52984    0.04050
    589.63000    0.65933    0.04032    0.59311    0.04526
    594.64000    0.68831    0.04305    0.55855    0.04912
    598.95000    0.69165    0.04200    0.57748    0.06445
    604.05000    0.69645    0.04688    0.60766    0.04186
    732.84000    0.78407    0.06940    0.59189    0.04505
    736.45000    0.71508    0.03471    0.55252    0.08484
    738.24000    0.69594    0.06478    0.64466    0.05533
    741.64000    0.58353    0.07367    0.57200    0.07150
    745.74000    0.70644    0.06034    0.72716    0.05539
    747.18000    0.65889    0.07629    0.57397    0.06555
    750.22000    0.68944    0.06710    0.64165    0.07032
    753.31000    0.63398    0.06884    0.71013    0.08913
    757.64000    0.81011    0.06783    0.75076    0.06074
    761.55000    0.60061    0.04597    0.69026    0.05981
    765.53000    0.69239    0.07381    0.65016    0.08191
    771.05000    0.66579    0.06641    0.68857    0.02965
    774.48000    0.73926    0.06069    0.66394    0.07374
    776.60000    0.77533    0.03703    0.68356    0.08403
    780.97000    0.75242    0.06007    0.69748    0.05090
    786.60000    0.73421    0.01473    0.70092    0.06413
    788.39000    0.65552    0.06342    0.76191    0.04568
    790.23000    0.79399    0.08088    0.75389    0.06231
    793.61000    0.76455    0.03394    0.78742    0.05962
    797.07000    0.81446    0.06687    0.71542    0.03337
    800.81000    0.71018    0.07688    0.73634    0.02212
    803.90000    0.67491    0.03671    0.67525    0.03052
    806.98000    0.58477    0.08849    0.72108    0.05991
    810.07000    0.73165    0.06303    0.69664    0.03631
    814.67000    0.77097    0.03527    0.68837    0.03812
    818.25000    0.73451    0.03850    0.61018    0.04926
    820.46000    0.81546    0.07992    0.65289    0.02913
    825.06000    0.79580    0.05062    0.64432    0.03369
    828.45000    0.73920    0.04244    0.72323    0.04203
    832.36000    0.83207    0.04317    0.67463    0.05542
    835.70000    0.74843    0.05470    0.77870    0.05052
    838.93000    0.79061    0.06302    0.61329    0.06816
    841.77000    0.79505    0.04919    0.65774    0.07063
    844.77000    0.82778    0.02768    0.77263    0.05908
    847.75000    0.79930    0.05580    0.70436    0.05910
    852.05000    0.64890    0.05166    0.70177    0.04238
    854.03000    0.77586    0.07870    0.76482    0.04956
    856.96000    0.75204    0.06670    0.72833    0.07075
    858.79000    0.77699    0.01112    0.72853    0.04744
    863.29000    0.75115    0.05739    0.82123    0.04389
    866.84000    0.68574    0.05612    0.85234    0.05319
    870.61000    0.74776    0.03450    0.78411    0.03831
    873.49000    0.71633    0.02830    0.74302    0.06681
    876.61000    0.70082    0.06782    0.69983    0.05167
    880.01000    0.77629    0.04943    0.80784    0.05249
    883.79000    0.76025    0.07554    0.74085    0.05570
    885.10000    0.71771    0.05263    0.72849    0.02746
    887.80000    0.70294    0.06043    0.77587    0.05282
    891.64000    0.79707    0.05765    0.75571    0.04207
    895.10000    0.85465    0.02034    0.84856    0.04816
    898.08000    0.73154    0.05741    0.77018    0.05533
    901.33000    0.97390    0.04744    0.75499    0.03463
    903.96000    0.86031    0.02959    0.80022    0.05667
    906.54000    0.78395    0.07258    0.85393    0.06044
    909.58000    0.95087    0.08558    0.76755    0.05553
    914.07000    0.90038    0.04860    0.84710    0.05410
    916.60000    0.86057    0.07073    0.76075    0.06212
    919.34000    0.89421    0.02546    0.75696    0.07169
    922.07000    0.93075    0.03886    0.84779    0.02355
    925.95000    0.90479    0.05002    0.70705    0.06021
    928.46000    0.96621    0.04856    0.82100    0.03578
    933.08000    0.96091    0.06220    0.75998    0.03288
    935.43000    0.86488    0.07353    0.78156    0.05423
    938.74000    0.78492    0.07489    0.74296    0.04873
    941.46000    0.84585    0.04122    0.71333    0.07359
    943.47000    0.89474    0.04780    0.77040    0.08802
    945.47000    0.92908    0.03395    0.79337    0.05551
    949.00000    0.89984    0.05743    0.71104    0.04320
    950.18000    0.90521    0.06611    0.73207    0.05829
    952.73000    0.83244    0.04353    0.67357    0.06077
    956.38000    0.84729    0.07448    0.83721    0.06671
    958.39000    0.89873    0.03955    0.89544    0.07517
    960.07000    0.97038    0.06976    0.83857    0.07234
    964.21000    0.77553    0.06017    0.67954    0.05533
    967.22000    0.78980    0.06029    0.82364    0.04381
   1096.35000    0.83828    0.05996    0.71197    0.05695
   1099.76000    0.82310    0.03084    0.72366    0.03380
   1103.32000    0.89998    0.04705    0.73299    0.04735
   1107.89000    0.85456    0.06567    0.73113    0.02391
   1110.13000    0.88972    0.04365    0.74996    0.03653
   1112.90000    0.85890    0.04013    0.74316    0.04002
   1114.98000    0.83945    0.05280    0.88946    0.07560
   1117.63000    0.82520    0.05321    0.81180    0.07389
   1119.84000    0.87926    0.05319    0.70946    0.04721
   1123.93000    0.82151    0.04848    0.73646    0.00897
   1126.56000    0.99912    0.06218    0.76800    0.03886
   1128.95000    0.80317    0.04043    0.71942    0.02475
   1131.33000    0.81531    0.03749    0.67687    0.04194
   1134.35000    0.82341    0.04161    0.72367    0.04793
   1137.43000    0.90463    0.07750    0.72475    0.04260
   1139.68000    0.77990    0.06045    0.70548    0.04964
   1142.56000    0.82097    0.04747    0.72756    0.03820
   1146.32000    0.86232    0.04438    0.73874    0.02192
   1148.67000    0.69937    0.07430    0.82763    0.04894
   1149.25000    0.83974    0.05427    0.72526    0.03491
   1153.94000    0.86887    0.06107    0.78718    0.07344
   1155.72000    0.88482    0.05725    0.73908    0.02231
   1157.61000    0.82575    0.03428    0.70667    0.03846
   1159.78000    0.78843    0.03603    0.69711    0.03522
   1163.89000    0.77478    0.04308    0.74585    0.01882
   1167.41000    0.81528    0.05036    0.73106    0.03898
   1170.10000    0.81163    0.06072    0.77314    0.04984
   1171.93000    0.78109    0.05839    0.74919    0.06108
   1174.12000    0.77328    0.04081    0.74403    0.02737
   1175.86000    0.76630    0.04500    0.75147    0.02885
   1179.60000    0.67128    0.06372    0.71868    0.03572
   1182.21000    0.83586    0.00151    0.79400    0.08634
   1184.70000    0.76918    0.05653    0.64254    0.06265
   1188.44000    0.82259    0.06830    0.73956    0.04965
   1189.89000    0.86239    0.03800    0.69255    0.03962
   1193.15000    0.88881    0.05988    0.76260    0.07393
   1197.06000    0.82607    0.06885    0.81846    0.06061
   1201.48000    0.82839    0.05533    0.77904    0.05424
   1203.42000    0.87215    0.09122    0.65430    0.04037
   1204.58000    0.86193    0.04300    0.73176    0.04233
   1208.01000    0.79324    0.03963    0.73159    0.04402
   1211.63000    0.82103    0.03416    0.73624    0.04284
   1213.37000    0.95614    0.08455    0.75398    0.05735
   1216.74000    0.78516    0.05881    0.70202    0.03489
   1220.11000    0.85250    0.07238    0.74289    0.02303
   1223.79000    0.80578    0.04003    0.54545    0.07539
   1225.74000    0.77881    0.04804    0.73307    0.06079
   1230.07000    0.89651    0.06504    0.67837    0.04594
   1233.76000    0.86554    0.06561    0.70625    0.05462
   1237.13000    0.90714    0.03730    0.67882    0.04768
   1239.53000    0.81114    0.05476    0.68848    0.05738
   1244.44000    0.82526    0.06210    0.68621    0.02105
   1247.86000    0.76617    0.06683    0.59956    0.06644
   1250.70000    0.75579    0.06064    0.70730    0.05399
   1254.17000    0.83116    0.02678    0.62552    0.05266
   1257.96000    0.78771    0.05124    0.63395    0.03896
   1262.17000    0.84111    0.04241    0.78964    0.05643
   1265.85000    0.71963    0.03373    0.65102    0.06622
   1269.02000    0.72575    0.04561    0.69736    0.03652
   1272.93000    0.65319    0.08245    0.75095    0.05405
   1275.07000    0.83125    0.04308    0.84647    0.07772
   1279.43000    0.64041    0.04810    0.66904    0.04360
   1282.25000    0.64402    0.05335    0.73718    0.04938
   1287.01000    0.77787    0.04565    0.69848    0.03745
   1292.04000    0.75748    0.06036    0.68888    0.03518
   1294.49000    0.72578    0.04576    0.72713    0.02853
   1296.99000    0.80738    0.03398    0.65453    0.05924
   1301.16000    0.76803    0.04913    0.70453    0.05258
   1302.70000    0.79000    0.04412    0.71896    0.05709
   1304.85000    0.74941    0.06655    0.69013    0.02854
   1308.80000    0.76129    0.07279    0.80625    0.05957
   1313.25000    0.75116    0.03881    0.60105    0.06324
   1316.26000    0.74603    0.03909    0.69253    0.02151
   1319.10000    0.77433    0.04412    0.70424    0.04237
   1321.74000    0.72714    0.03852    0.68201    0.04142
   1323.64000    0.75599    0.05859    0.72663    0.06860
   1328.10000    0.71507    0.04428    0.70374    0.04481
   1330.72000    0.65522    0.06818    0.63890    0.05822
   1333.68000    0.78456    0.08766    0.77575    0.03370
   1462.61000    0.77901    0.04252    0.67447    0.05128
   1466.38000    0.68481    0.06679    0.60168    0.08623
   1468.62000    0.87030    0.07738    0.66344    0.04612
   1471.84000    0.78533    0.05033    0.63191    0.05987
   1474.74000    0.82417    0.05745    0.69235    0.03330
   1477.38000    0.83071    0.03800    0.63318    0.05740
   1480.33000    0.74458    0.04463    0.61392    0.04260
   1483.92000    0.70053    0.04773    0.70735    0.06340
   1488.55000    0.79418    0.02734    0.66520    0.05250
   1490.91000    0.81001    0.04384    0.54679    0.07418
   1494.10000    0.82130    0.03360    0.53786    0.05172
   1497.44000    0.74612    0.04965    0.70656    0.05948
   1500.44000    0.70655    0.05286    0.66104    0.03436
   1503.97000    0.79021    0.06274    0.73912    0.06574
   1506.82000    0.76280    0.05820    0.71327    0.05677
   1509.59000    0.81458    0.05857    0.76566    0.07549
   1512.72000    0.76745    0.07458    0.66593    0.05219
   1517.49000    0.74993    0.06642    0.71876    0.03173
   1520.36000    0.73409    0.05084    0.72326    0.05526
   1523.64000    0.77678    0.08540    0.78489    0.05095
   1526.25000    0.84071    0.04711    0.79845    0.06660
   1530.57000    0.80673    0.03577    0.69463    0.04157
   1534.92000    0.74339    0.05046    0.76778    0.06669
   1537.14000    0.73894    0.06519    0.69050    0.07368
   1538.71000    0.67247    0.06932    0.72755    0.03470
   1541.24000    0.85231    0.06505    0.78383    0.07155
   1543.22000    0.79543    0.07172    0.73382    0.03732
   1545.18000    0.77440    0.04950    0.71992    0.05998
   1547.94000    0.80437    0.03849    0.74037    0.06045
   1550.32000    0.82522    0.02694    0.73985    0.07106
   1553.05000    0.84833    0.04938    0.71579    0.04874
   1555.69000    0.81650    0.06562    0.71993    0.04698
   1557.66000    0.86458    0.07030    0.68413    0.04197
   1560.84000    0.79650    0.06454    0.73005    0.08079
   1563.18000    0.82036    0.06504    0.68614    0.02717
   1565.13000    0.78800    0.04320    0.82027    0.06764
   1567.34000    0.77899    0.04258    0.65923    0.03389
   1569.49000    0.76852    0.03511    0.61217    0.05446
   1571.81000    0.73177    0.04980    0.78509    0.05993
   1575.49000    0.76869    0.03801    0.68724    0.01494
   1578.25000    0.70764    0.06678    0.54937    0.08265
   1581.23000    0.82518    0.07701    0.60423    0.04423
   1584.12000    0.79241    0.04687    0.64377    0.06519
   1587.54000    0.80261    0.02068    0.67188    0.03402
   1589.49000    0.88702    0.05750    0.63921    0.08552
   1592.54000    0.76432    0.05422    0.88770    0.07846
   1595.23000    0.76996    0.05976    0.63542    0.04795
   1600.51000    0.75036    0.04449    0.79957    0.07925
   1604.76000    0.83174    0.05481    0.60167    0.08235
   1607.91000    0.75008    0.05059    0.74610    0.07783
   1611.48000    0.77650    0.03599    0.69041    0.04396
   1615.60000    0.78382    0.05053    0.69852    0.03718
   1619.16000    0.70989    0.04076    0.67010    0.06034
   1622.93000    0.76014    0.06124    0.71886    0.03044
   1626.35000    0.78055    0.05005    0.68545    0.06171
   1628.52000    0.69797    0.08280    0.58197    0.06340
   1633.01000    0.70143    0.08044    0.73830    0.06515
   1637.40000    0.81772    0.07597    0.69076    0.04458
   1640.59000    0.79134    0.06579    0.74447    0.04187
   1642.31000    0.81986    0.04809    0.69834    0.02794
   1645.56000    0.70285    0.05142    0.65570    0.06172
   1647.39000    0.65015    0.08071    0.71800    0.02041
   1652.24000    0.82632    0.04554    0.65739    0.04177
   1655.87000    0.73159    0.05057    0.76639    0.08720
   1658.95000    0.74753    0.07683    0.75739    0.05131
   1662.37000    0.75157    0.02685    0.71178    0.02036
   1665.24000    0.76679    0.06206    0.62990    0.05552
   1666.82000    0.70847    0.06182    0.76200    0.04348
   1669.10000    0.78271    0.06370    0.63379    0.07546
   1673.31000    0.78570    0.04474    0.73791    0.07710
   1676.53000    0.59391    0.06512    0.76141    0.05685
   1679.92000    0.69104    0.03890    0.62448    0.06914
   1681.60000    0.83003    0.06233    0.74704    0.07137
   1682.50000    0.81859    0.06789    0.70255    0.03492
   1686.37000    0.71340    0.08163    0.64206    0.09061
   1689.63000    0.71743    0.08694    0.74750    0.08393
   1692.19000    0.75323    0.03346    0.69979    0.05534
   1695.35000    0.78954    0.07172    0.61152    0.04215
   1698.84000    0.83117    0.05617    0.66066    0.05730
