## Time Delay Challenge light curves
##
## [time]=days, [lc]=[err]=flux in nanomaggies
##
##       time       lc_A      err_A       lc_B      err_B
##-------------------------------------------------------
      1.70000    2.14456    0.07671    1.28794    0.06029
      4.22000    2.08667    0.05038    1.35393    0.05557
      8.47000    1.93788    0.07812    1.40273    0.06153
     13.20000    2.07809    0.05032    1.42166    0.03139
     16.65000    1.97970    0.06693    1.37221    0.05036
     19.46000    2.06825    0.05566    1.29155    0.05837
     22.21000    2.06769    0.04302    1.46635    0.04764
     24.86000    2.00735    0.08229    1.40216    0.07055
     29.53000    2.02435    0.04945    1.42325    0.04101
     32.48000    2.07821    0.03403    1.47602    0.06672
     35.27000    2.05812    0.05350    1.43908    0.06753
     37.23000    2.01458    0.06532    1.36058    0.06510
     38.33000    1.97635    0.02773    1.39315    0.07016
     43.46000    1.97972    0.06620    1.49856    0.05086
     46.40000    2.02908    0.06624    1.29170    0.04228
     48.06000    1.96349    0.05506    1.30305    0.05243
     50.64000    2.07886    0.05311    1.30480    0.04890
     55.25000    1.97247    0.04002    1.40603    0.04701
     60.20000    1.93098    0.04503    1.35532    0.03529
     61.34000    2.00067    0.07703    1.43956    0.05945
     65.28000    1.84850    0.06704    1.39166    0.05613
     67.85000    2.02431    0.06046    1.31075    0.03873
     71.63000    1.89293    0.06691    1.23494    0.04109
     74.49000    1.94964    0.04965    1.25917    0.05878
     76.22000    1.96858    0.04573    1.16991    0.06664
     79.06000    1.95453    0.04572    1.40295    0.10411
     82.02000    1.95436    0.01109    1.29257    0.02753
     83.13000    2.02987    0.07135    1.25435    0.04202
     85.83000    2.03513    0.05549    1.21784    0.04986
     90.10000    2.05304    0.06215    1.30153    0.03539
     94.79000    2.04630    0.03996    1.33419    0.01151
     95.80000    2.03791    0.02763    1.32239    0.02703
    100.39000    2.07793    0.06306    1.34801    0.03784
    103.23000    1.98588    0.04041    1.31863    0.04404
    105.91000    2.09340    0.03733    1.28962    0.03166
    109.26000    2.07406    0.03545    1.29276    0.04783
    112.92000    2.00718    0.04963    1.33174    0.05560
    117.42000    2.01381    0.04865    1.40574    0.06894
    118.35000    2.04800    0.06100    1.32472    0.06090
    121.99000    2.11501    0.05813    1.41235    0.05319
    123.64000    1.99125    0.05930    1.38592    0.04133
    126.41000    2.05387    0.04584    1.33663    0.07265
    130.67000    1.93823    0.02975    1.38695    0.03903
    131.96000    1.90718    0.06585    1.26000    0.06980
    134.41000    1.98886    0.05550    1.28836    0.04750
    136.77000    1.90506    0.05717    1.37910    0.06443
    141.22000    2.00098    0.05516    1.30640    0.04327
    144.20000    2.09287    0.05575    1.32033    0.05098
    146.43000    2.01301    0.07593    1.33163    0.05075
    149.58000    2.05382    0.04834    1.35729    0.04105
    151.77000    1.98820    0.07268    1.38847    0.07475
    155.19000    2.00179    0.05747    1.34945    0.06631
    159.67000    2.08007    0.05137    1.36664    0.03334
    163.15000    2.12636    0.06903    1.39096    0.04975
    164.72000    2.06970    0.06523    1.32720    0.02940
    168.45000    2.07172    0.07239    1.25663    0.04629
    172.22000    2.00252    0.05143    1.34822    0.01324
    174.05000    2.09604    0.05457    1.34639    0.07284
    175.89000    2.13409    0.04680    1.33472    0.03066
    179.04000    2.14480    0.05849    1.31291    0.05339
    183.32000    2.12629    0.07202    1.33315    0.01867
    186.08000    2.17163    0.05376    1.34954    0.06847
    189.56000    2.22694    0.05206    1.36042    0.05099
    193.82000    2.19326    0.06552    1.47823    0.04967
    196.36000    2.12927    0.03238    1.38291    0.08669
    201.08000    2.14397    0.01502    1.38326    0.07800
    204.71000    2.13055    0.05211    1.44869    0.03413
    207.08000    2.17795    0.07458    1.25427    0.06848
    208.16000    2.26103    0.05316    1.45821    0.05202
    211.74000    2.20333    0.05361    1.33077    0.06916
    214.63000    2.19952    0.07014    1.33747    0.04485
    216.83000    2.11622    0.03500    1.42054    0.05915
    218.71000    2.17444    0.04667    1.40184    0.02889
    221.25000    2.17498    0.03956    1.37854    0.05723
    224.08000    2.21788    0.05794    1.39698    0.03583
    226.41000    2.14363    0.05902    1.41180    0.05248
    230.96000    2.27614    0.03666    1.53333    0.08502
    231.91000    2.26476    0.03930    1.43824    0.05500
    233.62000    2.28586    0.06888    1.45579    0.04942
    235.91000    2.32808    0.09565    1.32705    0.06710
    239.30000    2.23966    0.04932    1.32976    0.05828
    366.46000    2.19603    0.04674    1.43602    0.00820
    369.43000    2.30691    0.05935    1.57332    0.04609
    371.72000    2.16166    0.06007    1.38422    0.06866
    373.71000    2.15646    0.03187    1.32387    0.07303
    377.94000    2.23731    0.05372    1.51898    0.05686
    380.53000    2.18317    0.05276    1.43682    0.04653
    383.70000    2.16060    0.03084    1.34536    0.02836
    386.99000    2.19462    0.08190    1.45552    0.04197
    389.14000    2.30065    0.05855    1.54116    0.05495
    390.73000    2.20370    0.04669    1.45703    0.03369
    394.59000    2.29479    0.05918    1.40396    0.05059
    396.39000    2.24832    0.05095    1.40520    0.05903
    399.04000    2.31244    0.05924    1.41875    0.05126
    403.31000    2.24525    0.04675    1.59524    0.04683
    406.11000    2.24023    0.04711    1.46622    0.05844
    408.69000    2.39175    0.05622    1.52064    0.05878
    412.64000    2.38973    0.06674    1.58739    0.06253
    414.76000    2.42440    0.08266    1.41480    0.07274
    417.27000    2.37084    0.05285    1.47404    0.05594
    420.75000    2.41332    0.05682    1.54616    0.04861
    423.15000    2.46103    0.05281    1.62800    0.07724
    425.10000    2.38149    0.04149    1.56587    0.04514
    428.31000    2.40182    0.08045    1.65947    0.05495
    429.48000    2.48676    0.04337    1.57199    0.06104
    431.83000    2.45316    0.04336    1.55632    0.02783
    436.53000    2.54658    0.06073    1.63836    0.08897
    439.68000    2.34558    0.06343    1.81285    0.06711
    442.92000    2.29305    0.07128    1.59166    0.04201
    446.70000    2.37696    0.03963    1.60391    0.03820
    448.62000    2.39580    0.04301    1.57043    0.07649
    450.66000    2.33770    0.06599    1.47812    0.06056
    452.22000    2.40786    0.04548    1.56332    0.06614
    456.06000    2.44439    0.04516    1.67353    0.03494
    456.61000    2.40317    0.06323    1.55237    0.05778
    459.90000    2.31073    0.04237    1.51101    0.05243
    463.35000    2.43905    0.07223    1.62683    0.07252
    468.69000    2.37077    0.04795    1.61076    0.07465
    469.62000    2.24866    0.05229    1.38769    0.07680
    473.06000    2.35355    0.04765    1.49972    0.06648
    476.10000    2.33995    0.05282    1.47700    0.06209
    479.74000    2.30012    0.07386    1.53153    0.04895
    481.56000    2.29930    0.04841    1.45252    0.04430
    483.69000    2.14516    0.03391    1.51933    0.07728
    486.45000    2.16538    0.04117    1.52862    0.04763
    490.84000    2.03834    0.06366    1.52093    0.05689
    492.95000    2.08207    0.05462    1.42554    0.04132
    494.28000    2.15986    0.04333    1.37909    0.04471
    498.64000    2.14310    0.05929    1.40296    0.02718
    500.31000    2.21035    0.04030    1.37849    0.04023
    502.65000    2.18417    0.03102    1.48050    0.05967
    505.70000    2.23341    0.06662    1.41032    0.05326
    509.61000    2.14683    0.05812    1.34795    0.05748
    513.05000    2.23843    0.04575    1.41178    0.02423
    517.44000    2.33089    0.05660    1.49858    0.04170
    521.87000    2.30921    0.04348    1.52089    0.03795
    524.63000    2.35196    0.07449    1.53920    0.02484
    526.99000    2.39505    0.06525    1.41797    0.07261
    527.72000    2.35805    0.03210    1.47684    0.06076
    533.36000    2.28887    0.06182    1.53583    0.03357
    534.71000    2.36437    0.04418    1.58897    0.04279
    537.16000    2.35587    0.05751    1.50949    0.04763
    540.89000    2.37690    0.03752    1.54453    0.04858
    543.57000    2.37979    0.06502    1.54872    0.06619
    547.60000    2.30218    0.04640    1.50008    0.02590
    550.33000    2.42413    0.03682    1.52034    0.03104
    554.21000    2.30778    0.05936    1.59288    0.06307
    556.52000    2.39783    0.04843    1.54244    0.02861
    561.40000    2.35910    0.09747    1.58576    0.03954
    564.36000    2.36000    0.02191    1.46488    0.06230
    568.70000    2.30111    0.06154    1.56842    0.09731
    571.00000    2.40086    0.05774    1.35520    0.05716
    574.44000    2.30884    0.05786    1.51540    0.03436
    578.47000    2.40096    0.07855    1.46152    0.05343
    581.59000    2.20647    0.05514    1.41538    0.08041
    584.49000    2.22386    0.04076    1.55967    0.03963
    586.39000    2.26232    0.05073    1.47520    0.05742
    589.03000    2.22912    0.01961    1.48333    0.04814
    589.67000    2.18893    0.04254    1.50566    0.01868
    591.57000    2.25418    0.05275    1.60476    0.05212
    594.10000    2.26379    0.03725    1.53847    0.05582
    595.42000    2.29405    0.07310    1.49313    0.07112
    598.83000    2.22870    0.06770    1.43981    0.05769
    603.58000    2.30775    0.04866    1.44915    0.06425
    731.77000    2.39621    0.05734    1.44804    0.02753
    735.03000    2.26894    0.03368    1.48770    0.03327
    737.77000    2.20077    0.04620    1.53516    0.06107
    739.12000    2.25391    0.02268    1.54575    0.05721
    742.09000    2.18578    0.05871    1.50551    0.05762
    745.18000    2.25369    0.05626    1.47488    0.03260
    748.80000    2.22765    0.06534    1.45273    0.04787
    749.97000    2.00597    0.06936    1.49766    0.06425
    752.77000    2.14076    0.03391    1.42362    0.06261
    755.38000    2.12522    0.03580    1.42607    0.07218
    758.88000    2.19516    0.04368    1.42182    0.04651
    762.12000    2.22130    0.04170    1.38764    0.06152
    765.58000    2.28636    0.04088    1.44385    0.04160
    769.11000    2.20800    0.04610    1.47003    0.03176
    772.33000    2.25025    0.05941    1.44291    0.00718
    776.75000    2.29811    0.05065    1.43367    0.03359
    779.38000    2.28333    0.04593    1.42814    0.04896
    783.35000    2.36042    0.06169    1.42788    0.04723
    785.16000    2.36321    0.04323    1.49997    0.04154
    786.37000    2.17732    0.06272    1.45039    0.04674
    789.81000    2.30047    0.06532    1.52143    0.02298
    794.60000    2.30954    0.04241    1.47488    0.03789
    798.63000    2.30043    0.06853    1.51046    0.03187
    803.07000    2.32789    0.02997    1.55435    0.06121
    804.06000    2.38970    0.07388    1.58356    0.06169
    806.72000    2.26682    0.05158    1.54304    0.03971
    810.00000    2.40899    0.06466    1.41199    0.03687
    812.62000    2.32824    0.05322    1.50255    0.04603
    815.83000    2.29332    0.05514    1.55590    0.04096
    817.22000    2.25096    0.06680    1.42239    0.03657
    820.20000    2.28661    0.03365    1.46837    0.07061
    825.32000    2.39375    0.04434    1.60067    0.05178
    827.74000    2.36142    0.03333    1.66214    0.08962
    830.84000    2.43852    0.02951    1.51371    0.04676
    833.47000    2.38333    0.03670    1.54676    0.04078
    837.06000    2.45108    0.03977    1.54803    0.00100
    839.90000    2.31687    0.05850    1.48054    0.06116
    842.08000    2.45781    0.03796    1.48749    0.05905
    845.65000    2.38385    0.09358    1.57052    0.02713
    849.00000    2.27007    0.04251    1.50665    0.07414
    853.83000    2.34079    0.04212    1.52624    0.02680
    858.44000    2.25221    0.03601    1.47280    0.04916
    861.49000    2.29160    0.02841    1.49241    0.06819
    866.06000    2.14716    0.06187    1.58664    0.06079
    868.84000    2.25103    0.06522    1.55169    0.07503
    871.78000    2.33151    0.05138    1.46917    0.04436
    875.10000    2.41449    0.07739    1.53672    0.05211
    877.45000    2.36804    0.04798    1.46851    0.04048
    881.12000    2.48395    0.04537    1.48144    0.01290
    883.73000    2.39410    0.07221    1.58069    0.07248
    887.15000    2.41343    0.08175    1.41874    0.05643
    891.72000    2.30286    0.04418    1.52125    0.02759
    892.40000    2.33644    0.06878    1.52685    0.04224
    895.83000    2.30324    0.06209    1.49619    0.06879
    899.03000    2.37623    0.04833    1.56228    0.04924
    903.29000    2.33455    0.03688    1.49855    0.03391
    906.53000    2.41873    0.05248    1.46530    0.04781
    909.36000    2.31659    0.02009    1.50245    0.05485
    911.82000    2.39264    0.03335    1.47639    0.05526
    914.19000    2.45241    0.05362    1.49204    0.05011
    915.70000    2.35584    0.02808    1.49684    0.01721
    919.09000    2.44106    0.09128    1.58345    0.06787
    920.78000    2.46641    0.02921    1.51704    0.05262
    924.17000    2.31721    0.07335    1.45743    0.06489
    927.74000    2.29381    0.05294    1.51373    0.05451
    929.90000    2.24362    0.03882    1.57424    0.01508
    932.92000    2.38625    0.06696    1.54519    0.07218
    935.84000    2.38267    0.07371    1.53527    0.03675
    939.29000    2.33344    0.05219    1.48763    0.04642
    942.58000    2.15321    0.07994    1.51290    0.07611
    946.21000    2.16574    0.05411    1.52948    0.02072
    949.64000    2.28911    0.05338    1.49467    0.06001
    950.43000    2.26116    0.05083    1.53156    0.02673
    952.49000    2.31853    0.06388    1.62926    0.04808
    954.31000    2.30345    0.03509    1.41196    0.05418
    956.28000    2.27070    0.06053    1.44660    0.04565
    959.61000    2.23908    0.05579    1.52755    0.04981
    963.51000    2.16651    0.07297    1.48318    0.08279
    965.89000    2.27037    0.06695    1.44724    0.04759
    969.33000    2.29019    0.03721    1.46902    0.04135
   1095.33000    2.53381    0.07262    1.50647    0.07788
   1099.24000    2.38726    0.07781    1.68835    0.09220
   1103.18000    2.47322    0.04954    1.50016    0.06322
   1108.12000    2.63523    0.08388    1.59823    0.08573
   1111.67000    2.32815    0.06823    1.63114    0.06861
   1115.25000    2.46218    0.04897    1.59012    0.03087
   1117.74000    2.45201    0.05328    1.67006    0.06716
   1120.00000    2.36735    0.04530    1.54252    0.04784
   1122.38000    2.39809    0.04501    1.61802    0.04707
   1125.85000    2.36981    0.02041    1.59028    0.03029
   1127.43000    2.39081    0.07306    1.54499    0.04389
   1129.70000    2.28208    0.06803    1.53784    0.05513
   1132.87000    2.25019    0.05780    1.43518    0.05484
   1135.38000    2.36946    0.04196    1.43688    0.07050
   1138.70000    2.51332    0.04052    1.46723    0.05370
   1142.63000    2.41872    0.05651    1.46886    0.05086
   1146.24000    2.50828    0.07103    1.52068    0.02881
   1148.84000    2.45577    0.06292    1.64976    0.04445
   1153.09000    2.42082    0.03682    1.58227    0.04036
   1156.40000    2.45645    0.05219    1.67713    0.03789
   1159.25000    2.40752    0.04537    1.42235    0.07454
   1162.46000    2.41824    0.03070    1.54453    0.04510
   1165.73000    2.35891    0.04591    1.50215    0.05911
   1167.55000    2.49296    0.04019    1.57661    0.03636
   1169.83000    2.38874    0.03726    1.62820    0.03822
   1172.13000    2.39407    0.04852    1.50048    0.05581
   1175.53000    2.38788    0.06389    1.53670    0.07114
   1178.67000    2.41079    0.04783    1.47592    0.05982
   1180.51000    2.38037    0.04984    1.54109    0.05776
   1185.72000    2.49544    0.04848    1.53381    0.02886
   1191.04000    2.52585    0.06187    1.65469    0.05692
   1192.85000    2.42266    0.06707    1.62922    0.06323
   1198.04000    2.50396    0.06613    1.61393    0.05651
   1202.35000    2.59605    0.05608    1.57800    0.04303
   1206.25000    2.61792    0.07424    1.64172    0.05708
   1207.65000    2.62353    0.05170    1.67804    0.06444
   1210.79000    2.68971    0.04268    1.71158    0.04927
   1213.92000    2.65003    0.05385    1.66981    0.04873
   1216.46000    2.54627    0.05540    1.65455    0.06186
   1219.19000    2.66665    0.07414    1.72473    0.05946
   1222.41000    2.60709    0.02296    1.68317    0.06077
   1224.77000    2.68743    0.05415    1.68684    0.03297
   1227.90000    2.53444    0.07093    1.67436    0.06201
   1230.88000    2.54477    0.06481    1.63900    0.05838
   1234.51000    2.45665    0.03978    1.76983    0.07799
   1238.20000    2.59836    0.04215    1.76546    0.06492
   1242.64000    2.62633    0.05121    1.59687    0.01796
   1246.91000    2.69456    0.02990    1.72321    0.06153
   1249.88000    2.58396    0.05043    1.74266    0.06104
   1250.45000    2.68071    0.03131    1.60557    0.06458
   1253.92000    2.71001    0.05479    1.72776    0.01960
   1254.74000    2.60675    0.06781    1.76108    0.04912
   1258.70000    2.65082    0.04685    1.71687    0.02605
   1262.19000    2.73328    0.02784    1.67897    0.04856
   1264.47000    2.67670    0.06067    1.77491    0.07632
   1268.26000    2.58455    0.06341    1.75275    0.02751
   1269.22000    2.74646    0.08513    1.73301    0.06639
   1272.68000    2.72765    0.05420    1.77409    0.03741
   1276.91000    2.82190    0.06670    1.70046    0.08054
   1279.33000    2.63225    0.04364    1.69897    0.05498
   1282.11000    2.74782    0.04486    1.74251    0.04557
   1284.30000    2.71202    0.05594    1.76285    0.05696
   1287.39000    2.66038    0.06268    1.70946    0.05670
   1291.41000    2.80486    0.07117    1.80119    0.05575
   1293.31000    2.84234    0.03317    1.80552    0.04970
   1297.55000    2.73777    0.05905    1.81791    0.05928
   1300.22000    2.80536    0.05150    1.75783    0.03523
   1304.19000    2.81783    0.06628    1.86093    0.02870
   1307.07000    2.89849    0.03581    1.76323    0.06988
   1311.37000    2.76748    0.06041    1.91472    0.03359
   1314.36000    2.74269    0.05114    1.80310    0.02896
   1317.95000    2.80217    0.05378    1.89982    0.05742
   1319.98000    2.84171    0.07379    1.88088    0.05066
   1322.79000    2.68611    0.06755    1.79630    0.05162
   1326.31000    2.65135    0.04485    1.76817    0.05979
   1329.35000    2.54683    0.07663    1.76642    0.05740
   1332.03000    2.62656    0.00923    1.77806    0.04955
   1461.15000    2.90278    0.04885    1.86679    0.03658
   1465.32000    2.87251    0.08199    1.89781    0.03381
   1470.02000    2.90741    0.05191    1.87114    0.02923
   1473.13000    2.84157    0.04720    1.83259    0.04945
   1477.80000    2.79148    0.08002    1.89124    0.04697
   1481.46000    2.61733    0.03891    1.83459    0.05622
   1483.83000    2.58668    0.07327    1.76532    0.03779
   1486.54000    2.57800    0.02942    1.74722    0.02700
   1490.62000    2.53967    0.07704    1.79288    0.05604
   1493.90000    2.50428    0.04443    1.68141    0.03929
   1498.45000    2.50429    0.05900    1.57398    0.03597
   1502.88000    2.59072    0.04649    1.59226    0.04369
   1505.46000    2.46856    0.07386    1.61734    0.07356
   1508.74000    2.43936    0.05624    1.55933    0.06675
   1511.75000    2.44012    0.01763    1.65783    0.02991
   1516.07000    2.40334    0.07108    1.65557    0.02284
   1520.33000    2.37474    0.06503    1.54069    0.04849
   1523.95000    2.45105    0.03019    1.54210    0.03491
   1525.85000    2.44112    0.06829    1.53873    0.05662
   1529.69000    2.30604    0.06921    1.52924    0.05211
   1531.32000    2.42232    0.04808    1.46202    0.06123
   1533.23000    2.44321    0.05915    1.51712    0.05192
   1536.17000    2.54212    0.03575    1.57196    0.05173
   1538.83000    2.45169    0.05535    1.57525    0.04801
   1542.86000    2.41691    0.05771    1.61407    0.08174
   1546.26000    2.44852    0.06024    1.49002    0.04864
   1547.02000    2.45204    0.05433    1.62991    0.04682
   1549.36000    2.39340    0.05758    1.59834    0.04779
   1552.94000    2.34367    0.04894    1.55644    0.04904
   1554.69000    2.32679    0.05137    1.56550    0.05445
   1556.94000    2.30186    0.05033    1.64193    0.07680
   1559.25000    2.30766    0.05274    1.53454    0.05921
   1562.49000    2.40767    0.03835    1.47625    0.03783
   1566.28000    2.31599    0.04292    1.58737    0.05640
   1569.47000    2.54375    0.09318    1.52120    0.03315
   1570.64000    2.34676    0.05368    1.52644    0.01621
   1574.34000    2.40253    0.04252    1.60249    0.07322
   1577.17000    2.27778    0.05611    1.54578    0.05269
   1580.41000    2.33103    0.07581    1.58391    0.04495
   1584.20000    2.24708    0.07556    1.56626    0.04824
   1587.16000    2.29114    0.06011    1.53671    0.06171
   1591.81000    2.27715    0.08320    1.50935    0.04580
   1594.65000    2.30373    0.10459    1.56855    0.06142
   1597.02000    2.25083    0.03403    1.48870    0.05668
   1599.46000    2.34465    0.05926    1.44705    0.03077
   1601.05000    2.26493    0.05463    1.44063    0.01059
   1605.42000    2.32864    0.08437    1.35358    0.08720
   1608.50000    2.35051    0.05908    1.46500    0.05477
   1610.67000    2.31880    0.05058    1.54865    0.06903
   1615.38000    2.32716    0.04933    1.45014    0.05673
   1618.72000    2.33110    0.04678    1.52813    0.03195
   1621.16000    2.32449    0.04700    1.47951    0.04641
   1624.95000    2.34435    0.05725    1.59228    0.06042
   1628.56000    2.21346    0.05134    1.53415    0.06693
   1632.18000    2.15543    0.03791    1.64121    0.05834
   1634.83000    2.27856    0.04276    1.40831    0.05650
   1639.03000    2.16008    0.04892    1.47707    0.04479
   1641.29000    2.05787    0.06917    1.36308    0.03805
   1644.49000    2.05727    0.06845    1.37630    0.09583
   1648.89000    2.16736    0.06245    1.44593    0.03773
   1651.78000    2.00100    0.06264    1.35024    0.05283
   1654.82000    2.17039    0.05334    1.40621    0.04065
   1656.90000    2.10047    0.06786    1.42653    0.09392
   1661.43000    2.10515    0.06917    1.39319    0.05742
   1666.57000    2.23711    0.03232    1.32806    0.04611
   1668.50000    2.25096    0.05457    1.35622    0.04984
   1672.49000    2.14252    0.07261    1.53233    0.05254
   1675.50000    2.33185    0.06069    1.46051    0.07956
   1677.80000    2.33250    0.04145    1.46820    0.06272
   1680.75000    2.25587    0.07817    1.40789    0.05927
   1685.08000    2.34683    0.04209    1.50343    0.04781
   1688.53000    2.40100    0.07269    1.53867    0.06458
   1692.11000    2.34968    0.06008    1.44532    0.05502
   1696.09000    2.29182    0.03826    1.56367    0.05515
   1699.11000    2.37473    0.03361    1.51074    0.06483
