## Time Delay Challenge light curves
##
## [time]=days, [lc]=[err]=flux in nanomaggies
##
##       time       lc_A      err_A       lc_B      err_B
##-------------------------------------------------------
      1.28000    7.57802    0.05071    2.89007    0.05761
      6.64000    7.48460    0.05341    2.94881    0.03784
      9.40000    7.43112    0.08045    2.88127    0.02454
      9.62000    7.59911    0.06570    2.87714    0.03887
     12.15000    7.57096    0.04409    2.84815    0.07022
     15.10000    7.57011    0.08557    2.84737    0.05117
     20.18000    7.59694    0.03966    2.73545    0.05019
     24.26000    7.56051    0.05229    2.69487    0.06630
     27.14000    7.43753    0.05364    2.83184    0.06083
     31.17000    7.53763    0.05862    2.70726    0.03234
     33.00000    7.44491    0.05545    2.80369    0.02058
     34.12000    7.46160    0.06159    2.76504    0.03007
     36.98000    7.59099    0.03761    2.77593    0.05766
     37.64000    7.57098    0.03557    2.78551    0.05686
     40.32000    7.60457    0.01659    2.78292    0.04160
     43.31000    7.57595    0.04816    2.84927    0.03967
     45.47000    7.43124    0.05372    2.92766    0.04753
     47.25000    7.64447    0.05576    2.90395    0.06645
     51.13000    7.52307    0.08137    2.71599    0.04909
     54.64000    7.73402    0.04846    2.75714    0.02951
     58.45000    7.80769    0.05663    2.90611    0.04720
     61.23000    7.81926    0.04978    2.93084    0.05922
     65.56000    7.84744    0.05712    2.96030    0.02435
     69.18000    7.79036    0.02845    2.95123    0.03647
     73.39000    7.84447    0.03933    2.96431    0.07373
     76.50000    8.09773    0.03367    2.82555    0.05636
     79.33000    7.94650    0.02951    3.03010    0.06116
     82.03000    7.87422    0.05235    3.03560    0.04879
     85.04000    7.86569    0.05572    3.16166    0.03377
     87.87000    7.73887    0.04086    3.08711    0.04492
     91.09000    7.68948    0.05313    3.18899    0.07538
     94.67000    7.81415    0.06471    2.97126    0.05405
     98.64000    7.79493    0.04622    2.99508    0.05447
    101.23000    7.91215    0.04484    3.07733    0.07327
    102.54000    7.76195    0.04766    3.08765    0.03536
    107.22000    7.67141    0.01925    3.07195    0.07123
    109.92000    7.93459    0.08237    3.14069    0.05547
    114.35000    7.77177    0.05800    3.00326    0.05312
    118.83000    7.95757    0.05334    2.96615    0.06934
    121.79000    7.82250    0.05509    3.12880    0.06416
    125.23000    7.64154    0.05321    3.06556    0.00771
    128.70000    7.71715    0.05546    3.06882    0.06336
    132.48000    7.82661    0.05027    3.01558    0.07171
    135.26000    7.91007    0.03430    2.97946    0.05197
    139.38000    7.84447    0.07536    3.07258    0.04757
    141.26000    7.79753    0.05491    3.03676    0.06303
    144.98000    7.59906    0.04669    3.33002    0.05271
    148.55000    7.78121    0.06599    3.19341    0.02154
    151.37000    7.55406    0.04554    3.12189    0.05916
    155.84000    7.54096    0.07507    3.14281    0.05380
    159.57000    7.84954    0.05149    3.15624    0.03810
    159.87000    7.82478    0.01595    3.29438    0.06918
    164.48000    8.05612    0.06346    3.23154    0.05424
    168.74000    7.99968    0.05506    3.17605    0.06001
    172.27000    8.28312    0.03972    3.15888    0.03529
    176.48000    8.31466    0.04795    3.10428    0.07823
    180.84000    8.28613    0.03205    3.15587    0.05241
    184.57000    8.24890    0.06040    3.12132    0.06703
    185.94000    8.31331    0.04786    3.24881    0.01477
    186.63000    8.23760    0.04957    3.21131    0.06443
    188.87000    8.30549    0.05707    3.31394    0.07331
    193.71000    8.11405    0.03141    3.18107    0.04869
    195.44000    8.13773    0.07551    3.12854    0.03052
    197.50000    8.27702    0.05645    3.08992    0.05303
    201.03000    8.27185    0.05803    3.19659    0.06129
    206.07000    8.35776    0.05367    3.15802    0.05668
    208.35000    8.41727    0.01291    3.25477    0.06701
    211.93000    8.50978    0.02505    3.02965    0.07660
    214.33000    8.48406    0.04396    3.07772    0.06953
    219.04000    8.12833    0.04516    3.25118    0.04073
    220.32000    8.17107    0.06477    3.28098    0.04691
    224.42000    8.19395    0.06015    3.15891    0.03597
    228.51000    8.00944    0.06901    3.26880    0.06359
    230.71000    8.14932    0.06593    3.10867    0.05128
    235.17000    8.23399    0.06648    3.24198    0.05386
    238.64000    8.33187    0.06150    3.11039    0.04310
    366.20000    8.97093    0.06992    3.62301    0.07111
    368.01000    9.39980    0.07701    3.52005    0.04023
    370.01000    9.24034    0.04931    3.47099    0.03429
    371.04000    9.29105    0.06439    3.45340    0.08151
    374.54000    9.45006    0.07034    3.45333    0.05153
    377.10000    9.44047    0.06635    3.47738    0.07804
    379.48000    9.32192    0.07019    3.45222    0.03173
    381.39000    9.47392    0.05824    3.42888    0.05453
    383.86000    9.49927    0.05214    3.48011    0.02399
    386.49000    9.81047    0.06096    3.45338    0.04526
    388.04000    9.90301    0.06872    3.55481    0.05019
    390.93000   10.13850    0.02501    3.49167    0.04158
    394.74000   10.09463    0.06472    3.37271    0.03116
    396.46000   10.30351    0.06664    3.58950    0.06552
    400.22000    9.93076    0.04334    3.47093    0.07953
    401.60000    9.90679    0.06838    3.45642    0.06004
    405.02000   10.31546    0.02701    3.54219    0.05310
    407.88000   10.40070    0.06456    3.50231    0.03174
    410.65000   10.35925    0.05506    3.63946    0.03354
    413.42000   10.59431    0.05757    3.56095    0.03494
    417.78000   10.98981    0.06371    3.50054    0.06556
    421.52000   11.14651    0.03535    3.60620    0.05055
    422.64000   11.08925    0.06110    3.66288    0.06716
    425.16000   10.94330    0.09034    3.56597    0.03241
    429.56000   10.72375    0.07400    3.60302    0.03643
    432.23000   10.66015    0.05991    3.51039    0.05917
    435.26000   10.58648    0.05182    3.49128    0.05487
    439.56000   10.57656    0.03798    3.63110    0.06659
    442.49000   10.58660    0.02977    3.58681    0.05743
    444.96000   10.48774    0.03852    3.69717    0.06225
    448.95000   10.54773    0.04613    3.61640    0.04061
    452.36000   10.52128    0.05274    3.74473    0.03405
    456.82000   10.03925    0.06165    3.79479    0.03371
    460.69000   10.44844    0.04999    3.83459    0.06401
    464.85000   10.67342    0.03408    3.84735    0.04858
    466.88000   10.37244    0.06429    3.91919    0.08892
    470.39000   10.39638    0.05435    3.94261    0.07166
    473.86000   10.39355    0.04559    4.09867    0.03297
    477.17000   10.22530    0.06322    4.09015    0.04493
    480.49000   10.23115    0.03297    4.16845    0.04375
    480.87000   10.08982    0.07319    4.10861    0.02589
    484.04000    9.84036    0.03924    4.11231    0.02932
    486.61000    9.83911    0.01499    4.03702    0.04063
    489.70000    9.89225    0.04877    4.11180    0.04763
    494.30000    9.69986    0.05289    4.28337    0.05195
    496.65000    9.77216    0.04573    4.13414    0.08222
    499.12000   10.04209    0.05992    4.32180    0.04922
    502.25000   10.08567    0.06137    4.42133    0.07863
    506.19000    9.83307    0.01822    4.49629    0.03924
    509.50000    9.90886    0.04023    4.51674    0.02827
    512.76000    9.99942    0.05497    4.45899    0.05536
    515.48000    9.90886    0.04532    4.44228    0.05065
    518.23000    9.92521    0.04307    4.30982    0.02269
    519.28000    9.80622    0.05925    4.32042    0.05248
    521.62000    9.78470    0.05896    4.26923    0.06417
    524.77000    9.87922    0.06892    4.35786    0.07122
    528.43000    9.96648    0.08016    4.50749    0.07952
    531.62000   10.09085    0.02734    4.14859    0.05750
    532.89000   10.18874    0.04623    4.31711    0.04416
    537.20000   10.26179    0.04141    4.35826    0.05881
    540.56000   10.31580    0.05665    4.29312    0.03630
    542.42000   10.39071    0.05046    4.08952    0.02907
    546.20000   10.22871    0.07863    4.11106    0.05686
    546.90000   10.26642    0.06195    4.24911    0.04123
    549.79000   10.18054    0.03965    4.27538    0.07353
    553.64000   10.44583    0.06556    4.22233    0.04943
    554.80000   10.43109    0.04503    4.18206    0.03840
    558.11000   10.48733    0.05676    4.13202    0.04880
    560.66000   10.43930    0.03344    4.16343    0.01626
    564.18000   10.25020    0.06670    4.12292    0.05596
    566.58000   10.26170    0.07688    4.11984    0.03197
    570.55000    9.88705    0.03738    4.02490    0.05568
    572.87000    9.86434    0.01933    4.02646    0.03798
    575.06000    9.51699    0.02191    3.98821    0.03649
    577.63000    9.28290    0.05757    3.87388    0.06991
    581.24000    9.52724    0.04752    3.86508    0.03866
    585.65000    9.59263    0.09449    4.13946    0.04070
    589.89000    9.34502    0.03098    4.04222    0.03150
    594.48000    9.35890    0.04730    4.01368    0.06417
    595.48000    9.47424    0.06067    3.93009    0.06689
    598.50000    9.33941    0.05644    4.02513    0.02936
    601.02000    9.50033    0.06658    3.97349    0.04867
    731.99000   10.04470    0.05652    4.00420    0.08500
    735.95000   10.16581    0.06735    3.90597    0.06656
    738.71000   10.30490    0.00286    3.97854    0.05115
    743.19000   10.36083    0.06019    4.05618    0.07948
    747.31000   10.08232    0.05238    3.93950    0.05790
    750.49000   10.34977    0.06977    3.95166    0.05381
    754.08000   10.40301    0.01743    3.90574    0.04436
    757.70000   10.46986    0.04516    3.94052    0.05399
    761.44000   10.21091    0.04853    3.97011    0.06072
    764.92000    9.72957    0.06050    4.00242    0.07572
    769.03000    9.62316    0.03701    3.88916    0.04320
    772.29000    9.83319    0.04009    3.90668    0.04181
    775.44000    9.52037    0.03830    3.95348    0.04205
    779.25000    9.75643    0.06493    3.84652    0.05779
    780.57000    9.66457    0.06275    3.71322    0.05935
    782.91000    9.73785    0.05889    3.69813    0.01558
    784.29000    9.78481    0.06353    3.65057    0.06118
    788.25000   10.26495    0.05624    3.70930    0.08971
    792.56000   10.11424    0.03691    3.70669    0.05899
    795.52000   10.36095    0.06708    3.82677    0.05518
    797.77000   10.52476    0.05916    3.64904    0.03798
    800.34000   10.49181    0.03083    3.57632    0.06838
    802.06000   10.57254    0.06694    3.60655    0.07229
    804.65000   10.47760    0.04513    3.57751    0.08341
    807.37000   10.49658    0.05421    3.64224    0.04381
    810.42000   10.40925    0.02970    3.56654    0.09040
    813.24000   10.41091    0.04848    3.70406    0.05904
    817.47000   10.41511    0.06032    3.82050    0.05613
    818.07000   10.32584    0.05214    3.85823    0.01998
    819.88000   10.25753    0.06351    3.80862    0.07854
    823.43000   10.30308    0.04704    3.96550    0.04844
    826.71000   10.37152    0.03114    3.84307    0.07035
    829.96000   10.69153    0.09241    3.96278    0.03979
    831.94000   10.50400    0.06392    3.83938    0.03939
    835.64000   10.75278    0.05350    3.89976    0.04358
    838.72000   10.68543    0.06321    4.00834    0.03538
    842.27000   10.60086    0.06123    4.06662    0.02509
    845.88000   10.60497    0.02835    3.90748    0.06676
    848.53000   10.67467    0.04575    3.81271    0.04728
    850.54000   10.75090    0.02262    3.80010    0.06477
    853.50000   10.61344    0.07647    3.61518    0.07312
    858.04000   10.75164    0.02443    3.72245    0.06675
    860.13000   10.53465    0.04600    3.69718    0.02356
    861.89000   10.50376    0.03796    3.66144    0.06466
    865.90000   10.29126    0.05956    3.71904    0.06114
    870.10000   10.22949    0.05927    3.72326    0.03682
    872.17000    9.94964    0.05394    3.71208    0.05731
    874.15000   10.04626    0.06472    3.82891    0.05897
    877.48000   10.00092    0.06238    3.87101    0.06534
    880.52000    9.79167    0.02614    3.80141    0.04405
    882.17000    9.86334    0.05737    3.92198    0.04486
    885.71000   10.09075    0.04260    3.96800    0.04211
    888.75000    9.83849    0.08221    4.00114    0.05990
    891.67000    9.97640    0.05166    3.91929    0.05942
    896.62000    9.86479    0.04298    3.84959    0.05467
    898.55000    9.89356    0.08917    3.91434    0.05008
    901.18000    9.98977    0.04815    3.87125    0.05166
    904.86000    9.97461    0.04145    3.86740    0.06193
    909.24000   10.30708    0.07836    3.85385    0.05680
    912.09000   10.11744    0.07131    3.83200    0.05334
    914.59000   10.04784    0.07347    3.91523    0.03660
    917.54000   10.21761    0.04159    3.87697    0.04638
    918.29000   10.31598    0.06988    3.89443    0.07746
    921.44000   10.24294    0.02770    3.99377    0.06961
    924.28000   10.20291    0.05493    4.01223    0.06214
    927.55000    9.93440    0.07892    3.95608    0.02819
    929.98000    9.98213    0.04513    3.89006    0.06290
    932.47000    9.78974    0.04729    3.94395    0.02896
    933.87000    9.76966    0.04320    3.86695    0.05206
    936.79000    9.62941    0.05658    3.94832    0.03403
    939.95000    9.50713    0.07010    3.96953    0.03957
    942.24000    9.70280    0.03131    4.03006    0.07000
    946.36000    9.64043    0.05673    3.98958    0.05430
    950.70000    9.53138    0.05303    3.75704    0.04885
    952.91000    9.40679    0.04006    3.78351    0.04709
    955.96000    9.35718    0.04579    3.71103    0.05235
    960.48000    8.86689    0.05694    3.66552    0.07311
    961.66000    8.94826    0.06192    3.71302    0.05924
    964.61000    8.96971    0.05496    3.52075    0.05838
    967.04000    9.14495    0.03246    3.56903    0.05969
   1095.08000    7.84209    0.05363    3.15793    0.05637
   1098.75000    7.81950    0.04943    2.97982    0.04076
   1101.33000    7.76021    0.04630    2.97868    0.04169
   1105.07000    7.90657    0.07879    2.96435    0.07679
   1107.48000    7.94338    0.04469    2.76225    0.03875
   1111.77000    8.33905    0.06435    2.86865    0.08348
   1115.62000    8.36047    0.04947    2.82364    0.03812
   1116.97000    8.74877    0.07964    2.85223    0.06603
   1120.03000    8.29628    0.05811    2.81597    0.08362
   1122.48000    8.17004    0.05753    2.76213    0.03825
   1126.77000    8.13902    0.06693    2.67258    0.08672
   1131.13000    8.22013    0.04236    2.66274    0.04284
   1135.49000    8.10623    0.06030    2.58532    0.05652
   1138.39000    8.27358    0.06380    2.62060    0.04809
   1142.27000    8.26796    0.04872    2.72648    0.06387
   1145.42000    8.26947    0.06765    2.69700    0.04939
   1147.82000    8.28978    0.03644    2.61326    0.05050
   1151.17000    8.35604    0.06738    2.59565    0.06651
   1155.49000    8.28931    0.04218    2.51685    0.04862
   1158.62000    8.34098    0.04333    2.40630    0.07988
   1161.41000    8.31119    0.06457    2.53862    0.04016
   1164.13000    8.13629    0.06133    2.59633    0.01767
   1166.98000    8.14806    0.04938    2.56620    0.04423
   1170.04000    8.26968    0.03913    2.44083    0.06376
   1171.58000    8.29206    0.05300    2.61065    0.04853
   1174.72000    8.38500    0.03287    2.59020    0.04948
   1177.58000    8.44875    0.06497    2.59129    0.03276
   1180.32000    8.35237    0.08411    2.55833    0.04321
   1183.37000    8.36402    0.05195    2.55674    0.05239
   1185.55000    8.54138    0.08964    2.55167    0.04728
   1188.20000    8.40594    0.02262    2.47205    0.03981
   1191.12000    8.48711    0.07842    2.50173    0.05824
   1192.93000    8.58297    0.05070    2.44071    0.08734
   1195.32000    8.99584    0.06856    2.67580    0.05326
   1200.23000    8.91997    0.07308    2.73158    0.06242
   1203.02000    8.75497    0.04704    2.83398    0.04533
   1204.68000    8.80202    0.04325    2.68594    0.03375
   1206.36000    8.74849    0.05169    2.60813    0.03544
   1209.24000    8.77839    0.05247    2.57940    0.04472
   1213.33000    8.69292    0.04697    2.56902    0.06602
   1217.45000    8.48214    0.04825    2.53316    0.05749
   1220.71000    8.43646    0.04626    2.67583    0.04560
   1224.33000    8.29265    0.06606    2.54278    0.03407
   1229.16000    8.02388    0.04010    2.50518    0.05782
   1231.96000    8.17694    0.09046    2.45318    0.05109
   1236.80000    8.18564    0.05208    2.50151    0.07415
   1240.05000    8.16818    0.06441    2.64421    0.07089
   1242.83000    8.05220    0.06438    2.49416    0.05002
   1243.92000    7.89045    0.04163    2.52406    0.06302
   1247.42000    7.78145    0.06788    2.52164    0.04514
   1249.45000    7.87938    0.06307    2.48685    0.07971
   1252.49000    8.12039    0.03957    2.43177    0.07303
   1255.29000    8.11518    0.03482    2.55822    0.05797
   1258.97000    8.24288    0.04741    2.60355    0.03957
   1261.98000    8.42125    0.05138    2.54798    0.04142
   1264.13000    8.55193    0.07861    2.59794    0.04601
   1266.48000    8.63840    0.03953    2.54654    0.01772
   1269.15000    8.46151    0.05188    2.50125    0.03004
   1271.64000    8.37913    0.08299    2.44494    0.06745
   1275.75000    8.31727    0.04486    2.50944    0.05530
   1278.39000    8.29886    0.04011    2.57570    0.02067
   1283.24000    8.52429    0.03475    2.56996    0.03830
   1285.28000    8.44577    0.06015    2.68201    0.03935
   1289.66000    8.77810    0.06641    2.63638    0.04737
   1291.18000    8.74487    0.05232    2.56674    0.05978
   1294.37000    8.84845    0.05346    2.57477    0.06013
   1297.09000    8.61286    0.07422    2.69722    0.05094
   1299.07000    8.58496    0.04179    2.60842    0.06818
   1301.52000    8.89606    0.05099    2.50090    0.04944
   1305.26000    8.80238    0.05977    2.52685    0.04859
   1308.04000    8.56868    0.04677    2.52522    0.05279
   1312.40000    8.82647    0.06364    2.36543    0.03360
   1315.28000    8.36933    0.07067    2.33805    0.07708
   1316.98000    8.57040    0.08938    2.39419    0.04576
   1319.86000    8.65679    0.04962    2.36542    0.03321
   1322.98000    8.83860    0.03468    2.36187    0.03951
   1326.34000    8.86353    0.02660    2.41996    0.05231
   1329.16000    8.72638    0.03197    2.25291    0.06324
   1332.97000    8.84240    0.06312    2.20924    0.06113
   1461.87000    9.92183    0.05161    2.14589    0.05649
   1464.30000    9.95139    0.06419    2.17627    0.05903
   1466.36000    9.93693    0.06810    2.15652    0.06924
   1469.54000   10.08953    0.07042    2.23826    0.05287
   1471.00000   10.17777    0.04920    2.39951    0.05340
   1471.77000   10.26157    0.04214    2.37219    0.04477
   1473.23000    9.90862    0.09843    2.32182    0.06294
   1474.02000   10.20270    0.04127    2.47694    0.04951
   1476.09000   10.39883    0.03910    2.43167    0.03052
   1478.87000   10.36707    0.03740    2.42604    0.05444
   1480.86000   10.44273    0.04776    2.41425    0.06208
   1484.97000   10.77153    0.04099    2.50126    0.04273
   1487.55000   10.98967    0.04535    2.46751    0.07739
   1491.83000   10.81614    0.05206    2.42881    0.05594
   1494.11000   10.95211    0.07969    2.32385    0.04591
   1497.59000   10.99963    0.05504    2.42122    0.03265
   1499.01000   10.85982    0.06167    2.43604    0.05457
   1503.18000   10.89480    0.04090    2.43655    0.04257
   1504.80000   11.02825    0.02451    2.43881    0.06221
   1507.03000   11.02208    0.04926    2.43543    0.06934
   1508.23000   11.08678    0.04560    2.35800    0.04610
   1511.66000   11.32586    0.03973    2.37667    0.04153
   1516.89000   11.55882    0.04863    2.48528    0.07316
   1517.82000   11.37039    0.05634    2.38251    0.08031
   1520.32000   11.40240    0.03178    2.46898    0.06301
   1521.15000   11.30375    0.04439    2.40673    0.06240
   1524.40000   11.40482    0.08166    2.47228    0.07384
   1528.63000   10.95845    0.06217    2.39900    0.02749
   1531.45000   11.03667    0.04881    2.37636    0.03567
   1534.01000   11.21872    0.04028    2.46423    0.07748
   1538.48000   11.34388    0.07262    2.27061    0.03557
   1541.59000   11.39412    0.06959    2.32626    0.06437
   1543.48000   11.65838    0.04591    2.31279    0.07397
   1545.00000   11.81092    0.06403    2.26097    0.04846
   1547.21000   11.70109    0.04679    2.42558    0.05453
   1549.57000   12.03407    0.04643    2.39941    0.05942
   1553.72000   12.05384    0.06918    2.35624    0.04153
   1554.89000   11.98758    0.07636    2.29851    0.07087
   1558.50000   11.60737    0.02902    2.37170    0.06390
   1560.77000   11.45483    0.01839    2.35473    0.05127
   1564.51000   11.53169    0.03927    2.47444    0.05970
   1567.89000   11.22938    0.03991    2.59189    0.06165
   1571.52000   10.87603    0.08106    2.50817    0.04550
   1573.62000   10.94523    0.06089    2.55777    0.03060
   1576.87000   10.54343    0.05382    2.49715    0.04181
   1578.18000   10.83593    0.04807    2.41281    0.05936
   1580.80000   10.89578    0.02063    2.42435    0.06757
   1584.68000   10.93418    0.05714    2.50301    0.04146
   1587.68000   11.15916    0.05956    2.43220    0.04617
   1590.58000   11.10308    0.07451    2.47310    0.07638
   1594.04000   11.44716    0.06753    2.47022    0.06314
   1597.88000   11.75183    0.04920    2.54591    0.04058
   1600.56000   11.54783    0.04426    2.55501    0.03697
   1604.03000   11.84434    0.06364    2.57869    0.05141
   1606.58000   11.74725    0.06752    2.57078    0.01929
   1608.45000   11.73855    0.06267    2.51667    0.03562
   1612.03000   11.76635    0.03479    2.52862    0.04691
   1613.20000   11.71031    0.03526    2.47448    0.08426
   1615.57000   11.72049    0.07579    2.40566    0.04334
   1617.91000   11.52861    0.06514    2.44581    0.02981
   1620.92000   11.67377    0.07385    2.51296    0.03726
   1623.78000   11.36776    0.05815    2.51225    0.02754
   1627.63000   11.45629    0.06475    2.48894    0.04905
   1629.50000   11.15369    0.07381    2.34849    0.07074
   1633.32000   11.04269    0.05625    2.62842    0.05976
   1638.85000   11.07414    0.03732    2.65389    0.03414
   1643.95000   10.61289    0.06748    2.54697    0.05189
   1647.89000   10.47966    0.04564    2.60174    0.06511
   1650.10000   10.52256    0.04522    2.56438    0.05853
   1653.90000   10.63369    0.05811    2.40430    0.05747
   1655.73000   10.64260    0.06990    2.47862    0.08102
   1658.83000   11.02848    0.07304    2.36462    0.04530
   1662.54000   10.72799    0.04874    2.35361    0.08916
   1664.15000   10.78614    0.06739    2.28242    0.05629
   1668.57000   10.62701    0.06600    2.28281    0.02957
   1672.03000   10.84970    0.06247    2.34433    0.02130
   1675.28000   10.55987    0.05106    2.35979    0.05244
   1677.17000   10.64984    0.03863    2.43583    0.05789
   1679.79000   10.60922    0.07961    2.28533    0.06139
   1683.02000   10.77478    0.04843    2.44385    0.06288
   1687.58000   10.43640    0.06216    2.40729    0.08234
   1691.00000   10.78922    0.06751    2.39023    0.06686
   1694.42000   10.61010    0.03666    2.28786    0.04236
   1698.04000   10.16265    0.08428    2.38472    0.04969
