## Time Delay Challenge light curves
##
## [time]=days, [lc]=[err]=flux in nanomaggies
##
##       time       lc_A      err_A       lc_B      err_B
##-------------------------------------------------------
      1.33000    4.53367    0.04433    0.80979    0.01670
      4.61000    4.51844    0.06936    0.93996    0.07834
      8.36000    4.06574    0.09967    0.76947    0.03830
     11.84000    4.17866    0.06759    0.77492    0.04460
     14.88000    4.12580    0.05549    0.72725    0.03525
     17.56000    4.11441    0.07462    0.80511    0.05041
     20.88000    3.80427    0.06605    0.79271    0.03072
     23.54000    4.02195    0.03622    0.87326    0.05599
     26.94000    4.04105    0.04700    0.81705    0.07089
     29.57000    4.02066    0.07788    0.84042    0.04388
     34.12000    3.88330    0.01853    0.77806    0.06171
     35.41000    4.05100    0.06053    0.86196    0.04399
     39.18000    3.89039    0.05531    0.81895    0.05127
     42.36000    4.04581    0.05718    0.88251    0.06352
     46.26000    4.09661    0.04995    0.79740    0.06157
     50.47000    4.21363    0.06598    0.81202    0.05674
     54.62000    4.33310    0.03912    0.82969    0.03251
     55.97000    4.21650    0.04363    0.74718    0.06113
     60.30000    4.16537    0.05148    0.73299    0.04237
     62.90000    4.27650    0.03435    0.74878    0.02967
     65.57000    4.40504    0.07563    0.78030    0.06874
     69.83000    4.32216    0.04789    0.66702    0.05881
     72.82000    4.16718    0.06880    0.80128    0.05820
     76.09000    4.25665    0.07295    0.73828    0.04944
     79.32000    4.02286    0.06405    0.84166    0.04628
     80.56000    3.98115    0.00745    0.94378    0.06748
     84.15000    4.07110    0.07107    0.86797    0.06094
     86.62000    3.96827    0.05886    0.81694    0.04675
     89.60000    4.09126    0.05691    0.66984    0.05741
     91.06000    4.28647    0.04958    0.79478    0.05679
     96.11000    4.10125    0.05051    0.81575    0.04273
     99.92000    4.18477    0.07719    0.75547    0.07778
    102.98000    4.35424    0.05179    0.66305    0.07430
    105.96000    4.20866    0.04600    0.80775    0.04938
    109.56000    4.19990    0.03209    0.73486    0.07207
    111.96000    4.45391    0.05406    0.82423    0.05078
    115.93000    4.36676    0.06338    0.70619    0.02256
    117.93000    4.25359    0.04798    0.84622    0.03878
    122.58000    4.33354    0.04101    0.77427    0.06428
    126.89000    4.65536    0.04756    0.81276    0.05275
    130.59000    4.31696    0.06114    0.82915    0.03434
    134.58000    4.34752    0.06114    0.66748    0.09970
    137.09000    4.24095    0.04329    0.78331    0.04647
    138.57000    4.32788    0.06879    0.73350    0.08434
    140.30000    4.11537    0.03330    0.82983    0.04570
    143.52000    4.35457    0.04936    0.83526    0.08052
    146.32000    4.34771    0.05912    0.81399    0.04288
    148.69000    4.50993    0.06523    0.80304    0.05776
    152.05000    4.33308    0.04713    0.89129    0.04667
    154.71000    4.56890    0.06641    0.82278    0.07023
    156.89000    4.32073    0.00946    0.78382    0.05955
    160.91000    4.42331    0.07733    0.80686    0.04422
    164.82000    4.36534    0.04604    0.86754    0.08511
    167.64000    4.76829    0.09276    0.84789    0.06816
    170.58000    4.47358    0.09097    0.81389    0.05743
    174.10000    4.34451    0.06725    0.87284    0.04659
    178.23000    4.50499    0.05542    0.76916    0.04492
    180.80000    4.40744    0.06318    0.90633    0.05791
    184.35000    4.32499    0.03748    0.64663    0.07493
    186.80000    4.38054    0.03556    0.77964    0.06477
    189.56000    4.46101    0.03687    0.81931    0.02944
    194.26000    4.39767    0.04285    0.73071    0.04489
    199.07000    4.38303    0.10228    0.78478    0.07554
    201.86000    4.45703    0.03382    0.68425    0.06478
    204.05000    4.66537    0.04794    0.85635    0.06334
    206.44000    4.62676    0.06173    0.85135    0.06392
    208.86000    4.79437    0.04528    0.77470    0.06797
    211.97000    4.53708    0.05265    0.78365    0.05902
    214.67000    4.80129    0.06129    0.75023    0.05257
    216.78000    4.89227    0.01757    0.80365    0.05803
    221.37000    4.75665    0.06364    0.66988    0.10100
    223.96000    4.81059    0.05828    0.81031    0.07490
    227.05000    4.68402    0.02967    0.74561    0.06524
    229.51000    4.69725    0.02595    0.70777    0.04888
    232.90000    4.71080    0.04106    0.76347    0.02212
    236.77000    4.80207    0.06200    0.73348    0.05305
    239.75000    4.83074    0.04811    0.77887    0.05395
    366.06000    4.33481    0.07122    0.66280    0.05232
    368.80000    4.24309    0.07147    0.78314    0.03067
    371.82000    4.25672    0.04874    0.90586    0.03631
    375.29000    4.46918    0.08088    0.85012    0.03698
    377.74000    4.32304    0.06089    0.85695    0.02564
    381.75000    4.44847    0.05197    0.80440    0.07369
    384.19000    4.67146    0.05222    0.75821    0.04155
    387.41000    4.55489    0.03737    0.71572    0.04852
    387.58000    4.61384    0.05208    0.74026    0.02998
    391.00000    4.43067    0.04726    0.75641    0.05105
    394.42000    4.21616    0.04171    0.75729    0.04003
    397.22000    4.51604    0.05373    0.66104    0.06077
    399.08000    4.75043    0.05308    0.73543    0.07673
    401.34000    4.59208    0.05846    0.77803    0.06458
    405.14000    4.73233    0.06661    0.75605    0.07139
    408.93000    4.85415    0.03765    0.70748    0.04704
    410.99000    4.87101    0.04636    0.75917    0.03063
    413.09000    5.00833    0.06613    0.80105    0.02360
    416.07000    5.01990    0.02460    0.70535    0.05848
    418.33000    4.94579    0.07936    0.61783    0.05963
    420.71000    5.24968    0.05193    0.77303    0.07450
    422.17000    5.24161    0.08144    0.76174    0.05578
    425.01000    5.29750    0.04729    0.73451    0.07291
    427.99000    5.44999    0.04282    0.76067    0.04318
    431.18000    5.17259    0.04367    0.84860    0.04311
    434.54000    4.95373    0.06099    0.82003    0.04901
    438.37000    4.62827    0.04600    0.79263    0.03138
    441.66000    4.88037    0.05198    0.81408    0.07476
    445.97000    4.77748    0.04013    0.96088    0.06751
    448.95000    4.58839    0.05052    0.83332    0.04396
    451.32000    4.35889    0.05632    0.81997    0.05227
    452.91000    4.39848    0.04797    0.88614    0.04265
    455.50000    4.36076    0.07152    0.86836    0.07017
    458.10000    4.63984    0.04162    0.92094    0.03999
    463.79000    4.43954    0.04546    0.83363    0.03680
    466.30000    4.30933    0.08045    0.95792    0.06579
    469.38000    4.34222    0.05788    1.00334    0.06978
    471.42000    4.28188    0.07889    0.76390    0.05431
    474.04000    4.49135    0.06807    0.83697    0.04255
    477.36000    4.47259    0.02860    0.84576    0.03906
    481.78000    4.72753    0.07187    0.78363    0.03960
    484.60000    4.71735    0.03265    0.81349    0.05215
    487.59000    4.56646    0.04919    0.89392    0.05847
    491.69000    4.72783    0.03951    0.77418    0.06054
    496.93000    4.77943    0.04889    0.82008    0.03392
    499.38000    4.91440    0.04639    0.75853    0.07856
    502.45000    4.97915    0.05329    0.77814    0.04670
    503.77000    4.97618    0.05992    0.76884    0.05718
    506.49000    4.81603    0.06119    0.81174    0.03396
    509.06000    4.66783    0.06027    0.84402    0.06283
    509.74000    4.65242    0.06552    0.88230    0.05336
    512.97000    4.90347    0.03949    0.75845    0.05801
    517.36000    4.70980    0.05922    0.95323    0.05457
    521.65000    4.69108    0.06336    0.78072    0.07626
    523.78000    4.62141    0.06653    0.87332    0.05771
    528.00000    4.75543    0.03750    0.91038    0.05355
    530.38000    4.67080    0.04250    0.85328    0.04142
    531.43000    4.45136    0.04490    0.81657    0.07276
    533.79000    4.60523    0.07933    0.85638    0.05958
    535.21000    4.37749    0.05773    0.88129    0.06020
    538.09000    4.50915    0.08260    0.79360    0.04421
    541.71000    4.28316    0.04298    0.88694    0.06829
    546.76000    4.51637    0.04144    0.86385    0.04623
    549.31000    4.32753    0.03099    0.98325    0.07193
    553.43000    4.19593    0.04933    0.86247    0.03734
    557.97000    4.08095    0.04782    0.88933    0.05335
    560.08000    3.96577    0.04281    0.85025    0.01913
    561.35000    4.00590    0.05041    0.87321    0.04865
    564.62000    3.99268    0.05813    0.81677    0.03526
    569.53000    3.87175    0.04262    0.88518    0.06504
    573.13000    4.01240    0.06971    0.94543    0.05863
    576.58000    4.00175    0.05210    0.79445    0.04173
    579.64000    4.05173    0.05653    0.81730    0.02764
    583.20000    3.80061    0.04746    0.73486    0.01194
    588.17000    3.70549    0.05056    0.67408    0.05439
    591.86000    3.78648    0.04845    0.75993    0.06641
    596.17000    3.69521    0.04448    0.72888    0.04318
    600.08000    3.81063    0.04003    0.65079    0.07267
    603.31000    3.89544    0.03525    0.84026    0.04147
    604.78000    3.99024    0.07601    0.83276    0.04184
    731.15000    4.23563    0.07256    0.70421    0.05953
    734.84000    4.43489    0.05039    0.71823    0.03781
    738.50000    4.24920    0.09381    0.69627    0.03906
    740.97000    4.17756    0.05311    0.72913    0.03448
    743.15000    4.27667    0.05975    0.70655    0.03230
    746.68000    4.22987    0.02530    0.72734    0.06268
    749.55000    4.21596    0.08207    0.78243    0.02244
    752.80000    4.48973    0.06993    0.77331    0.05642
    756.37000    4.05904    0.06296    0.91643    0.07275
    759.59000    4.52192    0.06835    0.76773    0.04311
    761.96000    4.40585    0.04343    0.80056    0.04080
    764.35000    4.31711    0.06857    0.86162    0.05745
    768.10000    4.44071    0.04548    0.72581    0.06790
    772.03000    4.42541    0.04520    0.80010    0.03986
    775.03000    4.18232    0.06979    0.83798    0.04277
    778.33000    4.61558    0.08021    0.77820    0.04690
    782.27000    4.47455    0.05857    0.79554    0.05423
    785.86000    4.30113    0.06193    0.76596    0.04724
    789.77000    4.11848    0.09389    0.88367    0.04354
    794.91000    4.09900    0.02900    0.92543    0.06859
    798.11000    4.30189    0.09393    0.85051    0.03660
    800.58000    4.34216    0.05992    0.76497    0.05948
    801.65000    4.28087    0.04575    0.74639    0.07947
    802.74000    4.20820    0.05179    0.86219    0.06339
    803.82000    4.23530    0.05666    0.75950    0.04167
    806.75000    3.96162    0.06928    0.84946    0.06488
    809.72000    4.14285    0.05439    0.81247    0.07795
    814.44000    4.43356    0.04188    0.78446    0.05051
    816.85000    4.37004    0.01736    0.63601    0.08006
    820.64000    4.26052    0.04357    0.80541    0.04346
    823.51000    4.26069    0.08429    0.81222    0.08045
    825.69000    4.44839    0.04959    0.67759    0.09594
    826.73000    4.33169    0.06324    0.79996    0.05638
    830.03000    3.95307    0.01896    0.91472    0.07958
    834.19000    3.77953    0.04508    0.82018    0.03786
    837.63000    4.08090    0.05333    0.75227    0.04240
    840.43000    4.04334    0.05170    0.77425    0.05589
    842.44000    4.03852    0.05418    0.79318    0.04967
    847.17000    4.17866    0.03790    0.79388    0.09484
    851.03000    4.20680    0.04905    0.74583    0.04022
    854.57000    4.03093    0.04494    0.73106    0.08719
    856.02000    3.88123    0.06625    0.76279    0.04042
    859.34000    3.86990    0.07482    0.59626    0.04982
    861.06000    3.83201    0.02868    0.76499    0.04887
    864.55000    4.04748    0.03943    0.78455    0.07221
    867.68000    4.06448    0.04568    0.68442    0.05574
    870.23000    4.01212    0.06019    0.81190    0.03252
    872.50000    4.26647    0.04073    0.78722    0.03871
    876.73000    4.09470    0.05043    0.73353    0.04953
    878.68000    4.09280    0.04057    0.77132    0.05543
    881.96000    4.25777    0.05388    0.68929    0.07227
    885.06000    4.16696    0.04438    0.68415    0.06372
    889.88000    4.23632    0.03658    0.76645    0.04489
    892.79000    4.13380    0.06562    0.75221    0.06298
    894.44000    4.07940    0.04386    0.65447    0.04792
    897.71000    4.33914    0.05394    0.69041    0.06976
    901.54000    4.37193    0.04612    0.75761    0.06346
    901.89000    4.38140    0.05196    0.73185    0.04931
    905.60000    4.19555    0.06346    0.73533    0.02640
    908.88000    3.98998    0.04442    0.77668    0.06329
    910.66000    4.13089    0.05146    0.75531    0.02378
    912.95000    4.11792    0.08016    0.73095    0.05468
    916.53000    4.25232    0.02839    0.78820    0.04507
    920.52000    4.20130    0.07269    0.75650    0.05443
    921.86000    4.18539    0.06013    0.72807    0.05442
    924.91000    4.19340    0.04471    0.66333    0.06313
    928.01000    4.00427    0.05823    0.75721    0.03444
    931.61000    4.27699    0.07117    0.71132    0.04935
    935.75000    4.28261    0.05132    0.61666    0.07321
    937.38000    4.39433    0.06110    0.71765    0.02864
    939.79000    4.45060    0.05455    0.60121    0.05317
    942.85000    4.44116    0.04593    0.73609    0.05898
    947.03000    4.35664    0.04693    0.73354    0.04986
    950.60000    4.35419    0.04928    0.84447    0.05409
    952.36000    4.41441    0.07318    0.85793    0.05978
    956.56000    4.66287    0.05515    0.79419    0.04053
    959.73000    4.43755    0.03004    0.70150    0.05213
    963.13000    4.31684    0.04646    0.79998    0.06588
    966.10000    4.20513    0.04211    0.69037    0.05930
    969.07000    4.05917    0.06469    0.82041    0.07390
   1097.29000    3.79242    0.08536    0.74848    0.06560
   1100.10000    3.86783    0.06944    0.71232    0.03798
   1103.58000    4.06500    0.03014    0.68759    0.05885
   1105.81000    3.99672    0.05788    0.79404    0.05121
   1109.46000    3.98400    0.05431    0.78351    0.05558
   1112.79000    4.04962    0.04507    0.70148    0.03193
   1117.57000    4.12774    0.03644    0.66810    0.03953
   1119.74000    4.02112    0.06175    0.73691    0.05914
   1122.92000    4.03366    0.03673    0.67464    0.04124
   1124.31000    3.94983    0.05208    0.70344    0.06228
   1127.02000    3.65870    0.04887    0.70676    0.06133
   1129.55000    3.73591    0.06198    0.70032    0.05396
   1131.27000    3.49486    0.08198    0.75651    0.06027
   1134.19000    3.70354    0.04848    0.72307    0.04012
   1135.84000    3.68917    0.05839    0.68166    0.04030
   1138.57000    3.70254    0.05332    0.72567    0.07332
   1142.27000    3.70219    0.04999    0.69916    0.07955
   1145.96000    3.67738    0.04390    0.74554    0.04997
   1148.95000    3.90637    0.06178    0.78024    0.03294
   1153.79000    3.87668    0.05426    0.65181    0.03640
   1156.63000    3.74846    0.06329    0.66500    0.06337
   1159.97000    3.92893    0.05068    0.67898    0.05546
   1163.24000    3.88056    0.05180    0.71602    0.05290
   1164.91000    3.99231    0.07373    0.58264    0.05352
   1167.57000    4.14505    0.02429    0.65903    0.05358
   1170.54000    4.22540    0.03374    0.63006    0.06394
   1173.18000    3.98795    0.05099    0.72929    0.02653
   1175.08000    3.94082    0.03606    0.61394    0.06683
   1178.26000    3.71358    0.07330    0.64906    0.05459
   1181.91000    3.93853    0.05834    0.65435    0.07627
   1184.78000    3.97055    0.07595    0.63527    0.06043
   1189.18000    3.98639    0.06099    0.60129    0.06536
   1191.43000    4.07434    0.03811    0.75274    0.07013
   1193.19000    4.07912    0.05978    0.66032    0.07001
   1196.86000    4.01430    0.06452    0.88246    0.05821
   1200.74000    4.21006    0.05304    0.71155    0.03827
   1203.65000    4.23694    0.03987    0.75695    0.07381
   1207.08000    3.92688    0.06415    0.69018    0.04622
   1209.88000    3.89022    0.06458    0.60994    0.04069
   1211.87000    3.94623    0.05592    0.69136    0.06892
   1217.04000    4.00359    0.05667    0.74221    0.05921
   1219.37000    3.93151    0.06409    0.70167    0.01796
   1223.14000    3.85153    0.06199    0.74409    0.05380
   1226.76000    4.01164    0.05178    0.69984    0.01586
   1229.92000    3.93949    0.06750    0.75524    0.04627
   1234.19000    4.22743    0.04117    0.68254    0.03110
   1235.83000    4.37560    0.05826    0.64639    0.04728
   1238.64000    4.35199    0.04689    0.71695    0.05959
   1241.71000    4.40349    0.03879    0.65732    0.06512
   1244.71000    4.46807    0.06249    0.70442    0.03093
   1249.33000    4.76990    0.08582    0.70281    0.05630
   1251.77000    4.78575    0.05202    0.71975    0.03901
   1255.00000    4.80358    0.07715    0.72806    0.06363
   1257.18000    4.69379    0.02905    0.76794    0.03967
   1260.88000    4.49738    0.04457    0.70605    0.03819
   1262.85000    4.56563    0.05316    0.68665    0.05648
   1266.10000    4.62904    0.07717    0.66550    0.05051
   1269.21000    4.58805    0.04652    0.72686    0.03360
   1271.68000    4.63869    0.02961    0.77314    0.02250
   1272.62000    4.82190    0.04445    0.76315    0.04571
   1274.70000    4.55123    0.04688    0.79598    0.04089
   1276.99000    4.77023    0.04087    0.83921    0.06566
   1279.90000    4.78383    0.05989    0.80855    0.03370
   1284.16000    4.78892    0.05281    0.77711    0.04092
   1286.60000    4.70689    0.03623    0.60882    0.06573
   1289.77000    4.60451    0.05327    0.73001    0.05306
   1292.52000    4.41098    0.06317    0.85804    0.06906
   1295.28000    4.34551    0.04277    0.81049    0.05204
   1298.91000    4.08055    0.04318    0.77028    0.02914
   1301.34000    3.98092    0.07215    0.85642    0.03990
   1303.87000    3.79239    0.06036    0.76623    0.04005
   1307.98000    3.89244    0.04934    0.84748    0.06001
   1311.30000    3.76243    0.08966    0.79988    0.06931
   1314.64000    3.72482    0.06586    0.81597    0.05790
   1316.75000    3.79998    0.03895    0.76083    0.05837
   1319.02000    3.76359    0.04485    0.75679    0.02969
   1323.02000    3.72354    0.05863    0.75886    0.05599
   1324.45000    3.79328    0.03081    0.75380    0.03900
   1327.08000    3.64633    0.08623    0.78544    0.06952
   1328.18000    3.75184    0.05666    0.74669    0.04015
   1329.80000    3.94262    0.03853    0.64003    0.05427
   1332.77000    4.03301    0.05196    0.61964    0.06368
   1334.69000    4.18635    0.05970    0.70893    0.04447
   1462.58000    4.50483    0.01593    0.78369    0.03504
   1466.21000    4.65715    0.07099    0.64954    0.05268
   1468.10000    4.60073    0.00207    0.74024    0.02707
   1472.22000    4.51670    0.03532    0.70193    0.04042
   1474.50000    4.73562    0.05820    0.74016    0.02181
   1476.13000    4.71387    0.05288    0.76026    0.06485
   1479.87000    4.56580    0.04290    0.77985    0.03854
   1481.54000    4.47673    0.06338    0.75781    0.04204
   1485.47000    4.61546    0.01958    0.69732    0.03591
   1488.30000    4.80074    0.06325    0.79593    0.05623
   1490.02000    4.93793    0.05034    0.80627    0.07653
   1492.26000    4.89050    0.05789    0.73173    0.05448
   1494.41000    4.92797    0.05154    0.79606    0.07016
   1497.18000    4.85904    0.04920    0.78640    0.07506
   1499.82000    5.12870    0.06533    0.78775    0.04026
   1501.17000    4.93867    0.02520    0.72659    0.05169
   1505.05000    5.17289    0.05393    0.77024    0.05581
   1507.66000    5.17124    0.04319    0.68260    0.05975
   1510.52000    5.13709    0.07303    0.70565    0.03781
   1513.32000    4.82227    0.06026    0.74969    0.03622
   1517.09000    4.93530    0.04019    0.78449    0.04363
   1519.65000    4.78120    0.03444    0.79037    0.07737
   1521.81000    4.63997    0.05583    0.87744    0.06479
   1525.28000    4.63686    0.04083    0.82188    0.05889
   1528.32000    4.43650    0.04175    0.79872    0.04249
   1532.08000    4.34430    0.06649    0.94866    0.04518
   1533.19000    4.45370    0.06469    0.87558    0.03089
   1534.60000    4.59322    0.04893    0.89217    0.05893
   1538.24000    4.73400    0.05700    0.86287    0.05308
   1541.41000    4.68931    0.07084    0.89695    0.08450
   1545.28000    4.88188    0.02967    0.87240    0.05880
   1547.53000    4.91153    0.03817    0.88864    0.06720
   1550.67000    4.83452    0.07400    0.77895    0.05606
   1553.16000    4.46480    0.05309    0.84140    0.04957
   1555.14000    4.38096    0.05243    0.80237    0.03272
   1556.23000    4.45604    0.07089    0.74898    0.05014
   1558.85000    4.24648    0.06321    0.58369    0.08686
   1562.27000    4.37468    0.07083    0.84200    0.05971
   1564.11000    4.26935    0.10235    0.75518    0.06583
   1568.47000    4.57609    0.04752    0.76977    0.03152
   1573.40000    4.74494    0.05130    0.86557    0.08948
   1577.33000    4.46132    0.07033    0.81620    0.03261
   1579.51000    4.40552    0.05454    0.78458    0.05510
   1583.56000    4.39665    0.06691    0.75384    0.04700
   1586.04000    4.41181    0.05867    0.75734    0.02965
   1587.97000    4.70542    0.04262    0.78198    0.05515
   1590.79000    4.94773    0.05913    0.82305    0.04635
   1593.31000    4.80247    0.05561    0.81824    0.02445
   1595.11000    4.95051    0.07019    0.75872    0.04589
   1598.21000    5.16165    0.01563    0.86612    0.01970
   1602.27000    4.80418    0.05607    1.00522    0.05704
   1604.96000    4.80650    0.05213    0.67497    0.05368
   1607.76000    4.39375    0.09150    0.75282    0.04627
   1610.39000    4.51755    0.04448    0.78209    0.05559
   1613.74000    4.53748    0.06142    0.81692    0.05177
   1617.98000    4.56926    0.06713    0.93553    0.06838
   1621.63000    4.55684    0.02534    0.98935    0.09166
   1624.26000    4.54787    0.05098    0.88716    0.05761
   1627.27000    4.41860    0.00802    0.82031    0.06260
   1627.78000    4.57409    0.07000    0.90024    0.04959
   1632.18000    4.57935    0.06017    0.87363    0.03058
   1634.27000    4.53584    0.03912    0.78991    0.07779
   1636.47000    4.58375    0.05856    0.87097    0.03191
   1639.64000    4.79472    0.06876    0.84044    0.06626
   1642.99000    4.65518    0.04482    0.87461    0.03988
   1646.28000    4.42254    0.07737    0.86946    0.03769
   1648.83000    4.45017    0.05162    0.95502    0.02679
   1651.84000    4.56289    0.07661    0.84766    0.05256
   1654.48000    4.42001    0.03694    0.80323    0.04803
   1658.41000    4.46223    0.04397    0.85631    0.05428
   1660.13000    4.56458    0.04188    0.91880    0.06538
   1662.48000    4.83374    0.05191    0.94107    0.05383
   1666.08000    4.81064    0.04384    0.81892    0.06562
   1669.64000    4.79248    0.03792    0.78607    0.05769
   1671.78000    4.53076    0.07607    0.87166    0.02353
   1675.73000    4.67560    0.06790    0.83881    0.05524
   1678.42000    4.59361    0.05340    0.80335    0.05353
   1682.38000    4.63139    0.03584    0.84577    0.05323
   1684.79000    4.52628    0.07599    0.84923    0.07422
   1686.99000    4.61838    0.05025    0.80171    0.04712
   1690.11000    4.78956    0.04091    0.96837    0.05276
   1694.46000    4.58882    0.06076    0.91299    0.01540
   1696.38000    4.53690    0.04465    0.96412    0.04459
   1698.41000    4.50137    0.05472    0.89024    0.06241
