## Time Delay Challenge light curves
##
## [time]=days, [lc]=[err]=flux in nanomaggies
##
##       time       lc_A      err_A       lc_B      err_B
##-------------------------------------------------------
      1.28000    2.58662    0.06404    3.45732    0.04196
      4.97000    2.63410    0.05312    3.08927    0.03672
      7.99000    2.69159    0.01848    3.25648    0.04947
     11.05000    2.53930    0.05548    2.86496    0.04957
     12.39000    2.52237    0.04184    2.86834    0.03895
     16.24000    2.41048    0.03442    3.04729    0.04724
     19.65000    2.23026    0.04683    3.00864    0.04562
     23.73000    2.04663    0.05491    3.27292    0.06430
     28.16000    2.10534    0.03854    2.98403    0.02771
     30.65000    2.04543    0.06005    2.87436    0.04870
     33.82000    2.38209    0.05973    2.77267    0.04569
     36.62000    2.24490    0.04907    2.60983    0.04793
     39.12000    2.14844    0.05410    2.62028    0.09329
     39.67000    2.18180    0.08618    2.53148    0.05506
     41.42000    2.17275    0.04801    2.34775    0.07248
     45.51000    1.83828    0.06540    2.44312    0.08730
     47.64000    2.02547    0.06631    2.49291    0.06294
     49.42000    1.92115    0.04392    2.67757    0.01610
     53.31000    1.91054    0.04086    2.61556    0.05150
     56.84000    1.93783    0.05043    2.43267    0.06234
     61.18000    2.05256    0.07637    2.25944    0.05521
     65.71000    2.22051    0.06412    2.27230    0.07284
     68.42000    2.27618    0.01796    2.33162    0.07034
     70.92000    2.18790    0.01710    2.24873    0.03873
     73.81000    2.16042    0.02554    2.23159    0.06108
     75.21000    2.15958    0.05840    2.28743    0.03191
     81.82000    2.23470    0.03462    2.58774    0.03845
     85.45000    2.24749    0.07902    2.66361    0.03532
     88.01000    2.27103    0.05282    2.74303    0.05287
     92.88000    2.12850    0.05783    2.52296    0.03538
     97.20000    2.25353    0.05175    2.69765    0.06007
     98.84000    2.13308    0.05088    2.61546    0.03988
    100.25000    2.26561    0.04203    2.68574    0.04080
    104.36000    2.36011    0.04433    2.72495    0.05149
    108.67000    2.45924    0.04916    2.48016    0.04845
    111.07000    2.55650    0.06763    2.32841    0.05192
    114.03000    2.43496    0.05017    2.49725    0.05879
    117.97000    2.32653    0.04964    2.78584    0.04478
    121.15000    2.39035    0.04829    2.68423    0.04481
    125.30000    2.44207    0.07036    2.84277    0.04826
    127.35000    2.16223    0.06018    3.09106    0.07232
    129.19000    2.27994    0.07329    2.78248    0.04594
    130.10000    2.25517    0.07488    2.94229    0.02313
    133.53000    2.27866    0.03066    2.77780    0.09300
    134.29000    2.37942    0.03266    2.65429    0.05510
    136.19000    2.48327    0.05299    2.63618    0.01240
    137.49000    2.51619    0.05540    2.77453    0.04476
    139.85000    2.38675    0.02001    2.67172    0.03802
    143.22000    2.29843    0.06469    2.80623    0.05336
    147.04000    2.35496    0.05646    2.81708    0.08493
    150.99000    2.65297    0.04075    2.73656    0.05120
    154.51000    2.46609    0.04907    3.01454    0.04732
    157.61000    2.12423    0.05508    2.82182    0.02589
    160.16000    2.07701    0.08263    2.75792    0.06496
    162.60000    2.12600    0.04188    2.87616    0.08035
    167.40000    2.25751    0.04446    3.00363    0.06339
    170.26000    2.18227    0.05042    2.71289    0.03788
    173.43000    2.22864    0.06760    2.56002    0.05224
    176.73000    2.32332    0.04544    2.47628    0.03215
    179.66000    2.25683    0.07037    2.52647    0.06310
    180.11000    2.17691    0.03208    2.43426    0.04494
    182.66000    2.19264    0.07208    2.53672    0.04371
    186.48000    2.00275    0.04896    2.59604    0.04334
    188.71000    2.03080    0.04442    2.55457    0.03905
    189.49000    2.07698    0.03498    2.55573    0.05266
    190.62000    2.07785    0.04932    2.32597    0.04682
    194.54000    2.15523    0.06016    2.62837    0.04473
    196.33000    2.09157    0.05198    2.52043    0.05535
    199.02000    1.92701    0.05117    2.43546    0.06334
    200.28000    1.99233    0.06266    2.33105    0.05169
    203.19000    2.03849    0.02266    2.31265    0.07861
    207.44000    2.12638    0.05733    2.46982    0.05339
    210.82000    2.44362    0.06425    2.45851    0.08592
    214.13000    2.22290    0.05819    2.41929    0.05387
    217.76000    2.31524    0.06107    2.39603    0.08059
    220.67000    2.29134    0.03768    2.32231    0.05546
    224.38000    2.28025    0.05991    2.61798    0.03610
    226.94000    2.16127    0.04915    2.78686    0.03815
    231.33000    2.17526    0.07464    2.72706    0.02128
    237.22000    2.04246    0.04539    2.73831    0.07165
    238.59000    2.07050    0.03285    2.65978    0.05864
    366.29000    2.68676    0.06620    3.13969    0.06979
    368.13000    2.96820    0.07575    3.11496    0.05772
    371.55000    2.89052    0.06451    2.77277    0.05897
    375.17000    2.80387    0.06425    2.92510    0.01733
    376.77000    2.80634    0.04984    2.89775    0.05076
    378.73000    2.77122    0.03275    3.07326    0.04738
    383.23000    2.91084    0.06094    3.47828    0.06150
    384.16000    2.65830    0.05365    3.59567    0.06668
    386.98000    2.88588    0.06143    3.56055    0.07226
    388.98000    2.92453    0.05163    3.36745    0.05562
    391.91000    2.94008    0.07693    3.38348    0.06629
    396.19000    2.66770    0.03731    3.42379    0.05193
    399.49000    2.73088    0.04977    3.54855    0.06836
    404.40000    2.82183    0.05293    3.63594    0.02452
    407.05000    2.76706    0.02155    3.54776    0.04899
    409.18000    2.76485    0.05987    3.60423    0.06718
    411.00000    2.94531    0.04952    3.27886    0.06456
    415.49000    2.77255    0.05925    3.39697    0.06722
    418.95000    2.87193    0.04423    3.48270    0.06909
    422.70000    2.69187    0.05126    3.44945    0.04509
    425.66000    2.65675    0.04233    3.45026    0.04274
    427.95000    2.62217    0.02654    3.51656    0.03162
    431.34000    2.66576    0.05960    3.55900    0.04894
    435.67000    2.82464    0.01439    3.27680    0.07096
    438.22000    2.83887    0.06867    3.46246    0.06157
    440.70000    2.74653    0.07580    3.39385    0.04690
    443.27000    2.68428    0.03341    3.30785    0.05897
    444.71000    2.53470    0.07926    3.17044    0.03743
    448.75000    2.37744    0.06055    3.40261    0.05037
    450.75000    2.67058    0.06709    3.47672    0.05476
    454.68000    2.61134    0.05085    3.49225    0.07278
    457.79000    2.65869    0.05699    3.38938    0.04945
    462.54000    2.54371    0.05277    3.12285    0.03849
    463.91000    2.57852    0.05752    3.24527    0.06265
    467.18000    2.39449    0.04538    3.07280    0.05421
    470.60000    2.37208    0.03878    3.07099    0.00134
    472.91000    2.60343    0.06298    3.14419    0.05682
    475.03000    2.59902    0.04544    3.28070    0.05721
    479.58000    2.41178    0.06298    3.15685    0.06110
    484.81000    2.42755    0.05783    2.92043    0.05867
    488.31000    2.53735    0.04366    3.02150    0.04346
    490.81000    2.63047    0.04743    3.11979    0.04569
    493.08000    2.64693    0.06403    3.23750    0.05603
    495.85000    2.49146    0.02795    2.98009    0.04760
    499.59000    2.12014    0.05770    2.98996    0.05591
    501.35000    2.36738    0.03199    3.12553    0.03175
    504.44000    2.46399    0.05660    3.16668    0.07904
    507.13000    2.48124    0.06483    3.24068    0.04052
    510.22000    2.50955    0.04952    3.23224    0.06138
    512.45000    2.75890    0.05564    2.97523    0.06069
    515.47000    2.65712    0.06060    2.77330    0.07022
    517.49000    2.69072    0.04177    2.83130    0.07285
    520.07000    2.63291    0.06492    2.96190    0.01554
    523.55000    2.61930    0.06015    3.03090    0.07451
    527.79000    2.61536    0.04070    3.27128    0.06889
    529.30000    2.55823    0.05708    3.40787    0.07197
    532.30000    2.39241    0.05233    3.47180    0.05737
    536.18000    2.36811    0.07440    3.23474    0.04115
    538.61000    2.32947    0.07286    3.21624    0.06723
    543.13000    2.40618    0.04476    3.11447    0.04257
    545.34000    2.30239    0.05856    3.26936    0.04131
    549.54000    2.34008    0.06359    2.83137    0.04724
    553.13000    2.09325    0.03527    2.97182    0.05201
    556.36000    2.07374    0.03455    3.04529    0.04986
    561.88000    2.15245    0.08122    2.92822    0.08078
    564.43000    2.13670    0.06519    2.88154    0.05275
    567.47000    2.12610    0.07283    2.77053    0.06030
    569.03000    2.44768    0.04367    2.59871    0.04036
    573.17000    2.21866    0.05488    2.54118    0.06713
    576.70000    2.22010    0.00100    2.66927    0.06407
    580.45000    2.25592    0.07149    2.59236    0.06564
    582.31000    2.27637    0.06224    2.67201    0.05873
    582.91000    2.30880    0.05554    2.64691    0.02906
    585.23000    2.37840    0.05964    3.00782    0.05548
    589.00000    2.19080    0.07280    2.89393    0.08272
    590.13000    2.25472    0.06360    2.87069    0.07264
    593.33000    2.22345    0.06971    2.71540    0.04613
    594.95000    2.20848    0.06848    2.66113    0.05577
    598.70000    2.35734    0.04983    2.79573    0.04405
    601.54000    2.28564    0.04352    2.93486    0.05168
    730.08000    3.04691    0.07626    3.95833    0.05573
    732.62000    3.15209    0.06624    3.71183    0.03838
    736.11000    2.99922    0.05708    4.10629    0.04709
    738.93000    3.02963    0.05009    3.99234    0.02730
    741.63000    2.74095    0.05011    3.82244    0.05989
    744.10000    2.67472    0.04024    3.76511    0.08108
    748.12000    2.88184    0.06310    4.07050    0.05963
    752.01000    2.62727    0.03681    3.64533    0.05388
    754.89000    2.74008    0.05092    3.76648    0.02233
    756.39000    2.78664    0.02898    3.62978    0.06681
    760.49000    2.89828    0.05605    3.32997    0.06166
    762.54000    3.19332    0.04669    3.58731    0.02480
    765.81000    2.96413    0.03663    3.46752    0.04085
    767.12000    2.89607    0.07962    3.34838    0.03461
    772.94000    2.71644    0.04374    3.46293    0.04342
    775.17000    2.54482    0.06186    3.90393    0.09149
    778.71000    2.58586    0.02784    3.87072    0.07234
    780.79000    2.65486    0.01158    3.82364    0.04212
    784.23000    2.87553    0.04009    3.73606    0.02049
    786.59000    3.00395    0.05953    3.67691    0.03867
    791.28000    2.91799    0.03660    3.27582    0.05615
    794.06000    2.81963    0.05366    3.27034    0.03010
    796.36000    2.60694    0.03663    3.18714    0.05786
    799.54000    2.89512    0.05579    3.54056    0.04557
    804.20000    2.98376    0.03275    3.68671    0.02390
    807.43000    3.14066    0.06810    3.68824    0.05178
    810.77000    3.35434    0.02513    3.43239    0.05602
    813.78000    3.23970    0.06908    3.41648    0.04129
    814.86000    3.30403    0.05868    3.54643    0.05385
    819.10000    3.27374    0.04536    3.82375    0.04785
    822.23000    2.99576    0.08057    4.01018    0.07628
    827.20000    2.91402    0.06393    4.08207    0.06600
    827.59000    2.92008    0.05680    4.17481    0.08784
    831.24000    3.01764    0.06984    4.12657    0.04009
    833.10000    3.09554    0.03479    4.08619    0.05684
    837.29000    2.94300    0.02127    3.90268    0.08178
    841.37000    2.77280    0.05689    3.71799    0.05157
    844.83000    2.87417    0.03569    3.55314    0.03314
    847.68000    2.95887    0.05619    3.63881    0.02700
    850.26000    2.98099    0.08489    3.76769    0.07302
    854.26000    2.79350    0.05253    3.50348    0.04278
    856.67000    2.74783    0.06017    3.33497    0.06594
    857.80000    2.69931    0.05303    3.58658    0.05437
    861.20000    2.72359    0.05463    3.63558    0.06437
    861.92000    2.90007    0.07291    3.73616    0.08721
    865.45000    3.04524    0.04525    3.59959    0.06231
    868.78000    2.97254    0.06897    3.62870    0.07555
    869.84000    2.85357    0.05983    3.59922    0.05832
    872.89000    3.21952    0.04630    3.40390    0.06135
    875.65000    3.32976    0.07842    3.33050    0.05043
    878.78000    3.14325    0.04622    3.47665    0.06005
    881.40000    3.08092    0.04055    3.79132    0.04726
    882.34000    3.01847    0.04913    3.80242    0.03740
    886.58000    3.21734    0.03823    3.72867    0.08507
    889.66000    3.20206    0.03491    3.91446    0.07730
    892.46000    3.13587    0.04758    4.32100    0.02629
    895.45000    3.10649    0.03197    3.89634    0.04405
    897.90000    3.20259    0.05248    3.85055    0.05186
    901.20000    3.00698    0.03022    3.93119    0.05993
    904.12000    3.06980    0.04697    3.95422    0.07925
    907.46000    2.86896    0.03061    3.98724    0.07648
    910.62000    2.71650    0.08071    3.93032    0.02054
    912.94000    2.68878    0.06090    3.74707    0.05493
    915.83000    2.96703    0.03841    3.60739    0.06563
    919.70000    2.97735    0.05939    3.88780    0.08378
    922.08000    3.02563    0.04810    3.71517    0.04248
    926.39000    2.99807    0.04479    3.38665    0.03450
    928.16000    3.00329    0.08068    3.34895    0.04386
    930.49000    2.73288    0.05356    3.38308    0.04634
    933.02000    2.84939    0.04388    3.63008    0.03897
    936.88000    2.80766    0.09717    3.76240    0.05849
    940.08000    2.58263    0.05630    3.79600    0.02082
    942.83000    2.65013    0.04695    3.66061    0.04851
    946.87000    2.69293    0.06999    3.40815    0.00830
    949.52000    2.53908    0.05416    3.45116    0.04830
    954.50000    2.44721    0.02378    3.26815    0.07363
    957.81000    2.40127    0.04021    3.05479    0.04482
    958.99000    2.37903    0.05479    3.24171    0.02814
    961.23000    2.36784    0.06436    3.41030    0.03414
    963.64000    2.29473    0.05223    3.08850    0.06390
    967.76000    2.11837    0.06218    3.09365    0.05265
   1095.73000    2.57791    0.03796    2.82257    0.03834
   1099.09000    2.58266    0.06615    2.77911    0.04399
   1100.47000    2.55749    0.04046    2.94434    0.06264
   1102.55000    2.40487    0.06647    2.95393    0.07054
   1108.04000    2.43233    0.04760    2.99499    0.05425
   1111.03000    2.39928    0.07133    2.89475    0.03258
   1114.39000    2.62794    0.02133    3.19467    0.05408
   1118.15000    2.56251    0.03243    2.92611    0.05689
   1122.81000    2.40616    0.08005    2.88205    0.04596
   1125.24000    2.56403    0.04564    2.97939    0.04280
   1128.45000    2.65348    0.05288    3.35524    0.08781
   1130.93000    2.56125    0.03923    3.11756    0.04665
   1134.01000    2.44522    0.04388    2.94336    0.03609
   1136.83000    2.28622    0.06178    2.90584    0.03701
   1139.55000    2.33004    0.04762    2.70883    0.05629
   1142.88000    2.29863    0.05448    2.83523    0.07197
   1145.48000    2.36442    0.06993    3.10831    0.05052
   1148.55000    2.61883    0.04013    2.94357    0.03954
   1151.40000    2.52834    0.06799    2.77285    0.05033
   1153.98000    2.51725    0.04182    2.93552    0.02564
   1155.73000    2.45988    0.05157    2.88565    0.06327
   1159.36000    2.61213    0.06039    2.75548    0.04836
   1161.43000    2.47718    0.05171    2.80761    0.04385
   1164.98000    2.55201    0.04289    3.09861    0.07525
   1168.97000    2.41316    0.02086    3.04558    0.05862
   1172.96000    2.62365    0.05810    2.89897    0.04100
   1175.79000    2.64670    0.06023    2.90884    0.05554
   1180.19000    2.50963    0.07578    2.87922    0.06105
   1184.39000    2.74147    0.05882    2.95994    0.05902
   1188.20000    2.65056    0.06769    2.93932    0.07014
   1192.82000    2.52987    0.06814    3.05990    0.04635
   1195.21000    2.42094    0.02839    3.02977    0.07967
   1198.50000    2.61429    0.05082    3.19325    0.05658
   1201.74000    2.62199    0.03055    3.28347    0.06619
   1203.98000    2.71702    0.04388    3.15517    0.05825
   1206.34000    2.65610    0.04596    3.02034    0.03950
   1208.72000    2.48609    0.04192    2.96541    0.05038
   1212.92000    2.40842    0.04892    2.99855    0.06258
   1215.18000    2.54050    0.07727    3.16512    0.05352
   1217.57000    2.47757    0.05354    3.13120    0.04601
   1218.85000    2.27935    0.06519    3.22746    0.05854
   1221.24000    2.29300    0.06565    3.21812    0.05038
   1224.41000    2.26833    0.06627    3.09728    0.05139
   1227.38000    2.33101    0.08549    2.84274    0.05850
   1230.33000    2.36547    0.04062    2.93470    0.06178
   1232.49000    2.39759    0.06087    3.00384    0.07766
   1233.46000    2.41866    0.04858    2.88526    0.03577
   1235.43000    2.13847    0.05907    2.78545    0.06799
   1238.14000    2.15537    0.04833    2.69504    0.04790
   1239.82000    2.03437    0.06238    2.72470    0.03578
   1242.08000    1.93038    0.04634    2.89729    0.06783
   1245.17000    1.95566    0.07758    2.84891    0.01200
   1248.90000    1.88995    0.05506    2.91258    0.05638
   1252.43000    2.15386    0.06891    2.76590    0.05306
   1253.56000    2.09937    0.04156    2.50910    0.05228
   1254.09000    2.11009    0.04145    2.57069    0.03384
   1257.71000    2.04299    0.06456    2.37421    0.04781
   1260.70000    2.07405    0.02361    2.43242    0.04014
   1263.83000    2.31338    0.09445    2.12545    0.08122
   1267.35000    2.30043    0.05344    2.48479    0.04785
   1270.06000    2.26886    0.03925    2.53144    0.04603
   1274.39000    2.14802    0.06456    2.53101    0.05921
   1276.48000    2.18066    0.06228    2.47665    0.07091
   1279.37000    2.19321    0.07019    2.72860    0.03630
   1282.68000    2.15539    0.04050    2.68759    0.04505
   1285.13000    2.29159    0.07033    2.74785    0.06084
   1287.40000    2.24073    0.02350    2.59267    0.07735
   1289.95000    2.45653    0.07999    2.69464    0.03094
   1293.01000    2.67982    0.04157    2.70406    0.06214
   1296.92000    2.59443    0.02288    2.57621    0.05149
   1300.31000    2.57964    0.07572    2.68815    0.05809
   1303.53000    2.88983    0.05909    2.69970    0.05528
   1306.57000    2.65677    0.02916    3.08206    0.07382
   1309.91000    2.69417    0.07614    3.19343    0.07474
   1313.01000    2.75301    0.06652    3.04520    0.06194
   1314.92000    2.61460    0.06253    3.15414    0.06401
   1320.17000    2.76124    0.02526    3.50488    0.05335
   1324.54000    2.77440    0.04050    3.02129    0.06879
   1327.26000    2.50733    0.05251    3.26589    0.02006
   1330.11000    2.60625    0.05567    3.35815    0.07325
   1333.65000    2.44525    0.05423    3.19581    0.02571
   1460.62000    2.06791    0.03545    2.64588    0.06510
   1463.39000    1.98341    0.05587    2.85842    0.05423
   1466.41000    1.91860    0.06217    2.68040    0.05774
   1468.82000    1.75853    0.05252    2.70388    0.05420
   1472.04000    1.76003    0.03051    2.43557    0.03289
   1476.00000    1.92032    0.03816    2.40119    0.07352
   1478.22000    1.94641    0.06831    2.53199    0.05150
   1480.73000    2.01119    0.02943    2.35449    0.07184
   1483.29000    1.81258    0.06508    2.25093    0.05388
   1486.24000    1.72083    0.05275    2.27594    0.06901
   1490.10000    1.78640    0.03554    2.27580    0.05603
   1491.74000    1.89641    0.03763    2.31020    0.06258
   1496.29000    1.85067    0.07419    2.49486    0.07634
   1499.99000    1.99848    0.04961    2.25437    0.05874
   1503.26000    1.91225    0.04581    2.12873    0.06813
   1505.56000    1.90101    0.07427    2.17332    0.04942
   1507.79000    2.11910    0.04990    2.49630    0.07775
   1510.43000    2.40034    0.02606    2.24149    0.05075
   1514.14000    2.32626    0.03976    2.27861    0.02855
   1518.10000    2.25734    0.05834    2.34729    0.04336
   1521.05000    2.46842    0.06920    2.32645    0.05394
   1524.89000    2.24464    0.03825    2.78908    0.03902
   1528.51000    2.17808    0.07261    2.93926    0.03526
   1528.95000    2.35829    0.06833    2.88419    0.04254
   1532.23000    2.43345    0.08419    2.89060    0.05829
   1536.20000    2.28843    0.06367    2.80444    0.04953
   1540.60000    2.60746    0.03768    2.89649    0.05612
   1542.22000    2.77089    0.03199    2.73327    0.05035
   1546.21000    2.85047    0.02484    2.69103    0.05575
   1548.89000    2.92040    0.02042    2.73871    0.06093
   1550.32000    2.80873    0.02621    2.81822    0.05246
   1553.22000    2.59529    0.04658    2.85790    0.06888
   1556.23000    2.51770    0.05698    3.14943    0.06827
   1558.67000    2.47318    0.03999    3.39804    0.05312
   1564.73000    2.56816    0.06157    3.38633    0.05821
   1567.58000    2.85666    0.05915    3.27270    0.06407
   1570.38000    2.87776    0.04373    3.26495    0.01975
   1574.20000    3.02481    0.03370    2.96792    0.07024
   1576.07000    2.89059    0.03410    3.17589    0.06027
   1579.46000    3.07493    0.05071    3.15822    0.03793
   1583.72000    2.97723    0.03104    3.20362    0.06681
   1587.01000    3.10474    0.07399    3.43699    0.04969
   1590.55000    3.19973    0.06198    3.54997    0.06190
   1594.97000    2.89845    0.07682    3.78950    0.07899
   1596.60000    3.03191    0.03382    3.78760    0.05631
   1598.69000    3.32216    0.05029    3.62330    0.04585
   1602.47000    3.27680    0.07075    3.70751    0.06006
   1604.24000    3.22442    0.05647    3.78489    0.04120
   1607.47000    3.37356    0.02367    3.78986    0.05732
   1610.33000    3.30055    0.02435    3.62584    0.07221
   1615.04000    3.41886    0.05188    3.85077    0.03677
   1619.10000    3.43349    0.04376    3.95627    0.06216
   1620.92000    3.49236    0.06762    3.83971    0.03708
   1624.52000    3.76093    0.06382    3.93079    0.04257
   1627.85000    3.60560    0.08268    4.27772    0.05441
   1628.79000    3.74333    0.05674    4.32422    0.04882
   1631.71000    3.42078    0.03313    4.09773    0.04510
   1634.53000    3.58246    0.04886    4.07448    0.06474
   1637.32000    3.30539    0.08626    4.17742    0.03031
   1642.46000    3.22499    0.04760    4.55674    0.05990
   1644.47000    2.98630    0.05921    4.42419    0.05345
   1647.97000    3.14713    0.07138    4.06687    0.04018
   1652.95000    3.32432    0.06870    4.00262    0.06725
   1655.49000    3.13785    0.06759    3.98777    0.02802
   1658.44000    3.01343    0.06017    3.80201    0.02270
   1661.84000    3.26413    0.06857    3.81227    0.02420
   1663.96000    3.17193    0.07562    3.68131    0.07384
   1668.94000    3.30518    0.06732    3.90595    0.04079
   1672.68000    3.39934    0.04991    3.81181    0.06440
   1675.45000    3.29267    0.04787    3.54983    0.02786
   1677.37000    3.26236    0.05701    3.61956    0.04825
   1680.82000    3.16365    0.05589    3.74091    0.04715
   1683.09000    3.16392    0.04234    3.69013    0.07296
   1684.29000    3.04015    0.04692    3.89173    0.06490
   1688.24000    3.07287    0.07489    3.92720    0.04228
   1691.31000    3.14169    0.03013    3.79973    0.05314
   1694.40000    3.27855    0.03488    3.64118    0.05033
   1695.35000    3.10561    0.03223    3.74942    0.06329
   1699.51000    2.94022    0.05753    3.64912    0.02981
