## Time Delay Challenge light curves
##
## [time]=days, [lc]=[err]=flux in nanomaggies
##
##       time       lc_A      err_A       lc_B      err_B
##-------------------------------------------------------
      0.82000    9.34192    0.07672   21.09401    0.03859
      4.99000    9.14104    0.02710   21.14539    0.07155
      8.01000    9.47037    0.07693   20.92615    0.04522
     12.72000   10.44966    0.04692   21.21252    0.05155
     15.29000   10.11058    0.04814   19.96205    0.05237
     18.28000    9.62195    0.04087   18.80654    0.07716
     20.41000    9.75488    0.04364   19.15944    0.06538
     24.79000    9.50816    0.05115   20.37769    0.06097
     29.43000    8.54930    0.05186   21.41857    0.02486
     32.89000    8.61101    0.03448   20.96946    0.05692
     36.75000    8.57404    0.04842   23.51914    0.05851
     39.56000    8.46878    0.03669   24.57966    0.06576
     41.54000    8.62623    0.06913   22.87780    0.04546
     44.09000    8.60407    0.07188   23.02513    0.07821
     48.84000    8.09009    0.09463   21.15527    0.03298
     53.27000    8.62254    0.01734   20.36240    0.05036
     55.63000    8.50921    0.08289   20.58174    0.04453
     58.52000    8.78385    0.02857   19.92103    0.07316
     60.39000    8.48606    0.07070   20.18784    0.06524
     63.45000    8.41981    0.03840   19.54589    0.02850
     66.79000    8.76824    0.06208   19.58686    0.03910
     69.18000    8.37817    0.06911   20.01538    0.06729
     72.37000    8.39306    0.05123   19.84308    0.05375
     75.71000    7.56002    0.05965   18.71437    0.05910
     78.33000    7.18605    0.05280   19.13922    0.04716
     82.69000    6.90787    0.06184   19.81705    0.06153
     84.34000    7.01811    0.04864   20.08273    0.04664
     87.61000    6.95956    0.05895   19.68545    0.02346
     92.71000    7.18530    0.06322   19.36307    0.04563
     96.67000    6.90352    0.05690   18.84305    0.04649
    100.01000    6.81185    0.04213   20.00544    0.03851
    102.16000    6.23557    0.07146   17.95730    0.02317
    106.18000    5.89714    0.03832   15.99923    0.04112
    110.01000    6.03672    0.07203   15.43680    0.05171
    113.29000    6.53018    0.05324   15.46329    0.03694
    116.44000    6.65376    0.05469   16.65265    0.05924
    119.98000    7.23199    0.05792   16.46244    0.05971
    122.12000    7.41177    0.04348   16.21115    0.06438
    126.92000    7.29353    0.04106   14.95533    0.05253
    130.48000    7.24221    0.08746   13.31394    0.07353
    134.70000    6.94716    0.03407   13.15771    0.09239
    138.20000    6.00340    0.04496   13.36340    0.06727
    142.73000    6.82089    0.06178   13.84189    0.05172
    147.29000    6.89046    0.04233   16.39583    0.06625
    150.38000    7.14059    0.05132   16.07209    0.02665
    151.67000    7.30341    0.04893   15.77568    0.05900
    156.49000    7.35031    0.05143   15.66532    0.05498
    159.48000    7.96016    0.05275   14.64630    0.00989
    161.87000    7.55487    0.05644   15.43011    0.07666
    163.13000    7.48601    0.06193   14.28137    0.05562
    165.31000    7.05326    0.04383   13.26502    0.03083
    167.06000    6.70277    0.05612   13.40975    0.06331
    170.97000    6.39366    0.04808   14.92253    0.03816
    172.26000    6.40994    0.07206   15.89786    0.06693
    176.23000    6.54400    0.04580   15.33601    0.01814
    178.22000    6.58602    0.04656   16.18096    0.03317
    182.45000    6.79183    0.06061   16.06361    0.04749
    186.92000    5.63374    0.02883   17.15630    0.04589
    189.55000    5.85914    0.04975   16.76578    0.07530
    195.28000    6.07951    0.05925   13.91730    0.09122
    198.33000    5.99459    0.04170   14.17026    0.04329
    200.25000    5.77638    0.05944   14.63819    0.07765
    204.29000    5.84212    0.03096   14.61066    0.04599
    207.03000    5.93012    0.06372   14.14882    0.06651
    211.09000    6.19379    0.04573   15.06596    0.04964
    213.02000    6.87274    0.04063   13.22187    0.06256
    216.05000    6.49322    0.09045   13.11162    0.06811
    219.06000    6.10804    0.05154   12.52393    0.04900
    220.05000    5.85738    0.04998   12.40637    0.04517
    224.06000    5.62122    0.03001   13.01117    0.05366
    226.78000    5.80532    0.04853   12.57299    0.03075
    228.89000    5.76652    0.02317   12.39421    0.04209
    231.22000    5.61093    0.08098   12.81527    0.05523
    234.53000    5.43785    0.06485   13.16192    0.04851
    237.96000    5.79270    0.06348   13.88878    0.03934
    366.94000    7.35175    0.06196   20.86127    0.06126
    370.81000    7.86783    0.06129   21.60243    0.06422
    374.87000    8.05384    0.02389   20.42693    0.05457
    377.37000    8.39335    0.06865   19.08392    0.04396
    380.62000    7.68450    0.03198   19.09615    0.04540
    382.36000    7.08645    0.02651   18.04824    0.05033
    385.04000    7.60154    0.04936   17.28211    0.06216
    387.62000    7.31810    0.05171   18.33296    0.05589
    392.00000    7.61465    0.03474   19.11989    0.04748
    394.86000    8.07979    0.04001   17.12220    0.05067
    397.70000    7.39379    0.07803   18.13572    0.02624
    402.75000    6.77385    0.04795   19.66321    0.03783
    405.90000    6.71158    0.01419   19.05175    0.04001
    407.16000    6.87790    0.06552   18.31798    0.05793
    410.36000    7.46410    0.06717   16.32926    0.03900
    412.73000    7.50192    0.05746   17.46023    0.07577
    415.28000    8.33339    0.04134   17.14354    0.04609
    417.92000    8.51194    0.07284   16.90373    0.08112
    421.24000    8.56901    0.05819   18.75206    0.04161
    424.79000    8.37922    0.03590   17.46368    0.05676
    426.79000    8.70887    0.07341   17.38001    0.06717
    430.31000    8.92099    0.05222   16.07589    0.05436
    433.48000    8.96508    0.05039   16.28767    0.04758
    436.54000    8.95044    0.06112   16.87509    0.05887
    439.13000    9.23772    0.03785   16.93186    0.06280
    441.80000    8.76121    0.05405   19.00118    0.08183
    445.65000    8.52649    0.07300   19.89533    0.06221
    448.40000    8.41130    0.04398   19.82571    0.08697
    451.73000    8.58408    0.05779   20.13615    0.05000
    455.20000    8.19923    0.07307   19.65674    0.06442
    458.61000    8.05481    0.04092   21.42535    0.03152
    461.80000    7.30729    0.06640   20.92313    0.07150
    464.42000    7.20409    0.06552   20.22176    0.05352
    467.26000    7.06443    0.04787   21.67704    0.05271
    470.67000    6.91513    0.06293   20.04418    0.05429
    473.09000    6.67510    0.04589   19.69754    0.06578
    477.83000    6.27619    0.04944   19.67083    0.05248
    480.50000    6.43061    0.06992   19.99874    0.03767
    482.95000    6.41619    0.06633   18.55934    0.04270
    487.47000    6.20143    0.05595   17.90935    0.06012
    491.39000    6.12293    0.05918   16.36760    0.05618
    492.99000    6.12543    0.08824   16.27850    0.05386
    495.02000    6.45613    0.06162   16.45819    0.04847
    498.74000    6.48762    0.07335   15.53668    0.03139
    502.56000    5.67514    0.03597   15.32522    0.06066
    504.84000    5.63542    0.04280   15.04837    0.06944
    510.87000    5.36301    0.08388   14.84774    0.10926
    513.20000    5.32415    0.08479   14.51352    0.06082
    518.08000    5.34583    0.05262   13.38461    0.04790
    520.54000    5.20152    0.06319   14.04523    0.07682
    522.97000    5.01411    0.04815   14.48221    0.04979
    525.70000    5.23490    0.07958   14.72259    0.03144
    527.43000    5.04307    0.01020   13.27275    0.04524
    531.19000    5.46337    0.06796   12.95167    0.03750
    535.51000    5.21134    0.05401   12.44018    0.05050
    537.94000    5.42210    0.04813   12.11070    0.03643
    540.74000    5.49368    0.03121   11.90310    0.04710
    543.13000    5.15448    0.06031   11.43397    0.04026
    545.40000    5.30398    0.05284   12.31265    0.07671
    550.95000    6.41402    0.03554   11.25718    0.04788
    555.17000    6.60026    0.02027   11.52473    0.04849
    557.57000    6.34391    0.04799   11.36900    0.07631
    561.73000    6.25052    0.05030   11.26509    0.03347
    564.46000    6.38539    0.05131   12.06961    0.05932
    566.21000    6.20586    0.08861   12.25613    0.07723
    568.19000    6.05012    0.06244   11.68958    0.03927
    572.75000    6.30810    0.02333   11.48309    0.04628
    574.82000    6.58212    0.04888   13.01875    0.06685
    578.72000    7.19010    0.04627   14.09601    0.07026
    583.66000    7.36211    0.06776   13.97159    0.05212
    585.11000    7.32572    0.03903   13.81713    0.05989
    587.01000    7.04759    0.05900   14.04469    0.03692
    589.69000    6.76372    0.06073   13.51328    0.03149
    592.96000    7.45097    0.02997   14.15207    0.07859
    595.84000    7.14494    0.06163   13.66505    0.07330
    597.83000    7.51584    0.06670   13.76545    0.04348
    601.39000    6.92353    0.06064   14.27494    0.01815
    730.09000   10.10876    0.03252   18.84857    0.02992
    733.58000    9.80799    0.06471   21.02699    0.06780
    735.27000    9.93266    0.05559   20.66407    0.06409
    737.94000   10.40132    0.06732   21.49819    0.03041
    739.43000    9.85945    0.02807   20.81379    0.04947
    742.59000    9.23125    0.02823   20.68069    0.01730
    744.27000    8.95339    0.02828   20.36195    0.05790
    747.95000   10.31578    0.07696   17.71401    0.04084
    752.00000   10.36121    0.04436   17.95345    0.05097
    754.61000   10.30468    0.05169   20.95274    0.03544
    756.52000    9.90697    0.05855   22.40307    0.07140
    758.23000    9.51972    0.04870   23.51114    0.04413
    763.51000    9.86890    0.04596   21.99250    0.04583
    766.71000   10.52973    0.04474   21.61041    0.03959
    768.92000   10.55626    0.02415   19.62777    0.06287
    771.25000   10.36806    0.06532   20.01962    0.06191
    773.72000    9.49853    0.04219   22.21623    0.05233
    776.82000    8.84180    0.02457   23.25635    0.05224
    778.90000    8.92347    0.10397   23.33610    0.05869
    780.85000    9.21294    0.06994   23.68415    0.05730
    784.14000    9.20504    0.03911   22.23749    0.05595
    787.30000    8.61888    0.07287   21.00347    0.05577
    789.53000    9.15430    0.06020   21.75423    0.05786
    794.15000    9.12152    0.04725   24.10530    0.07149
    796.23000    9.01304    0.06800   23.43333    0.05994
    799.31000    9.57390    0.08305   22.91800    0.09572
    801.97000    9.77860    0.05359   20.04643    0.07330
    804.53000   10.14046    0.07090   19.61275    0.04730
    806.94000    9.82299    0.04920   21.11537    0.03535
    809.09000    9.53303    0.06183   20.93446    0.05990
    812.13000    9.93772    0.01080   20.29462    0.05413
    813.80000    9.29777    0.04947   20.34011    0.07329
    816.92000    9.08116    0.06815   21.13403    0.07194
    820.17000    9.39100    0.05742   21.08388    0.03146
    825.10000    9.87613    0.05755   20.85064    0.05368
    826.71000   11.14030    0.05717   22.15600    0.04322
    827.83000   10.74174    0.05468   22.38572    0.06580
    829.80000   10.32742    0.07859   22.47215    0.07841
    832.12000   10.87955    0.04892   23.11531    0.04532
    833.67000   10.98452    0.03716   22.61074    0.03039
    835.88000   10.67245    0.02210   22.06668    0.02807
    839.73000    9.89678    0.05599   21.47152    0.05732
    841.20000    9.86409    0.06192   20.91432    0.03651
    844.06000    9.85457    0.07430   20.73289    0.05649
    847.32000   10.07034    0.05773   21.56763    0.05230
    850.78000   10.24992    0.06857   22.42722    0.07073
    854.31000    9.39772    0.02741   24.31251    0.03685
    858.10000    8.94349    0.06580   25.56270    0.06107
    860.59000   10.07704    0.06889   25.73680    0.05856
    863.25000    9.90750    0.06100   25.14561    0.05732
    864.51000   10.26832    0.02501   23.82492    0.08886
    866.84000    9.58215    0.07294   22.87741    0.05479
    869.79000   10.09000    0.03071   22.71383    0.03588
    871.43000    9.97486    0.05410   22.34025    0.05722
    873.14000    9.88915    0.05062   22.69224    0.05936
    876.47000   10.22823    0.03155   23.75762    0.06165
    879.45000   10.16587    0.04903   21.36208    0.08031
    881.96000    9.43226    0.04722   21.87214    0.08370
    884.70000    9.53068    0.05497   21.22240    0.05162
    885.93000    9.66948    0.05928   21.79534    0.04366
    889.40000    7.87762    0.06505   23.49623    0.04932
    892.01000    7.55252    0.07797   23.65822    0.03406
    895.05000    7.45792    0.05038   23.12585    0.01856
    898.76000    7.27670    0.06718   22.76430    0.04575
    902.32000    7.14381    0.03621   23.32096    0.06166
    903.89000    7.09252    0.05329   24.01980    0.04775
    903.92000    7.10457    0.06002   23.97861    0.06823
    907.49000    7.79580    0.07724   22.89421    0.04803
    911.99000    7.60517    0.06059   21.56138    0.06250
    914.72000    7.02390    0.07041   20.07161    0.07069
    918.35000    7.27045    0.05715   18.19704    0.03115
    919.49000    7.42690    0.09018   17.83274    0.05887
    921.82000    8.04407    0.04114   16.94863    0.04240
    925.73000    7.71695    0.05211   17.09784    0.06303
    928.05000    7.75174    0.05552   16.40988    0.06777
    931.55000    7.81342    0.04136   17.06049    0.05894
    934.51000    7.64170    0.03351   18.34738    0.06385
    936.94000    6.93199    0.05378   17.59480    0.04138
    938.97000    6.62587    0.04584   17.75549    0.05077
    940.66000    6.82818    0.06958   16.49853    0.06768
    943.73000    5.97530    0.06423   16.29382    0.03670
    946.53000    6.04390    0.06004   16.90324    0.05715
    951.18000    5.54879    0.05698   18.42082    0.04815
    954.56000    5.53620    0.05904   18.30534    0.02787
    958.52000    5.17759    0.05197   18.06691    0.02529
    961.47000    5.46298    0.04734   17.49239    0.03890
    964.13000    5.54739    0.06786   16.22157    0.04530
    967.11000    6.32574    0.03886   15.68056    0.04198
   1095.95000    7.86167    0.06689   15.03291    0.03499
   1099.39000    8.78749    0.04396   15.58230    0.03462
   1100.40000    8.72989    0.06552   16.02363    0.05740
   1103.31000    8.53459    0.04699   15.66589    0.06758
   1105.65000    8.25426    0.04967   14.78546    0.05826
   1109.33000    7.96279    0.05290   16.46017    0.03951
   1112.69000    8.14598    0.05293   15.71243    0.07619
   1114.82000    8.12011    0.05891   16.94860    0.03858
   1118.34000    8.04459    0.04587   17.75418    0.04164
   1122.42000    7.58785    0.05688   18.95156    0.04963
   1126.68000    7.27209    0.06661   20.46196    0.07160
   1129.92000    7.38922    0.04681   19.67126    0.04242
   1132.27000    8.46587    0.02049   19.54482    0.03538
   1134.92000    8.77761    0.04399   19.89431    0.05778
   1137.96000    8.98219    0.07849   18.44005    0.04622
   1139.00000    8.49409    0.04868   18.40904    0.03549
   1143.72000   10.06997    0.05923   18.99178    0.04974
   1146.77000   10.45334    0.04149   17.81715    0.04135
   1150.33000   10.14216    0.05042   18.01580    0.04205
   1151.27000   10.16318    0.02597   17.51545    0.01092
   1152.55000   10.54525    0.07052   17.03533    0.04459
   1153.48000   11.00006    0.05034   17.42990    0.06511
   1154.86000   10.63986    0.06979   18.28244    0.06550
   1156.62000   10.84406    0.04849   17.54079    0.05386
   1159.89000   10.32388    0.01908   20.29348    0.06341
   1161.38000    9.73848    0.06774   20.31047    0.07091
   1165.06000   10.10297    0.04665   21.66475    0.07570
   1168.48000    9.13101    0.07115   20.87186    0.05927
   1171.96000    8.19322    0.03882   24.49957    0.03446
   1175.08000    7.86840    0.06585   23.97575    0.03681
   1177.75000    7.23372    0.02822   24.24216    0.07945
   1181.41000    7.44413    0.04236   25.78572    0.06390
   1182.96000    7.51317    0.07367   25.30777    0.04381
   1185.83000    8.10747    0.06843   24.55184    0.07584
   1188.76000    7.74064    0.04482   24.03731    0.05731
   1193.12000    7.47925    0.07245   23.84078    0.09001
   1195.44000    7.73626    0.01947   22.06044    0.07360
   1198.51000    6.75553    0.05129   19.68726    0.05762
   1202.28000    6.86983    0.05088   18.62586    0.04723
   1205.31000    6.50002    0.02167   17.10769    0.06032
   1208.96000    7.27970    0.04491   18.01163    0.04075
   1212.94000    7.16838    0.06669   19.49301    0.05747
   1216.61000    6.90799    0.06188   18.39742    0.04645
   1219.74000    6.35459    0.06145   18.00739    0.06021
   1222.60000    6.50513    0.06249   18.41678    0.05870
   1224.69000    7.13103    0.03954   16.92939    0.06555
   1227.34000    7.25254    0.06686   15.71647    0.04177
   1230.38000    6.86401    0.00846   16.86164    0.05724
   1231.86000    6.89806    0.05271   15.79002    0.07240
   1234.54000    6.95678    0.05213   15.98472    0.07114
   1236.72000    6.40797    0.06324   17.67189    0.03964
   1240.23000    6.55727    0.04925   17.21594    0.03820
   1242.33000    6.49212    0.03498   16.71224    0.04528
   1245.76000    6.41275    0.02070   15.23022    0.06888
   1248.53000    6.79952    0.05756   15.13788    0.05175
   1249.43000    6.99647    0.02079   15.48865    0.06545
   1250.65000    7.32090    0.05429   16.40449    0.05567
   1252.59000    7.37828    0.05865   16.49805    0.03920
   1255.62000    7.48785    0.07823   15.62726    0.05646
   1258.74000    7.43901    0.05838   16.05492    0.07247
   1261.51000    7.82024    0.05625   16.69137    0.02690
   1265.56000    7.47813    0.08139   15.63704    0.04479
   1270.02000    6.20558    0.05589   15.44585    0.06340
   1272.23000    6.50653    0.06102   15.45473    0.05209
   1276.71000    7.43717    0.06752   16.23786    0.03751
   1280.72000    7.55231    0.02674   17.27409    0.07270
   1285.22000    7.50916    0.03753   17.45362    0.03246
   1286.14000    7.77849    0.04671   17.50660    0.07186
   1290.78000    7.94362    0.06030   18.63364    0.03571
   1293.54000    7.48334    0.03572   16.20585    0.04756
   1296.27000    6.89383    0.05606   15.37806    0.06698
   1300.97000    7.36115    0.05877   15.75663    0.06474
   1304.61000    7.15005    0.04589   16.68293    0.05470
   1307.38000    6.87876    0.07120   18.00238    0.04944
   1311.37000    7.02064    0.02243   17.29227    0.06363
   1314.04000    6.41855    0.05794   18.15557    0.06891
   1317.34000    6.75686    0.05716   18.20081    0.03996
   1320.53000    6.62052    0.05260   16.98447    0.04516
   1322.33000    6.25420    0.04890   16.89301    0.06892
   1326.58000    5.92222    0.05326   16.49792    0.07615
   1329.73000    5.57377    0.06339   16.41348    0.04640
   1333.59000    6.08193    0.05146   16.23587    0.05430
   1460.03000    6.06840    0.02593   14.52191    0.03404
   1464.27000    6.00345    0.05814   15.41674    0.02412
   1468.01000    5.70109    0.06364   15.83485    0.03374
   1472.04000    5.92889    0.06240   15.93994    0.04175
   1473.59000    5.55599    0.04351   16.70582    0.04851
   1477.49000    5.34389    0.03749   16.01327    0.04530
   1481.03000    5.16465    0.03982   15.57651    0.03857
   1485.29000    4.49634    0.04445   15.31768    0.06097
   1488.29000    4.35049    0.07136   14.89136    0.03568
   1491.57000    4.04674    0.03867   14.10317    0.06232
   1494.41000    4.25145    0.05317   14.36900    0.06508
   1498.95000    4.62170    0.04575   14.35706    0.05516
   1503.26000    4.92117    0.05031   12.92273    0.04852
   1506.71000    4.98750    0.06421   12.14755    0.04726
   1509.25000    4.96330    0.04083   11.55166    0.05535
   1513.19000    5.13217    0.05602   10.88386    0.06750
   1515.17000    5.09134    0.05144   10.41520    0.08193
   1516.23000    5.06245    0.05856   10.04851    0.07507
   1519.64000    5.60047    0.05344    9.64392    0.02612
   1521.82000    5.70988    0.07985    9.94614    0.07957
   1523.70000    5.64395    0.04282   10.77440    0.05125
   1526.84000    6.10450    0.07498   11.32150    0.04678
   1529.17000    6.42977    0.05800   11.55565    0.05677
   1531.50000    6.66763    0.05561   11.72436    0.04506
   1533.10000    7.11960    0.04043   11.61121    0.08983
   1535.18000    7.18593    0.03421   12.36060    0.07039
   1537.60000    6.95598    0.05791   12.10921    0.05717
   1540.45000    7.83734    0.05390   12.40834    0.06503
   1543.38000    8.66370    0.07936   12.30249    0.07114
   1547.08000    8.63477    0.05606   13.61344    0.05663
   1549.76000    8.39131    0.04310   14.23246    0.03591
   1551.58000    8.41643    0.01911   14.26692    0.06508
   1554.34000    8.04557    0.05400   15.10306    0.07926
   1556.03000    8.00387    0.04447   15.69310    0.06594
   1560.79000    7.40303    0.03678   17.27247    0.05701
   1561.81000    7.75609    0.05318   18.07919    0.06536
   1564.64000    8.59303    0.04088   17.19256    0.05950
   1568.87000    8.36046    0.05096   20.16251    0.04651
   1572.48000    9.00609    0.07634   20.67709    0.06700
   1576.26000    9.52385    0.06979   21.03979    0.04609
   1579.84000    9.68632    0.04849   20.47621    0.06494
   1582.71000    9.40192    0.06732   19.11938    0.08062
   1585.10000   10.28484    0.05597   19.59221    0.06975
   1586.96000   10.07915    0.06562   19.10021    0.07178
   1589.36000   10.23389    0.05278   19.42362    0.04832
   1591.92000   10.38281    0.07481   21.06900    0.05167
   1595.47000   11.24424    0.06125   20.80550    0.05235
   1599.53000   11.43463    0.05015   21.74583    0.01791
   1602.46000   10.87403    0.06490   23.19686    0.05012
   1603.60000   10.48110    0.05152   23.51114    0.04840
   1606.71000   10.95060    0.05910   24.07073    0.04405
   1612.55000    9.79478    0.07470   24.51569    0.04871
   1615.72000    9.11671    0.04317   24.78455    0.03700
   1618.30000    8.75254    0.04515   25.08358    0.07924
   1621.73000    8.29364    0.06590   26.50070    0.05577
   1624.79000    8.58911    0.02170   26.90196    0.02917
   1627.66000    8.27490    0.03471   27.86594    0.05134
   1630.32000    7.51630    0.05899   25.45791    0.06595
   1634.41000    7.44104    0.03949   25.86580    0.04409
   1639.11000    7.16003    0.04781   23.50217    0.03418
   1641.53000    6.91914    0.05732   21.86515    0.05118
   1646.09000    7.31680    0.04662   20.49822    0.05813
   1649.10000    7.20375    0.05700   19.49365    0.07160
   1653.02000    7.02701    0.05604   20.56101    0.04113
   1656.43000    7.53286    0.06721   19.35283    0.05340
   1658.94000    7.35647    0.06430   17.21585    0.05253
   1663.71000    7.79831    0.07954   17.25349    0.06324
   1665.49000    8.27589    0.02948   17.48679    0.02084
   1669.24000    7.47459    0.05583   16.44586    0.06751
   1670.90000    7.66243    0.05373   16.62797    0.08275
   1674.08000    7.84880    0.07153   17.43115    0.06058
   1678.17000    7.77457    0.03767   16.51432    0.03849
   1680.68000    7.83857    0.05042   17.08809    0.04384
   1683.34000    8.06997    0.03331   17.70705    0.05404
   1686.39000    7.70605    0.04095   17.47122    0.06141
   1689.39000    8.04470    0.07408   18.14124    0.04634
   1689.99000    7.96911    0.04134   18.13290    0.05899
   1693.75000    7.80720    0.07014   19.58700    0.04826
   1695.64000    7.88123    0.03349   18.49093    0.03467
   1698.14000    7.79082    0.05610   17.87297    0.07687
