## Time Delay Challenge light curves
##
## [time]=days, [lc]=[err]=flux in nanomaggies
##
##       time       lc_A      err_A       lc_B      err_B
##-------------------------------------------------------
      2.03000    5.88046    0.06304    2.36570    0.04588
      5.43000    5.93874    0.05661    2.56447    0.08160
      7.88000    7.58608    0.06174    2.31816    0.04962
      9.78000    7.85352    0.05812    2.53263    0.05812
     12.68000    6.18655    0.05453    2.87370    0.06310
     15.63000    6.57442    0.03423    2.77565    0.04935
     16.68000    6.18157    0.03649    2.52390    0.04644
     19.66000    5.56888    0.06075    3.21453    0.04793
     21.61000    4.79235    0.04164    3.30993    0.06949
     25.59000    3.95198    0.06787    3.81946    0.04515
     27.94000    4.42047    0.07089    3.67386    0.04391
     30.94000    4.52210    0.04194    3.56861    0.03611
     33.67000    4.31285    0.04765    3.41311    0.06257
     36.90000    4.32760    0.03177    3.62348    0.05975
     39.13000    3.71463    0.04012    3.54804    0.04134
     43.81000    3.61629    0.05551    3.53244    0.04613
     47.73000    3.71966    0.07720    3.46300    0.04193
     51.46000    3.84448    0.05098    3.97989    0.03408
     54.45000    4.25629    0.03725    4.29020    0.04292
     59.10000    3.92065    0.05856    4.36992    0.05285
     61.94000    4.54573    0.05632    4.59892    0.04218
     64.07000    4.96064    0.06743    3.86332    0.05473
     68.55000    5.40351    0.05574    3.92348    0.05622
     70.81000    5.47315    0.06514    3.53587    0.08229
     73.59000    5.47381    0.04999    2.93927    0.03917
     77.26000    5.68832    0.03276    2.89677    0.03029
     81.32000    5.23332    0.05043    3.06261    0.05686
     82.97000    5.27558    0.05213    3.30609    0.05191
     84.98000    5.00277    0.04307    3.12547    0.05308
     88.59000    5.05180    0.05407    3.00951    0.04219
     92.53000    5.28286    0.07696    2.86506    0.07225
     95.42000    5.92880    0.06994    3.03901    0.07646
     96.10000    6.22429    0.03810    3.20421    0.07130
    100.31000    6.45794    0.04470    2.81782    0.02934
    101.87000    6.80470    0.06764    3.34185    0.05596
    105.66000    6.24798    0.02393    3.51655    0.04509
    108.80000    5.40496    0.07608    4.06831    0.07053
    111.66000    5.84449    0.05002    3.99505    0.05423
    113.86000    5.36390    0.06891    4.13793    0.07213
    117.02000    4.49002    0.06495    4.01145    0.06119
    122.09000    4.30520    0.03354    3.63865    0.04264
    126.26000    4.43929    0.03122    3.21421    0.06682
    129.26000    4.41112    0.04381    3.52231    0.06895
    132.49000    4.16203    0.06689    3.68338    0.04320
    135.48000    3.99901    0.04854    3.45838    0.07260
    139.33000    4.66731    0.05896    3.47767    0.04671
    142.51000    4.15663    0.03433    3.27178    0.06582
    146.15000    4.76281    0.08679    2.73466    0.06508
    149.52000    5.98499    0.04090    2.43559    0.04299
    153.96000    6.01778    0.07559    2.26193    0.03730
    156.77000    5.96424    0.09147    2.09241    0.04566
    159.13000    6.40197    0.05183    2.34033    0.05016
    162.94000    5.71679    0.02126    2.69614    0.04363
    166.23000    5.29291    0.04018    2.70028    0.04981
    167.85000    4.89926    0.06977    2.72136    0.05557
    169.12000    5.41529    0.04073    2.81211    0.07572
    173.02000    5.06679    0.05539    2.33441    0.04593
    176.22000    5.12450    0.01833    2.15803    0.05696
    177.25000    5.13046    0.05755    1.84224    0.07019
    181.12000    4.95463    0.04304    1.89433    0.06335
    184.24000    5.04025    0.05347    2.00376    0.08487
    187.95000    4.15156    0.03833    2.25254    0.06327
    190.33000    3.55384    0.06101    2.36796    0.08472
    194.16000    3.60373    0.05162    2.38327    0.03641
    195.54000    3.63454    0.05278    2.27417    0.06092
    196.82000    3.80636    0.08213    2.35194    0.07098
    199.47000    3.38608    0.06379    2.18645    0.06233
    202.00000    3.48158    0.03490    2.32964    0.07511
    205.24000    4.14973    0.08054    2.41319    0.04332
    208.29000    4.19046    0.04055    2.76484    0.04061
    211.76000    4.16990    0.03429    2.47164    0.01668
    216.60000    3.68162    0.04439    1.84222    0.08128
    218.53000    3.28942    0.04345    1.88933    0.06553
    220.48000    3.14362    0.02063    2.01240    0.07773
    225.48000    3.12341    0.06101    2.40161    0.04847
    230.04000    3.32949    0.04611    2.53806    0.06172
    233.09000    3.62653    0.03706    2.71790    0.06226
    236.56000    3.54847    0.04038    2.55680    0.08286
    239.58000    3.27499    0.05142    2.78245    0.08961
    367.55000    2.32368    0.06197    1.64639    0.04406
    371.27000    2.33891    0.07379    1.46430    0.03067
    373.37000    2.71648    0.06704    1.69990    0.05531
    375.42000    2.60538    0.06280    1.69112    0.04065
    377.44000    2.82300    0.07560    1.80047    0.05482
    379.96000    2.71663    0.04660    1.62802    0.03300
    383.26000    2.68761    0.02306    1.99337    0.04795
    386.32000    2.56968    0.04617    2.00544    0.08322
    390.85000    2.55300    0.05088    1.98456    0.07688
    394.29000    2.83590    0.06627    1.66756    0.04507
    398.70000    2.76733    0.05460    1.78380    0.05711
    401.10000    2.92886    0.06741    1.60014    0.05794
    403.53000    2.82528    0.07049    1.57368    0.06078
    407.41000    2.27084    0.04647    1.73218    0.03922
    410.15000    2.43368    0.06146    1.58530    0.04449
    413.59000    2.47999    0.02215    1.94958    0.06041
    417.54000    2.58411    0.04380    1.62492    0.06985
    421.65000    2.56118    0.05933    1.63633    0.07247
    424.10000    2.63864    0.03011    1.52891    0.03249
    427.47000    3.13050    0.05334    1.60309    0.03395
    430.25000    2.97887    0.05518    1.62003    0.05121
    432.11000    2.92300    0.05280    1.57388    0.05697
    432.53000    2.87503    0.04126    1.46660    0.06026
    436.07000    2.37960    0.05249    1.95073    0.03819
    439.95000    2.83744    0.06948    2.09955    0.04587
    443.04000    2.22796    0.06012    2.03644    0.06275
    446.48000    2.36224    0.05766    2.09358    0.04599
    451.28000    2.28141    0.06864    1.76317    0.07206
    456.24000    2.70838    0.05218    1.68526    0.05296
    457.75000    2.50967    0.02329    1.87502    0.05202
    461.23000    2.35674    0.06028    1.61960    0.05323
    463.56000    2.61170    0.06313    1.46645    0.06807
    466.89000    2.37284    0.04605    1.58604    0.05645
    469.96000    2.44505    0.04332    1.84969    0.04439
    473.52000    2.25018    0.05003    1.63534    0.08015
    477.41000    2.44897    0.04325    1.46875    0.05429
    481.19000    2.98934    0.04922    1.50564    0.05550
    483.67000    2.70947    0.06257    1.52630    0.09885
    487.82000    2.64584    0.04954    1.66099    0.08840
    491.58000    2.67526    0.03232    1.40912    0.07811
    493.90000    2.72125    0.04986    1.36533    0.04746
    498.92000    2.42499    0.04593    1.29997    0.05992
    501.41000    2.65960    0.04948    1.42712    0.04549
    503.53000    2.34091    0.06973    1.21420    0.06025
    505.11000    2.31396    0.05242    1.12277    0.06329
    508.80000    2.47716    0.05473    0.88958    0.07525
    513.87000    2.40753    0.03060    1.24215    0.07644
    516.29000    2.35984    0.06608    1.42157    0.06676
    519.34000    2.43099    0.03924    1.46141    0.05856
    521.59000    2.50305    0.07275    1.38558    0.05965
    525.47000    2.27693    0.07877    1.55084    0.03068
    529.98000    2.45205    0.05478    1.50921    0.02246
    531.96000    2.33781    0.05571    1.73055    0.08323
    535.72000    2.14744    0.07555    2.31335    0.03792
    538.02000    2.04095    0.04311    2.68999    0.08801
    540.79000    1.99874    0.05781    2.86977    0.04466
    543.10000    2.00025    0.04851    2.79265    0.03320
    546.50000    1.70700    0.06770    2.52479    0.05437
    550.11000    1.40455    0.02644    2.63641    0.03106
    553.22000    1.55141    0.06163    2.09158    0.05489
    556.69000    1.72353    0.05402    2.14603    0.05158
    558.11000    1.94700    0.05922    2.39645    0.05582
    560.29000    2.41093    0.07574    2.47373    0.00601
    562.44000    2.20083    0.05213    2.38838    0.05050
    567.45000    2.11490    0.06204    2.34788    0.05674
    569.49000    2.27827    0.06167    2.60763    0.07948
    573.60000    2.45002    0.05067    2.32039    0.04297
    576.36000    3.01342    0.05266    2.22085    0.03995
    578.99000    3.76824    0.06029    2.31834    0.08248
    581.48000    4.34443    0.03907    2.23732    0.06753
    584.51000    4.34100    0.05048    2.25446    0.05915
    587.62000    3.71325    0.06296    2.10475    0.05204
    590.66000    3.46120    0.04487    1.82957    0.02987
    594.29000    3.24452    0.05760    1.61465    0.07477
    597.45000    3.00767    0.06997    1.93822    0.06925
    599.56000    3.27552    0.03216    1.98169    0.05479
    602.64000    3.52359    0.04230    1.59746    0.06005
    604.55000    3.50610    0.05482    1.44479    0.05264
    730.82000    3.54307    0.04370    2.84036    0.03696
    733.82000    3.44523    0.05229    2.25792    0.06577
    736.15000    3.58856    0.04763    2.51211    0.05648
    738.32000    3.89850    0.07050    2.38994    0.04343
    742.15000    4.04088    0.05616    2.38862    0.06588
    747.53000    4.62327    0.06575    2.05702    0.05402
    750.22000    4.18325    0.08079    1.64203    0.06551
    754.17000    4.10628    0.04697    1.66401    0.04124
    757.47000    3.79591    0.04002    1.91627    0.05022
    759.93000    3.56247    0.02926    2.03385    0.06942
    761.27000    3.58836    0.03484    2.02637    0.04224
    764.63000    4.54791    0.07939    2.21429    0.07391
    767.59000    4.23092    0.04801    1.83399    0.05343
    771.16000    4.28167    0.06273    1.87417    0.03699
    772.95000    4.27920    0.04011    1.74385    0.07317
    775.90000    3.65188    0.04977    1.76984    0.04984
    778.68000    3.74805    0.04635    1.68928    0.04909
    779.68000    3.56181    0.04175    1.76192    0.05022
    784.45000    3.69038    0.05163    1.41542    0.07421
    787.27000    3.20226    0.03691    1.45863    0.06565
    790.47000    2.98772    0.07498    1.75766    0.07794
    793.32000    2.60993    0.04951    1.71838    0.05719
    796.03000    2.48733    0.04076    1.41883    0.03129
    800.69000    2.90331    0.07615    1.16578    0.07356
    803.55000    2.97433    0.06724    1.31547    0.05620
    805.26000    2.99172    0.05601    1.62289    0.04859
    808.24000    2.95340    0.04809    1.80394    0.03086
    811.23000    2.81686    0.04617    1.85529    0.06515
    812.57000    2.80284    0.05830    1.65017    0.06682
    814.94000    2.75873    0.10122    1.75364    0.06040
    816.51000    2.81736    0.05724    1.64159    0.04966
    818.62000    2.56437    0.05347    1.64296    0.06335
    820.40000    2.66542    0.06268    1.63307    0.02331
    825.03000    2.31114    0.05747    1.54659    0.07271
    826.79000    2.18677    0.08098    1.80448    0.07470
    828.15000    2.54165    0.04034    1.82199    0.05776
    831.23000    2.32392    0.05391    1.84528    0.05316
    832.48000    2.38084    0.05976    1.76291    0.03755
    836.18000    2.39368    0.05856    1.89554    0.03726
    838.62000    2.17839    0.07112    1.71070    0.05888
    840.62000    2.35587    0.06676    1.94796    0.06075
    842.73000    2.08707    0.08679    1.95585    0.03582
    845.21000    2.19017    0.06944    2.07849    0.05335
    847.61000    2.52811    0.04738    1.97861    0.06674
    850.44000    2.72725    0.05944    1.87781    0.04823
    854.21000    2.64879    0.03405    2.15834    0.06886
    857.96000    2.47210    0.04531    1.83812    0.04922
    861.45000    2.43857    0.05498    2.07359    0.03556
    864.63000    2.37172    0.06634    1.86020    0.03503
    867.26000    2.42634    0.04417    2.37586    0.04311
    870.17000    2.89216    0.07747    2.11762    0.07655
    873.19000    2.97735    0.03510    2.11006    0.04822
    875.21000    2.57060    0.04488    2.14402    0.05114
    875.37000    2.62189    0.03808    2.18983    0.06244
    876.69000    2.62115    0.02601    2.22024    0.07261
    879.30000    2.79907    0.05525    2.34841    0.09148
    882.32000    2.73490    0.05427    2.30471    0.05793
    886.12000    3.07985    0.04705    2.27731    0.03797
    889.76000    2.96914    0.05750    2.05345    0.06129
    892.72000    2.91318    0.02041    2.09058    0.02578
    894.64000    3.31521    0.05680    2.28743    0.04098
    897.09000    3.39898    0.03986    2.50243    0.03633
    899.04000    2.89651    0.04608    2.53085    0.07000
    903.41000    3.38583    0.05999    2.32480    0.05945
    906.52000    2.89856    0.05927    2.30091    0.03727
    907.93000    3.02478    0.03305    2.41439    0.03220
    909.55000    3.65071    0.03350    2.39178    0.05178
    912.37000    3.41399    0.06492    2.49869    0.07318
    916.29000    3.30449    0.07227    2.36774    0.08357
    918.89000    3.35240    0.04938    2.57564    0.05072
    923.01000    3.32274    0.06850    1.80006    0.07332
    926.47000    3.22112    0.04874    1.89080    0.03801
    930.60000    3.17710    0.04089    1.86572    0.04265
    933.82000    3.56234    0.05396    1.75717    0.06156
    936.03000    3.34713    0.03691    2.19734    0.04391
    937.49000    3.78601    0.03144    2.35983    0.04944
    940.68000    3.78150    0.04081    2.62690    0.06058
    944.36000    3.32185    0.07779    2.25105    0.04722
    946.58000    3.75738    0.05962    2.34923    0.06139
    948.59000    3.55771    0.04148    2.20447    0.05440
    950.38000    3.51995    0.05163    2.37159    0.05633
    954.06000    3.59211    0.06641    2.78056    0.02081
    957.11000    3.77658    0.06651    2.49884    0.04694
    960.97000    4.04909    0.03247    2.44569    0.04473
    963.22000    3.10088    0.02009    2.56725    0.04265
    966.45000    3.13241    0.05819    2.58361    0.07117
    968.19000    2.99483    0.02725    2.58305    0.06886
   1095.55000    3.54851    0.04929    1.58360    0.02455
   1097.78000    3.08338    0.07323    1.73765    0.06721
   1101.28000    2.85800    0.04598    1.57047    0.06676
   1105.42000    2.58093    0.09792    1.49913    0.05326
   1108.84000    2.54261    0.05360    1.60420    0.06369
   1111.78000    2.46773    0.03044    1.68132    0.06335
   1113.72000    2.15375    0.04829    1.96498    0.07401
   1116.59000    2.16637    0.03167    2.13732    0.03813
   1118.80000    2.50032    0.02605    2.34362    0.03628
   1122.89000    3.03448    0.08065    2.46740    0.05789
   1126.19000    3.65335    0.02927    2.31816    0.01981
   1130.14000    2.74762    0.04251    3.00809    0.04914
   1133.71000    2.87400    0.06822    2.82695    0.04792
   1134.94000    2.53659    0.05222    2.63231    0.07466
   1138.35000    2.58977    0.02927    2.56464    0.05732
   1141.99000    2.69670    0.04019    2.72143    0.04372
   1144.82000    2.67420    0.04302    3.25108    0.05806
   1147.93000    2.67739    0.07931    2.93678    0.06546
   1151.38000    2.63097    0.08259    3.38612    0.06347
   1154.08000    2.76699    0.04018    2.89192    0.05446
   1156.65000    3.20425    0.06301    2.97495    0.07150
   1161.12000    3.61283    0.02790    2.40309    0.04837
   1163.93000    3.39979    0.05885    2.49216    0.01905
   1164.91000    3.76595    0.07200    2.50856    0.02149
   1165.88000    3.82992    0.08109    2.60358    0.05210
   1167.83000    3.47652    0.06566    2.07786    0.03362
   1170.63000    4.28073    0.05534    2.22930    0.04531
   1171.76000    4.50218    0.05259    2.20385    0.04925
   1176.06000    4.48962    0.03291    2.26551    0.04781
   1176.67000    4.67243    0.05082    2.09313    0.04134
   1178.22000    4.43584    0.03465    2.09719    0.06135
   1179.82000    4.26063    0.07596    1.92595    0.04978
   1184.00000    4.34482    0.03782    1.64621    0.08432
   1188.00000    5.12202    0.03681    1.53019    0.03922
   1191.75000    5.49614    0.05939    1.59537    0.07001
   1194.06000    4.62208    0.05475    1.58900    0.05176
   1198.82000    4.42582    0.06955    1.61694    0.04466
   1201.51000    3.90185    0.06139    1.70582    0.04845
   1204.58000    3.76266    0.04335    1.65796    0.05557
   1206.84000    3.97405    0.05525    1.99869    0.05175
   1211.01000    3.38117    0.05674    1.62452    0.06237
   1214.26000    3.19570    0.03078    1.99191    0.05209
   1216.76000    3.39920    0.03309    2.23538    0.06545
   1219.98000    3.45980    0.05505    2.21080    0.04475
   1221.16000    3.27991    0.04974    2.29102    0.05274
   1223.17000    3.01575    0.05452    2.21730    0.09532
   1226.89000    2.61370    0.04213    2.16766    0.08011
   1230.00000    2.31893    0.05307    2.06942    0.08955
   1232.98000    2.48236    0.03642    2.24383    0.05496
   1235.99000    2.42144    0.04883    1.92133    0.03002
   1239.28000    2.36375    0.05510    2.05673    0.07321
   1243.74000    2.59097    0.05774    1.88573    0.06295
   1246.36000    2.53757    0.04539    2.05870    0.04349
   1250.49000    2.58247    0.02715    2.11590    0.08113
   1253.11000    2.63944    0.05242    2.00311    0.07003
   1256.69000    2.95805    0.06140    2.22440    0.06731
   1258.53000    3.23677    0.07167    2.60052    0.05205
   1261.11000    3.22286    0.04653    2.68448    0.08051
   1265.57000    3.20652    0.06011    2.77440    0.07243
   1268.82000    3.07729    0.05526    2.23069    0.03639
   1272.19000    3.13692    0.03582    2.65421    0.03807
   1274.75000    3.37474    0.03270    2.61856    0.05680
   1281.33000    3.05478    0.05406    2.79281    0.05586
   1285.64000    2.84542    0.06117    2.38569    0.08769
   1290.96000    2.90639    0.06946    2.22663    0.07493
   1294.83000    2.92562    0.05952    2.51055    0.03508
   1298.98000    3.42070    0.05186    2.27808    0.06182
   1303.49000    3.92856    0.05200    2.92814    0.07080
   1305.27000    4.15323    0.06215    2.75324    0.07782
   1308.31000    3.73638    0.05344    2.58446    0.07270
   1309.40000    3.67886    0.05516    2.43617    0.05015
   1310.52000    3.37464    0.02989    2.59972    0.06258
   1315.89000    3.88225    0.07060    2.72357    0.04423
   1319.22000    3.88318    0.07135    2.45032    0.05786
   1321.10000    3.66893    0.07555    2.57878    0.05452
   1323.40000    4.22055    0.02952    2.16212    0.04765
   1326.94000    3.62276    0.04129    1.84272    0.06909
   1329.39000    3.54242    0.04863    1.80869    0.03412
   1333.84000    3.23049    0.04772    1.74091    0.03799
   1462.78000    2.91707    0.06035    2.07481    0.03712
   1465.37000    2.73943    0.04889    2.16180    0.04521
   1467.05000    2.84750    0.06153    2.31440    0.04858
   1469.13000    2.60651    0.02598    2.31964    0.07054
   1471.63000    2.43105    0.02721    2.00354    0.06432
   1474.13000    2.32318    0.07789    2.25425    0.01782
   1477.19000    2.97551    0.04652    2.87642    0.07606
   1480.41000    2.87819    0.04161    2.82956    0.05064
   1484.96000    2.34999    0.04661    2.50718    0.08434
   1487.74000    2.41528    0.05317    2.11469    0.07428
   1491.02000    2.29775    0.05069    1.98275    0.05352
   1495.06000    2.78190    0.04694    2.09938    0.02562
   1499.19000    3.52565    0.04767    2.36158    0.04021
   1502.14000    3.03166    0.04382    2.37449    0.04941
   1505.09000    2.93924    0.06038    2.72122    0.05017
   1509.89000    3.42551    0.05020    3.45889    0.07862
   1513.10000    3.34355    0.06068    3.20638    0.05884
   1513.95000    3.18037    0.04800    3.00621    0.01622
   1515.93000    3.20939    0.05203    2.97882    0.08903
   1519.48000    4.16064    0.05750    2.57787    0.05228
   1525.25000    3.87321    0.07396    2.56065    0.05734
   1528.16000    3.56683    0.05442    2.68032    0.04751
   1531.30000    2.92029    0.07247    2.81861    0.05966
   1534.42000    3.05158    0.02743    2.77662    0.04760
   1536.69000    3.28364    0.02151    2.43756    0.05095
   1539.46000    3.48464    0.02845    2.21854    0.07198
   1543.10000    3.30417    0.03961    2.36721    0.04826
   1545.42000    4.01214    0.04692    2.02808    0.04031
   1547.33000    3.90143    0.06569    2.11064    0.03558
   1550.05000    4.99513    0.04631    2.83468    0.08566
   1554.08000    4.74952    0.04827    2.74734    0.04739
   1555.58000    4.60545    0.05180    2.62573    0.05949
   1559.29000    4.23627    0.07610    2.81633    0.03281
   1559.92000    4.24209    0.04595    2.78992    0.04545
   1561.90000    3.79880    0.06043    2.88590    0.05931
   1566.02000    3.49371    0.05066    2.55312    0.06528
   1567.30000    3.80084    0.08310    2.59336    0.03978
   1570.22000    3.85997    0.02547    2.49155    0.07644
   1573.77000    4.11430    0.04879    2.33059    0.04792
   1576.71000    3.90483    0.02870    2.53751    0.05772
   1579.43000    3.47310    0.06068    2.38014    0.05232
   1581.75000    3.57585    0.05468    2.50359    0.06652
   1586.41000    3.30777    0.03510    2.77502    0.04631
   1590.12000    3.30817    0.07555    2.68014    0.03721
   1592.84000    4.26394    0.02746    2.96315    0.02589
   1594.79000    4.36156    0.02886    2.74913    0.03709
   1598.22000    4.19091    0.05870    3.48162    0.06589
   1599.41000    4.07223    0.05637    3.30477    0.07566
   1602.51000    4.39841    0.05076    2.80800    0.01859
   1605.92000    3.78335    0.05516    2.23010    0.07412
   1608.63000    3.66671    0.06515    2.65462    0.06673
   1610.14000    3.88532    0.05689    2.54813    0.04920
   1612.67000    3.77187    0.06660    2.36173    0.06172
   1615.05000    3.60502    0.04694    2.87731    0.03276
   1617.39000    3.28264    0.03199    2.65455    0.06736
   1619.44000    3.57652    0.03825    2.54353    0.06447
   1622.76000    3.65684    0.04828    2.89216    0.08121
   1627.16000    3.59969    0.08084    3.14314    0.06170
   1629.90000    4.23828    0.03241    2.79318    0.04946
   1635.31000    4.28184    0.04025    2.87443    0.06341
   1638.28000    4.40957    0.03513    2.50609    0.02948
   1642.23000    5.04462    0.04791    2.69785    0.05801
   1643.70000    4.32219    0.06189    2.84813    0.06640
   1646.27000    3.49870    0.06275    2.47264    0.05921
   1649.07000    3.57738    0.06006    2.60163    0.05065
   1652.56000    3.49291    0.02444    3.18959    0.07861
   1654.96000    3.42742    0.05399    2.81709    0.04355
   1658.51000    4.04997    0.05642    2.75480    0.05532
   1661.04000    3.70083    0.04951    2.82419    0.05401
   1663.42000    4.10497    0.07397    2.63641    0.05473
   1665.30000    4.37796    0.03166    2.65384    0.03842
   1668.46000    4.10741    0.06321    2.11950    0.05494
   1671.43000    4.26732    0.04095    2.30362    0.07591
   1673.41000    4.42855    0.07178    2.18471    0.05843
   1677.76000    3.90098    0.04935    2.01107    0.02333
   1681.37000    3.55325    0.06497    2.04801    0.01902
   1684.08000    4.33780    0.05655    1.87959    0.04434
   1687.28000    3.84514    0.07482    1.89618    0.06326
   1690.34000    3.97438    0.03623    2.18665    0.03520
   1693.27000    4.38768    0.04399    2.30697    0.05339
   1695.43000    4.88913    0.05967    2.25526    0.03750
   1697.35000    4.26781    0.03326    2.02521    0.08253
   1699.46000    4.56757    0.06103    1.81703    0.04940
