## Time Delay Challenge light curves
##
## [time]=days, [lc]=[err]=flux in nanomaggies
##
##       time       lc_A      err_A       lc_B      err_B
##-------------------------------------------------------
      3.23000    7.72351    0.04235   12.99064    0.05315
      4.17000    7.62110    0.08559   12.72001    0.06618
      6.80000    7.50484    0.04411   12.78174    0.06243
      9.06000    7.69648    0.03147   12.49355    0.03437
     11.53000    7.91373    0.03786   12.24707    0.04823
     15.32000    7.98516    0.07454   12.28717    0.03097
     18.46000    8.06438    0.06894   11.35684    0.04504
     20.60000    8.16207    0.04830   11.40631    0.08715
     21.61000    8.09300    0.05865   11.12467    0.04748
     24.68000    8.36646    0.04038   11.05573    0.07283
     27.91000    8.01022    0.03141   11.45121    0.06616
     30.74000    7.97259    0.03941   11.37790    0.04906
     34.28000    7.79916    0.06860   11.50761    0.05938
     38.10000    7.64650    0.05843   10.79626    0.05989
     42.10000    7.30496    0.04115   11.03735    0.05690
     46.27000    7.17787    0.05583   11.48641    0.07470
     48.94000    7.27049    0.06526   11.13743    0.05417
     52.29000    7.11382    0.03899   10.90975    0.03540
     55.62000    7.21210    0.06231   11.21826    0.03815
     57.87000    6.94257    0.05578   10.74571    0.04373
     59.15000    7.09920    0.04628   11.00717    0.04741
     62.49000    6.90515    0.04443   10.88318    0.05797
     65.18000    7.06799    0.06692   10.83331    0.05845
     68.10000    6.80825    0.05045   10.78603    0.04989
     71.22000    6.31197    0.06092   11.12807    0.07214
     77.18000    6.37431    0.05421   10.79785    0.05322
     81.30000    6.34746    0.05240   11.00840    0.07644
     83.28000    6.42384    0.04879   11.46869    0.07234
     88.71000    6.08405    0.07780   11.66109    0.05208
     91.98000    6.30309    0.04610   12.12749    0.07503
     95.41000    6.05997    0.08678   11.61160    0.07305
     99.49000    6.19719    0.02258   11.18504    0.04592
    101.78000    6.04499    0.05457   11.42859    0.06776
    105.65000    6.06381    0.07403   12.07193    0.05659
    109.32000    6.04561    0.04016   11.95507    0.05650
    110.11000    6.06802    0.04460   12.11516    0.02327
    112.21000    6.15638    0.05153   11.92405    0.06139
    115.58000    6.01111    0.04405   12.43176    0.05542
    119.47000    5.92310    0.05675   12.42405    0.06840
    123.19000    6.26031    0.03779   12.79652    0.03615
    127.01000    6.11057    0.02466   13.23721    0.03654
    129.82000    6.31592    0.06094   14.02503    0.05426
    134.18000    6.38641    0.04282   14.17129    0.05641
    137.12000    6.50373    0.03293   14.82240    0.01797
    139.89000    6.60676    0.04405   14.25430    0.07414
    142.48000    7.06085    0.07328   14.34509    0.02627
    145.30000    6.85671    0.08095   13.41925    0.03188
    147.25000    6.75767    0.06559   13.31496    0.08074
    149.06000    6.67477    0.05273   13.71825    0.04198
    152.49000    6.63207    0.04310   13.21555    0.03704
    155.68000    7.13689    0.04957   12.75888    0.06104
    157.97000    7.00811    0.04510   12.56078    0.06740
    161.29000    6.93741    0.04639   12.44758    0.03358
    164.41000    6.88577    0.04987   12.19793    0.06288
    167.76000    7.42372    0.02252   11.96211    0.04869
    172.04000    7.09366    0.05402   11.57369    0.05465
    174.99000    7.48474    0.09263   11.24438    0.04425
    177.36000    7.51804    0.05834   11.02336    0.05242
    182.32000    7.99707    0.05820   11.45920    0.04436
    186.58000    8.41966    0.02553   11.66358    0.03779
    189.82000    8.23364    0.05103   12.03450    0.01978
    192.24000    8.09015    0.03535   11.47083    0.04088
    192.77000    7.99261    0.04703   11.22115    0.07632
    195.69000    7.71693    0.05659   11.22357    0.04186
    197.36000    7.34771    0.05333   11.72136    0.01950
    202.42000    7.40371    0.04392   12.34125    0.05689
    203.98000    7.43468    0.05476   12.33430    0.04925
    208.98000    7.18331    0.06011   12.27543    0.03528
    213.10000    7.06725    0.06589   12.48094    0.05428
    217.33000    6.68391    0.04847   12.61604    0.03707
    220.39000    6.70982    0.03543   12.30647    0.00852
    222.77000    6.59017    0.06104   12.24661    0.04485
    226.54000    6.40346    0.03475   12.34375    0.05413
    229.62000    6.39016    0.03184   11.88478    0.07065
    232.25000    6.38597    0.05868   11.84768    0.06515
    235.14000    6.28450    0.06456   12.14584    0.02467
    238.25000    6.66387    0.06783   12.32063    0.04514
    239.91000    6.77663    0.03605   12.47113    0.07167
    366.80000    7.90840    0.04185   14.67282    0.06410
    368.63000    7.73410    0.03301   14.73590    0.04426
    372.14000    7.51792    0.07034   14.39338    0.02848
    376.44000    7.47141    0.06906   14.56185    0.05664
    380.17000    7.50296    0.04314   14.60622    0.06114
    382.66000    7.60228    0.03693   14.70298    0.04564
    385.18000    7.82141    0.07425   14.21846    0.05557
    389.45000    7.64371    0.03468   14.27781    0.04833
    391.58000    7.87955    0.03100   13.61164    0.03467
    395.78000    7.64848    0.05624   13.93415    0.08111
    397.04000    7.95521    0.04782   13.91082    0.06134
    400.49000    8.06572    0.05784   13.83501    0.03316
    404.43000    8.39076    0.06481   13.92871    0.03294
    408.60000    8.67988    0.04733   14.89618    0.04981
    411.24000    8.35512    0.04900   13.91399    0.04816
    414.38000    8.36528    0.04963   13.50936    0.03462
    416.39000    8.31258    0.04963   14.11932    0.05331
    419.21000    8.15100    0.04975   13.91903    0.03055
    422.41000    8.12252    0.08720   13.92913    0.05328
    424.06000    8.08874    0.07086   13.87926    0.07087
    429.05000    8.13404    0.05035   14.16387    0.07239
    430.02000    8.30845    0.04510   14.45921    0.03684
    433.18000    8.17136    0.08528   14.14896    0.05026
    435.33000    8.21359    0.05952   14.12773    0.04370
    439.55000    7.87086    0.02805   14.39807    0.08041
    443.02000    7.51948    0.04395   13.38520    0.05695
    445.73000    7.79316    0.07735   13.44857    0.03701
    449.18000    7.74715    0.01149   13.03597    0.07656
    452.60000    7.81866    0.06121   13.97572    0.05914
    456.60000    8.24785    0.05191   14.53663    0.05061
    459.10000    8.23245    0.05321   14.24587    0.06383
    460.99000    7.96392    0.02497   14.42593    0.02949
    463.89000    7.24375    0.08070   13.32597    0.04788
    467.23000    7.69832    0.03952   13.85555    0.05722
    470.18000    7.46640    0.06120   14.03483    0.05071
    472.85000    7.58796    0.05928   14.52202    0.05659
    475.75000    7.47409    0.04159   13.97202    0.03880
    477.24000    7.66081    0.07786   14.02780    0.06696
    478.75000    7.64121    0.05931   14.13152    0.04844
    481.63000    8.08429    0.07702   13.88814    0.05407
    484.67000    7.85333    0.05986   14.21206    0.06525
    487.35000    8.07109    0.04134   14.33300    0.05727
    489.25000    8.24881    0.05330   14.66510    0.06695
    492.86000    7.77516    0.06438   14.69822    0.06503
    495.72000    7.83841    0.04555   14.77588    0.05842
    500.19000    7.37220    0.06877   14.43682    0.03575
    503.06000    7.88201    0.05686   14.49135    0.03998
    506.18000    8.24076    0.07217   14.13399    0.04240
    508.73000    8.06455    0.06441   13.53604    0.05635
    513.06000    7.93925    0.03287   13.28090    0.04365
    516.76000    7.86297    0.03614   12.70609    0.09736
    518.30000    8.23345    0.07690   12.64930    0.04665
    521.64000    8.31696    0.04442   13.25718    0.05920
    524.71000    8.46017    0.07832   13.15403    0.08190
    526.85000    8.15927    0.04979   13.19313    0.06496
    530.42000    8.09809    0.01667   12.95129    0.05391
    532.47000    8.20578    0.05278   13.05895    0.06201
    535.46000    8.24764    0.06739   13.37397    0.07718
    539.51000    8.24198    0.03698   13.34041    0.05822
    542.91000    8.40676    0.04116   13.56206    0.05304
    544.94000    8.21007    0.03484   13.81179    0.03235
    548.56000    7.42283    0.06815   13.57428    0.04605
    553.28000    8.19129    0.03378   13.70639    0.05409
    557.27000    7.95959    0.06363   13.93313    0.02184
    562.60000    7.50367    0.06789   13.36849    0.06663
    566.82000    7.10246    0.04649   13.75641    0.07094
    570.23000    7.25473    0.05249   12.97547    0.05951
    574.62000    7.68024    0.03911   13.61431    0.01945
    576.21000    7.45029    0.04346   13.51810    0.05026
    578.20000    7.41282    0.04922   13.20991    0.06726
    581.92000    7.51988    0.07987   13.37265    0.07224
    585.70000    7.39078    0.04966   12.70700    0.03921
    589.33000    7.83432    0.04483   13.20897    0.03511
    593.80000    7.78895    0.05346   12.57256    0.06619
    596.90000    7.86985    0.04591   12.31237    0.04757
    600.63000    7.93373    0.05502   12.66253    0.04695
    733.19000    6.56928    0.03142   15.92712    0.05353
    735.80000    6.82909    0.05323   15.90036    0.05558
    739.58000    7.55364    0.07556   16.28625    0.05556
    742.98000    7.26620    0.03442   16.39473    0.06193
    746.72000    7.64513    0.05172   16.06677    0.07093
    748.81000    7.96941    0.08434   15.84679    0.08214
    751.20000    8.06515    0.05915   16.09098    0.03645
    753.81000    7.93402    0.04390   15.35816    0.02173
    757.99000    8.08318    0.05339   14.73621    0.03100
    761.81000    8.03379    0.06954   14.32579    0.03796
    764.35000    7.88606    0.05099   14.26116    0.04472
    767.40000    8.48531    0.05482   14.43055    0.06330
    768.97000    8.19428    0.04907   14.28345    0.02485
    772.24000    7.94414    0.03661   14.33576    0.02973
    774.93000    8.35697    0.07951   14.28904    0.04840
    776.33000    8.26358    0.04981   13.90947    0.06830
    781.38000    8.68101    0.06976   13.98203    0.05142
    784.62000    9.28699    0.05704   13.76415    0.04765
    788.25000    9.06622    0.07257   12.98155    0.04578
    791.71000    9.15398    0.07167   12.46642    0.04254
    793.41000    9.28800    0.03513   12.99715    0.03344
    796.27000    9.10301    0.05959   13.31789    0.03760
    801.18000    8.99006    0.04080   13.28671    0.07013
    803.03000    9.03156    0.03811   12.74062    0.05616
    806.87000    8.38283    0.07691   13.32967    0.06257
    811.87000    8.17317    0.02899   13.58469    0.05723
    814.36000    8.33020    0.05798   13.98608    0.08312
    816.70000    8.22265    0.07400   13.37434    0.04679
    818.66000    8.25753    0.02415   13.28635    0.04901
    820.85000    8.21902    0.06216   12.77827    0.08564
    822.81000    8.14913    0.03263   12.92965    0.07318
    826.65000    7.85627    0.06650   12.61047    0.06573
    830.34000    8.33590    0.04858   12.98282    0.04596
    832.54000    7.92297    0.04928   12.89831    0.08550
    836.11000    7.54268    0.05653   12.58726    0.04280
    838.92000    7.43453    0.06088   12.43409    0.06282
    841.92000    6.95955    0.06249   12.01262    0.04207
    844.67000    7.14834    0.01795   12.00401    0.05926
    847.90000    7.37818    0.05152   11.97058    0.08016
    850.28000    7.18797    0.04100   12.19423    0.05540
    854.94000    7.15457    0.05715   12.06840    0.08477
    856.43000    7.09995    0.05242   11.91936    0.04183
    860.96000    7.12927    0.04669   12.53995    0.04944
    864.35000    7.48231    0.04515   13.07183    0.05633
    865.78000    7.34879    0.04909   13.16855    0.06492
    868.91000    7.22968    0.04536   13.44523    0.05278
    871.20000    7.30198    0.05828   13.96201    0.07933
    872.73000    7.23983    0.06202   14.37839    0.06578
    877.95000    7.08197    0.07209   14.16185    0.08487
    881.66000    7.38094    0.04085   14.42138    0.03814
    884.64000    7.18217    0.03956   14.15087    0.02481
    887.03000    7.15070    0.07451   14.05444    0.03916
    889.71000    7.10822    0.06019   13.19622    0.06388
    892.78000    6.94112    0.02555   13.57311    0.05634
    896.80000    7.07215    0.06313   13.63351    0.05184
    899.20000    7.07082    0.04745   13.91477    0.04501
    902.81000    7.18156    0.04931   13.79055    0.03954
    905.91000    6.97732    0.02299   13.89130    0.04295
    908.46000    7.07319    0.06175   14.21001    0.04790
    914.26000    7.56883    0.05431   13.76851    0.00341
    917.04000    7.84722    0.03488   13.83015    0.04225
    919.31000    7.64255    0.04234   12.89199    0.08294
    921.31000    7.78595    0.03948   12.92140    0.06533
    924.24000    7.96766    0.07176   12.92438    0.03664
    927.03000    7.53118    0.06968   12.98380    0.07161
    928.97000    8.05860    0.02443   12.69662    0.03906
    930.69000    8.32458    0.04129   12.77682    0.07597
    935.69000    8.10250    0.06758   13.01139    0.06166
    939.04000    7.74541    0.05040   12.31104    0.03306
    941.52000    7.60143    0.03931   12.66009    0.05914
    944.78000    7.62472    0.06179   12.60438    0.05076
    947.62000    7.75172    0.02912   12.40874    0.07337
    950.00000    7.90637    0.06088   12.49808    0.04924
    952.82000    7.88002    0.06119   12.73210    0.07153
    955.41000    7.91879    0.04606   12.59555    0.06271
    958.50000    7.87284    0.02917   12.56439    0.06053
    961.08000    8.11203    0.04998   12.66106    0.04245
    964.22000    8.10620    0.07990   12.45980    0.05606
    966.47000    7.90174    0.06835   12.35097    0.07364
   1097.35000    7.51360    0.05893   11.64313    0.06307
   1099.89000    7.21073    0.07228   11.91165    0.06730
   1102.24000    7.23969    0.06046   11.69711    0.08131
   1105.25000    6.76548    0.01680   11.80141    0.02651
   1108.03000    6.83092    0.07044   11.64047    0.06233
   1110.65000    6.68556    0.05406   11.68397    0.05925
   1114.02000    7.01648    0.05688   11.75538    0.05702
   1117.03000    7.07914    0.04847   11.41448    0.03815
   1120.17000    6.75224    0.03996   11.50643    0.03494
   1124.22000    6.92646    0.07500   10.49940    0.06004
   1126.71000    7.35905    0.06257   10.37168    0.02552
   1129.08000    7.16952    0.04952   10.58303    0.06510
   1131.59000    7.28712    0.03045   10.42907    0.07792
   1137.21000    6.90033    0.03239    9.98576    0.03833
   1140.38000    6.82540    0.03273   10.07762    0.06139
   1144.51000    6.38715    0.06839    9.81331    0.03066
   1146.84000    6.41200    0.06827   10.00165    0.05697
   1151.08000    6.66601    0.06205   10.41461    0.06293
   1152.95000    6.65638    0.05532   10.78644    0.08741
   1157.58000    6.60880    0.03831   10.71015    0.07626
   1160.64000    6.80614    0.07347   11.04447    0.05968
   1163.49000    6.66578    0.07992   10.94904    0.06712
   1167.39000    6.45425    0.07448   10.98469    0.04791
   1170.63000    6.70877    0.08411   10.80018    0.06301
   1172.67000    6.20509    0.02805   10.64836    0.05788
   1176.27000    5.69500    0.06671   10.10050    0.07326
   1178.21000    5.71543    0.02802   10.46348    0.03273
   1180.26000    5.85371    0.05056   10.75970    0.05744
   1183.49000    5.88630    0.05492   10.73416    0.05413
   1187.11000    5.79537    0.06069   10.47192    0.03888
   1189.41000    5.72496    0.05878   11.24260    0.05330
   1192.21000    5.64829    0.04366   11.50854    0.09276
   1194.72000    5.61278    0.07154   12.12367    0.04473
   1197.95000    5.66005    0.05351   11.40814    0.04587
   1199.24000    5.72406    0.05659   11.92926    0.03023
   1202.78000    5.90165    0.08686   11.81547    0.04768
   1206.17000    5.74809    0.03575   11.57894    0.06880
   1208.69000    5.86304    0.01720   11.87011    0.06625
   1210.30000    5.72979    0.04519   12.03958    0.04630
   1213.18000    5.92262    0.04188   11.95099    0.07155
   1215.50000    6.01324    0.06124   12.46610    0.05407
   1217.79000    5.93248    0.08827   12.17463    0.03109
   1222.51000    5.89913    0.05191   12.06220    0.06077
   1224.05000    6.00899    0.06357   12.25574    0.07376
   1228.08000    5.64162    0.03600   12.38686    0.01568
   1231.02000    5.89344    0.01701   12.82533    0.03516
   1236.75000    5.71803    0.05693   12.29485    0.04815
   1241.12000    6.60666    0.08239   12.38567    0.05905
   1243.03000    6.41729    0.06563   12.63312    0.07089
   1246.46000    6.92303    0.06700   12.94467    0.06003
   1248.25000    6.52728    0.04037   13.64174    0.05817
   1251.36000    6.72038    0.03329   12.73216    0.05952
   1254.71000    6.76986    0.01837   12.73256    0.04153
   1257.03000    6.81494    0.08617   12.83635    0.06471
   1258.69000    6.85235    0.06685   13.21410    0.05232
   1261.65000    7.07887    0.06719   13.01060    0.10780
   1263.65000    6.95406    0.05910   13.23006    0.08222
   1267.11000    7.28516    0.05562   12.90417    0.05536
   1270.66000    6.88749    0.03410   12.72257    0.04677
   1275.50000    7.14332    0.05733   12.56544    0.05318
   1280.69000    7.33466    0.04022   13.39132    0.04154
   1283.80000    7.34602    0.07384   13.39584    0.05295
   1286.56000    7.18560    0.06241   13.83039    0.04712
   1288.16000    7.33155    0.07126   13.29921    0.02429
   1290.01000    6.96589    0.07295   13.55859    0.04956
   1291.71000    6.83645    0.03965   13.37062    0.04357
   1295.18000    7.24031    0.04752   13.45464    0.05872
   1300.06000    7.49446    0.06519   12.56514    0.07245
   1301.78000    7.20207    0.03317   12.69988    0.02731
   1304.22000    6.99150    0.05102   12.35437    0.05996
   1308.27000    7.37401    0.06579   12.28848    0.05728
   1311.71000    7.27421    0.06548   12.35526    0.04818
   1314.21000    7.39584    0.04994   12.36783    0.05438
   1318.38000    7.09080    0.04456   12.08050    0.04688
   1321.76000    7.25043    0.05499   12.05289    0.04433
   1326.84000    7.27744    0.04146   12.40788    0.05104
   1329.47000    7.36743    0.04222   12.66364    0.04993
   1332.05000    7.62187    0.04913   12.52249    0.06119
   1462.70000    8.93282    0.06893   12.32763    0.04624
   1466.50000    9.20914    0.06042   12.22712    0.03448
   1470.96000    9.03962    0.04801   12.20828    0.04966
   1474.67000    8.84351    0.04140   11.38678    0.10146
   1478.28000    9.28549    0.03444   11.53659    0.04569
   1481.23000    9.12861    0.08135   11.05788    0.05730
   1484.21000    8.77536    0.04394   11.45855    0.04845
   1488.04000    8.41337    0.04802   11.36954    0.05722
   1490.94000    8.43041    0.07215   11.57589    0.07762
   1492.40000    8.14282    0.06305   11.61233    0.04367
   1495.45000    7.94385    0.06225   11.67166    0.07287
   1497.48000    7.48944    0.05669   11.90919    0.08408
   1501.65000    7.63752    0.04810   12.21743    0.03723
   1504.43000    7.67125    0.06024   12.25441    0.05379
   1507.64000    7.37429    0.04906   12.50634    0.03065
   1510.58000    7.43002    0.05817   12.86626    0.05677
   1513.27000    7.00152    0.05995   12.84277    0.05883
   1516.80000    6.99774    0.05506   12.12638    0.04070
   1518.45000    7.05032    0.05189   12.60611    0.02767
   1521.79000    6.96158    0.06450   12.73161    0.01759
   1523.18000    6.29048    0.06602   12.46738    0.02648
   1525.15000    6.42649    0.06849   12.91911    0.06871
   1528.01000    6.52757    0.05536   13.02226    0.05810
   1531.34000    6.56094    0.07164   13.75047    0.07116
   1534.29000    6.37196    0.06292   14.07993    0.05520
   1539.07000    6.55198    0.04566   14.16480    0.08086
   1542.17000    6.55487    0.05200   13.85239    0.06732
   1544.04000    6.84157    0.04710   13.62085    0.03923
   1544.70000    6.96387    0.08056   13.30704    0.02933
   1545.77000    6.82342    0.03348   13.05911    0.05976
   1549.50000    6.95852    0.05563   13.22283    0.04467
   1553.26000    7.02633    0.04677   13.30327    0.06422
   1555.95000    6.86718    0.07412   13.53625    0.05050
   1560.88000    7.49266    0.05497   13.24014    0.03790
   1563.61000    7.09665    0.06160   13.00850    0.06607
   1565.63000    7.16563    0.07984   13.90812    0.05477
   1569.49000    7.13159    0.04598   13.92833    0.06283
   1570.69000    7.14466    0.03769   14.32424    0.04349
   1573.38000    7.38441    0.07224   14.83242    0.06025
   1576.63000    6.93494    0.02773   15.04572    0.06972
   1581.21000    7.42532    0.05653   13.90963    0.04816
   1583.89000    7.73352    0.05837   14.43925    0.05123
   1588.27000    8.04663    0.05995   13.69602    0.01728
   1592.54000    7.58655    0.05769   13.36011    0.05621
   1594.72000    7.57308    0.06633   12.93372    0.04139
   1598.97000    6.79600    0.05729   12.78359    0.04249
   1601.45000    7.37460    0.05337   12.79481    0.06020
   1605.25000    7.32630    0.04932   13.19043    0.04435
   1608.74000    7.54881    0.06808   12.74275    0.05604
   1612.33000    7.48817    0.02783   13.15827    0.04412
   1615.20000    7.56764    0.05968   13.61332    0.05311
   1617.25000    7.63538    0.05344   14.00208    0.06286
   1623.04000    8.32567    0.05411   13.58558    0.06853
   1624.83000    8.61819    0.06725   13.55573    0.05832
   1628.30000    8.57145    0.06646   12.87245    0.06775
   1632.32000    8.08617    0.02512   13.35508    0.03718
   1634.24000    8.40166    0.04520   12.89625    0.04170
   1637.23000    8.29710    0.03745   13.25775    0.05933
   1638.48000    8.15699    0.04039   12.66974    0.02413
   1641.77000    7.83289    0.04916   12.54502    0.06882
   1644.89000    7.65562    0.05701   12.18713    0.04304
   1647.87000    7.71200    0.02455   12.72715    0.05824
   1650.28000    7.65869    0.03139   13.02023    0.06618
   1654.65000    7.42970    0.04673   12.95806    0.04456
   1658.82000    7.61918    0.03806   11.97289    0.03109
   1663.18000    7.49059    0.04444   11.56410    0.04661
   1665.87000    7.80246    0.05186   11.80331    0.03343
   1670.40000    7.89798    0.05029   11.23034    0.06570
   1674.25000    7.74766    0.03819   11.67447    0.04841
   1677.25000    7.41557    0.05628   11.73077    0.07203
   1678.94000    7.29306    0.06637   11.85838    0.09357
   1681.99000    7.45155    0.05493   12.21719    0.03462
   1684.54000    7.36793    0.05645   12.05179    0.04494
   1687.39000    7.44187    0.04194   11.83927    0.05269
   1691.95000    7.21714    0.10587   11.51746    0.06100
   1693.61000    7.09148    0.04508   11.56219    0.06490
   1695.49000    6.73896    0.07170   11.03489    0.08452
   1698.16000    7.38188    0.04295   11.33384    0.04763
