## Time Delay Challenge light curves
##
## [time]=days, [lc]=[err]=flux in nanomaggies
##
##       time       lc_A      err_A       lc_B      err_B
##-------------------------------------------------------
      1.00000    0.82089    0.04137    4.72410    0.06440
      4.00000    0.82626    0.03380    5.12169    0.04891
      7.00000    0.91490    0.06775    5.30216    0.04464
     10.00000    0.83531    0.05604    5.54579    0.05213
     13.00000    0.88087    0.04903    5.23108    0.06419
     16.00000    1.05614    0.05204    5.10780    0.05500
     19.00000    1.05150    0.04081    5.69347    0.05154
     22.00000    0.98203    0.04426    6.24800    0.05171
     25.00000    0.92300    0.05800    6.68288    0.05751
     28.00000    0.85904    0.04662    7.01341    0.07747
     31.00000    0.80166    0.05478    7.03784    0.03755
     34.00000    1.06114    0.07249    6.86435    0.06626
     37.00000    0.94008    0.05661    6.46795    0.05129
     40.00000    0.78061    0.09051    6.47095    0.03387
     43.00000    0.91048    0.03274    6.10023    0.05026
     46.00000    0.92674    0.08206    6.31039    0.04137
     49.00000    1.15147    0.06024    6.63923    0.05781
     52.00000    1.19485    0.02866    6.57777    0.06028
     55.00000    1.22227    0.04249    6.95842    0.05700
     58.00000    1.22094    0.04981    6.48572    0.05899
     61.00000    1.17490    0.02742    6.65277    0.05643
     64.00000    1.11898    0.04622    6.71064    0.03630
     67.00000    1.09821    0.05078    6.61547    0.03582
     70.00000    1.06522    0.03898    6.79485    0.05589
     73.00000    1.12683    0.01846    6.55740    0.06259
     76.00000    1.17395    0.02095    6.46046    0.04306
     79.00000    1.04137    0.04983    6.49267    0.04000
     82.00000    1.21365    0.05212    6.54116    0.05533
     85.00000    1.03579    0.05353    6.23177    0.05555
     88.00000    1.30028    0.07158    6.04767    0.03612
     91.00000    1.38384    0.08237    6.03663    0.04608
     94.00000    1.28883    0.06242    6.35167    0.06112
     97.00000    1.22572    0.06608    6.26285    0.05229
    100.00000    1.16285    0.09363    6.34223    0.02519
    103.00000    1.08978    0.06084    6.10738    0.05743
    106.00000    1.14624    0.04986    5.78542    0.03964
    109.00000    1.15144    0.05643    5.64153    0.06436
    112.00000    1.03046    0.03764    5.38835    0.05989
    115.00000    1.15015    0.03130    5.20687    0.05468
    118.00000    1.10312    0.08135    5.26756    0.05293
    367.00000    0.80409    0.06414    4.87635    0.08208
    370.00000    0.86978    0.03806    4.88450    0.03140
    373.00000    0.79103    0.02223    4.84348    0.05831
    376.00000    0.79516    0.05387    4.59740    0.05362
    379.00000    0.82334    0.03526    4.38334    0.06794
    382.00000    0.87224    0.05864    4.12046    0.08025
    385.00000    0.82377    0.04776    4.10099    0.07072
    388.00000    0.94657    0.04243    4.20453    0.04930
    391.00000    0.84672    0.07587    4.25923    0.05671
    394.00000    0.90387    0.03223    4.00325    0.06057
    397.00000    0.82875    0.04030    4.14702    0.05673
    400.00000    0.89726    0.05322    4.33497    0.03810
    403.00000    0.80629    0.03532    4.57243    0.03851
    406.00000    0.90697    0.06003    4.63463    0.04955
    409.00000    0.69019    0.05328    4.78362    0.07190
    412.00000    0.71219    0.03169    4.74612    0.05183
    415.00000    0.75248    0.05529    4.98191    0.08230
    418.00000    0.69443    0.07857    4.91773    0.06148
    421.00000    0.74004    0.04947    4.83091    0.03300
    424.00000    0.73507    0.05500    4.79366    0.04559
    427.00000    0.72319    0.04066    4.80099    0.03799
    430.00000    0.80673    0.07133    4.47730    0.02750
    433.00000    0.85231    0.04189    4.59572    0.03386
    436.00000    0.84403    0.04842    5.08059    0.04997
    439.00000    0.85899    0.04631    5.05108    0.08593
    442.00000    0.78237    0.05678    4.67522    0.04919
    445.00000    0.81392    0.05900    4.45997    0.05239
    448.00000    0.93938    0.05311    4.30801    0.05025
    451.00000    0.96962    0.06200    4.69842    0.06119
    454.00000    0.78492    0.03244    4.37581    0.07147
    457.00000    0.76472    0.05015    4.60869    0.05560
    460.00000    0.79998    0.06255    4.90073    0.03210
    463.00000    0.83662    0.03670    4.87484    0.05302
    466.00000    0.86345    0.07716    4.64627    0.02540
    469.00000    0.86644    0.03414    4.55397    0.05541
    472.00000    0.80517    0.03221    4.47926    0.06565
    475.00000    0.76055    0.05203    4.87530    0.06376
    478.00000    0.87516    0.06422    4.80910    0.08737
    481.00000    0.79806    0.04184    4.55585    0.05699
    484.00000    0.82804    0.04497    4.78723    0.05351
    733.00000    1.36494    0.08388    6.16408    0.05781
    736.00000    1.35545    0.06669    6.48503    0.04107
    739.00000    1.30613    0.06748    6.40331    0.05668
    742.00000    1.34112    0.02596    6.50891    0.04046
    745.00000    1.22618    0.05183    6.08142    0.06441
    748.00000    1.24121    0.05017    6.16419    0.04556
    751.00000    1.05470    0.04598    6.35271    0.05604
    754.00000    1.22525    0.06700    6.16665    0.05420
    757.00000    1.10329    0.04778    6.15141    0.03286
    760.00000    1.06105    0.05583    6.09827    0.06597
    763.00000    1.22460    0.02913    6.17662    0.05735
    766.00000    1.14451    0.06019    5.82519    0.07141
    769.00000    1.12864    0.04538    5.82330    0.06021
    772.00000    1.09861    0.08502    5.55435    0.04348
    775.00000    1.09905    0.05449    5.61024    0.03756
    778.00000    1.21239    0.02835    5.72308    0.02694
    781.00000    1.12385    0.02553    6.03628    0.01398
    784.00000    1.28207    0.07138    6.17225    0.05693
    787.00000    1.11103    0.02606    6.06574    0.05062
    790.00000    1.12727    0.03815    6.29401    0.06566
    793.00000    1.18236    0.07290    5.83284    0.07183
    796.00000    1.10532    0.05470    5.81946    0.05842
    799.00000    1.03899    0.03267    5.47496    0.08154
    802.00000    1.02420    0.07580    5.47666    0.05952
    805.00000    1.05859    0.06682    5.63848    0.05384
    808.00000    1.13113    0.04937    5.86142    0.03426
    811.00000    1.15507    0.02021    6.16701    0.07418
    814.00000    1.04262    0.05558    6.40413    0.05336
    817.00000    1.13151    0.05876    6.38429    0.05555
    820.00000    1.09736    0.03820    6.62585    0.04674
    823.00000    1.06157    0.06131    6.97281    0.04774
    826.00000    1.00551    0.04953    6.84089    0.05701
    829.00000    1.04764    0.05283    7.12345    0.04740
    832.00000    1.07863    0.09423    6.74147    0.06699
    835.00000    1.04664    0.05082    6.45548    0.06236
    838.00000    0.98353    0.07588    5.94989    0.04704
    841.00000    1.21240    0.02666    5.88733    0.07541
    844.00000    1.19210    0.07316    5.79032    0.05162
    847.00000    1.24591    0.05975    5.92274    0.03205
   1096.00000    1.21226    0.07535    6.91950    0.06675
   1099.00000    1.10364    0.04487    6.83739    0.06466
   1102.00000    1.27413    0.03183    7.27117    0.07278
   1105.00000    1.28038    0.06423    7.63732    0.04866
   1108.00000    1.36530    0.05923    7.35288    0.06120
   1111.00000    1.21129    0.05723    7.33605    0.05452
   1114.00000    1.29712    0.03964    7.07878    0.07321
   1117.00000    1.19083    0.04854    7.09494    0.05782
   1120.00000    1.25315    0.02305    6.69846    0.06156
   1123.00000    1.29441    0.03210    6.60781    0.06446
   1126.00000    1.32580    0.05973    6.24709    0.02832
   1129.00000    1.35324    0.07883    6.56320    0.03243
   1132.00000    1.38508    0.05469    7.05074    0.06861
   1135.00000    1.32526    0.06718    6.62202    0.08628
   1138.00000    1.20972    0.06974    6.86175    0.04895
   1141.00000    1.29008    0.03803    7.14549    0.02979
   1144.00000    1.29561    0.04124    7.03325    0.03327
   1147.00000    1.02855    0.07031    6.58136    0.07366
   1150.00000    1.21478    0.03667    6.63970    0.04677
   1153.00000    1.14833    0.02914    6.65930    0.08730
   1156.00000    1.14722    0.04109    6.87955    0.05405
   1159.00000    1.27361    0.05510    6.31043    0.06126
   1162.00000    1.24227    0.05051    6.60496    0.05385
   1165.00000    1.33541    0.06818    6.32242    0.06223
   1168.00000    1.31754    0.04547    6.55641    0.05602
   1171.00000    1.22275    0.05231    6.17627    0.06590
   1174.00000    1.18618    0.03410    6.37708    0.05082
   1177.00000    1.20669    0.07041    6.42331    0.07294
   1180.00000    1.14065    0.03513    6.19786    0.04188
   1183.00000    1.19057    0.04519    6.23604    0.04988
   1186.00000    1.12758    0.04061    6.07697    0.03992
   1189.00000    1.15944    0.04128    6.17422    0.04426
   1192.00000    1.13333    0.04270    5.58923    0.04523
   1195.00000    1.17074    0.05150    5.60566    0.04894
   1198.00000    1.11144    0.05052    5.43338    0.03608
   1201.00000    1.13122    0.07714    5.41648    0.04877
   1204.00000    1.07223    0.06250    5.32802    0.05254
   1207.00000    1.10978    0.05452    5.45887    0.03442
   1210.00000    1.09900    0.02288    5.66488    0.05113
   1213.00000    1.06094    0.04193    5.84042    0.04656
   1462.00000    0.72134    0.05674    4.23809    0.04845
   1465.00000    0.66985    0.05430    4.20809    0.04294
   1468.00000    0.87925    0.06530    3.98871    0.04568
   1471.00000    0.69758    0.03870    4.40949    0.05515
   1474.00000    0.73266    0.06016    4.72441    0.05796
   1477.00000    0.77443    0.04180    4.93124    0.08296
   1480.00000    0.69082    0.04323    5.07345    0.05663
   1483.00000    0.72928    0.04551    4.83914    0.06280
   1486.00000    0.68379    0.05014    4.64636    0.03460
   1489.00000    0.60714    0.06023    4.94179    0.05023
   1492.00000    0.64176    0.05867    4.83291    0.05178
   1495.00000    0.65105    0.04770    4.85256    0.05124
   1498.00000    0.68890    0.03386    4.71314    0.04916
   1501.00000    0.75059    0.05896    4.69269    0.05833
   1504.00000    0.72870    0.04279    5.16267    0.05777
   1507.00000    0.83471    0.04973    5.19443    0.03388
   1510.00000    0.82708    0.05886    5.33399    0.04379
   1513.00000    0.70350    0.09088    5.65251    0.03965
   1516.00000    0.85027    0.06025    5.80867    0.07999
   1519.00000    0.75666    0.05728    6.08068    0.05461
   1522.00000    0.66853    0.04363    6.57240    0.05159
   1525.00000    0.74957    0.05131    6.67297    0.05108
   1528.00000    0.69426    0.07358    6.46912    0.03619
   1531.00000    0.77022    0.03220    6.71076    0.06059
   1534.00000    1.00671    0.08128    6.80141    0.04463
   1537.00000    0.90098    0.06414    6.29198    0.04605
   1540.00000    0.87203    0.03210    6.47283    0.06460
   1543.00000    0.92885    0.04833    5.97366    0.09049
   1546.00000    0.96100    0.07246    6.03503    0.08003
   1549.00000    0.91526    0.05947    6.45442    0.03301
   1552.00000    1.02456    0.05500    6.55427    0.06863
   1555.00000    0.95896    0.04724    6.73487    0.03177
   1558.00000    1.06798    0.04496    6.63706    0.06862
   1561.00000    1.08903    0.06234    6.86078    0.07163
   1564.00000    1.05260    0.06081    7.44257    0.03006
   1567.00000    1.06847    0.07977    7.70239    0.04625
   1570.00000    0.89130    0.05597    7.39327    0.06883
   1573.00000    0.98991    0.04382    7.37914    0.07427
   1576.00000    0.99631    0.06317    7.16087    0.06047
   1579.00000    1.00401    0.04829    6.92185    0.06114
