## Time Delay Challenge light curves
##
## [time]=days, [lc]=[err]=flux in nanomaggies
##
##       time       lc_A      err_A       lc_B      err_B
##-------------------------------------------------------
      1.00000    3.14531    0.05120    2.65717    0.08417
      4.00000    3.14397    0.04637    2.44051    0.05917
      7.00000    3.10816    0.04070    2.15302    0.07877
     10.00000    3.26935    0.03133    2.59310    0.04255
     13.00000    3.24654    0.02093    2.73035    0.04118
     16.00000    3.32294    0.07123    2.51899    0.05490
     19.00000    3.33009    0.02710    2.39275    0.04388
     22.00000    3.43447    0.04638    2.44340    0.04798
     25.00000    3.17726    0.02988    2.56382    0.03486
     28.00000    3.47635    0.07874    2.26747    0.04009
     31.00000    3.53164    0.05182    2.36397    0.04227
     34.00000    3.47808    0.05145    2.41257    0.06526
     37.00000    3.42184    0.02641    2.20599    0.06675
     40.00000    3.30631    0.06658    2.41676    0.02867
     43.00000    3.57848    0.04814    2.28545    0.08124
     46.00000    3.48002    0.06302    2.42748    0.07444
     49.00000    3.14303    0.05810    2.58704    0.08436
     52.00000    3.16333    0.03969    2.38234    0.05088
     55.00000    3.24582    0.03164    2.41261    0.04594
     58.00000    3.21696    0.07036    2.38625    0.05758
     61.00000    3.30672    0.05520    2.45878    0.05072
     64.00000    3.17989    0.03504    2.92287    0.06128
     67.00000    3.39632    0.05253    3.08592    0.05346
     70.00000    3.36328    0.05108    3.06390    0.06354
     73.00000    3.28173    0.07417    3.10557    0.06149
     76.00000    3.33828    0.03774    3.32861    0.06757
     79.00000    3.59828    0.04385    3.26818    0.04683
     82.00000    3.60542    0.07116    3.39986    0.04176
     85.00000    4.02230    0.03302    3.72494    0.05258
     88.00000    4.21880    0.06019    3.86602    0.05958
     91.00000    4.13218    0.02254    3.91664    0.03451
     94.00000    4.53152    0.01731    3.62562    0.05781
     97.00000    4.55334    0.08131    3.62373    0.06211
    100.00000    4.69083    0.05705    3.61515    0.05615
    103.00000    4.82197    0.06424    3.82216    0.06622
    106.00000    5.11236    0.06147    3.54686    0.04518
    109.00000    5.36638    0.01216    3.64957    0.05083
    112.00000    5.46664    0.05067    3.53805    0.08400
    115.00000    4.84467    0.06482    3.72540    0.05798
    118.00000    4.63582    0.05134    3.78845    0.04209
    367.00000    4.06878    0.03395    2.58550    0.02500
    370.00000    3.84510    0.02451    2.51221    0.04426
    373.00000    3.68659    0.07151    2.61760    0.06113
    376.00000    3.63611    0.06313    2.63745    0.07451
    379.00000    3.25002    0.05126    2.56598    0.03785
    382.00000    3.46559    0.04505    2.84232    0.05235
    385.00000    3.42820    0.02738    2.96937    0.05497
    388.00000    3.51118    0.06545    2.93118    0.07243
    391.00000    3.52755    0.05523    3.04099    0.08287
    394.00000    3.50609    0.06399    2.67225    0.04893
    397.00000    3.58833    0.05262    2.72107    0.06221
    400.00000    3.65949    0.00921    2.96459    0.05630
    403.00000    4.09233    0.04707    3.21710    0.04133
    406.00000    4.19756    0.03812    3.18375    0.05819
    409.00000    4.09537    0.05869    3.31190    0.03208
    412.00000    4.05005    0.05718    3.27683    0.07031
    415.00000    3.68242    0.05851    3.40735    0.06056
    418.00000    3.86419    0.04875    3.42025    0.04093
    421.00000    4.20576    0.07157    3.25411    0.04955
    424.00000    4.49247    0.03583    3.19246    0.05152
    427.00000    4.30528    0.04751    2.80888    0.06561
    430.00000    4.53279    0.06649    2.65964    0.06558
    433.00000    4.68451    0.02010    2.78585    0.06545
    436.00000    4.68587    0.05317    2.66452    0.06761
    439.00000    4.47994    0.06948    2.68132    0.07834
    442.00000    4.66210    0.05037    2.76888    0.06363
    445.00000    4.16245    0.07248    2.75736    0.07710
    448.00000    3.94416    0.06665    2.78937    0.06740
    451.00000    3.70985    0.06143    2.48462    0.06389
    454.00000    3.72680    0.04463    2.48748    0.02273
    457.00000    3.56904    0.06683    2.46744    0.05466
    460.00000    3.97046    0.06007    2.43999    0.05183
    463.00000    3.72315    0.03112    2.49444    0.03178
    466.00000    3.91857    0.07430    2.35998    0.08597
    469.00000    3.67480    0.04277    2.49404    0.05991
    472.00000    3.34980    0.05272    2.43938    0.04169
    475.00000    3.46738    0.06498    2.67512    0.05892
    478.00000    3.43150    0.04407    2.76814    0.04410
    481.00000    3.63015    0.06811    2.70455    0.04213
    484.00000    3.50613    0.09737    2.89033    0.04785
    733.00000    3.80822    0.04353    2.59977    0.03462
    736.00000    3.21986    0.05134    2.54347    0.05478
    739.00000    3.62252    0.07013    2.84902    0.04042
    742.00000    3.88189    0.06477    3.00148    0.05081
    745.00000    3.71439    0.05300    2.92481    0.04385
    748.00000    3.43550    0.04791    2.72202    0.02017
    751.00000    3.63945    0.04339    2.81077    0.04420
    754.00000    3.55551    0.04800    2.91608    0.04452
    757.00000    3.81791    0.04356    2.96187    0.04278
    760.00000    3.94359    0.03420    3.03429    0.03492
    763.00000    4.03203    0.03588    3.14707    0.03207
    766.00000    3.79597    0.03114    3.14096    0.04033
    769.00000    3.90221    0.06611    3.29094    0.05116
    772.00000    4.01205    0.01836    3.52063    0.03673
    775.00000    4.02988    0.04946    3.51271    0.01344
    778.00000    4.13851    0.02844    3.42433    0.05788
    781.00000    4.53826    0.03792    3.43811    0.09397
    784.00000    4.39150    0.04623    3.15502    0.06050
    787.00000    4.42473    0.05339    2.91272    0.04292
    790.00000    4.80235    0.02823    3.24266    0.06700
    793.00000    4.92636    0.05100    3.02292    0.02253
    796.00000    4.94124    0.06282    2.96067    0.01169
    799.00000    4.58867    0.08554    2.86162    0.06046
    802.00000    4.49065    0.05733    2.80526    0.05770
    805.00000    4.21241    0.04285    3.05708    0.07861
    808.00000    4.48851    0.07132    3.00078    0.05390
    811.00000    4.19679    0.05109    3.02120    0.02703
    814.00000    4.24245    0.05641    2.76044    0.06424
    817.00000    4.08410    0.01176    2.81028    0.03758
    820.00000    3.95448    0.05498    2.76021    0.04055
    823.00000    4.13920    0.05589    2.75163    0.03216
    826.00000    3.94578    0.04179    2.71185    0.07048
    829.00000    4.10432    0.07078    2.81172    0.04003
    832.00000    4.17642    0.02668    3.03848    0.03513
    835.00000    4.05422    0.06829    3.00220    0.06985
    838.00000    3.82884    0.07263    2.93080    0.06793
    841.00000    3.73208    0.05531    3.06616    0.07547
    844.00000    3.78509    0.03831    2.89106    0.04278
    847.00000    4.16708    0.05962    3.45452    0.04268
   1096.00000    5.49165    0.06505    3.90524    0.03359
   1099.00000    5.19686    0.05168    3.67906    0.06366
   1102.00000    4.90131    0.02310    3.76249    0.04498
   1105.00000    5.10955    0.05091    3.95474    0.05013
   1108.00000    4.91840    0.04390    3.90234    0.03506
   1111.00000    4.94539    0.06833    3.80956    0.05472
   1114.00000    5.41177    0.03850    3.44138    0.02395
   1117.00000    5.49651    0.03734    3.09164    0.05870
   1120.00000    5.11369    0.05113    3.23255    0.05907
   1123.00000    5.27924    0.05352    3.42829    0.04874
   1126.00000    5.54301    0.02877    3.34962    0.03625
   1129.00000    5.51508    0.06263    3.46962    0.07762
   1132.00000    5.10128    0.05633    3.76982    0.02336
   1135.00000    4.64543    0.05792    3.60578    0.05091
   1138.00000    4.26533    0.06041    3.63890    0.02526
   1141.00000    4.79873    0.01759    3.60875    0.06338
   1144.00000    4.70577    0.03202    3.66653    0.05911
   1147.00000    4.82342    0.04329    3.58340    0.05212
   1150.00000    4.87603    0.03777    3.51978    0.07896
   1153.00000    5.31003    0.04956    3.33916    0.05996
   1156.00000    5.27502    0.06953    3.07506    0.02713
   1159.00000    5.35376    0.05514    3.08746    0.05593
   1162.00000    5.03772    0.01690    3.09609    0.07176
   1165.00000    4.87001    0.04469    3.03695    0.06720
   1168.00000    4.83907    0.04746    3.13984    0.03019
   1171.00000    4.73183    0.05983    3.35872    0.05728
   1174.00000    4.50745    0.04797    3.41498    0.04453
   1177.00000    4.18220    0.05479    3.84955    0.06396
   1180.00000    4.62726    0.05699    3.83115    0.10163
   1183.00000    4.06313    0.04459    3.64615    0.05207
   1186.00000    4.14672    0.03597    4.04445    0.06602
   1189.00000    4.54528    0.04820    3.72486    0.07154
   1192.00000    4.57920    0.04415    3.66863    0.05748
   1195.00000    4.98365    0.05326    4.03686    0.06522
   1198.00000    5.50673    0.04906    3.88856    0.05218
   1201.00000    5.20978    0.04952    3.59475    0.06248
   1204.00000    5.39354    0.04085    3.82864    0.07903
   1207.00000    5.44647    0.03884    3.99061    0.05014
   1210.00000    5.23645    0.01691    3.96809    0.04432
   1213.00000    5.02504    0.07276    3.86957    0.04254
   1462.00000    4.17941    0.05112    3.40938    0.06953
   1465.00000    4.72381    0.02461    3.49224    0.05032
   1468.00000    4.41045    0.08228    3.60735    0.06600
   1471.00000    4.55957    0.04032    3.33355    0.02279
   1474.00000    4.88647    0.04573    3.37754    0.05455
   1477.00000    4.86972    0.04014    3.37037    0.01287
   1480.00000    4.92500    0.07619    3.30191    0.07432
   1483.00000    4.94285    0.03575    3.88391    0.06070
   1486.00000    4.80101    0.04879    3.60095    0.05934
   1489.00000    5.02734    0.07109    3.97786    0.08320
   1492.00000    4.72128    0.03375    3.72385    0.06018
   1495.00000    4.44435    0.04516    3.83768    0.06618
   1498.00000    4.66507    0.04350    3.67869    0.05049
   1501.00000    4.88584    0.02957    3.54122    0.05664
   1504.00000    5.52506    0.06071    3.76255    0.07439
   1507.00000    5.22936    0.06760    3.93142    0.05760
   1510.00000    5.35941    0.09417    3.76329    0.06487
   1513.00000    5.22503    0.08573    3.98720    0.05533
   1516.00000    5.38171    0.03380    3.94999    0.06548
   1519.00000    5.08339    0.06839    4.49980    0.08617
   1522.00000    5.26010    0.05375    4.45965    0.04017
   1525.00000    5.38061    0.05260    4.34002    0.06571
   1528.00000    5.99280    0.05435    4.13194    0.07698
   1531.00000    5.46959    0.06488    4.47145    0.03906
   1534.00000    5.66802    0.05450    4.69672    0.04448
   1537.00000    5.89727    0.03741    5.02900    0.06319
   1540.00000    6.34348    0.04997    4.80802    0.07617
   1543.00000    5.81029    0.07041    5.15390    0.02664
   1546.00000    6.18174    0.04656    5.29414    0.04668
   1549.00000    5.82204    0.06271    4.80308    0.03846
   1552.00000    6.59155    0.04058    4.83301    0.06517
   1555.00000    7.04358    0.06224    4.30685    0.06416
   1558.00000    6.92079    0.05954    4.40284    0.06654
   1561.00000    6.76354    0.02174    4.65534    0.05185
   1564.00000    7.31539    0.06945    4.88649    0.05183
   1567.00000    7.03421    0.06709    4.79727    0.06091
   1570.00000    6.91324    0.04560    4.57514    0.05338
   1573.00000    6.58854    0.07093    4.60865    0.05059
   1576.00000    6.07679    0.06467    4.54083    0.06541
   1579.00000    6.26476    0.01227    4.36178    0.07586
