## Time Delay Challenge light curves
##
## [time]=days, [lc]=[err]=flux in nanomaggies
##
##       time       lc_A      err_A       lc_B      err_B
##-------------------------------------------------------
      1.00000    1.64866    0.05602    0.11933    0.05400
      4.00000    1.65312    0.07214    0.14448    0.03960
      7.00000    1.64808    0.03296    0.07806    0.06525
     10.00000    1.65006    0.03036    0.01823    0.03702
     13.00000    1.57947    0.05703    0.09568    0.05915
     16.00000    1.59434    0.03235    0.08093    0.03558
     19.00000    1.53430    0.03467   -0.03624    0.08334
     22.00000    1.51075    0.06118    0.03178    0.04610
     25.00000    1.68090    0.05590    0.07241    0.02362
     28.00000    1.73270    0.05854    0.07439    0.04451
     31.00000    1.59141    0.05756    0.04161    0.05580
     34.00000    1.58365    0.08338    0.09950    0.08168
     37.00000    1.61745    0.09141    0.08520    0.05961
     40.00000    1.61447    0.04233    0.06675    0.08078
     43.00000    1.53707    0.04965    0.07924    0.05540
     46.00000    1.49182    0.06541    0.05131    0.09717
     49.00000    1.58053    0.03328    0.03842    0.04936
     52.00000    1.56094    0.03536    0.06150    0.04934
     55.00000    1.52818    0.05365   -0.02832    0.04078
     58.00000    1.62185    0.06781    0.01186    0.06537
     61.00000    1.71284    0.05369    0.04421    0.05873
     64.00000    1.66609    0.04926   -0.00438    0.05698
     67.00000    1.66695    0.06276    0.07397    0.06319
     70.00000    1.68379    0.03935    0.11147    0.04854
     73.00000    1.76373    0.03715    0.03814    0.06145
     76.00000    1.73369    0.05847    0.01351    0.05507
     79.00000    1.70267    0.04695    0.02770    0.05528
     82.00000    1.70114    0.05874    0.06667    0.01937
     85.00000    1.66499    0.03117    0.12895    0.05528
     88.00000    1.80641    0.05799    0.15758    0.07951
     91.00000    1.80376    0.05032    0.09989    0.03964
     94.00000    1.72327    0.05477    0.07924    0.03186
     97.00000    1.64968    0.04800   -0.04198    0.07014
    100.00000    1.70192    0.06196    0.06713    0.09138
    103.00000    1.71371    0.02605   -0.01776    0.05858
    106.00000    1.75659    0.06291    0.11471    0.07338
    109.00000    1.61865    0.03661    0.06865    0.05840
    112.00000    1.63908    0.04335    0.10856    0.07559
    115.00000    1.59568    0.03209    0.00668    0.05669
    118.00000    1.58054    0.06426    0.02938    0.07216
    367.00000    2.08624    0.05799    0.06126    0.03045
    370.00000    2.03297    0.00786   -0.01661    0.06699
    373.00000    1.94675    0.05373    0.06627    0.03577
    376.00000    2.01804    0.07725    0.06287    0.06474
    379.00000    2.05680    0.03672    0.15093    0.06818
    382.00000    2.27247    0.08729    0.05324    0.06055
    385.00000    2.01672    0.06265    0.20623    0.06268
    388.00000    2.00786    0.05943    0.04673    0.07888
    391.00000    2.04522    0.05410    0.13185    0.07409
    394.00000    1.98276    0.01783    0.05304    0.06443
    397.00000    1.97728    0.02913    0.11556    0.07282
    400.00000    2.05246    0.06696    0.03313    0.03469
    403.00000    2.05049    0.04918    0.11046    0.06677
    406.00000    1.97779    0.05666   -0.05012    0.05733
    409.00000    2.04042    0.05934   -0.01625    0.06200
    412.00000    2.05112    0.05369    0.07294    0.02260
    415.00000    2.12323    0.06941    0.08453    0.04384
    418.00000    2.11534    0.07310    0.05745    0.03933
    421.00000    2.00336    0.05732    0.06150    0.03618
    424.00000    2.10896    0.04562    0.05893    0.03015
    427.00000    2.06430    0.05223    0.15649    0.05744
    430.00000    2.10623    0.08372    0.01040    0.05634
    433.00000    2.08014    0.03167    0.04014    0.05517
    436.00000    2.09920    0.05810    0.14137    0.07526
    439.00000    2.12115    0.04657    0.05352    0.04423
    442.00000    2.21045    0.05362    0.02732    0.07068
    445.00000    2.18737    0.03305    0.00293    0.07501
    448.00000    2.22399    0.07744    0.10780    0.03753
    451.00000    2.19832    0.05357    0.05676    0.04551
    454.00000    2.13232    0.08248    0.08358    0.03133
    457.00000    2.13663    0.04400    0.08044    0.04884
    460.00000    2.31845    0.07183    0.08287    0.04221
    463.00000    2.00596    0.06702    0.04178    0.04184
    466.00000    2.30558    0.05971    0.05080    0.07524
    469.00000    2.12822    0.05737    0.06834    0.04625
    472.00000    2.15172    0.06437    0.05731    0.03955
    475.00000    2.25965    0.05432    0.07430    0.04599
    478.00000    2.27105    0.04045   -0.01210    0.04402
    481.00000    2.25755    0.04200    0.04599    0.08200
    484.00000    2.26718    0.07930    0.07413    0.03701
    733.00000    1.89527    0.06917    0.01647    0.01885
    736.00000    1.90555    0.06693    0.06198    0.05716
    739.00000    1.95223    0.05427    0.04070    0.04074
    742.00000    1.79188    0.04464    0.13448    0.05971
    745.00000    1.65708    0.04858   -0.02851    0.07582
    748.00000    1.79844    0.04696    0.04461    0.05497
    751.00000    1.75138    0.06332   -0.00675    0.04010
    754.00000    1.76511    0.04217    0.03691    0.04659
    757.00000    1.68323    0.04272    0.05259    0.04612
    760.00000    1.63109    0.05599    0.08569    0.06554
    763.00000    1.74060    0.04800    0.04626    0.02905
    766.00000    1.74509    0.03537    0.16149    0.09479
    769.00000    1.83851    0.06962    0.01022    0.04848
    772.00000    1.80039    0.05272    0.03494    0.06561
    775.00000    1.76217    0.06853   -0.01265    0.05836
    778.00000    1.78316    0.05644   -0.03343    0.06905
    781.00000    1.76813    0.05489    0.00464    0.06945
    784.00000    1.72747    0.05068   -0.04840    0.08061
    787.00000    1.71924    0.06598    0.03248    0.05435
    790.00000    1.76103    0.08012    0.05623    0.04831
    793.00000    1.63643    0.05118    0.01390    0.04696
    796.00000    1.64828    0.06311    0.10205    0.06103
    799.00000    1.58321    0.04369    0.10067    0.02764
    802.00000    1.64104    0.05056    0.04656    0.02384
    805.00000    1.53226    0.06755    0.03532    0.03984
    808.00000    1.54102    0.03144    0.03820    0.02472
    811.00000    1.42977    0.05511    0.05216    0.03765
    814.00000    1.45323    0.04160    0.06409    0.04205
    817.00000    1.39030    0.06934   -0.07811    0.05753
    820.00000    1.63806    0.07440    0.06285    0.05766
    823.00000    1.56696    0.05130    0.05182    0.05695
    826.00000    1.65273    0.02995    0.04513    0.04154
    829.00000    1.64416    0.05904    0.06644    0.03179
    832.00000    1.69787    0.02999   -0.03062    0.03354
    835.00000    1.72562    0.01795    0.01850    0.04418
    838.00000    1.62152    0.07060    0.19958    0.06016
    841.00000    1.65374    0.04731    0.10487    0.03557
    844.00000    1.66143    0.04844    0.03661    0.04951
    847.00000    1.58377    0.04579   -0.01426    0.04467
   1096.00000    1.89213    0.04454    0.03359    0.04903
   1099.00000    1.89474    0.05676    0.04307    0.05008
   1102.00000    1.80293    0.05153    0.03975    0.08004
   1105.00000    1.84012    0.04200    0.03460    0.06203
   1108.00000    1.87821    0.05344    0.17442    0.07203
   1111.00000    1.93082    0.05732    0.06055    0.05144
   1114.00000    1.85285    0.05599    0.03130    0.04722
   1117.00000    1.99173    0.05638    0.05426    0.04090
   1120.00000    1.92196    0.06498    0.04275    0.04687
   1123.00000    1.89921    0.07944    0.13806    0.04229
   1126.00000    1.91078    0.04669   -0.00644    0.06217
   1129.00000    1.94472    0.04207    0.05888    0.03505
   1132.00000    1.87075    0.05146    0.02594    0.03839
   1135.00000    1.84521    0.03737   -0.11955    0.08228
   1138.00000    1.83385    0.03177    0.05550    0.05002
   1141.00000    1.89896    0.03756    0.00307    0.07360
   1144.00000    2.00383    0.05099    0.06127    0.03900
   1147.00000    2.01916    0.05694    0.09501    0.06443
   1150.00000    2.00811    0.07477    0.07185    0.03386
   1153.00000    2.05001    0.05447    0.06412    0.01485
   1156.00000    2.16287    0.06744    0.06050    0.03636
   1159.00000    2.16206    0.03826    0.03823    0.06278
   1162.00000    2.01810    0.06490   -0.00136    0.05752
   1165.00000    2.18337    0.06681   -0.04473    0.04620
   1168.00000    2.25166    0.04519    0.04571    0.02785
   1171.00000    2.19747    0.05966    0.09284    0.06445
   1174.00000    2.22551    0.04819    0.09519    0.06787
   1177.00000    2.09575    0.06996   -0.04082    0.09144
   1180.00000    2.13563    0.04852    0.07898    0.04721
   1183.00000    1.98768    0.07058    0.12739    0.04223
   1186.00000    2.01493    0.04167    0.06691    0.05120
   1189.00000    1.98914    0.03484    0.06412    0.05967
   1192.00000    2.07330    0.02851    0.03632    0.06328
   1195.00000    2.06778    0.06179   -0.02168    0.05450
   1198.00000    2.09800    0.05511    0.05346    0.05725
   1201.00000    2.25852    0.06564   -0.03873    0.06009
   1204.00000    2.03703    0.05392   -0.01146    0.05836
   1207.00000    2.04056    0.05392    0.09304    0.02116
   1210.00000    2.17841    0.06211    0.07163    0.06686
   1213.00000    2.03211    0.03038    0.14194    0.06414
   1462.00000    1.64573    0.03597   -0.06556    0.07201
   1465.00000    1.57270    0.05089    0.06726    0.08401
   1468.00000    1.57360    0.05091   -0.04042    0.06506
   1471.00000    1.53808    0.03904    0.06157    0.06223
   1474.00000    1.59703    0.08181    0.04504    0.04713
   1477.00000    1.71559    0.07149    0.10755    0.04150
   1480.00000    1.57840    0.04952    0.04788    0.03877
   1483.00000    1.64018    0.06652    0.08418    0.08647
   1486.00000    1.71399    0.04365    0.06074    0.08247
   1489.00000    1.65508    0.03527    0.01145    0.04417
   1492.00000    1.70840    0.03263    0.06871    0.07958
   1495.00000    1.69338    0.05435    0.06067    0.04051
   1498.00000    1.71313    0.05496    0.03482    0.03593
   1501.00000    1.84763    0.06342    0.07191    0.04007
   1504.00000    1.82652    0.05621    0.03006    0.03562
   1507.00000    1.68950    0.07155    0.07973    0.04631
   1510.00000    1.77577    0.05638    0.05920    0.04242
   1513.00000    1.72394    0.06228    0.15267    0.06131
   1516.00000    1.68901    0.06178    0.13741    0.03918
   1519.00000    1.68180    0.05290    0.03791    0.03511
   1522.00000    1.72193    0.03982    0.10780    0.07607
   1525.00000    1.64902    0.05519    0.00805    0.06526
   1528.00000    1.53860    0.06275    0.02425    0.05577
   1531.00000    1.67515    0.07545    0.02368    0.02108
   1534.00000    1.72407    0.02860    0.04994    0.06421
   1537.00000    1.66368    0.06648    0.05451    0.03272
   1540.00000    1.66033    0.03690    0.04888    0.03275
   1543.00000    1.68452    0.05893    0.17259    0.05774
   1546.00000    1.66051    0.03774    0.03659    0.06098
   1549.00000    1.65461    0.06325    0.05454    0.03771
   1552.00000    1.65106    0.07220    0.10535    0.04627
   1555.00000    1.59917    0.06046    0.10442    0.04456
   1558.00000    1.69700    0.04138    0.15292    0.04802
   1561.00000    1.74124    0.03473    0.10371    0.04706
   1564.00000    1.68742    0.04461    0.02972    0.06466
   1567.00000    1.77557    0.06205   -0.05676    0.06039
   1570.00000    1.59188    0.09039    0.02248    0.07134
   1573.00000    1.66249    0.06732    0.07840    0.02255
   1576.00000    1.67590    0.01367    0.05567    0.04196
   1579.00000    1.62027    0.05653    0.05535    0.04147
