## Time Delay Challenge light curves
##
## [time]=days, [lc]=[err]=flux in nanomaggies
##
##       time       lc_A      err_A       lc_B      err_B
##-------------------------------------------------------
      1.00000   22.70613    0.06825   10.36060    0.06990
      4.00000   21.24155    0.09602   10.89103    0.05154
      7.00000   21.57711    0.08804   11.30597    0.04588
     10.00000   21.36973    0.03252   11.62343    0.04344
     13.00000   21.15589    0.04911   11.11665    0.03453
     16.00000   21.59439    0.06868   10.01058    0.03787
     19.00000   21.06220    0.05437    9.78854    0.04920
     22.00000   20.56272    0.05310   10.88860    0.04626
     25.00000   19.11399    0.07791   11.15143    0.07619
     28.00000   18.53743    0.07053   11.16524    0.06364
     31.00000   18.45454    0.04581   10.66904    0.04177
     34.00000   19.26868    0.06701   10.75987    0.07144
     37.00000   18.23648    0.03481   10.71309    0.05796
     40.00000   19.11998    0.05969   10.41103    0.05302
     43.00000   19.76143    0.05001    9.36657    0.05174
     46.00000   20.39731    0.04936    9.63846    0.05492
     49.00000   20.88730    0.05268    9.65073    0.03996
     52.00000   21.94864    0.05761    9.66223    0.02941
     55.00000   20.85764    0.04711    9.78455    0.05346
     58.00000   21.14513    0.05197    9.56129    0.07784
     61.00000   19.72331    0.07066    9.31324    0.09003
     64.00000   19.02605    0.05343    8.87256    0.07323
     67.00000   20.35782    0.05833    8.34035    0.04470
     70.00000   20.35001    0.04575    8.21953    0.06456
     73.00000   19.14445    0.06931    8.53104    0.05159
     76.00000   20.36674    0.05208    8.29307    0.05391
     79.00000   18.86090    0.06175    8.87719    0.03449
     82.00000   19.61834    0.06414    9.14680    0.03838
     85.00000   17.90546    0.06465    9.09151    0.05029
     88.00000   17.32562    0.07474    9.47483    0.08129
     91.00000   17.31684    0.05228    9.72752    0.06336
     94.00000   16.55264    0.04618    9.37969    0.07244
     97.00000   16.60659    0.06528    9.48165    0.05515
    100.00000   16.65221    0.06409    8.85660    0.06249
    103.00000   16.40667    0.05207    8.80681    0.06938
    106.00000   16.35461    0.05601    9.36179    0.05901
    109.00000   17.08288    0.05432    8.90537    0.02010
    112.00000   17.61836    0.06735    8.58195    0.05170
    115.00000   17.77426    0.04434    9.32589    0.06552
    118.00000   17.38521    0.03477    8.60213    0.05603
    367.00000   18.34163    0.03088    8.00268    0.06888
    370.00000   18.40694    0.02783    7.79834    0.04538
    373.00000   18.54832    0.04860    7.78847    0.05476
    376.00000   17.88503    0.06103    7.72622    0.04495
    379.00000   17.69533    0.05456    7.72670    0.07267
    382.00000   17.46614    0.05561    7.60825    0.05846
    385.00000   18.35721    0.04414    8.35413    0.04119
    388.00000   18.13713    0.02445    8.09810    0.05209
    391.00000   18.54139    0.01145    8.10867    0.04864
    394.00000   18.90943    0.08991    7.77426    0.04100
    397.00000   19.27900    0.02997    7.67838    0.06793
    400.00000   18.91840    0.05355    8.21413    0.05158
    403.00000   19.17439    0.04824    8.53129    0.03426
    406.00000   19.19534    0.02723    8.13249    0.04973
    409.00000   17.39653    0.08375    8.45715    0.08392
    412.00000   17.51486    0.05206    8.34890    0.06406
    415.00000   16.92312    0.04688    7.92852    0.06745
    418.00000   17.36723    0.03666    7.87815    0.04725
    421.00000   17.43560    0.02770    7.89923    0.05583
    424.00000   17.99145    0.08821    8.14264    0.06319
    427.00000   17.96878    0.04907    8.33678    0.05510
    430.00000   18.57070    0.06567    8.66079    0.05026
    433.00000   19.53871    0.05770    8.57954    0.07308
    436.00000   19.91888    0.07051    8.70039    0.03355
    439.00000   19.62956    0.03757    8.55091    0.06182
    442.00000   20.34797    0.05051    8.85820    0.06895
    445.00000   20.15643    0.03308    8.49160    0.04000
    448.00000   20.66040    0.06286    7.84227    0.04991
    451.00000   20.65307    0.09080    7.62995    0.04689
    454.00000   20.05769    0.02544    7.85360    0.07698
    457.00000   21.92899    0.03711    7.86550    0.07339
    460.00000   21.35915    0.04534    7.96266    0.05857
    463.00000   20.36342    0.04112    8.12530    0.05101
    466.00000   20.72674    0.05196    7.96382    0.06677
    469.00000   21.17380    0.07593    8.48000    0.06721
    472.00000   20.96917    0.02932    8.93350    0.06380
    475.00000   21.50615    0.06855    8.98344    0.05503
    478.00000   20.02349    0.02162    8.79099    0.04345
    481.00000   19.29650    0.07388    9.23054    0.03152
    484.00000   18.75163    0.03858    9.27066    0.02602
    733.00000   23.47842    0.06065   12.18445    0.05024
    736.00000   23.47990    0.06483   11.60509    0.07295
    739.00000   22.53028    0.06468   11.32698    0.06686
    742.00000   22.68130    0.04396   11.68714    0.03463
    745.00000   22.64372    0.06192   11.21813    0.06893
    748.00000   23.56342    0.07659   12.29434    0.04318
    751.00000   26.49869    0.03646   12.69227    0.07334
    754.00000   26.85340    0.06609   12.47482    0.08051
    757.00000   25.59447    0.05233   11.74180    0.05061
    760.00000   24.06553    0.05908   10.89202    0.03979
    763.00000   25.58577    0.04558   11.14811    0.06422
    766.00000   25.40636    0.01798   11.07919    0.06264
    769.00000   25.14915    0.06242   10.43667    0.04521
    772.00000   26.74013    0.07299   10.55683    0.08724
    775.00000   27.46157    0.04466   10.29641    0.04431
    778.00000   26.39256    0.04863   10.43088    0.04166
    781.00000   27.11286    0.06041   10.15260    0.03153
    784.00000   29.42502    0.07289   10.11443    0.03104
    787.00000   29.96294    0.05485   10.98251    0.06154
    790.00000   30.64490    0.03843   12.10361    0.06290
    793.00000   32.18743    0.07150   12.30693    0.04886
    796.00000   33.84887    0.04696   11.31181    0.04843
    799.00000   33.77078    0.07384   10.79728    0.05169
    802.00000   32.57614    0.06152   11.34814    0.05639
    805.00000   29.59682    0.06019   11.45830    0.04470
    808.00000   30.53493    0.03665   11.32030    0.06926
    811.00000   32.20687    0.06721   12.25006    0.02226
    814.00000   30.99873    0.06618   12.46074    0.08007
    817.00000   31.07496    0.06888   11.85507    0.08386
    820.00000   31.95584    0.03935   12.18963    0.01745
    823.00000   33.39797    0.03513   13.48901    0.08322
    826.00000   33.60081    0.04803   13.65954    0.05127
    829.00000   34.59311    0.07118   14.06084    0.06150
    832.00000   34.28970    0.06837   14.55009    0.04919
    835.00000   31.38980    0.08669   15.56679    0.05731
    838.00000   31.94424    0.07434   14.74263    0.06478
    841.00000   29.04255    0.05202   14.98908    0.08488
    844.00000   28.05707    0.04514   13.78244    0.06849
    847.00000   27.45021    0.04015   14.27146    0.05373
   1096.00000   22.81217    0.01841   11.75128    0.04975
   1099.00000   23.71498    0.02854   11.50817    0.04526
   1102.00000   22.17883    0.05024   11.39244    0.04340
   1105.00000   21.62066    0.03273   11.18317    0.06505
   1108.00000   21.66342    0.06646   10.85120    0.03696
   1111.00000   22.01146    0.05558   11.03514    0.04786
   1114.00000   20.81158    0.01354   10.52640    0.05896
   1117.00000   21.47570    0.04810   10.62001    0.05020
   1120.00000   21.42578    0.06708   11.01291    0.04480
   1123.00000   20.97456    0.05358   10.84089    0.03297
   1126.00000   20.65186    0.05057   10.59440    0.05707
   1129.00000   20.37569    0.04069   10.89216    0.04654
   1132.00000   21.01317    0.06775   10.84546    0.02779
   1135.00000   21.23796    0.04488   10.65417    0.06380
   1138.00000   21.21095    0.03580   10.34665    0.06393
   1141.00000   22.69438    0.04389   10.40174    0.07191
   1144.00000   23.83245    0.04301    9.66257    0.04499
   1147.00000   22.21185    0.03478    9.87410    0.04447
   1150.00000   20.90326    0.07943    9.86868    0.05198
   1153.00000   20.88374    0.06272    9.40600    0.08779
   1156.00000   20.81894    0.07478    9.60437    0.06241
   1159.00000   21.88499    0.03559    9.47696    0.06071
   1162.00000   21.72374    0.05879    9.49025    0.05488
   1165.00000   20.55689    0.06882    9.24910    0.03662
   1168.00000   22.61579    0.09628    9.36004    0.02498
   1171.00000   23.05279    0.06598    9.55468    0.06079
   1174.00000   23.40775    0.03306    9.64713    0.05705
   1177.00000   21.43030    0.04562    9.66281    0.04330
   1180.00000   20.75883    0.03182   10.53268    0.04833
   1183.00000   20.77635    0.07948   10.37928    0.06561
   1186.00000   22.72448    0.05340    9.93974    0.05061
   1189.00000   22.91197    0.07547    9.31241    0.06482
   1192.00000   20.64984    0.05347    9.41782    0.04051
   1195.00000   21.71016    0.04151    9.52424    0.04640
   1198.00000   21.13689    0.03951   10.06419    0.05279
   1201.00000   21.64644    0.05418    9.79601    0.05061
   1204.00000   21.73788    0.05902    9.60355    0.04406
   1207.00000   21.81191    0.02833   10.45939    0.06701
   1210.00000   21.83954    0.06193   10.34774    0.05804
   1213.00000   21.12163    0.03443   10.26202    0.06108
   1462.00000   11.44563    0.03050    6.34002    0.07842
   1465.00000   11.37540    0.02408    5.92374    0.05543
   1468.00000   12.09670    0.07397    5.73745    0.05390
   1471.00000   12.32686    0.04807    5.43680    0.05155
   1474.00000   12.45452    0.05081    5.64124    0.03878
   1477.00000   12.70431    0.03206    5.76827    0.04617
   1480.00000   12.61874    0.06681    6.23171    0.06561
   1483.00000   12.66612    0.05695    6.28326    0.06598
   1486.00000   12.92779    0.01485    6.00084    0.05128
   1489.00000   12.81886    0.04316    5.62334    0.05526
   1492.00000   12.86087    0.07023    5.49919    0.02755
   1495.00000   13.01915    0.04968    5.34013    0.04362
   1498.00000   13.15038    0.05255    5.04433    0.08220
   1501.00000   13.59362    0.04857    5.08854    0.06526
   1504.00000   13.46544    0.03894    5.19404    0.07110
   1507.00000   13.21061    0.08561    5.37489    0.05796
   1510.00000   12.32968    0.06659    5.62798    0.05732
   1513.00000   13.20579    0.06607    5.69896    0.04414
   1516.00000   12.58536    0.04087    5.86990    0.06931
   1519.00000   13.50320    0.05369    5.94408    0.04740
   1522.00000   14.26293    0.07275    5.70271    0.08404
   1525.00000   15.06687    0.06487    5.76253    0.03145
   1528.00000   15.92142    0.04163    5.74005    0.02816
   1531.00000   16.25667    0.03969    5.85818    0.05744
   1534.00000   16.37448    0.06339    5.90326    0.04897
   1537.00000   16.01428    0.05360    6.14479    0.03298
   1540.00000   16.52133    0.04192    6.38223    0.02960
   1543.00000   17.10037    0.03443    6.17803    0.04333
   1546.00000   17.16982    0.05015    6.03064    0.04610
   1549.00000   17.89852    0.05053    5.74154    0.05542
   1552.00000   17.83643    0.05833    5.88430    0.03406
   1555.00000   17.50760    0.05082    5.53394    0.06722
   1558.00000   17.84189    0.02331    6.40061    0.05692
   1561.00000   16.76101    0.04288    6.72438    0.07131
   1564.00000   15.67495    0.03904    7.02649    0.07046
   1567.00000   15.37211    0.07388    7.23031    0.05952
   1570.00000   15.31078    0.05375    7.36077    0.06674
   1573.00000   15.50120    0.06102    7.60592    0.04554
   1576.00000   16.15602    0.07631    7.29966    0.07416
   1579.00000   15.28232    0.04598    7.73168    0.03049
