## Time Delay Challenge light curves
##
## [time]=days, [lc]=[err]=flux in nanomaggies
##
##       time       lc_A      err_A       lc_B      err_B
##-------------------------------------------------------
      1.00000    0.85078    0.00773    0.51030    0.04486
      4.00000    0.81530    0.05495    0.47116    0.03937
      7.00000    0.83985    0.05137    0.43014    0.05283
     10.00000    0.85466    0.03687    0.42951    0.04307
     13.00000    0.89748    0.04231    0.37128    0.05807
     16.00000    0.84717    0.03899    0.44434    0.07355
     19.00000    0.99578    0.04054    0.46824    0.06912
     22.00000    1.00138    0.06666    0.46384    0.04142
     25.00000    1.01675    0.06188    0.52503    0.07315
     28.00000    0.94040    0.07324    0.50160    0.03728
     31.00000    0.91644    0.04434    0.64998    0.08499
     34.00000    0.91493    0.03472    0.54427    0.04232
     37.00000    0.84985    0.06088    0.50365    0.04649
     40.00000    0.92745    0.04670    0.55458    0.06363
     43.00000    0.84436    0.07536    0.63588    0.08077
     46.00000    0.98373    0.07314    0.54777    0.05464
     49.00000    1.04178    0.05669    0.59702    0.07085
     52.00000    0.96721    0.06248    0.44576    0.04536
     55.00000    0.92479    0.04768    0.58077    0.09579
     58.00000    0.92078    0.03514    0.55076    0.05013
     61.00000    0.86931    0.04802    0.53984    0.04455
     64.00000    0.86723    0.05964    0.62884    0.05791
     67.00000    0.90311    0.04345    0.53326    0.06192
     70.00000    0.80201    0.07779    0.55899    0.05598
     73.00000    0.81613    0.05437    0.62224    0.06623
     76.00000    0.91225    0.06128    0.52565    0.03446
     79.00000    0.90617    0.06963    0.52366    0.07297
     82.00000    0.86898    0.04774    0.59558    0.05972
     85.00000    1.01345    0.05394    0.56524    0.05878
     88.00000    1.00624    0.06690    0.51059    0.06024
     91.00000    0.93080    0.03299    0.53063    0.00736
     94.00000    0.90823    0.05328    0.58601    0.05484
     97.00000    0.90984    0.02370    0.49691    0.03675
    100.00000    0.91460    0.02003    0.43290    0.05024
    103.00000    0.85412    0.05140    0.51791    0.06545
    106.00000    0.96756    0.06605    0.53053    0.02977
    109.00000    0.85295    0.04886    0.62981    0.07361
    112.00000    0.90847    0.05042    0.50592    0.04102
    115.00000    0.89992    0.05854    0.53171    0.07722
    118.00000    0.88126    0.01822    0.34822    0.08201
    367.00000    1.02193    0.05568    0.62640    0.06064
    370.00000    0.93370    0.06648    0.52028    0.05059
    373.00000    0.92610    0.06393    0.60291    0.05417
    376.00000    0.92043    0.01522    0.47421    0.03367
    379.00000    0.92157    0.05023    0.47226    0.03258
    382.00000    0.89699    0.03769    0.51685    0.01758
    385.00000    0.90975    0.04745    0.46613    0.04745
    388.00000    0.83230    0.04538    0.54882    0.02834
    391.00000    0.87448    0.03003    0.60577    0.06258
    394.00000    0.95947    0.04336    0.51207    0.06723
    397.00000    0.92779    0.06250    0.67253    0.05000
    400.00000    0.95475    0.08483    0.43471    0.07035
    403.00000    0.77491    0.05297    0.57734    0.05218
    406.00000    0.89194    0.06132    0.53662    0.03326
    409.00000    0.75207    0.07493    0.51188    0.04756
    412.00000    0.94646    0.04105    0.53185    0.04900
    415.00000    0.89890    0.04084    0.45338    0.04769
    418.00000    0.89264    0.03334    0.55516    0.03613
    421.00000    0.89391    0.07040    0.58932    0.06640
    424.00000    0.84070    0.03134    0.50517    0.03262
    427.00000    0.88117    0.05333    0.54810    0.05358
    430.00000    0.90609    0.05241    0.47107    0.02829
    433.00000    0.83116    0.06604    0.54110    0.05694
    436.00000    0.73886    0.07052    0.66382    0.05143
    439.00000    0.84940    0.07332    0.49346    0.04297
    442.00000    0.88281    0.05447    0.55936    0.06737
    445.00000    0.88772    0.05791    0.33261    0.08198
    448.00000    0.97259    0.07529    0.60410    0.07390
    451.00000    0.78980    0.06616    0.53011    0.06190
    454.00000    0.86257    0.07675    0.48931    0.08586
    457.00000    0.91623    0.05276    0.54581    0.06682
    460.00000    0.87517    0.03630    0.41433    0.05501
    463.00000    0.96436    0.05302    0.50029    0.07463
    466.00000    0.93610    0.07765    0.57737    0.06446
    469.00000    0.90142    0.03474    0.49173    0.03814
    472.00000    0.96483    0.04216    0.55206    0.07640
    475.00000    0.93082    0.03896    0.57895    0.03925
    478.00000    0.93078    0.02857    0.38893    0.06640
    481.00000    0.95623    0.03028    0.49815    0.03865
    484.00000    0.99164    0.06097    0.53345    0.04184
    733.00000    1.00061    0.07461    0.58703    0.03597
    736.00000    1.00875    0.03223    0.49579    0.03286
    739.00000    0.96652    0.05684    0.47590    0.08206
    742.00000    0.87751    0.08922    0.53166    0.04018
    745.00000    0.90872    0.04799    0.40433    0.06579
    748.00000    0.87651    0.05063    0.56651    0.05588
    751.00000    0.97144    0.02105    0.52681    0.06206
    754.00000    0.93880    0.06710    0.52126    0.05338
    757.00000    0.89048    0.06358    0.52938    0.07832
    760.00000    1.12138    0.06944    0.47328    0.06304
    763.00000    0.91625    0.06239    0.54566    0.05501
    766.00000    0.85227    0.03455    0.54034    0.07216
    769.00000    0.86398    0.04275    0.50966    0.03809
    772.00000    0.81171    0.03010    0.51346    0.06296
    775.00000    0.81258    0.05439    0.57006    0.05104
    778.00000    0.91452    0.06002    0.58712    0.05414
    781.00000    0.94499    0.08434    0.52637    0.05208
    784.00000    0.77022    0.05101    0.37903    0.05535
    787.00000    0.76415    0.03224    0.46990    0.04092
    790.00000    0.75276    0.04387    0.49846    0.04564
    793.00000    0.73842    0.05640    0.54349    0.05727
    796.00000    0.72293    0.06803    0.58328    0.06584
    799.00000    0.78936    0.02897    0.47346    0.05017
    802.00000    0.76473    0.04982    0.44884    0.03851
    805.00000    0.81962    0.06182    0.50068    0.03623
    808.00000    0.89035    0.05055    0.39264    0.04700
    811.00000    0.83431    0.06270    0.45188    0.02986
    814.00000    0.97051    0.06194    0.42918    0.05688
    817.00000    0.83934    0.04077    0.36463    0.06384
    820.00000    0.87029    0.07063    0.46651    0.03452
    823.00000    0.88944    0.06091    0.45334    0.03429
    826.00000    0.86312    0.03541    0.46719    0.05396
    829.00000    0.88453    0.05614    0.48495    0.06671
    832.00000    0.80696    0.05549    0.52065    0.08146
    835.00000    0.83299    0.04921    0.53174    0.03875
    838.00000    0.76962    0.06832    0.53866    0.05786
    841.00000    0.81803    0.03870    0.46578    0.03063
    844.00000    0.88533    0.02899    0.54733    0.06035
    847.00000    0.95785    0.04664    0.53807    0.05772
   1096.00000    0.83442    0.04620    0.55307    0.02237
   1099.00000    0.93551    0.06019    0.63081    0.04595
   1102.00000    0.83163    0.04841    0.46591    0.03081
   1105.00000    1.00438    0.08144    0.45936    0.06918
   1108.00000    0.97066    0.05580    0.55594    0.04793
   1111.00000    0.90311    0.08197    0.51660    0.04660
   1114.00000    0.96543    0.03518    0.51847    0.04705
   1117.00000    0.87542    0.03349    0.56545    0.05401
   1120.00000    0.83822    0.07980    0.56888    0.06593
   1123.00000    0.83397    0.03338    0.55682    0.05742
   1126.00000    1.00504    0.05179    0.47015    0.06092
   1129.00000    0.83970    0.07580    0.54410    0.04405
   1132.00000    0.84194    0.05140    0.41874    0.07617
   1135.00000    0.88857    0.05546    0.40439    0.05757
   1138.00000    0.95795    0.08424    0.47107    0.06899
   1141.00000    0.87054    0.05984    0.48227    0.02403
   1144.00000    0.93248    0.04996    0.45314    0.04858
   1147.00000    0.93651    0.06179    0.48232    0.05396
   1150.00000    0.84948    0.04451    0.54125    0.05871
   1153.00000    0.78637    0.06507    0.44334    0.05985
   1156.00000    0.94222    0.07687    0.52631    0.04974
   1159.00000    0.94042    0.05896    0.50738    0.05147
   1162.00000    0.89426    0.02788    0.45466    0.02831
   1165.00000    1.00619    0.04600    0.55059    0.05095
   1168.00000    0.98013    0.05709    0.42112    0.06494
   1171.00000    0.85972    0.04436    0.51037    0.03139
   1174.00000    0.78719    0.07135    0.47870    0.02693
   1177.00000    0.81444    0.07821    0.48208    0.03226
   1180.00000    0.86225    0.04851    0.55884    0.04445
   1183.00000    0.88287    0.07365    0.63100    0.05799
   1186.00000    0.93781    0.08248    0.46748    0.07289
   1189.00000    0.93732    0.04969    0.52141    0.05260
   1192.00000    0.88005    0.07268    0.48377    0.02322
   1195.00000    0.94747    0.11010    0.53140    0.06531
   1198.00000    0.86036    0.04561    0.50054    0.06185
   1201.00000    0.76614    0.07485    0.47514    0.01883
   1204.00000    0.85795    0.03984    0.48449    0.05740
   1207.00000    0.83367    0.05338    0.46661    0.04940
   1210.00000    0.86639    0.04436    0.53638    0.05048
   1213.00000    0.87766    0.06088    0.48673    0.02994
   1462.00000    0.76928    0.07045    0.53467    0.06722
   1465.00000    0.86938    0.06987    0.55536    0.04994
   1468.00000    0.81259    0.01852    0.43023    0.09111
   1471.00000    0.81355    0.05332    0.48663    0.04215
   1474.00000    0.78057    0.04985    0.44594    0.04739
   1477.00000    0.80470    0.00955    0.61431    0.04537
   1480.00000    0.87031    0.05133    0.53098    0.04776
   1483.00000    0.78203    0.04875    0.47576    0.03331
   1486.00000    0.75769    0.08054    0.47943    0.04580
   1489.00000    0.87237    0.04582    0.54750    0.04743
   1492.00000    0.79410    0.02757    0.44266    0.05575
   1495.00000    0.84610    0.03202    0.48976    0.08125
   1498.00000    0.84416    0.06062    0.52009    0.05634
   1501.00000    0.81467    0.02636    0.55470    0.06681
   1504.00000    0.81052    0.04209    0.50113    0.07913
   1507.00000    0.64835    0.07963    0.42964    0.08304
   1510.00000    0.80614    0.05807    0.52809    0.05592
   1513.00000    0.84474    0.03911    0.52741    0.03302
   1516.00000    0.83713    0.03637    0.45918    0.03169
   1519.00000    0.75276    0.07646    0.50960    0.02538
   1522.00000    0.68303    0.07068    0.51468    0.04930
   1525.00000    0.73662    0.05849    0.50819    0.05604
   1528.00000    0.82908    0.04237    0.44053    0.04838
   1531.00000    0.86385    0.04691    0.41006    0.06409
   1534.00000    0.87973    0.05576    0.44484    0.05027
   1537.00000    0.77343    0.08242    0.45204    0.02642
   1540.00000    0.86584    0.04546    0.44055    0.03682
   1543.00000    0.78872    0.04937    0.46319    0.05655
   1546.00000    0.83232    0.06941    0.46821    0.06141
   1549.00000    0.88477    0.06520    0.43602    0.04388
   1552.00000    0.64209    0.06411    0.47530    0.05644
   1555.00000    0.64749    0.08271    0.44637    0.06752
   1558.00000    0.72748    0.05963    0.44735    0.03530
   1561.00000    0.80977    0.04398    0.46803    0.03066
   1564.00000    0.78035    0.05174    0.38321    0.05219
   1567.00000    0.75767    0.06662    0.59516    0.08247
   1570.00000    0.88787    0.04910    0.39979    0.06969
   1573.00000    0.87342    0.03947    0.41703    0.04620
   1576.00000    0.81596    0.04660    0.44600    0.01339
   1579.00000    0.83289    0.06801    0.42867    0.04246
