## Time Delay Challenge light curves
##
## [time]=days, [lc]=[err]=flux in nanomaggies
##
##       time       lc_A      err_A       lc_B      err_B
##-------------------------------------------------------
      1.00000    2.58015    0.04311    0.59716    0.05018
      4.00000    2.61100    0.03682    0.57676    0.04915
      7.00000    2.43444    0.05894    0.47015    0.07212
     10.00000    2.55373    0.05843    0.54666    0.05850
     13.00000    2.63253    0.04759    0.67369    0.04126
     16.00000    2.49676    0.04493    0.59226    0.04790
     19.00000    2.64163    0.06913    0.47336    0.08798
     22.00000    2.53909    0.04760    0.59162    0.03464
     25.00000    2.54459    0.05636    0.57808    0.04180
     28.00000    2.60854    0.04943    0.57205    0.04444
     31.00000    2.74395    0.05925    0.54751    0.02256
     34.00000    2.65357    0.04250    0.50798    0.03870
     37.00000    2.62676    0.02981    0.52742    0.04949
     40.00000    2.61780    0.06833    0.57866    0.04844
     43.00000    2.74688    0.04250    0.61172    0.05022
     46.00000    2.71640    0.02939    0.60998    0.02911
     49.00000    2.69042    0.01859    0.61727    0.08525
     52.00000    2.56583    0.08988    0.53905    0.04930
     55.00000    2.68568    0.06032    0.67616    0.03644
     58.00000    2.66355    0.07033    0.63252    0.06456
     61.00000    2.55360    0.03738    0.73009    0.06341
     64.00000    2.56030    0.02031    0.59160    0.03552
     67.00000    2.61213    0.06774    0.53062    0.04994
     70.00000    2.70334    0.07148    0.59808    0.04729
     73.00000    2.52372    0.06085    0.55788    0.04037
     76.00000    2.60167    0.05201    0.63013    0.07649
     79.00000    2.47842    0.03504    0.59287    0.04864
     82.00000    2.58563    0.06519    0.54043    0.05236
     85.00000    2.65622    0.06051    0.58878    0.06286
     88.00000    2.49245    0.02420    0.48933    0.04939
     91.00000    2.54784    0.05998    0.52305    0.04927
     94.00000    2.66499    0.04519    0.47690    0.06010
     97.00000    2.55718    0.02699    0.69481    0.05089
    100.00000    2.54871    0.06473    0.53796    0.07061
    103.00000    2.61223    0.06240    0.53696    0.06020
    106.00000    2.59212    0.06046    0.56528    0.04293
    109.00000    2.71961    0.04872    0.55877    0.04746
    112.00000    2.62250    0.04683    0.55747    0.07589
    115.00000    2.62500    0.07523    0.52326    0.04339
    118.00000    2.59769    0.05218    0.60033    0.06618
    367.00000    2.20977    0.06397    0.44642    0.05130
    370.00000    2.21573    0.06192    0.44727    0.06509
    373.00000    2.23291    0.05962    0.42982    0.04476
    376.00000    2.28547    0.05123    0.49601    0.04667
    379.00000    2.43255    0.06548    0.42526    0.07523
    382.00000    2.20637    0.05101    0.49585    0.07402
    385.00000    2.34868    0.10004    0.48583    0.01945
    388.00000    2.22058    0.06446    0.40426    0.06609
    391.00000    2.19427    0.06498    0.47611    0.03471
    394.00000    2.21794    0.03975    0.47673    0.02764
    397.00000    2.15829    0.05742    0.46060    0.03250
    400.00000    2.19065    0.04811    0.41263    0.03663
    403.00000    2.11358    0.05514    0.50879    0.05097
    406.00000    2.16070    0.07376    0.41331    0.02715
    409.00000    2.15092    0.03864    0.51366    0.03732
    412.00000    2.11833    0.08068    0.36370    0.08550
    415.00000    2.19708    0.03083    0.38481    0.03330
    418.00000    2.18745    0.05997    0.40144    0.07238
    421.00000    2.12635    0.06037    0.53494    0.05003
    424.00000    2.23824    0.07147    0.41068    0.04393
    427.00000    2.05852    0.04884    0.57560    0.04167
    430.00000    2.04633    0.04423    0.44331    0.00680
    433.00000    2.01616    0.05348    0.54863    0.05831
    436.00000    2.00896    0.03271    0.63486    0.08098
    439.00000    2.05751    0.05559    0.45634    0.07113
    442.00000    1.93264    0.06205    0.39001    0.05250
    445.00000    1.86310    0.06128    0.37990    0.07972
    448.00000    1.95131    0.05866    0.47309    0.04499
    451.00000    2.02327    0.06451    0.35556    0.05893
    454.00000    1.89370    0.04285    0.38560    0.08128
    457.00000    1.96612    0.06314    0.38822    0.08729
    460.00000    1.87620    0.03401    0.39988    0.06075
    463.00000    1.95765    0.06299    0.49270    0.08561
    466.00000    1.97654    0.06986    0.40334    0.05188
    469.00000    1.94872    0.05668    0.43627    0.08524
    472.00000    1.99762    0.04645    0.38180    0.05776
    475.00000    1.74282    0.06252    0.31165    0.04040
    478.00000    1.94051    0.08882    0.37662    0.06412
    481.00000    1.89144    0.03774    0.34632    0.06113
    484.00000    1.76869    0.06759    0.39361    0.07254
    733.00000    2.18354    0.06583    0.48757    0.04213
    736.00000    2.27021    0.05569    0.56359    0.05329
    739.00000    2.28998    0.05225    0.52200    0.06064
    742.00000    2.26925    0.05329    0.44841    0.03740
    745.00000    2.30855    0.06560    0.43675    0.05397
    748.00000    2.37257    0.03464    0.46198    0.06608
    751.00000    2.42740    0.07879    0.43474    0.04187
    754.00000    2.24005    0.05161    0.43179    0.04791
    757.00000    2.19049    0.07926    0.42363    0.02590
    760.00000    2.31093    0.03472    0.45395    0.04673
    763.00000    2.30344    0.06059    0.55407    0.06961
    766.00000    2.36534    0.04267    0.42592    0.07595
    769.00000    2.26631    0.04542    0.42605    0.04664
    772.00000    2.25767    0.04519    0.42373    0.04609
    775.00000    2.31659    0.03193    0.41967    0.07712
    778.00000    2.30603    0.04704    0.49745    0.05648
    781.00000    2.29240    0.06587    0.44076    0.06676
    784.00000    2.32860    0.01729    0.49530    0.03820
    787.00000    2.35314    0.05229    0.45747    0.04239
    790.00000    2.31402    0.03802    0.51302    0.06087
    793.00000    2.26786    0.05110    0.51435    0.09893
    796.00000    2.33984    0.03580    0.48991    0.06676
    799.00000    2.37257    0.02772    0.48344    0.06643
    802.00000    2.30168    0.05436    0.47736    0.03415
    805.00000    2.29790    0.05403    0.32690    0.07476
    808.00000    2.27866    0.05179    0.45771    0.05475
    811.00000    2.27418    0.03350    0.50534    0.05783
    814.00000    2.30299    0.05069    0.42477    0.05842
    817.00000    2.26250    0.05596    0.40320    0.04925
    820.00000    2.26983    0.05231    0.48224    0.06521
    823.00000    2.23176    0.05498    0.36384    0.04683
    826.00000    2.24633    0.04630    0.46329    0.06449
    829.00000    2.33327    0.05265    0.45710    0.06763
    832.00000    2.27622    0.05317    0.38303    0.05470
    835.00000    2.15967    0.05199    0.50938    0.06078
    838.00000    2.20364    0.02336    0.33730    0.06716
    841.00000    2.22000    0.05736    0.38386    0.07614
    844.00000    2.15033    0.04344    0.38890    0.02807
    847.00000    2.15301    0.05836    0.44013    0.03046
   1096.00000    2.60352    0.06575    0.54969    0.04833
   1099.00000    2.68633    0.03852    0.56007    0.05318
   1102.00000    2.51783    0.06710    0.57578    0.03268
   1105.00000    2.64452    0.05791    0.54641    0.05434
   1108.00000    2.67890    0.05955    0.57465    0.04459
   1111.00000    2.66573    0.07024    0.59270    0.04882
   1114.00000    2.56713    0.04703    0.60259    0.08514
   1117.00000    2.66867    0.05352    0.55058    0.03971
   1120.00000    2.58793    0.05210    0.53783    0.02185
   1123.00000    2.70403    0.05110    0.60918    0.04846
   1126.00000    2.49234    0.05126    0.52467    0.04526
   1129.00000    2.60445    0.05340    0.48944    0.07947
   1132.00000    2.49802    0.05594    0.51764    0.04390
   1135.00000    2.48936    0.05505    0.66867    0.05658
   1138.00000    2.52451    0.07808    0.64464    0.06295
   1141.00000    2.49806    0.06889    0.47046    0.05951
   1144.00000    2.52592    0.03796    0.45833    0.03449
   1147.00000    2.51458    0.04368    0.52957    0.06954
   1150.00000    2.43336    0.04042    0.50164    0.05404
   1153.00000    2.57411    0.05676    0.50679    0.07327
   1156.00000    2.38987    0.04085    0.52578    0.04228
   1159.00000    2.35197    0.07784    0.40307    0.07464
   1162.00000    2.40079    0.05289    0.34722    0.07881
   1165.00000    2.51147    0.03635    0.47032    0.03316
   1168.00000    2.33229    0.04045    0.43761    0.04157
   1171.00000    2.50895    0.06650    0.51181    0.02126
   1174.00000    2.48756    0.04967    0.39968    0.05845
   1177.00000    2.40246    0.06014    0.47308    0.03875
   1180.00000    2.47523    0.06255    0.48149    0.05560
   1183.00000    2.50026    0.06024    0.55365    0.06278
   1186.00000    2.49684    0.03249    0.44171    0.02152
   1189.00000    2.29699    0.06192    0.46376    0.05775
   1192.00000    2.40205    0.05511    0.36191    0.06102
   1195.00000    2.28454    0.04697    0.54532    0.06286
   1198.00000    2.33442    0.07071    0.48377    0.05316
   1201.00000    2.22586    0.06751    0.39216    0.03907
   1204.00000    2.27798    0.05708    0.41563    0.03949
   1207.00000    2.34011    0.04258    0.39439    0.07081
   1210.00000    2.38801    0.06953    0.37593    0.08267
   1213.00000    2.36230    0.04034    0.55290    0.07207
   1462.00000    2.25238    0.05993    0.40846    0.02054
   1465.00000    2.09300    0.07575    0.43223    0.05800
   1468.00000    2.27971    0.05503    0.33035    0.08299
   1471.00000    2.07581    0.06730    0.54519    0.06883
   1474.00000    2.14969    0.06391    0.38948    0.07516
   1477.00000    2.16305    0.02858    0.39523    0.04861
   1480.00000    2.12237    0.06300    0.38038    0.05622
   1483.00000    2.15268    0.03209    0.43577    0.04769
   1486.00000    2.15797    0.08602    0.47518    0.04459
   1489.00000    2.33041    0.05255    0.42892    0.03794
   1492.00000    2.24971    0.03786    0.42812    0.04731
   1495.00000    2.25291    0.06354    0.41952    0.06553
   1498.00000    2.14926    0.05703    0.37403    0.05940
   1501.00000    2.19839    0.04766    0.45126    0.05116
   1504.00000    2.19051    0.05501    0.43065    0.06067
   1507.00000    2.11377    0.06956    0.44915    0.04811
   1510.00000    2.25350    0.07101    0.27567    0.05687
   1513.00000    2.18560    0.05562    0.41310    0.02409
   1516.00000    2.29684    0.04175    0.37076    0.04585
   1519.00000    2.24500    0.03825    0.36752    0.03997
   1522.00000    2.16038    0.06602    0.39340    0.07157
   1525.00000    2.25967    0.01443    0.38069    0.05188
   1528.00000    2.24929    0.03849    0.40833    0.06629
   1531.00000    2.10970    0.06120    0.45269    0.02379
   1534.00000    2.16097    0.05121    0.42613    0.01987
   1537.00000    2.02489    0.05144    0.44138    0.02804
   1540.00000    2.15782    0.06392    0.38630    0.05093
   1543.00000    2.11827    0.06173    0.41993    0.06193
   1546.00000    2.17452    0.03171    0.37098    0.06639
   1549.00000    2.16963    0.04987    0.39201    0.05079
   1552.00000    2.17165    0.05427    0.32471    0.06569
   1555.00000    2.21013    0.04093    0.34065    0.04909
   1558.00000    2.23333    0.05212    0.45225    0.03020
   1561.00000    2.25541    0.05496    0.31438    0.04503
   1564.00000    2.19140    0.02903    0.41817    0.08278
   1567.00000    2.16558    0.06304    0.43381    0.04245
   1570.00000    2.25650    0.06302    0.46088    0.04897
   1573.00000    2.19626    0.02980    0.36290    0.05163
   1576.00000    2.36749    0.04941    0.37955    0.07352
   1579.00000    2.22762    0.03057    0.39853    0.03295
