## Time Delay Challenge light curves
##
## [time]=days, [lc]=[err]=flux in nanomaggies
##
##       time       lc_A      err_A       lc_B      err_B
##-------------------------------------------------------
      1.00000    0.38104    0.05656    2.34878    0.03671
      4.00000    0.46598    0.02305    2.26229    0.07681
      7.00000    0.43573    0.08107    2.53219    0.04400
     10.00000    0.32326    0.04144    2.60464    0.02797
     13.00000    0.34887    0.04752    2.81167    0.02477
     16.00000    0.44667    0.04439    2.78721    0.04739
     19.00000    0.52447    0.05029    2.76034    0.05237
     22.00000    0.52632    0.09147    2.71105    0.06367
     25.00000    0.58075    0.06673    2.76483    0.07288
     28.00000    0.55811    0.06081    2.78593    0.05398
     31.00000    0.46981    0.07372    2.86160    0.04360
     34.00000    0.43428    0.07722    2.73133    0.06092
     37.00000    0.44361    0.03706    2.56401    0.07098
     40.00000    0.43602    0.04379    2.46523    0.06240
     43.00000    0.45053    0.04369    2.40979    0.10614
     46.00000    0.34334    0.08877    2.16855    0.06221
     49.00000    0.55143    0.06991    2.26219    0.05833
     52.00000    0.41678    0.06932    2.08894    0.03334
     55.00000    0.39288    0.04502    2.31052    0.05605
     58.00000    0.43508    0.04265    2.47821    0.04887
     61.00000    0.46974    0.05715    2.51085    0.08878
     64.00000    0.36016    0.08524    2.31872    0.04426
     67.00000    0.46792    0.06009    2.12032    0.08594
     70.00000    0.37399    0.07517    2.17417    0.05969
     73.00000    0.39075    0.06557    2.35215    0.05792
     76.00000    0.33195    0.03557    2.32918    0.05231
     79.00000    0.44801    0.08204    2.16737    0.05470
     82.00000    0.41881    0.06239    2.34167    0.06238
     85.00000    0.34599    0.04595    2.35692    0.06757
     88.00000    0.45088    0.04489    2.41793    0.05344
     91.00000    0.39839    0.05169    2.42681    0.03674
     94.00000    0.17310    0.07582    2.40613    0.07795
     97.00000    0.30970    0.05501    2.62658    0.06940
    100.00000    0.32032    0.06374    2.60842    0.03448
    103.00000    0.26102    0.06069    2.76739    0.05740
    106.00000    0.31161    0.06117    2.71610    0.06448
    109.00000    0.37039    0.04532    2.83629    0.06789
    112.00000    0.44644    0.04611    3.08205    0.02459
    115.00000    0.42521    0.03981    2.91011    0.02691
    118.00000    0.46046    0.04810    2.77344    0.04420
    367.00000    0.44730    0.05236    2.91482    0.06745
    370.00000    0.48824    0.05384    2.87634    0.07346
    373.00000    0.46247    0.02298    2.79615    0.04629
    376.00000    0.51528    0.05315    2.97393    0.03673
    379.00000    0.47920    0.04813    3.35082    0.05010
    382.00000    0.46903    0.06566    3.46476    0.04748
    385.00000    0.41528    0.05541    3.50206    0.03884
    388.00000    0.39818    0.04766    3.39291    0.06167
    391.00000    0.43269    0.04044    3.59056    0.06407
    394.00000    0.41373    0.04582    3.28329    0.05635
    397.00000    0.41583    0.04750    3.40172    0.05862
    400.00000    0.47732    0.07398    3.50799    0.02870
    403.00000    0.42997    0.03290    3.34773    0.04781
    406.00000    0.43705    0.06092    3.27585    0.04336
    409.00000    0.39506    0.02699    3.33248    0.06694
    412.00000    0.43113    0.05836    3.19634    0.02384
    415.00000    0.48198    0.06909    3.20067    0.04840
    418.00000    0.39777    0.02097    3.40690    0.04481
    421.00000    0.42650    0.03918    3.35379    0.04810
    424.00000    0.44775    0.06090    3.41662    0.04388
    427.00000    0.45237    0.04061    3.67713    0.06549
    430.00000    0.47574    0.09314    3.58197    0.02902
    433.00000    0.44467    0.03697    3.77923    0.06431
    436.00000    0.40717    0.05178    3.51107    0.03608
    439.00000    0.47783    0.04493    3.57337    0.05815
    442.00000    0.51912    0.04968    3.73603    0.04893
    445.00000    0.44462    0.03743    4.03443    0.06398
    448.00000    0.54062    0.04224    3.39534    0.04247
    451.00000    0.47914    0.05351    3.76911    0.04658
    454.00000    0.49811    0.08038    3.70784    0.06556
    457.00000    0.42494    0.05250    3.51987    0.02754
    460.00000    0.50800    0.03042    3.32789    0.08286
    463.00000    0.46577    0.04138    3.33490    0.06664
    466.00000    0.46586    0.05299    3.43477    0.05419
    469.00000    0.45480    0.04714    3.24794    0.03344
    472.00000    0.42682    0.04884    3.25281    0.05052
    475.00000    0.43426    0.06661    3.18806    0.05227
    478.00000    0.59228    0.05462    3.08085    0.04027
    481.00000    0.52085    0.04947    3.11786    0.05909
    484.00000    0.47399    0.02319    3.02693    0.06563
    733.00000    0.53343    0.04467    3.05660    0.07065
    736.00000    0.65254    0.03314    2.84355    0.03898
    739.00000    0.59074    0.03755    3.35662    0.04252
    742.00000    0.51795    0.03695    2.99234    0.07083
    745.00000    0.53374    0.04482    2.77278    0.06137
    748.00000    0.55284    0.02878    2.78919    0.07073
    751.00000    0.60402    0.06338    2.88956    0.02661
    754.00000    0.63339    0.07420    3.05981    0.05003
    757.00000    0.62580    0.04452    3.13914    0.06663
    760.00000    0.60925    0.03608    3.24527    0.05874
    763.00000    0.57520    0.02770    3.43673    0.04057
    766.00000    0.57509    0.04067    3.47154    0.03572
    769.00000    0.46834    0.02988    3.72815    0.04591
    772.00000    0.48107    0.03999    3.77358    0.03700
    775.00000    0.48876    0.03462    3.73642    0.07746
    778.00000    0.52333    0.05568    4.00862    0.04190
    781.00000    0.50319    0.07746    4.07227    0.03927
    784.00000    0.50734    0.05124    4.38360    0.05266
    787.00000    0.37482    0.07607    4.27108    0.04954
    790.00000    0.43186    0.08777    4.31634    0.06508
    793.00000    0.33675    0.04880    4.15971    0.07546
    796.00000    0.36974    0.08308    4.01400    0.05650
    799.00000    0.45784    0.06742    3.58924    0.01268
    802.00000    0.40904    0.02078    3.62721    0.05181
    805.00000    0.31931    0.05481    3.86467    0.03761
    808.00000    0.42041    0.06109    3.70936    0.03449
    811.00000    0.27394    0.06172    3.24532    0.06022
    814.00000    0.37855    0.05101    3.36773    0.05424
    817.00000    0.41584    0.06495    3.15204    0.05977
    820.00000    0.50316    0.05063    3.36148    0.02654
    823.00000    0.38367    0.06587    3.37794    0.07325
    826.00000    0.28720    0.06131    2.97212    0.09863
    829.00000    0.44713    0.03925    3.09319    0.05490
    832.00000    0.41538    0.04644    2.93054    0.06707
    835.00000    0.49253    0.05883    2.91646    0.05780
    838.00000    0.52606    0.04784    2.80501    0.04686
    841.00000    0.46796    0.03253    2.63083    0.05767
    844.00000    0.45210    0.03857    2.82912    0.05743
    847.00000    0.48328    0.08366    2.84376    0.05379
   1096.00000    0.35057    0.06439    2.29983    0.05548
   1099.00000    0.30066    0.05036    2.51855    0.02116
   1102.00000    0.26435    0.05720    2.41283    0.02913
   1105.00000    0.41698    0.10662    2.36507    0.06480
   1108.00000    0.44125    0.06733    2.35185    0.04502
   1111.00000    0.40917    0.04904    2.64383    0.03597
   1114.00000    0.34262    0.03142    2.51495    0.07598
   1117.00000    0.35167    0.06781    2.62075    0.04041
   1120.00000    0.35417    0.04210    2.80998    0.03969
   1123.00000    0.30696    0.05456    2.60487    0.04898
   1126.00000    0.34812    0.05176    2.41915    0.03910
   1129.00000    0.32604    0.06291    2.46860    0.03560
   1132.00000    0.26083    0.06113    2.52782    0.07771
   1135.00000    0.29149    0.03267    2.81475    0.07902
   1138.00000    0.30593    0.05367    2.89448    0.05640
   1141.00000    0.41799    0.05480    2.78355    0.05043
   1144.00000    0.27938    0.05449    2.81195    0.03186
   1147.00000    0.41918    0.05627    2.79885    0.05769
   1150.00000    0.45422    0.05152    2.87237    0.06943
   1153.00000    0.37418    0.04416    2.82322    0.02182
   1156.00000    0.43448    0.06767    2.91320    0.04539
   1159.00000    0.34423    0.09277    3.10342    0.06901
   1162.00000    0.36366    0.06143    3.19144    0.05137
   1165.00000    0.41095    0.06478    3.16859    0.04609
   1168.00000    0.36472    0.02966    3.16451    0.04755
   1171.00000    0.36820    0.03385    3.01516    0.04993
   1174.00000    0.32472    0.05986    3.05699    0.04418
   1177.00000    0.40018    0.04347    2.96111    0.05041
   1180.00000    0.32944    0.05042    2.92352    0.05624
   1183.00000    0.37220    0.03164    2.94104    0.05153
   1186.00000    0.38599    0.04804    3.00516    0.02553
   1189.00000    0.41743    0.05324    3.22059    0.03589
   1192.00000    0.22891    0.06995    3.19803    0.03572
   1195.00000    0.46320    0.07759    3.31267    0.05660
   1198.00000    0.30443    0.06312    3.24519    0.04654
   1201.00000    0.27112    0.06602    3.34717    0.08761
   1204.00000    0.42002    0.04724    3.40261    0.04979
   1207.00000    0.39079    0.03728    3.25665    0.05341
   1210.00000    0.38258    0.03324    3.39075    0.05526
   1213.00000    0.40623    0.03755    3.24161    0.05190
   1462.00000    0.47079    0.04290    3.00578    0.04429
   1465.00000    0.54914    0.06095    3.06151    0.03048
   1468.00000    0.52063    0.05431    3.00483    0.04729
   1471.00000    0.46585    0.05352    3.09669    0.02579
   1474.00000    0.51256    0.06287    3.16792    0.07796
   1477.00000    0.56268    0.06918    3.16955    0.07144
   1480.00000    0.58534    0.03981    2.87767    0.08089
   1483.00000    0.62463    0.07341    2.89971    0.05190
   1486.00000    0.55464    0.05596    2.72760    0.06849
   1489.00000    0.49374    0.07020    2.88847    0.08981
   1492.00000    0.58397    0.05381    2.75542    0.05766
   1495.00000    0.50378    0.04589    2.87487    0.05023
   1498.00000    0.58335    0.05437    2.76940    0.03708
   1501.00000    0.49551    0.07859    2.85476    0.03927
   1504.00000    0.60401    0.06348    2.86060    0.06681
   1507.00000    0.46585    0.06810    2.84341    0.05630
   1510.00000    0.41775    0.04394    2.98322    0.06242
   1513.00000    0.45835    0.07114    3.06933    0.06674
   1516.00000    0.44904    0.03528    3.15830    0.05312
   1519.00000    0.45999    0.04563    3.11416    0.01674
   1522.00000    0.42601    0.05789    3.10696    0.05430
   1525.00000    0.52256    0.05435    2.96920    0.06608
   1528.00000    0.46479    0.08109    3.16558    0.05404
   1531.00000    0.39517    0.07799    3.42658    0.04703
   1534.00000    0.43440    0.06208    3.44132    0.07223
   1537.00000    0.51481    0.02580    3.12939    0.07660
   1540.00000    0.43169    0.04951    3.31742    0.05132
   1543.00000    0.57587    0.05404    3.18115    0.07645
   1546.00000    0.53363    0.05349    3.06869    0.05804
   1549.00000    0.32296    0.07700    3.01302    0.05630
   1552.00000    0.46023    0.00120    2.89548    0.01503
   1555.00000    0.47122    0.05946    2.67609    0.04220
   1558.00000    0.50904    0.05260    2.75020    0.03781
   1561.00000    0.50734    0.07812    2.93146    0.06518
   1564.00000    0.51749    0.05306    2.71827    0.04034
   1567.00000    0.49407    0.07436    2.66640    0.07310
   1570.00000    0.49960    0.06606    2.62969    0.02977
   1573.00000    0.53860    0.04147    2.53176    0.05577
   1576.00000    0.29195    0.06625    2.50335    0.05965
   1579.00000    0.44993    0.04345    2.22429    0.04704
