## Time Delay Challenge light curves
##
## [time]=days, [lc]=[err]=flux in nanomaggies
##
##       time       lc_A      err_A       lc_B      err_B
##-------------------------------------------------------
      1.00000    2.01384    0.05292    1.40261    0.06068
      4.00000    2.11888    0.03555    1.44756    0.02666
      7.00000    1.89044    0.07751    1.50508    0.03834
     10.00000    1.99971    0.04658    1.43196    0.08275
     13.00000    2.17276    0.03894    1.48245    0.06418
     16.00000    2.33081    0.06631    1.55344    0.05823
     19.00000    2.32802    0.05449    1.51329    0.04639
     22.00000    2.32925    0.04081    1.58052    0.05608
     25.00000    2.50240    0.07586    1.47367    0.09455
     28.00000    2.49712    0.07636    1.63951    0.09401
     31.00000    2.59590    0.03484    1.66390    0.06617
     34.00000    2.61793    0.05914    1.71294    0.06030
     37.00000    2.83178    0.04996    1.73807    0.06631
     40.00000    2.84763    0.03257    1.75420    0.06625
     43.00000    2.76025    0.05196    1.76342    0.05638
     46.00000    2.72827    0.04689    1.80849    0.04871
     49.00000    2.66243    0.06351    1.95383    0.03709
     52.00000    2.61580    0.04949    1.86467    0.05211
     55.00000    2.75095    0.05045    2.06110    0.04653
     58.00000    2.85811    0.05624    1.98496    0.04994
     61.00000    2.76482    0.03541    2.00942    0.05773
     64.00000    2.82091    0.06964    2.03724    0.03920
     67.00000    2.69170    0.05690    1.89351    0.06763
     70.00000    2.64886    0.06424    1.88640    0.05198
     73.00000    2.56459    0.05436    1.96755    0.01915
     76.00000    2.46168    0.04263    2.05800    0.07216
     79.00000    2.37850    0.04574    1.95684    0.03307
     82.00000    2.44922    0.04379    1.95711    0.04243
     85.00000    2.45315    0.07215    2.00579    0.06561
     88.00000    2.38194    0.04531    1.88306    0.05063
     91.00000    2.45021    0.05003    1.72159    0.02012
     94.00000    2.48208    0.05641    1.73606    0.04467
     97.00000    2.24935    0.02380    1.61203    0.03415
    100.00000    2.24233    0.05330    1.66911    0.06646
    103.00000    2.42444    0.05934    1.59382    0.06610
    106.00000    2.40764    0.07175    1.71389    0.06641
    109.00000    2.38931    0.07973    1.62267    0.06188
    112.00000    2.29686    0.06713    1.67939    0.03686
    115.00000    2.39930    0.05634    1.52201    0.06730
    118.00000    2.45379    0.05715    1.45983    0.06090
    367.00000    2.82094    0.06912    1.86074    0.05282
    370.00000    2.88694    0.03199    1.78591    0.04630
    373.00000    2.90983    0.04422    1.71657    0.05520
    376.00000    2.89674    0.09178    1.63674    0.04027
    379.00000    2.97265    0.07136    1.67694    0.04696
    382.00000    3.02841    0.05270    1.71461    0.05407
    385.00000    2.90301    0.03694    1.49610    0.05098
    388.00000    2.81581    0.03862    1.72862    0.06593
    391.00000    2.88828    0.07352    1.66409    0.06291
    394.00000    2.97377    0.04477    1.65024    0.04084
    397.00000    2.98840    0.01397    1.65636    0.03914
    400.00000    2.87897    0.05410    1.61030    0.06131
    403.00000    2.91611    0.05185    1.56200    0.06201
    406.00000    2.90857    0.04410    1.49373    0.03910
    409.00000    2.92761    0.04793    1.71252    0.08454
    412.00000    2.94060    0.06818    1.63702    0.02356
    415.00000    2.89133    0.03584    1.57122    0.05115
    418.00000    2.80074    0.04764    1.55583    0.04300
    421.00000    2.81570    0.07269    1.68774    0.05257
    424.00000    2.85121    0.06880    1.52215    0.05746
    427.00000    2.84508    0.06153    1.55312    0.05856
    430.00000    2.77739    0.04731    1.60397    0.03571
    433.00000    2.83829    0.08163    1.49645    0.05474
    436.00000    3.00431    0.05687    1.52787    0.05909
    439.00000    3.08606    0.06466    1.47702    0.06113
    442.00000    3.12269    0.08429    1.56342    0.03371
    445.00000    2.94417    0.04193    1.59590    0.05899
    448.00000    2.74459    0.05174    1.52933    0.03493
    451.00000    2.93006    0.04761    1.45858    0.03460
    454.00000    2.73342    0.03305    1.59590    0.06400
    457.00000    2.82013    0.06615    1.67118    0.04980
    460.00000    2.65492    0.04018    1.51589    0.05118
    463.00000    2.80610    0.03089    1.55890    0.06848
    466.00000    2.73153    0.07865    1.40391    0.08468
    469.00000    2.71257    0.06487    1.71913    0.05988
    472.00000    2.75351    0.03167    1.52476    0.06016
    475.00000    2.55796    0.03618    1.55727    0.05442
    478.00000    2.62762    0.07233    1.41062    0.07857
    481.00000    2.63562    0.06377    1.52252    0.05843
    484.00000    2.58977    0.08011    1.52359    0.05326
    733.00000    3.20348    0.05329    1.78437    0.06087
    736.00000    3.16648    0.06133    1.84910    0.05840
    739.00000    3.21724    0.04824    1.77707    0.04232
    742.00000    3.17678    0.05290    1.71258    0.04856
    745.00000    3.23028    0.04005    1.81186    0.06106
    748.00000    3.23333    0.06598    1.73060    0.05301
    751.00000    3.38337    0.05267    1.67464    0.04486
    754.00000    3.34942    0.04628    1.82650    0.05304
    757.00000    3.24369    0.06624    1.73223    0.03090
    760.00000    3.11428    0.04991    1.71101    0.03846
    763.00000    3.15856    0.02972    1.82635    0.04720
    766.00000    3.08172    0.06286    1.73964    0.06967
    769.00000    3.01134    0.09431    1.78447    0.03807
    772.00000    3.11272    0.04590    1.74319    0.04060
    775.00000    3.05567    0.06115    1.79468    0.07911
    778.00000    2.95468    0.00932    1.61176    0.05121
    781.00000    2.74107    0.08035    1.71299    0.06455
    784.00000    2.81159    0.03309    1.72711    0.04942
    787.00000    2.94746    0.07993    1.66829    0.07370
    790.00000    2.96639    0.03383    1.69931    0.05019
    793.00000    3.13770    0.06038    1.61746    0.03742
    796.00000    2.96461    0.04919    1.64375    0.02895
    799.00000    3.04665    0.04593    1.51381    0.04211
    802.00000    2.99373    0.05605    1.37377    0.05280
    805.00000    2.81732    0.05540    1.36429    0.07552
    808.00000    2.91868    0.06518    1.61393    0.04967
    811.00000    2.86032    0.04279    1.71984    0.03754
    814.00000    3.01702    0.03186    1.62154    0.07674
    817.00000    2.73924    0.06272    1.72020    0.05492
    820.00000    2.67061    0.04626    1.66194    0.04423
    823.00000    2.58541    0.04292    1.56937    0.03339
    826.00000    2.29797    0.05710    1.55139    0.00984
    829.00000    2.34971    0.06313    1.55750    0.05044
    832.00000    2.40889    0.07486    1.72838    0.04206
    835.00000    2.49930    0.07002    1.59186    0.05056
    838.00000    2.49356    0.01166    1.41040    0.04170
    841.00000    2.62389    0.06168    1.43740    0.03204
    844.00000    2.59710    0.03935    1.27274    0.07254
    847.00000    2.77999    0.04534    1.41102    0.06156
   1096.00000    2.20743    0.04923    1.76180    0.05499
   1099.00000    2.22372    0.05266    1.62619    0.04853
   1102.00000    2.25859    0.02067    1.62295    0.04509
   1105.00000    2.08970    0.04839    1.54900    0.06134
   1108.00000    2.12091    0.06715    1.64454    0.02242
   1111.00000    2.02436    0.04574    1.57452    0.04246
   1114.00000    2.15966    0.07331    1.56754    0.04056
   1117.00000    2.28273    0.07355    1.64357    0.04474
   1120.00000    2.42452    0.03134    1.68087    0.05940
   1123.00000    2.22959    0.07340    1.54789    0.03310
   1126.00000    2.03863    0.05159    1.51536    0.02616
   1129.00000    2.08352    0.03387    1.66529    0.07917
   1132.00000    2.14197    0.05908    1.53584    0.05786
   1135.00000    2.09746    0.03374    1.60606    0.06014
   1138.00000    2.23673    0.06960    1.76313    0.01835
   1141.00000    2.05823    0.05945    1.54234    0.06637
   1144.00000    2.21979    0.06693    1.49363    0.02953
   1147.00000    2.06481    0.05651    1.54822    0.06006
   1150.00000    2.18213    0.03805    1.52356    0.08116
   1153.00000    2.07655    0.04684    1.43450    0.06228
   1156.00000    2.12771    0.03526    1.48969    0.04789
   1159.00000    2.05770    0.06427    1.57181    0.06712
   1162.00000    2.14625    0.06615    1.70394    0.06093
   1165.00000    2.12089    0.06673    1.73158    0.05648
   1168.00000    2.13008    0.03059    1.68503    0.06335
   1171.00000    2.17841    0.04253    1.64014    0.06808
   1174.00000    2.04484    0.05152    1.52402    0.04779
   1177.00000    1.90950    0.07707    1.69989    0.04154
   1180.00000    1.77762    0.06449    1.63414    0.05876
   1183.00000    1.80961    0.04366    1.82724    0.04908
   1186.00000    1.79044    0.05015    1.72793    0.06793
   1189.00000    1.58102    0.07617    1.62596    0.08925
   1192.00000    1.56007    0.08535    1.66565    0.04884
   1195.00000    1.59205    0.04636    1.61358    0.04534
   1198.00000    1.67800    0.06074    1.49727    0.04074
   1201.00000    1.60252    0.05306    1.41728    0.07644
   1204.00000    1.64490    0.05776    1.44099    0.03817
   1207.00000    1.56523    0.04601    1.40539    0.04868
   1210.00000    1.59740    0.06630    1.42767    0.08900
   1213.00000    1.63241    0.05497    1.30891    0.05087
   1462.00000    1.61102    0.04981    2.12710    0.04872
   1465.00000    1.60327    0.06910    2.11685    0.07386
   1468.00000    1.49026    0.05700    2.18576    0.06546
   1471.00000    1.54743    0.04421    2.22850    0.06885
   1474.00000    1.56554    0.04705    2.33496    0.09302
   1477.00000    1.47288    0.05859    2.45606    0.06054
   1480.00000    1.53869    0.05540    2.40374    0.03039
   1483.00000    1.52976    0.05577    2.36731    0.05763
   1486.00000    1.69443    0.03681    2.40100    0.06398
   1489.00000    1.52777    0.05737    2.39932    0.06166
   1492.00000    1.67237    0.01122    2.44635    0.04541
   1495.00000    1.64131    0.06988    2.39436    0.06160
   1498.00000    1.61113    0.06755    2.34868    0.05453
   1501.00000    1.52484    0.06401    2.49630    0.05196
   1504.00000    1.60305    0.06113    2.62672    0.04264
   1507.00000    1.51216    0.04566    2.57315    0.02846
   1510.00000    1.39919    0.06863    2.65862    0.05332
   1513.00000    1.46411    0.03969    2.70089    0.01611
   1516.00000    1.49032    0.04285    2.62365    0.06068
   1519.00000    1.38044    0.03983    2.58450    0.05174
   1522.00000    1.34263    0.03438    2.37901    0.05046
   1525.00000    1.23706    0.05061    2.59164    0.05855
   1528.00000    1.30297    0.05291    2.54170    0.03853
   1531.00000    1.20322    0.04849    2.51399    0.06532
   1534.00000    1.32634    0.05885    2.44512    0.03960
   1537.00000    1.20900    0.03087    2.38062    0.05645
   1540.00000    1.22310    0.04383    2.27076    0.06106
   1543.00000    1.09224    0.03764    2.22209    0.03173
   1546.00000    1.18010    0.05629    2.18849    0.01260
   1549.00000    1.20798    0.03872    2.21300    0.04352
   1552.00000    1.23346    0.04588    2.24174    0.07778
   1555.00000    1.10303    0.05136    2.15644    0.04392
   1558.00000    1.24662    0.06802    2.09740    0.07490
   1561.00000    1.27978    0.05847    2.12656    0.07476
   1564.00000    1.19817    0.04458    1.99800    0.05507
   1567.00000    1.13868    0.03562    2.08727    0.03491
   1570.00000    1.25011    0.04311    2.33437    0.07027
   1573.00000    1.09830    0.05853    2.14677    0.08274
   1576.00000    1.18220    0.05499    2.21245    0.04056
   1579.00000    1.15171    0.04090    2.31653    0.05025
