## Time Delay Challenge light curves
##
## [time]=days, [lc]=[err]=flux in nanomaggies
##
##       time       lc_A      err_A       lc_B      err_B
##-------------------------------------------------------
      1.00000    0.71326    0.04953    1.85621    0.05203
      4.00000    0.74087    0.05896    1.83384    0.04595
      7.00000    0.68986    0.05090    1.79829    0.03935
     10.00000    0.74489    0.01350    1.74736    0.07908
     13.00000    0.69234    0.05696    1.73829    0.08501
     16.00000    0.58863    0.06659    1.71873    0.06631
     19.00000    0.70366    0.04955    1.68080    0.04747
     22.00000    0.76900    0.04941    1.68912    0.02952
     25.00000    0.73270    0.04955    1.76501    0.05395
     28.00000    0.82068    0.06306    1.74427    0.06012
     31.00000    0.91279    0.07263    1.70641    0.05779
     34.00000    0.85533    0.03467    1.76470    0.04966
     37.00000    0.76342    0.07096    1.75259    0.04214
     40.00000    0.76033    0.05393    1.71864    0.02366
     43.00000    0.73904    0.04847    1.92125    0.07418
     46.00000    0.79058    0.04660    1.97595    0.09266
     49.00000    0.71431    0.09996    1.90908    0.05276
     52.00000    0.68710    0.06944    1.89509    0.03608
     55.00000    0.77260    0.03543    1.87090    0.06869
     58.00000    0.83180    0.06220    1.81620    0.04436
     61.00000    0.84005    0.04315    1.87629    0.04138
     64.00000    0.91211    0.07438    1.78979    0.05066
     67.00000    0.75993    0.06618    1.79363    0.04055
     70.00000    0.83614    0.03779    1.73854    0.06028
     73.00000    0.81390    0.02685    1.91325    0.04143
     76.00000    0.73460    0.07151    1.87520    0.03576
     79.00000    0.61939    0.06923    1.81521    0.01041
     82.00000    0.80455    0.01635    1.73589    0.05366
     85.00000    0.86071    0.02741    1.82069    0.06013
     88.00000    0.83379    0.03558    1.73377    0.07963
     91.00000    0.86314    0.04525    1.71951    0.04204
     94.00000    0.81720    0.04261    1.81530    0.07547
     97.00000    0.89806    0.02951    2.00194    0.06649
    100.00000    0.78774    0.04232    2.06019    0.06569
    103.00000    0.88356    0.04671    2.12710    0.05015
    106.00000    0.73321    0.05846    2.02513    0.07366
    109.00000    0.76256    0.08405    2.00701    0.06353
    112.00000    0.84306    0.05621    1.94425    0.04429
    115.00000    0.79527    0.02811    1.98782    0.07380
    118.00000    0.67650    0.05484    1.78198    0.05435
    367.00000    0.50003    0.04570    1.43152    0.02589
    370.00000    0.53859    0.02315    1.46495    0.05843
    373.00000    0.65548    0.08557    1.40232    0.07496
    376.00000    0.52843    0.05640    1.38399    0.07046
    379.00000    0.49148    0.04291    1.39365    0.04601
    382.00000    0.51854    0.07018    1.38916    0.04261
    385.00000    0.60807    0.03070    1.33873    0.06959
    388.00000    0.59011    0.05339    1.35512    0.06055
    391.00000    0.52841    0.08192    1.36334    0.05535
    394.00000    0.66697    0.02351    1.40739    0.05458
    397.00000    0.65843    0.02451    1.46171    0.02358
    400.00000    0.65142    0.06888    1.47771    0.04061
    403.00000    0.42474    0.06168    1.51199    0.07457
    406.00000    0.82186    0.06988    1.63265    0.03801
    409.00000    0.56688    0.04355    1.42596    0.05750
    412.00000    0.56879    0.06299    1.66410    0.05346
    415.00000    0.55069    0.05196    1.52799    0.04158
    418.00000    0.62853    0.03305    1.52861    0.04968
    421.00000    0.62253    0.03763    1.59314    0.05891
    424.00000    0.57929    0.02309    1.48331    0.03613
    427.00000    0.46881    0.05471    1.46139    0.03853
    430.00000    0.46610    0.07189    1.49095    0.05105
    433.00000    0.49490    0.06527    1.48163    0.05196
    436.00000    0.55310    0.00852    1.45233    0.06112
    439.00000    0.53147    0.05894    1.48269    0.06694
    442.00000    0.52414    0.05201    1.38066    0.07384
    445.00000    0.57887    0.03620    1.44144    0.07335
    448.00000    0.55601    0.05226    1.27800    0.05283
    451.00000    0.55788    0.03293    1.39782    0.04401
    454.00000    0.58824    0.06029    1.28925    0.05195
    457.00000    0.64646    0.06559    1.39948    0.04457
    460.00000    0.55355    0.03672    1.34255    0.06766
    463.00000    0.54737    0.03187    1.32641    0.06678
    466.00000    0.50700    0.04478    1.41778    0.09248
    469.00000    0.52302    0.08789    1.44310    0.05654
    472.00000    0.56052    0.03058    1.34191    0.05395
    475.00000    0.49906    0.03550    1.43006    0.05051
    478.00000    0.55991    0.02594    1.38763    0.02484
    481.00000    0.52905    0.03915    1.32167    0.04132
    484.00000    0.52788    0.05304    1.35013    0.05131
    733.00000    0.49070    0.03582    1.08100    0.03946
    736.00000    0.55332    0.07550    1.01104    0.04620
    739.00000    0.40616    0.06858    1.11457    0.02282
    742.00000    0.39905    0.04876    1.12833    0.04058
    745.00000    0.56647    0.05698    1.09817    0.04952
    748.00000    0.55274    0.05571    1.05090    0.05793
    751.00000    0.61124    0.03526    1.10882    0.05850
    754.00000    0.44984    0.03165    1.14933    0.07347
    757.00000    0.54013    0.05387    1.21443    0.04683
    760.00000    0.56062    0.04498    1.28739    0.03328
    763.00000    0.44611    0.04289    1.09790    0.08953
    766.00000    0.53607    0.06615    1.23669    0.06189
    769.00000    0.61779    0.04646    1.27598    0.02970
    772.00000    0.63656    0.04515    1.21285    0.04212
    775.00000    0.66380    0.04272    1.16536    0.05339
    778.00000    0.56253    0.05757    1.35377    0.03925
    781.00000    0.65810    0.04862    1.33271    0.05286
    784.00000    0.65447    0.05646    1.34216    0.05696
    787.00000    0.51237    0.03681    1.36964    0.05664
    790.00000    0.50398    0.06546    1.32500    0.02655
    793.00000    0.60848    0.12153    1.33959    0.03195
    796.00000    0.55693    0.04857    1.42688    0.06180
    799.00000    0.56072    0.01798    1.20870    0.05181
    802.00000    0.55067    0.05836    1.32648    0.05200
    805.00000    0.58104    0.05785    1.29869    0.08273
    808.00000    0.54114    0.04997    1.29637    0.03498
    811.00000    0.47276    0.06858    1.18945    0.06336
    814.00000    0.54549    0.06509    1.27065    0.06185
    817.00000    0.51803    0.06654    1.35386    0.05398
    820.00000    0.53966    0.05613    1.34922    0.05558
    823.00000    0.51530    0.05882    1.21609    0.05264
    826.00000    0.59691    0.04153    1.29643    0.05586
    829.00000    0.56731    0.05461    1.27437    0.04185
    832.00000    0.60263    0.04840    1.24546    0.05079
    835.00000    0.65973    0.03378    1.30898    0.05822
    838.00000    0.68265    0.04424    1.32164    0.05584
    841.00000    0.66310    0.05764    1.42037    0.04202
    844.00000    0.66609    0.06741    1.49792    0.03815
    847.00000    0.67018    0.04896    1.42349    0.03303
   1096.00000    0.49204    0.07699    1.39790    0.04773
   1099.00000    0.49140    0.05432    1.38375    0.03351
   1102.00000    0.53855    0.05528    1.44080    0.06103
   1105.00000    0.45994    0.04822    1.50461    0.04981
   1108.00000    0.49909    0.02850    1.43955    0.05923
   1111.00000    0.63943    0.04238    1.39624    0.05877
   1114.00000    0.55691    0.02867    1.30059    0.05997
   1117.00000    0.54339    0.04936    1.29588    0.08697
   1120.00000    0.51114    0.01363    1.38044    0.06214
   1123.00000    0.58501    0.04119    1.48704    0.04707
   1126.00000    0.58729    0.05459    1.31970    0.06667
   1129.00000    0.52059    0.00582    1.32636    0.05900
   1132.00000    0.56708    0.04849    1.34025    0.05536
   1135.00000    0.59392    0.05410    1.29160    0.04603
   1138.00000    0.57064    0.04838    1.29993    0.03635
   1141.00000    0.56073    0.07035    1.34622    0.05055
   1144.00000    0.54594    0.03731    1.53432    0.09198
   1147.00000    0.47409    0.05015    1.38928    0.07013
   1150.00000    0.50011    0.04997    1.36373    0.05549
   1153.00000    0.51825    0.08577    1.47258    0.06541
   1156.00000    0.47798    0.07776    1.32704    0.05290
   1159.00000    0.57641    0.02801    1.44962    0.05029
   1162.00000    0.62801    0.05990    1.41857    0.05377
   1165.00000    0.49967    0.04120    1.48882    0.05563
   1168.00000    0.51011    0.05602    1.46209    0.06701
   1171.00000    0.63154    0.05537    1.50233    0.06560
   1174.00000    0.63374    0.05286    1.47288    0.02500
   1177.00000    0.55899    0.05642    1.47922    0.04259
   1180.00000    0.56722    0.02881    1.40278    0.05298
   1183.00000    0.53294    0.04548    1.38974    0.05796
   1186.00000    0.60344    0.05751    1.43614    0.03734
   1189.00000    0.47655    0.04947    1.59364    0.06009
   1192.00000    0.33253    0.06543    1.51258    0.04655
   1195.00000    0.45686    0.06504    1.41146    0.03918
   1198.00000    0.49965    0.04499    1.38430    0.05853
   1201.00000    0.48986    0.04212    1.43064    0.07202
   1204.00000    0.56306    0.03070    1.20038    0.07605
   1207.00000    0.56667    0.03992    1.35079    0.05119
   1210.00000    0.54681    0.05696    1.24902    0.07863
   1213.00000    0.51397    0.03857    1.33789    0.03761
   1462.00000    0.46112    0.07398    1.36378    0.06665
   1465.00000    0.46888    0.06565    1.37205    0.05105
   1468.00000    0.52943    0.03971    1.31317    0.05854
   1471.00000    0.49982    0.03693    1.24189    0.06820
   1474.00000    0.54435    0.05710    1.30158    0.04800
   1477.00000    0.62978    0.08542    1.13768    0.05605
   1480.00000    0.55167    0.07336    1.22873    0.03340
   1483.00000    0.59950    0.07172    1.24629    0.05101
   1486.00000    0.50758    0.02877    1.27235    0.05283
   1489.00000    0.56233    0.05082    1.33759    0.02381
   1492.00000    0.67984    0.05331    1.36639    0.03752
   1495.00000    0.54489    0.04613    1.33797    0.04761
   1498.00000    0.59504    0.07549    1.43331    0.05357
   1501.00000    0.66254    0.09112    1.33585    0.06577
   1504.00000    0.56230    0.06095    1.37827    0.04712
   1507.00000    0.67682    0.05194    1.42148    0.07766
   1510.00000    0.56590    0.04283    1.44613    0.04672
   1513.00000    0.60904    0.05203    1.41550    0.05040
   1516.00000    0.52678    0.03836    1.39128    0.05289
   1519.00000    0.67169    0.06068    1.37081    0.05584
   1522.00000    0.54417    0.01935    1.42837    0.08533
   1525.00000    0.61216    0.05661    1.31508    0.05895
   1528.00000    0.58089    0.06141    1.34847    0.07496
   1531.00000    0.57450    0.03338    1.49859    0.07358
   1534.00000    0.51535    0.07631    1.35466    0.04544
   1537.00000    0.52988    0.04517    1.31581    0.06814
   1540.00000    0.46261    0.04750    1.33722    0.03520
   1543.00000    0.56123    0.04979    1.41677    0.06695
   1546.00000    0.55418    0.05662    1.29432    0.05227
   1549.00000    0.54654    0.04721    1.49291    0.05488
   1552.00000    0.54432    0.04479    1.40545    0.06117
   1555.00000    0.63342    0.04910    1.47255    0.05507
   1558.00000    0.57223    0.04267    1.49720    0.07601
   1561.00000    0.49064    0.06687    1.37432    0.06603
   1564.00000    0.64499    0.04342    1.41668    0.04145
   1567.00000    0.53437    0.07305    1.46973    0.05744
   1570.00000    0.48974    0.03417    1.53638    0.07894
   1573.00000    0.46133    0.05263    1.39579    0.04804
   1576.00000    0.60588    0.03564    1.40441    0.04525
   1579.00000    0.56800    0.05818    1.44366    0.06196
