## Time Delay Challenge light curves
##
## [time]=days, [lc]=[err]=flux in nanomaggies
##
##       time       lc_A      err_A       lc_B      err_B
##-------------------------------------------------------
      1.00000    1.69401    0.04321    3.24453    0.02278
      4.00000    1.78606    0.01588    2.78864    0.05859
      7.00000    1.87075    0.02740    2.19139    0.03557
     10.00000    1.88675    0.05589    2.25155    0.03442
     13.00000    2.01124    0.06014    2.21017    0.05882
     16.00000    1.86883    0.02177    2.43120    0.07549
     19.00000    1.74586    0.02985    2.71673    0.05990
     22.00000    1.87360    0.05598    2.56991    0.06097
     25.00000    1.77314    0.03850    2.63644    0.05182
     28.00000    1.96122    0.01289    2.75836    0.03058
     31.00000    1.94880    0.05474    2.56602    0.04356
     34.00000    1.92703    0.05408    2.33012    0.06102
     37.00000    1.94306    0.06548    2.22202    0.02785
     40.00000    1.96884    0.04111    2.24544    0.06881
     43.00000    1.99745    0.03931    2.43051    0.08091
     46.00000    1.94648    0.03526    2.69377    0.06711
     49.00000    1.91999    0.03356    2.48357    0.06139
     52.00000    2.04179    0.05379    2.46610    0.04332
     55.00000    1.91315    0.03911    2.39118    0.05207
     58.00000    1.67952    0.04906    2.39960    0.05402
     61.00000    1.72018    0.07806    2.42055    0.03814
     64.00000    1.93943    0.05675    2.47492    0.05037
     67.00000    1.52870    0.03370    2.45241    0.07694
     70.00000    1.43239    0.05764    2.32749    0.06876
     73.00000    1.32420    0.06141    2.13916    0.03518
     76.00000    1.50426    0.03844    2.13817    0.04450
     79.00000    1.52896    0.04087    2.43930    0.04266
     82.00000    1.50565    0.07287    2.27597    0.07101
     85.00000    1.56380    0.09235    2.03330    0.05596
     88.00000    1.74982    0.04759    2.25863    0.05306
     91.00000    1.65808    0.02766    2.02751    0.04400
     94.00000    1.39323    0.06160    1.83180    0.05974
     97.00000    1.44952    0.03153    1.92448    0.05062
    100.00000    1.43959    0.03201    2.03007    0.06343
    103.00000    1.43706    0.05850    2.02266    0.05247
    106.00000    1.47223    0.06030    1.75437    0.07371
    109.00000    1.68012    0.04558    1.71748    0.07534
    112.00000    1.63526    0.05857    1.61074    0.07008
    115.00000    1.39897    0.06404    1.59946    0.06838
    118.00000    1.52008    0.06015    1.70919    0.04943
    367.00000    1.00399    0.07131    1.84398    0.05833
    370.00000    0.97756    0.06106    1.67555    0.07786
    373.00000    0.97925    0.03578    1.53963    0.06340
    376.00000    0.91659    0.03205    1.65547    0.06022
    379.00000    1.00631    0.03468    1.86585    0.07043
    382.00000    1.06794    0.04197    1.79952    0.05991
    385.00000    0.96797    0.07683    1.59389    0.05131
    388.00000    1.18380    0.05763    1.70399    0.04763
    391.00000    1.20529    0.04456    1.74028    0.04881
    394.00000    1.30304    0.06280    1.84544    0.02662
    397.00000    1.18269    0.02513    1.77826    0.02758
    400.00000    1.12860    0.07099    1.96344    0.06985
    403.00000    1.01815    0.04701    1.94601    0.06856
    406.00000    1.00016    0.04988    1.78378    0.01558
    409.00000    1.11847    0.07000    1.66805    0.07092
    412.00000    0.98699    0.08091    1.70904    0.07316
    415.00000    1.11634    0.05323    1.66794    0.03812
    418.00000    1.16073    0.05430    1.63019    0.04267
    421.00000    1.11872    0.04252    1.72876    0.06149
    424.00000    1.13331    0.05565    1.94565    0.04572
    427.00000    1.16761    0.06657    1.91510    0.06563
    430.00000    1.15330    0.07490    2.08460    0.06288
    433.00000    0.94784    0.04587    2.11083    0.04054
    436.00000    0.97861    0.01067    2.15093    0.05037
    439.00000    0.96508    0.08103    2.08685    0.05985
    442.00000    1.02437    0.03283    2.01296    0.03948
    445.00000    1.09758    0.01868    2.21739    0.04876
    448.00000    1.04121    0.06023    2.09840    0.07090
    451.00000    0.89165    0.07303    2.35554    0.03428
    454.00000    1.12822    0.01996    2.35603    0.06187
    457.00000    1.11252    0.01094    2.31191    0.04714
    460.00000    1.16455    0.05103    2.39826    0.06163
    463.00000    1.11467    0.09853    2.31425    0.04779
    466.00000    1.09699    0.05385    2.22599    0.05671
    469.00000    0.93291    0.07180    2.40843    0.06045
    472.00000    0.85263    0.07067    2.23148    0.07522
    475.00000    0.99564    0.03008    2.43257    0.06366
    478.00000    1.06394    0.03736    2.58427    0.06470
    481.00000    1.01161    0.07276    2.69977    0.07543
    484.00000    1.08684    0.05938    2.49904    0.06249
    733.00000    1.58522    0.03946    2.12677    0.03502
    736.00000    1.53497    0.04096    2.15721    0.03248
    739.00000    1.56314    0.04844    2.23852    0.05350
    742.00000    1.60861    0.06181    2.32867    0.04705
    745.00000    1.68258    0.06775    2.12162    0.04292
    748.00000    1.59746    0.07203    1.98068    0.07959
    751.00000    1.45935    0.04212    1.51361    0.09180
    754.00000    1.56352    0.01378    1.55312    0.06438
    757.00000    1.57694    0.05468    1.71604    0.05034
    760.00000    1.66846    0.07023    1.77550    0.05997
    763.00000    1.67196    0.03539    1.97992    0.03377
    766.00000    1.64871    0.01993    1.67801    0.06951
    769.00000    1.73455    0.05827    1.71814    0.08021
    772.00000    1.58595    0.03107    1.71363    0.02660
    775.00000    1.61648    0.06682    1.50599    0.02932
    778.00000    1.49396    0.05918    1.68608    0.08099
    781.00000    1.48922    0.04274    1.92391    0.05509
    784.00000    1.62113    0.03556    1.50693    0.04191
    787.00000    1.58119    0.05924    1.77256    0.07089
    790.00000    1.49031    0.05071    1.48085    0.06513
    793.00000    1.35001    0.05678    1.52871    0.05820
    796.00000    1.27383    0.02710    1.91720    0.07181
    799.00000    1.43063    0.08238    1.99420    0.06393
    802.00000    1.34106    0.06395    1.91513    0.05646
    805.00000    1.31426    0.06070    1.95373    0.03803
    808.00000    1.13313    0.07707    2.18521    0.02042
    811.00000    1.13172    0.03001    1.97446    0.07608
    814.00000    0.86604    0.05031    2.05221    0.06545
    817.00000    1.10272    0.05418    1.86629    0.04108
    820.00000    1.05535    0.01683    1.77572    0.05166
    823.00000    1.06232    0.04116    1.78526    0.05503
    826.00000    1.18532    0.04816    1.64063    0.06606
    829.00000    1.04081    0.06492    1.47014    0.04920
    832.00000    1.05785    0.05635    1.70891    0.05634
    835.00000    0.97395    0.04959    1.97726    0.05655
    838.00000    0.91741    0.05505    1.96349    0.05013
    841.00000    0.98696    0.03405    2.14699    0.03124
    844.00000    0.98117    0.05570    2.11735    0.06780
    847.00000    0.89753    0.03626    2.07956    0.03973
   1096.00000    1.23368    0.05265    1.58217    0.03513
   1099.00000    1.10292    0.06394    1.75843    0.04352
   1102.00000    1.14789    0.08115    1.79361    0.04196
   1105.00000    1.21066    0.03937    1.45736    0.04881
   1108.00000    1.14677    0.04738    1.57994    0.07394
   1111.00000    1.11912    0.06856    1.45272    0.04056
   1114.00000    1.14401    0.06705    1.70383    0.02944
   1117.00000    1.03633    0.04268    1.88326    0.06829
   1120.00000    1.30501    0.06633    1.96593    0.05288
   1123.00000    1.07310    0.03851    2.28300    0.03986
   1126.00000    1.16540    0.07136    2.11903    0.03870
   1129.00000    1.00121    0.03693    2.08162    0.04961
   1132.00000    0.84045    0.06749    1.87509    0.03608
   1135.00000    0.80024    0.02812    1.89204    0.02944
   1138.00000    0.82272    0.07913    1.81752    0.04565
   1141.00000    0.89314    0.06720    2.04342    0.02558
   1144.00000    0.92576    0.04066    1.92068    0.05317
   1147.00000    0.79304    0.04920    1.67277    0.02391
   1150.00000    1.00994    0.06935    2.01117    0.07560
   1153.00000    0.85573    0.05674    1.89020    0.06608
   1156.00000    0.98819    0.06039    1.79763    0.02458
   1159.00000    0.94017    0.04817    2.05203    0.03650
   1162.00000    0.99757    0.07168    2.16654    0.03827
   1165.00000    1.08229    0.02220    1.90464    0.06478
   1168.00000    0.85455    0.05976    2.07798    0.01889
   1171.00000    0.98949    0.04885    1.95241    0.06356
   1174.00000    0.99367    0.04224    2.11423    0.05383
   1177.00000    0.95056    0.06791    2.33626    0.05136
   1180.00000    1.12102    0.06457    2.26084    0.02540
   1183.00000    1.10204    0.06419    2.11574    0.06617
   1186.00000    1.42335    0.04940    2.43781    0.02982
   1189.00000    1.26468    0.04079    2.11730    0.06000
   1192.00000    1.20370    0.05063    2.17777    0.05507
   1195.00000    1.22494    0.04912    2.30222    0.07428
   1198.00000    1.06181    0.04067    2.06332    0.05332
   1201.00000    1.24620    0.05156    2.20892    0.08028
   1204.00000    1.30124    0.05637    2.08596    0.05215
   1207.00000    1.09291    0.03974    2.00231    0.03314
   1210.00000    1.04960    0.04419    1.97754    0.05503
   1213.00000    1.20487    0.06275    2.39622    0.06403
   1462.00000    1.76041    0.07196    3.03887    0.02824
   1465.00000    1.88231    0.07211    2.83932    0.04010
   1468.00000    1.79899    0.05683    3.23702    0.05774
   1471.00000    1.66460    0.04407    3.07980    0.04509
   1474.00000    1.57041    0.07831    2.93204    0.06571
   1477.00000    1.86677    0.03744    2.79297    0.03008
   1480.00000    1.86513    0.05408    2.86448    0.04031
   1483.00000    2.10658    0.04234    2.65613    0.06342
   1486.00000    1.87433    0.05995    2.52410    0.06053
   1489.00000    1.48051    0.05889    2.31504    0.07982
   1492.00000    1.56107    0.04003    2.58687    0.05696
   1495.00000    1.51365    0.04585    2.07475    0.05653
   1498.00000    1.14988    0.05770    2.22271    0.04414
   1501.00000    1.26976    0.04677    2.20660    0.04689
   1504.00000    1.31107    0.02932    2.30159    0.02893
   1507.00000    1.31435    0.05647    2.48011    0.05390
   1510.00000    1.21089    0.07043    2.90411    0.02981
   1513.00000    1.33397    0.05588    3.03245    0.05156
   1516.00000    1.41850    0.05267    3.06579    0.04809
   1519.00000    1.64054    0.05483    2.62739    0.06439
   1522.00000    1.86155    0.04621    2.74305    0.05237
   1525.00000    1.75067    0.06406    2.79666    0.04458
   1528.00000    1.56422    0.02537    3.01715    0.06146
   1531.00000    1.92183    0.03924    2.82246    0.07007
   1534.00000    1.84964    0.06845    2.59994    0.05490
   1537.00000    1.93548    0.05242    2.41797    0.05034
   1540.00000    1.78242    0.04324    2.82668    0.05146
   1543.00000    1.72185    0.05257    2.49245    0.07124
   1546.00000    1.72715    0.03573    2.29194    0.05514
   1549.00000    1.47395    0.04024    2.67749    0.07074
   1552.00000    1.32518    0.06479    2.46759    0.09712
   1555.00000    1.42688    0.03435    2.57277    0.05748
   1558.00000    1.36855    0.06653    2.28984    0.07787
   1561.00000    1.21683    0.06622    1.91764    0.05456
   1564.00000    1.30675    0.05640    1.90903    0.03053
   1567.00000    1.57177    0.05500    2.05685    0.06190
   1570.00000    1.67608    0.04786    2.09482    0.07052
   1573.00000    1.85729    0.05498    1.96588    0.07345
   1576.00000    1.79544    0.04811    1.66907    0.00839
   1579.00000    1.86809    0.07187    1.57236    0.05060
