## Time Delay Challenge light curves
##
## [time]=days, [lc]=[err]=flux in nanomaggies
##
##       time       lc_A      err_A       lc_B      err_B
##-------------------------------------------------------
      1.00000    2.45570    0.03801    4.79526    0.02923
      4.00000    2.57881    0.02951    4.73265    0.06815
      7.00000    2.50178    0.03568    4.82197    0.06229
     10.00000    2.63659    0.04358    4.79359    0.04163
     13.00000    2.60963    0.05233    4.81274    0.03033
     16.00000    2.57973    0.05469    4.79508    0.04032
     19.00000    2.77416    0.05747    4.99845    0.06222
     22.00000    2.65635    0.00885    5.31021    0.05190
     25.00000    2.70776    0.03062    5.54647    0.04654
     28.00000    2.75338    0.03522    5.63047    0.05301
     31.00000    2.56633    0.04616    5.62017    0.07733
     34.00000    2.81965    0.04686    5.82270    0.05849
     37.00000    2.68671    0.06242    5.62857    0.06688
     40.00000    2.65335    0.06745    5.68699    0.04327
     43.00000    2.79974    0.04376    5.80598    0.06105
     46.00000    2.87553    0.05886    5.70308    0.06126
     49.00000    3.04980    0.02657    5.54330    0.04632
     52.00000    3.12612    0.06891    5.47792    0.05975
     55.00000    3.33027    0.05905    5.52963    0.02591
     58.00000    3.23808    0.04937    5.52799    0.06000
     61.00000    3.16776    0.06564    5.32131    0.05966
     64.00000    3.28919    0.07335    5.25470    0.05734
     67.00000    3.17849    0.06245    5.22057    0.04928
     70.00000    3.43463    0.05437    5.26911    0.07406
     73.00000    3.32801    0.04036    5.44437    0.02893
     76.00000    3.23560    0.03417    5.24184    0.04941
     79.00000    3.20492    0.05025    5.47873    0.04704
     82.00000    3.20688    0.05908    5.28831    0.09885
     85.00000    3.03624    0.06365    5.31990    0.06507
     88.00000    3.00665    0.07164    5.30587    0.06190
     91.00000    2.93560    0.05806    5.14179    0.07620
     94.00000    3.01232    0.06147    5.13214    0.05768
     97.00000    3.25469    0.06751    5.12896    0.04436
    100.00000    3.09822    0.03640    5.19618    0.04089
    103.00000    3.16352    0.06737    5.15865    0.04676
    106.00000    2.99881    0.06185    5.05902    0.01271
    109.00000    2.91749    0.05738    5.18304    0.05603
    112.00000    3.01031    0.07647    5.08181    0.07355
    115.00000    2.98292    0.05482    4.93066    0.04923
    118.00000    2.99056    0.03266    4.68334    0.06834
    367.00000    2.74368    0.05335    5.22453    0.04115
    370.00000    2.83560    0.03020    5.19227    0.06311
    373.00000    2.89626    0.06574    5.11670    0.07712
    376.00000    2.67729    0.05862    5.37178    0.02988
    379.00000    2.66695    0.05994    5.34753    0.03890
    382.00000    2.80738    0.05485    5.24032    0.06572
    385.00000    2.78604    0.05854    5.12421    0.07915
    388.00000    3.10883    0.05986    5.40569    0.04374
    391.00000    3.06890    0.05148    5.46113    0.03619
    394.00000    3.04670    0.03761    5.41718    0.01800
    397.00000    2.86234    0.05456    5.51609    0.07041
    400.00000    2.84975    0.05941    5.29737    0.02382
    403.00000    2.97455    0.03880    5.35273    0.06450
    406.00000    2.98326    0.04178    5.25934    0.05548
    409.00000    2.90802    0.07134    5.21219    0.04771
    412.00000    3.10735    0.05425    5.04099    0.07454
    415.00000    3.14465    0.06515    4.87259    0.05763
    418.00000    2.76988    0.05436    4.61299    0.02998
    421.00000    3.23490    0.05931    4.88768    0.02919
    424.00000    3.10046    0.06466    4.76570    0.03901
    427.00000    2.91116    0.06761    4.90832    0.05326
    430.00000    3.06574    0.03720    4.74980    0.05181
    433.00000    3.00676    0.06623    4.69092    0.04061
    436.00000    2.95565    0.04084    4.78994    0.04610
    439.00000    2.82244    0.04833    4.78144    0.06957
    442.00000    2.83315    0.04913    4.56016    0.02738
    445.00000    2.76083    0.05177    4.52943    0.09438
    448.00000    2.88834    0.05211    4.98998    0.04982
    451.00000    2.77370    0.06373    4.70487    0.04452
    454.00000    2.74051    0.02179    4.74057    0.06762
    457.00000    2.61698    0.03359    4.91388    0.05534
    460.00000    2.53150    0.04927    4.79900    0.05839
    463.00000    2.62114    0.02845    4.80764    0.04780
    466.00000    2.58342    0.05918    4.96047    0.03465
    469.00000    2.59632    0.04784    4.95627    0.06610
    472.00000    2.67447    0.00929    4.97888    0.02944
    475.00000    2.73372    0.04661    5.14675    0.03410
    478.00000    2.77596    0.02551    5.22323    0.02398
    481.00000    2.65501    0.07486    5.27494    0.04379
    484.00000    2.72083    0.05949    4.89509    0.05629
    733.00000    2.92091    0.02689    5.42975    0.07918
    736.00000    2.93630    0.07624    5.03562    0.03852
    739.00000    2.95016    0.06478    5.15424    0.05890
    742.00000    2.79693    0.02383    5.33335    0.05023
    745.00000    2.83723    0.06191    5.25260    0.05014
    748.00000    2.87852    0.04162    5.59086    0.06312
    751.00000    2.73897    0.03474    5.15201    0.05323
    754.00000    2.85332    0.03869    5.29846    0.04978
    757.00000    3.07629    0.04498    5.31643    0.04239
    760.00000    2.88311    0.08429    5.44198    0.07243
    763.00000    2.89813    0.05392    5.22410    0.07823
    766.00000    2.85895    0.04276    5.17442    0.07997
    769.00000    2.99003    0.04411    5.21865    0.05591
    772.00000    3.04200    0.04743    5.55044    0.05075
    775.00000    2.92735    0.03755    5.63526    0.04074
    778.00000    3.03093    0.03950    5.61393    0.04888
    781.00000    3.01054    0.07886    5.77337    0.04633
    784.00000    3.24950    0.06387    5.82431    0.07129
    787.00000    2.99692    0.06656    5.58598    0.02634
    790.00000    2.96470    0.05470    5.24080    0.03008
    793.00000    3.00012    0.06181    5.20661    0.04023
    796.00000    3.12165    0.04932    5.25827    0.03177
    799.00000    3.15852    0.08358    4.98800    0.03896
    802.00000    3.27395    0.05117    5.12259    0.04136
    805.00000    3.30926    0.04192    5.11274    0.05623
    808.00000    3.27218    0.04871    4.94675    0.00469
    811.00000    2.99215    0.05451    4.72336    0.05321
    814.00000    3.09661    0.03057    4.91963    0.05425
    817.00000    3.20659    0.06805    4.78833    0.07917
    820.00000    3.03942    0.05920    4.81012    0.02489
    823.00000    2.90858    0.03652    4.76043    0.03445
    826.00000    2.89074    0.03809    4.86500    0.02325
    829.00000    2.91646    0.06321    4.62996    0.07965
    832.00000    2.71815    0.04486    4.65870    0.01550
    835.00000    2.84911    0.03841    4.86366    0.05245
    838.00000    2.81917    0.03932    4.88985    0.06687
    841.00000    2.73094    0.05954    4.99451    0.03176
    844.00000    2.84568    0.06211    4.92160    0.05705
    847.00000    2.70543    0.05300    5.04709    0.06126
   1096.00000    2.38168    0.05047    4.55363    0.06140
   1099.00000    2.38521    0.05209    4.80905    0.05547
   1102.00000    2.52117    0.03793    4.73653    0.06094
   1105.00000    2.43903    0.03819    4.87416    0.03059
   1108.00000    2.55601    0.03073    4.93168    0.03902
   1111.00000    2.66925    0.03941    4.90916    0.08197
   1114.00000    2.57561    0.04727    4.73795    0.04955
   1117.00000    2.71340    0.03251    4.80178    0.04957
   1120.00000    2.62251    0.06434    5.21005    0.07854
   1123.00000    2.73062    0.03346    5.12000    0.01833
   1126.00000    2.56640    0.05891    5.09788    0.07117
   1129.00000    2.64185    0.04446    4.93078    0.05598
   1132.00000    2.62864    0.06338    4.82972    0.04737
   1135.00000    2.65872    0.04997    4.78977    0.06205
   1138.00000    2.71122    0.05902    4.89388    0.04074
   1141.00000    2.66161    0.04392    4.99897    0.06631
   1144.00000    2.81443    0.07251    4.80379    0.06642
   1147.00000    2.94257    0.06890    5.10891    0.04260
   1150.00000    2.82504    0.05876    5.10739    0.05130
   1153.00000    2.74741    0.07091    4.96376    0.04006
   1156.00000    2.82763    0.07256    4.96042    0.03701
   1159.00000    2.62043    0.05854    5.02528    0.05527
   1162.00000    2.94783    0.05913    4.89720    0.05244
   1165.00000    2.96106    0.06600    4.68115    0.05249
   1168.00000    2.66251    0.04956    4.62129    0.03970
   1171.00000    2.88147    0.06051    4.89070    0.04370
   1174.00000    2.94789    0.04275    4.94055    0.03122
   1177.00000    2.85580    0.04048    4.72277    0.04709
   1180.00000    2.88149    0.06544    4.60920    0.04562
   1183.00000    2.72695    0.06666    4.53619    0.06024
   1186.00000    2.75400    0.06486    4.52879    0.06351
   1189.00000    2.97256    0.07911    4.83258    0.03749
   1192.00000    2.69689    0.02006    4.70459    0.03198
   1195.00000    2.75075    0.03574    4.72407    0.03421
   1198.00000    2.81383    0.04621    4.85824    0.07184
   1201.00000    2.75715    0.07591    5.01357    0.09165
   1204.00000    2.61188    0.02262    5.14546    0.03227
   1207.00000    2.57501    0.03787    5.33471    0.04258
   1210.00000    2.53827    0.00992    5.07065    0.04626
   1213.00000    2.70491    0.03615    5.40431    0.06628
   1462.00000    2.88096    0.05278    5.13738    0.07744
   1465.00000    3.02602    0.03753    5.17452    0.07570
   1468.00000    3.30935    0.05309    5.29102    0.06336
   1471.00000    3.10206    0.02566    5.66096    0.04611
   1474.00000    3.20633    0.06153    5.66969    0.06611
   1477.00000    3.13655    0.05848    5.83861    0.07550
   1480.00000    2.81474    0.06373    5.41161    0.05483
   1483.00000    3.05525    0.04691    5.61486    0.04292
   1486.00000    2.97001    0.06348    5.51753    0.06883
   1489.00000    2.98390    0.02382    5.67366    0.04838
   1492.00000    3.07027    0.06728    5.73743    0.06020
   1495.00000    3.08084    0.03349    5.64247    0.05091
   1498.00000    3.11267    0.04526    5.30604    0.05545
   1501.00000    3.25166    0.05940    5.04679    0.07732
   1504.00000    3.21280    0.11050    5.01927    0.03730
   1507.00000    3.18061    0.06916    5.01848    0.03127
   1510.00000    3.18010    0.03274    5.19717    0.05109
   1513.00000    3.14301    0.06860    5.33547    0.05231
   1516.00000    3.23914    0.06842    5.35016    0.02391
   1519.00000    3.35605    0.06861    5.42553    0.06591
   1522.00000    3.10976    0.05758    5.49010    0.04336
   1525.00000    2.86241    0.06743    5.57486    0.05052
   1528.00000    2.94817    0.05608    5.50323    0.05536
   1531.00000    2.96826    0.06360    5.63557    0.04147
   1534.00000    2.85832    0.03272    5.78297    0.03436
   1537.00000    2.98918    0.06279    5.87744    0.05982
   1540.00000    3.05319    0.04357    5.58297    0.05352
   1543.00000    3.15831    0.04004    5.52847    0.05503
   1546.00000    3.08361    0.03928    5.32137    0.02918
   1549.00000    3.27894    0.03221    5.21775    0.02605
   1552.00000    3.16031    0.02504    5.39381    0.04293
   1555.00000    3.28931    0.05210    5.47533    0.06359
   1558.00000    3.26905    0.02259    5.54134    0.06044
   1561.00000    3.30226    0.04793    5.55538    0.04007
   1564.00000    3.21604    0.05604    5.47328    0.06434
   1567.00000    3.19969    0.03433    5.66849    0.06178
   1570.00000    3.13457    0.04971    5.28685    0.05514
   1573.00000    3.26719    0.05731    5.36227    0.07628
   1576.00000    3.04802    0.04405    5.14692    0.03820
   1579.00000    3.01409    0.08164    5.29642    0.03840
