## Time Delay Challenge light curves
##
## [time]=days, [lc]=[err]=flux in nanomaggies
##
##       time       lc_A      err_A       lc_B      err_B
##-------------------------------------------------------
      1.00000    5.34246    0.03768    1.65659    0.03018
      4.00000    5.34237    0.04657    1.73600    0.06293
      7.00000    5.39987    0.07604    1.98536    0.02386
     10.00000    5.39616    0.04872    2.10978    0.07327
     13.00000    4.55104    0.03930    2.30757    0.03956
     16.00000    3.74766    0.07077    1.99145    0.06362
     19.00000    3.83937    0.05445    1.99822    0.06830
     22.00000    4.25034    0.02775    2.10204    0.04555
     25.00000    4.95054    0.09137    1.81425    0.05982
     28.00000    5.05023    0.07382    1.81535    0.05287
     31.00000    4.36638    0.05620    1.72771    0.05059
     34.00000    4.44751    0.05887    1.76302    0.03490
     37.00000    4.48523    0.04759    1.40277    0.04425
     40.00000    4.30352    0.05643    1.18078    0.05703
     43.00000    4.30124    0.07594    1.16893    0.04773
     46.00000    3.92234    0.05754    1.33479    0.05903
     49.00000    4.13216    0.07066    1.75600    0.04543
     52.00000    4.21701    0.06872    1.63958    0.05935
     55.00000    4.65224    0.05502    1.52185    0.05748
     58.00000    4.24039    0.06668    1.46867    0.06049
     61.00000    4.38033    0.08054    1.45303    0.03357
     64.00000    3.81820    0.07410    1.41107    0.06988
     67.00000    3.86855    0.04285    1.42987    0.03563
     70.00000    3.91883    0.04945    1.32507    0.06460
     73.00000    3.73528    0.06095    1.36014    0.04107
     76.00000    2.90415    0.04368    1.54062    0.08361
     79.00000    3.00738    0.06201    1.54336    0.05641
     82.00000    2.80953    0.05676    1.56622    0.07015
     85.00000    2.82861    0.06070    1.60480    0.06584
     88.00000    2.88389    0.05772    1.25592    0.04102
     91.00000    3.14584    0.08371    1.38476    0.05818
     94.00000    3.22811    0.05592    1.28767    0.03303
     97.00000    3.40766    0.00492    1.22794    0.05145
    100.00000    3.45066    0.03454    1.07921    0.02255
    103.00000    3.04304    0.05325    0.97468    0.05966
    106.00000    3.35383    0.03401    1.03066    0.06544
    109.00000    3.20274    0.06474    0.87759    0.04647
    112.00000    3.59322    0.06831    1.00145    0.02182
    115.00000    3.60980    0.07374    0.98941    0.07946
    118.00000    3.74459    0.04015    1.09988    0.05013
    367.00000    4.20253    0.03538    1.28766    0.05755
    370.00000    4.41733    0.05350    1.17365    0.07534
    373.00000    4.37562    0.04898    1.30467    0.04102
    376.00000    4.33561    0.06167    1.09633    0.04780
    379.00000    4.42997    0.05391    1.34733    0.02394
    382.00000    4.76268    0.04360    1.52259    0.06167
    385.00000    4.80573    0.03890    1.62552    0.06807
    388.00000    4.87794    0.05111    1.30895    0.07188
    391.00000    5.56571    0.04492    1.39126    0.04886
    394.00000    5.71917    0.04855    1.34925    0.07892
    397.00000    5.66047    0.07169    1.44826    0.05328
    400.00000    5.87029    0.05098    1.36208    0.04057
    403.00000    5.81489    0.02300    1.43002    0.06214
    406.00000    4.96683    0.05064    1.60130    0.05869
    409.00000    6.09835    0.07257    1.43083    0.09593
    412.00000    5.86169    0.05819    1.55587    0.03952
    415.00000    6.69941    0.04128    1.71758    0.04090
    418.00000    6.88981    0.06640    1.69608    0.06747
    421.00000    7.14389    0.04336    1.70804    0.05862
    424.00000    8.71189    0.04615    1.87156    0.05095
    427.00000    7.81493    0.02627    1.71033    0.05678
    430.00000    7.69943    0.03434    1.51692    0.05785
    433.00000    8.36811    0.04584    1.90906    0.05081
    436.00000    9.93039    0.03875    1.91691    0.06158
    439.00000   10.97903    0.05419    2.09102    0.07734
    442.00000    9.56502    0.06887    2.03313    0.05490
    445.00000    9.35125    0.05568    2.38253    0.04051
    448.00000    9.25727    0.03635    2.66566    0.05585
    451.00000   10.22934    0.01806    2.42228    0.05045
    454.00000   10.15139    0.01957    2.30260    0.05935
    457.00000    8.83997    0.04580    2.66258    0.04847
    460.00000    8.99571    0.09665    2.69966    0.04834
    463.00000    9.82873    0.08536    3.34979    0.05885
    466.00000   10.39161    0.05863    2.88982    0.06304
    469.00000   11.49812    0.06924    2.81366    0.05481
    472.00000   11.48998    0.04133    2.91425    0.04083
    475.00000   12.63556    0.04737    3.14150    0.04983
    478.00000   11.28566    0.05886    2.91919    0.04869
    481.00000   10.57674    0.09597    2.67869    0.03325
    484.00000    8.44254    0.04303    2.70514    0.02751
    733.00000    7.48757    0.05557    1.70755    0.06934
    736.00000    6.99794    0.04527    1.56089    0.04190
    739.00000    6.21820    0.04442    1.73448    0.04394
    742.00000    5.40543    0.05216    1.66444    0.04108
    745.00000    7.02781    0.07507    1.85568    0.05724
    748.00000    6.21674    0.06795    1.85712    0.03582
    751.00000    6.27303    0.04963    1.88227    0.05920
    754.00000    5.89802    0.07394    1.99695    0.06446
    757.00000    6.59194    0.05211    1.78895    0.07058
    760.00000    6.11712    0.03905    1.80083    0.04598
    763.00000    5.73638    0.03961    1.86629    0.08103
    766.00000    5.73703    0.06840    1.72922    0.07579
    769.00000    6.47249    0.07383    1.61544    0.03518
    772.00000    5.17137    0.07297    1.71880    0.04215
    775.00000    5.83545    0.06970    1.74265    0.07335
    778.00000    5.83962    0.08085    1.75908    0.07071
    781.00000    5.68940    0.08435    1.67449    0.05925
    784.00000    5.85745    0.02782    1.79092    0.06033
    787.00000    5.36800    0.06909    1.51685    0.05880
    790.00000    4.75211    0.05379    1.59101    0.07159
    793.00000    4.26005    0.06502    1.75480    0.07723
    796.00000    4.39666    0.05828    1.45186    0.01908
    799.00000    4.38158    0.00335    1.46022    0.06525
    802.00000    4.37816    0.04565    1.60947    0.06655
    805.00000    4.41439    0.07130    1.66659    0.04349
    808.00000    4.59055    0.08436    1.32903    0.03199
    811.00000    4.29620    0.02140    1.31396    0.06801
    814.00000    3.89103    0.06319    1.08045    0.04508
    817.00000    3.49737    0.06696    0.98791    0.06580
    820.00000    4.05310    0.10435    1.08585    0.02242
    823.00000    4.34345    0.05210    1.22289    0.05996
    826.00000    4.54056    0.03421    1.22724    0.03882
    829.00000    4.72328    0.04995    1.15121    0.06459
    832.00000    5.49801    0.04063    1.31231    0.03093
    835.00000    4.78897    0.05627    1.21081    0.05561
    838.00000    5.57816    0.05599    0.92001    0.04680
    841.00000    5.35512    0.05406    1.07494    0.07284
    844.00000    5.07910    0.08232    1.04838    0.06156
    847.00000    4.64738    0.05705    1.17165    0.05912
   1096.00000    6.68550    0.05232    1.30171    0.03002
   1099.00000    7.63576    0.06265    1.30892    0.05256
   1102.00000    7.26426    0.06463    1.28091    0.06698
   1105.00000    6.93999    0.07067    1.29352    0.05260
   1108.00000    6.67808    0.03300    1.24608    0.03752
   1111.00000    5.89339    0.05385    1.20403    0.05798
   1114.00000    6.31962    0.05843    1.21935    0.09150
   1117.00000    5.88828    0.06062    1.48189    0.05235
   1120.00000    5.25780    0.04979    1.79348    0.06085
   1123.00000    4.77601    0.04561    1.92255    0.02253
   1126.00000    4.74729    0.03720    1.99405    0.05065
   1129.00000    4.62536    0.06312    1.58078    0.04805
   1132.00000    5.40605    0.00244    1.50202    0.04908
   1135.00000    4.89766    0.06433    1.50476    0.06613
   1138.00000    4.90829    0.06766    1.54923    0.04993
   1141.00000    5.27570    0.04997    1.51581    0.04449
   1144.00000    5.84707    0.05552    1.18393    0.06246
   1147.00000    6.02162    0.05367    1.23198    0.04749
   1150.00000    5.18378    0.03598    1.27810    0.06138
   1153.00000    4.93718    0.06989    1.29483    0.04880
   1156.00000    5.32570    0.06335    1.24871    0.07342
   1159.00000    5.07354    0.07407    1.04910    0.05507
   1162.00000    5.40229    0.09344    1.33091    0.04375
   1165.00000    5.61577    0.03759    1.38875    0.04431
   1168.00000    4.48488    0.03502    1.51403    0.05837
   1171.00000    4.10651    0.03267    1.37150    0.06507
   1174.00000    4.46801    0.06206    1.20306    0.02414
   1177.00000    4.81171    0.05760    1.31034    0.04863
   1180.00000    5.08317    0.05317    1.29469    0.09043
   1183.00000    5.01754    0.06338    1.33940    0.06191
   1186.00000    5.68377    0.06135    1.45933    0.05477
   1189.00000    5.16581    0.06004    1.19515    0.05027
   1192.00000    5.15849    0.07064    1.20961    0.07155
   1195.00000    5.81562    0.04743    1.14272    0.03457
   1198.00000    4.76343    0.04178    1.09141    0.05833
   1201.00000    5.74184    0.01294    1.26766    0.06253
   1204.00000    5.95989    0.04145    1.05735    0.05627
   1207.00000    5.79694    0.05008    1.39923    0.09590
   1210.00000    5.64147    0.07616    1.40584    0.04945
   1213.00000    4.90894    0.04416    1.26483    0.04558
   1462.00000    5.82477    0.05744    1.43814    0.06533
   1465.00000    5.03979    0.05542    1.35650    0.05429
   1468.00000    5.87361    0.06162    1.69064    0.05933
   1471.00000    5.57466    0.04486    1.80476    0.05413
   1474.00000    6.29521    0.05394    1.73622    0.03831
   1477.00000    5.89572    0.05851    1.78428    0.03972
   1480.00000    5.36609    0.06072    1.53867    0.04349
   1483.00000    5.78683    0.02345    1.48663    0.06920
   1486.00000    6.05085    0.06028    1.31319    0.06046
   1489.00000    5.85056    0.05316    1.33465    0.05474
   1492.00000    6.40308    0.05186    1.35687    0.02245
   1495.00000    6.35953    0.03515    1.30705    0.05160
   1498.00000    6.28498    0.05607    1.33237    0.06547
   1501.00000    6.86820    0.05634    1.40607    0.01163
   1504.00000    6.66718    0.03294    1.31263    0.04510
   1507.00000    7.20578    0.06288    1.35988    0.02119
   1510.00000    7.30982    0.04658    1.41366    0.04477
   1513.00000    7.55595    0.03338    1.39814    0.05676
   1516.00000    6.80766    0.03858    1.55382    0.01722
   1519.00000    5.80795    0.04973    1.53074    0.06413
   1522.00000    5.76396    0.05032    1.55401    0.04927
   1525.00000    4.97450    0.07746    1.56397    0.02798
   1528.00000    4.72171    0.02803    1.41122    0.04744
   1531.00000    4.00296    0.05698    1.65769    0.05918
   1534.00000    4.38448    0.02877    1.75068    0.04982
   1537.00000    5.06152    0.03716    1.61568    0.07456
   1540.00000    5.35375    0.06364    1.55422    0.06864
   1543.00000    4.35962    0.07152    1.36251    0.02675
   1546.00000    4.43931    0.06387    1.23179    0.04118
   1549.00000    4.88040    0.08453    1.01990    0.05305
   1552.00000    4.15686    0.06278    0.98015    0.03827
   1555.00000    4.44166    0.04648    0.95597    0.05644
   1558.00000    4.29720    0.05067    1.03562    0.06443
   1561.00000    5.04783    0.04901    1.24044    0.05537
   1564.00000    5.22047    0.04981    1.10133    0.03874
   1567.00000    5.00678    0.05500    0.95036    0.03888
   1570.00000    4.56801    0.07213    1.07759    0.03959
   1573.00000    4.18138    0.05170    1.17321    0.03969
   1576.00000    4.15848    0.04782    1.00586    0.06749
   1579.00000    4.51863    0.03765    1.02796    0.06035
