## Time Delay Challenge light curves
##
## [time]=days, [lc]=[err]=flux in nanomaggies
##
##       time       lc_A      err_A       lc_B      err_B
##-------------------------------------------------------
      1.00000    1.40767    0.06363    0.51924    0.02688
      4.00000    1.17621    0.08279    0.62601    0.05131
      7.00000    1.26736    0.03800    0.40136    0.08104
     10.00000    1.38094    0.04914    0.41164    0.05155
     13.00000    1.25451    0.04557    0.40587    0.04623
     16.00000    1.31739    0.05711    0.49445    0.03469
     19.00000    1.28509    0.07745    0.42959    0.04312
     22.00000    1.37108    0.06582    0.48967    0.04904
     25.00000    1.23917    0.03837    0.54919    0.06031
     28.00000    1.26907    0.03063    0.50504    0.04526
     31.00000    1.18638    0.02933    0.60501    0.05139
     34.00000    1.44550    0.05893    0.52660    0.06244
     37.00000    1.34228    0.04208    0.54792    0.05011
     40.00000    1.16090    0.04133    0.64653    0.06119
     43.00000    1.16325    0.07674    0.54231    0.02652
     46.00000    1.09797    0.04542    0.50257    0.03636
     49.00000    1.16470    0.05844    0.57695    0.06270
     52.00000    1.11279    0.05316    0.47833    0.05038
     55.00000    1.06375    0.05339    0.59254    0.04902
     58.00000    1.06802    0.04112    0.56887    0.02205
     61.00000    0.94927    0.05328    0.54068    0.03866
     64.00000    0.98617    0.02394    0.46255    0.07425
     67.00000    0.92907    0.04905    0.57943    0.05368
     70.00000    1.01540    0.05477    0.58731    0.01441
     73.00000    0.98826    0.07339    0.60343    0.04455
     76.00000    1.05278    0.05121    0.45057    0.08064
     79.00000    1.16308    0.05553    0.42093    0.06083
     82.00000    1.17688    0.07053    0.40724    0.08348
     85.00000    1.10102    0.02745    0.36483    0.06037
     88.00000    1.31959    0.08617    0.36652    0.06053
     91.00000    1.18233    0.03831    0.41759    0.05617
     94.00000    1.08458    0.03631    0.45449    0.03555
     97.00000    1.21529    0.05604    0.37616    0.07015
    100.00000    1.19154    0.03820    0.36755    0.04591
    103.00000    1.16805    0.04818    0.44394    0.02782
    106.00000    1.11594    0.05329    0.45197    0.04684
    109.00000    1.20478    0.03084    0.43915    0.03661
    112.00000    1.24818    0.06750    0.43405    0.03301
    115.00000    1.26072    0.02581    0.45388    0.06712
    118.00000    1.29242    0.05012    0.45526    0.04870
    367.00000    1.57142    0.05814    0.46050    0.05317
    370.00000    1.62472    0.02711    0.54179    0.05697
    373.00000    1.62169    0.09384    0.51664    0.02708
    376.00000    1.64801    0.04226    0.56603    0.05200
    379.00000    1.64999    0.05231    0.53120    0.02307
    382.00000    1.55998    0.04549    0.58095    0.04469
    385.00000    1.32863    0.03065    0.51632    0.05028
    388.00000    1.34493    0.05091    0.57897    0.05245
    391.00000    1.26876    0.06836    0.67003    0.06353
    394.00000    1.28365    0.07587    0.75305    0.06403
    397.00000    1.33743    0.05207    0.64676    0.07103
    400.00000    1.17924    0.05260    0.61933    0.00490
    403.00000    1.26642    0.07480    0.66143    0.05671
    406.00000    1.24298    0.05578    0.70056    0.05251
    409.00000    1.30116    0.04972    0.61970    0.05026
    412.00000    1.33721    0.05207    0.62967    0.06403
    415.00000    1.18086    0.05171    0.65868    0.04662
    418.00000    1.19410    0.04294    0.53965    0.06094
    421.00000    1.09610    0.06893    0.57186    0.04787
    424.00000    1.21617    0.05249    0.52933    0.03343
    427.00000    1.02982    0.04394    0.49320    0.07566
    430.00000    1.20809    0.05643    0.58542    0.04758
    433.00000    0.96842    0.05937    0.57307    0.05474
    436.00000    1.02306    0.05838    0.47556    0.05301
    439.00000    1.08075    0.05324    0.48966    0.06583
    442.00000    1.15080    0.05008    0.62084    0.06651
    445.00000    1.16611    0.02430    0.54839    0.02746
    448.00000    1.30080    0.01481    0.44090    0.05289
    451.00000    1.24375    0.05212    0.43718    0.04618
    454.00000    1.25628    0.04845    0.42633    0.04201
    457.00000    1.29168    0.04024    0.47347    0.04583
    460.00000    1.25419    0.05467    0.36260    0.06726
    463.00000    1.28441    0.05047    0.45580    0.05839
    466.00000    1.34241    0.06339    0.35536    0.06111
    469.00000    1.20943    0.07224    0.41993    0.03023
    472.00000    1.22820    0.06169    0.51308    0.07587
    475.00000    1.20303    0.05603    0.43903    0.05805
    478.00000    1.23769    0.07331    0.55295    0.06202
    481.00000    1.33444    0.05148    0.46109    0.03683
    484.00000    1.27901    0.03704    0.58038    0.03375
    733.00000    1.24235    0.06349    0.46350    0.04224
    736.00000    1.16776    0.06550    0.44395    0.04223
    739.00000    1.25761    0.01808    0.44236    0.06258
    742.00000    1.22803    0.03254    0.41152    0.03267
    745.00000    1.08418    0.03762    0.46735    0.04896
    748.00000    0.98042    0.07687    0.42564    0.04136
    751.00000    1.14624    0.06862    0.47878    0.05238
    754.00000    1.13534    0.05003    0.52242    0.06619
    757.00000    1.11057    0.05263    0.52569    0.03940
    760.00000    1.00128    0.06951    0.42465    0.06519
    763.00000    1.22346    0.07281    0.53644    0.07871
    766.00000    1.06286    0.04854    0.59848    0.08419
    769.00000    0.95684    0.02896    0.50297    0.03923
    772.00000    1.08792    0.04580    0.39809    0.05450
    775.00000    1.03493    0.06209    0.43821    0.06958
    778.00000    1.02615    0.06313    0.47247    0.02921
    781.00000    1.19980    0.05495    0.44267    0.07013
    784.00000    1.26016    0.07369    0.54720    0.06527
    787.00000    1.23255    0.06684    0.46794    0.04300
    790.00000    1.40886    0.03516    0.46732    0.04908
    793.00000    1.37027    0.06869    0.42500    0.06753
    796.00000    1.27081    0.06780    0.65990    0.07572
    799.00000    1.27770    0.03181    0.35304    0.04670
    802.00000    1.32848    0.08266    0.52980    0.05546
    805.00000    1.46118    0.06270    0.44152    0.04627
    808.00000    1.33388    0.03687    0.40240    0.03217
    811.00000    1.39336    0.06070    0.40167    0.07200
    814.00000    1.31731    0.04923    0.46187    0.03559
    817.00000    1.49706    0.05619    0.48613    0.04612
    820.00000    1.37209    0.06392    0.55900    0.05843
    823.00000    1.39852    0.03591    0.50460    0.03877
    826.00000    1.32464    0.04621    0.60533    0.04026
    829.00000    1.41435    0.07550    0.53424    0.03054
    832.00000    1.36111    0.04227    0.49692    0.05876
    835.00000    1.47964    0.04158    0.48728    0.06481
    838.00000    1.40285    0.02025    0.64287    0.06905
    841.00000    1.62205    0.05524    0.61707    0.07323
    844.00000    1.40953    0.05424    0.66177    0.05986
    847.00000    1.57508    0.06501    0.51501    0.05278
   1096.00000    1.36763    0.04718    0.43477    0.04700
   1099.00000    1.16167    0.06955    0.49393    0.05060
   1102.00000    1.22364    0.03528    0.53009    0.03821
   1105.00000    1.19935    0.04738    0.56787    0.05760
   1108.00000    1.22444    0.05355    0.53757    0.05359
   1111.00000    1.17773    0.05927    0.65927    0.04944
   1114.00000    1.18583    0.05186    0.59650    0.04897
   1117.00000    1.26151    0.03931    0.60400    0.04769
   1120.00000    1.06996    0.06375    0.54891    0.02725
   1123.00000    1.16357    0.04626    0.47455    0.02783
   1126.00000    1.27258    0.05063    0.31370    0.06962
   1129.00000    1.23375    0.05477    0.56139    0.04156
   1132.00000    1.13931    0.05766    0.52667    0.04878
   1135.00000    1.17335    0.05917    0.50593    0.03148
   1138.00000    1.14074    0.06170    0.46689    0.04393
   1141.00000    1.27936    0.06740    0.28870    0.07678
   1144.00000    1.08503    0.08444    0.45433    0.07547
   1147.00000    1.03541    0.04513    0.43013    0.03948
   1150.00000    1.13514    0.04151    0.41364    0.07056
   1153.00000    1.17905    0.03896    0.63095    0.05702
   1156.00000    1.20388    0.03500    0.48398    0.03711
   1159.00000    1.13702    0.04470    0.44563    0.03972
   1162.00000    1.21359    0.03539    0.48773    0.04761
   1165.00000    1.22623    0.03503    0.30308    0.07750
   1168.00000    1.12390    0.03935    0.45816    0.07149
   1171.00000    1.08631    0.06339    0.58302    0.05026
   1174.00000    1.06973    0.05412    0.49366    0.05621
   1177.00000    1.01643    0.04786    0.43095    0.03605
   1180.00000    1.04617    0.07925    0.45335    0.04971
   1183.00000    1.04645    0.05927    0.43278    0.01762
   1186.00000    1.05123    0.06060    0.45005    0.07572
   1189.00000    1.03749    0.03709    0.56711    0.04473
   1192.00000    1.19748    0.05780    0.47118    0.05385
   1195.00000    1.09229    0.04627    0.41928    0.05945
   1198.00000    0.99345    0.07043    0.44373    0.04157
   1201.00000    1.15350    0.03467    0.48231    0.03062
   1204.00000    1.04967    0.05025    0.48466    0.05431
   1207.00000    1.09764    0.08358    0.47293    0.08453
   1210.00000    1.09229    0.06055    0.23066    0.04427
   1213.00000    1.25397    0.06052    0.38711    0.02144
   1462.00000    1.39121    0.03807    0.48105    0.06997
   1465.00000    1.35734    0.02902    0.51196    0.05028
   1468.00000    1.42445    0.06490    0.51605    0.05094
   1471.00000    1.51351    0.02672    0.54792    0.05023
   1474.00000    1.54405    0.03609    0.54581    0.03070
   1477.00000    1.41604    0.05010    0.51534    0.02892
   1480.00000    1.26701    0.06846    0.44636    0.02803
   1483.00000    1.37860    0.05706    0.51698    0.06145
   1486.00000    1.32256    0.06381    0.56694    0.03779
   1489.00000    1.33614    0.06933    0.48076    0.07721
   1492.00000    1.37901    0.02013    0.51164    0.04658
   1495.00000    1.26193    0.04600    0.47840    0.03586
   1498.00000    1.19281    0.07586    0.55388    0.05475
   1501.00000    1.17318    0.05935    0.59891    0.06096
   1504.00000    1.42470    0.03918    0.60003    0.07574
   1507.00000    1.40023    0.03558    0.62132    0.05921
   1510.00000    1.35821    0.08403    0.61864    0.04139
   1513.00000    1.29598    0.05864    0.58367    0.04823
   1516.00000    1.38805    0.03308    0.60945    0.06621
   1519.00000    1.13653    0.06442    0.50590    0.05985
   1522.00000    1.33571    0.05311    0.50890    0.07265
   1525.00000    1.28075    0.02618    0.52974    0.06235
   1528.00000    1.30819    0.02848    0.55152    0.04157
   1531.00000    1.37252    0.08148    0.54041    0.06140
   1534.00000    1.38811    0.02604    0.47303    0.06946
   1537.00000    1.21397    0.05918    0.46577    0.04413
   1540.00000    1.27984    0.04913    0.48087    0.03519
   1543.00000    1.25569    0.06433    0.42724    0.05537
   1546.00000    1.23323    0.05837    0.45852    0.05708
   1549.00000    1.41209    0.01776    0.65149    0.05875
   1552.00000    1.37363    0.04602    0.45749    0.02980
   1555.00000    1.41544    0.05540    0.71913    0.08614
   1558.00000    1.50089    0.04611    0.49043    0.04671
   1561.00000    1.46757    0.05494    0.53015    0.06092
   1564.00000    1.32980    0.03684    0.49002    0.05062
   1567.00000    1.28094    0.04858    0.44723    0.09371
   1570.00000    1.19471    0.09762    0.40443    0.07352
   1573.00000    1.28813    0.06839    0.55353    0.03969
   1576.00000    1.34369    0.07086    0.53411    0.06151
   1579.00000    1.35470    0.01870    0.55584    0.05427
