## Time Delay Challenge light curves
##
## [time]=days, [lc]=[err]=flux in nanomaggies
##
##       time       lc_A      err_A       lc_B      err_B
##-------------------------------------------------------
      1.00000    5.03549    0.02656    1.47760    0.05150
      4.00000    5.08247    0.05423    1.55904    0.03912
      7.00000    4.98807    0.06341    1.65242    0.06725
     10.00000    5.09072    0.03380    1.57834    0.03473
     13.00000    5.13202    0.05908    1.60344    0.06729
     16.00000    5.19356    0.08757    1.46746    0.05632
     19.00000    5.22078    0.07568    1.52297    0.04560
     22.00000    5.09473    0.07848    1.48669    0.06737
     25.00000    5.33153    0.06010    1.62737    0.04136
     28.00000    5.21012    0.06550    1.53099    0.05444
     31.00000    5.22066    0.03520    1.66944    0.04842
     34.00000    5.20716    0.03527    1.70980    0.05216
     37.00000    5.26895    0.02524    1.68108    0.07099
     40.00000    5.14172    0.05593    1.69379    0.04682
     43.00000    5.18085    0.04565    1.52595    0.06764
     46.00000    5.20565    0.03865    1.62622    0.06499
     49.00000    5.21634    0.02329    1.60638    0.06528
     52.00000    5.13689    0.05615    1.68791    0.05300
     55.00000    5.18807    0.04153    1.68790    0.06230
     58.00000    5.18571    0.06334    1.53656    0.07905
     61.00000    5.10964    0.04607    1.65334    0.05429
     64.00000    5.10790    0.03780    1.62142    0.04676
     67.00000    5.13946    0.02456    1.58014    0.06390
     70.00000    5.14976    0.04779    1.60861    0.05216
     73.00000    5.05886    0.07599    1.67025    0.05695
     76.00000    5.07365    0.03529    1.58214    0.06011
     79.00000    5.22851    0.07130    1.57688    0.04286
     82.00000    5.26821    0.07210    1.66695    0.06177
     85.00000    5.17563    0.07100    1.66858    0.05607
     88.00000    5.25200    0.04278    1.59935    0.03244
     91.00000    5.33984    0.05892    1.63397    0.04704
     94.00000    5.34258    0.05914    1.60525    0.05567
     97.00000    5.19718    0.07249    1.58222    0.03971
    100.00000    5.21398    0.05281    1.70200    0.05813
    103.00000    5.51815    0.07392    1.69121    0.03831
    106.00000    5.14944    0.04729    1.66701    0.04698
    109.00000    5.23175    0.05976    1.68888    0.05156
    112.00000    5.20794    0.05822    1.67003    0.05562
    115.00000    5.18668    0.06441    1.63932    0.06304
    118.00000    5.20554    0.06897    1.69797    0.04068
    367.00000    5.31775    0.06763    1.67129    0.04929
    370.00000    5.27446    0.05294    1.68020    0.05364
    373.00000    5.32657    0.06944    1.72589    0.06113
    376.00000    5.28083    0.00662    1.71864    0.06291
    379.00000    5.31597    0.06575    1.70127    0.03268
    382.00000    5.43028    0.07574    1.72568    0.03526
    385.00000    5.36036    0.05362    1.75419    0.05838
    388.00000    5.42694    0.08795    1.64262    0.05084
    391.00000    5.35165    0.06985    1.71091    0.05054
    394.00000    5.34528    0.02921    1.67072    0.04950
    397.00000    5.28012    0.05623    1.60151    0.08792
    400.00000    5.28106    0.05050    1.70469    0.05106
    403.00000    5.36260    0.09834    1.66145    0.02488
    406.00000    5.34564    0.05801    1.67574    0.02674
    409.00000    5.22457    0.07238    1.65536    0.04882
    412.00000    5.25294    0.03474    1.72565    0.04620
    415.00000    5.30302    0.04467    1.68017    0.02667
    418.00000    5.29256    0.05626    1.66567    0.05422
    421.00000    5.14558    0.04794    1.65441    0.05664
    424.00000    5.20430    0.03748    1.63618    0.05632
    427.00000    5.18816    0.02469    1.68693    0.05781
    430.00000    5.30361    0.07345    1.46586    0.09477
    433.00000    5.09246    0.05426    1.65175    0.03001
    436.00000    5.27831    0.05536    1.63519    0.03126
    439.00000    5.13565    0.02780    1.60825    0.03898
    442.00000    5.07734    0.06629    1.58491    0.04421
    445.00000    5.11535    0.03627    1.65454    0.05186
    448.00000    5.11997    0.07396    1.64710    0.05826
    451.00000    4.99822    0.06565    1.67956    0.07630
    454.00000    5.10237    0.08474    1.60235    0.05476
    457.00000    5.20922    0.05178    1.61010    0.05248
    460.00000    5.07593    0.05320    1.59224    0.04640
    463.00000    5.09093    0.02205    1.68003    0.06863
    466.00000    5.16378    0.01464    1.58658    0.07954
    469.00000    5.08290    0.06592    1.64660    0.05617
    472.00000    5.05654    0.05017    1.65733    0.03174
    475.00000    5.04564    0.07774    1.50690    0.07189
    478.00000    5.03059    0.05439    1.61573    0.06593
    481.00000    4.95966    0.04947    1.69020    0.05420
    484.00000    5.07750    0.07539    1.67157    0.05237
    733.00000    5.08848    0.04783    1.55594    0.08579
    736.00000    5.09975    0.05813    1.52779    0.07144
    739.00000    4.90751    0.04488    1.52771    0.08013
    742.00000    4.97321    0.05284    1.42745    0.04546
    745.00000    4.96903    0.05158    1.60008    0.02373
    748.00000    4.95845    0.07206    1.54119    0.05917
    751.00000    4.96307    0.03980    1.63801    0.05174
    754.00000    5.08968    0.08314    1.57823    0.04135
    757.00000    5.06797    0.04143    1.56896    0.05411
    760.00000    4.98974    0.06567    1.61036    0.03652
    763.00000    5.11552    0.09190    1.53518    0.05592
    766.00000    5.08187    0.04745    1.60809    0.05609
    769.00000    5.11057    0.03513    1.60817    0.05505
    772.00000    5.06637    0.05137    1.52479    0.04878
    775.00000    5.15751    0.05548    1.58884    0.03286
    778.00000    5.20881    0.04500    1.57854    0.03587
    781.00000    5.11988    0.03891    1.55495    0.05986
    784.00000    5.09395    0.03765    1.53095    0.03990
    787.00000    5.18370    0.07505    1.49085    0.06229
    790.00000    5.16689    0.05628    1.59914    0.02682
    793.00000    4.99936    0.03761    1.56917    0.03023
    796.00000    5.07641    0.05328    1.61270    0.06558
    799.00000    5.04180    0.07166    1.56605    0.07911
    802.00000    4.98668    0.03556    1.60900    0.07319
    805.00000    5.02592    0.09120    1.55695    0.05336
    808.00000    4.93106    0.08465    1.62691    0.05594
    811.00000    5.05430    0.05724    1.62533    0.07561
    814.00000    5.11864    0.07567    1.66909    0.04846
    817.00000    5.07366    0.08540    1.42829    0.08873
    820.00000    4.93098    0.05213    1.65111    0.08434
    823.00000    4.94848    0.05211    1.55900    0.01984
    826.00000    5.03521    0.04217    1.57313    0.04240
    829.00000    5.10198    0.05801    1.56027    0.04776
    832.00000    5.00384    0.07564    1.50396    0.07370
    835.00000    5.04986    0.04632    1.51748    0.02698
    838.00000    5.07285    0.08145    1.51639    0.03292
    841.00000    4.96103    0.06266    1.61119    0.05706
    844.00000    5.13345    0.04896    1.53235    0.05007
    847.00000    5.02583    0.04685    1.77294    0.05946
   1096.00000    4.73874    0.05853    1.44453    0.04394
   1099.00000    4.68631    0.04299    1.52035    0.04131
   1102.00000    4.76930    0.06701    1.45168    0.05982
   1105.00000    4.69790    0.03950    1.50356    0.06826
   1108.00000    4.65876    0.09271    1.44354    0.06190
   1111.00000    4.53888    0.07378    1.51668    0.05243
   1114.00000    4.58664    0.06967    1.46650    0.04913
   1117.00000    4.46230    0.08859    1.52670    0.04079
   1120.00000    4.63941    0.04789    1.40495    0.04569
   1123.00000    4.59641    0.04419    1.48109    0.02711
   1126.00000    4.62704    0.03954    1.47070    0.05291
   1129.00000    4.69594    0.04751    1.50448    0.03452
   1132.00000    4.70054    0.04712    1.38525    0.04658
   1135.00000    4.71725    0.03287    1.54037    0.07748
   1138.00000    4.72869    0.03122    1.39730    0.06716
   1141.00000    4.68754    0.04743    1.42357    0.04169
   1144.00000    4.60415    0.05052    1.41396    0.08796
   1147.00000    4.63236    0.06140    1.47018    0.06978
   1150.00000    4.61922    0.05072    1.46326    0.04983
   1153.00000    4.76100    0.06652    1.48978    0.03630
   1156.00000    4.75016    0.06727    1.40891    0.05124
   1159.00000    4.70648    0.07856    1.54052    0.08706
   1162.00000    4.80526    0.04705    1.44282    0.05086
   1165.00000    4.75883    0.06868    1.49354    0.04076
   1168.00000    4.87294    0.07860    1.45696    0.05512
   1171.00000    4.84043    0.06736    1.46265    0.03979
   1174.00000    4.78916    0.06761    1.43743    0.03970
   1177.00000    4.83738    0.04043    1.63530    0.07458
   1180.00000    4.72254    0.02367    1.44135    0.05808
   1183.00000    4.59847    0.08242    1.50831    0.03542
   1186.00000    4.73261    0.04908    1.50372    0.04774
   1189.00000    4.83972    0.05760    1.56507    0.04882
   1192.00000    4.81441    0.06756    1.42079    0.06152
   1195.00000    4.83636    0.09277    1.44137    0.04494
   1198.00000    4.72725    0.06298    1.44576    0.04614
   1201.00000    4.77747    0.07087    1.50274    0.01128
   1204.00000    4.91404    0.07013    1.51258    0.04781
   1207.00000    4.86308    0.02448    1.49515    0.05334
   1210.00000    4.99939    0.07757    1.48277    0.05885
   1213.00000    4.98808    0.04287    1.57190    0.05222
   1462.00000    5.35494    0.04948    1.62520    0.05005
   1465.00000    5.31214    0.05699    1.58558    0.05263
   1468.00000    5.28543    0.06967    1.72524    0.06648
   1471.00000    5.31171    0.04817    1.67144    0.07742
   1474.00000    5.31447    0.05814    1.65285    0.04113
   1477.00000    5.38012    0.05766    1.64903    0.06740
   1480.00000    5.48762    0.07026    1.68410    0.07151
   1483.00000    5.27462    0.05261    1.68533    0.05802
   1486.00000    5.37496    0.03175    1.65920    0.05498
   1489.00000    5.28178    0.06255    1.66810    0.06061
   1492.00000    5.25858    0.05808    1.75741    0.06153
   1495.00000    5.26402    0.02816    1.64034    0.09133
   1498.00000    5.18990    0.08329    1.51420    0.06752
   1501.00000    5.27156    0.03632    1.55090    0.05422
   1504.00000    5.23303    0.04837    1.68156    0.02957
   1507.00000    5.40731    0.07949    1.68066    0.06595
   1510.00000    5.34726    0.04555    1.70783    0.04026
   1513.00000    5.18240    0.06855    1.61454    0.04871
   1516.00000    5.41173    0.06524    1.66136    0.07792
   1519.00000    5.28217    0.05698    1.66856    0.03403
   1522.00000    5.32390    0.02809    1.60105    0.06114
   1525.00000    5.35819    0.03275    1.63442    0.07645
   1528.00000    5.37086    0.03861    1.70945    0.04478
   1531.00000    5.28723    0.04931    1.66836    0.02683
   1534.00000    5.40826    0.03877    1.66367    0.03770
   1537.00000    5.34229    0.06792    1.64534    0.04499
   1540.00000    5.31227    0.07551    1.63646    0.04929
   1543.00000    5.23509    0.05462    1.88551    0.07468
   1546.00000    5.38052    0.06739    1.60674    0.05570
   1549.00000    5.36513    0.05384    1.66955    0.04767
   1552.00000    5.29063    0.06344    1.79259    0.05786
   1555.00000    5.46155    0.05488    1.68627    0.04671
   1558.00000    5.46949    0.01850    1.74536    0.08237
   1561.00000    5.44940    0.04253    1.75863    0.04056
   1564.00000    5.34917    0.03429    1.68752    0.06526
   1567.00000    5.32654    0.08946    1.62979    0.06581
   1570.00000    5.25551    0.05690    1.73993    0.05951
   1573.00000    5.43513    0.04597    1.67446    0.06102
   1576.00000    5.29573    0.06355    1.70711    0.05281
   1579.00000    5.36247    0.05978    1.69830    0.03787
