## Time Delay Challenge light curves
##
## [time]=days, [lc]=[err]=flux in nanomaggies
##
##       time       lc_A      err_A       lc_B      err_B
##-------------------------------------------------------
      1.00000    0.94171    0.04580    0.02899    0.06599
      4.00000    1.02622    0.05908    0.04821    0.03049
      7.00000    0.97339    0.04020    0.04508    0.02586
     10.00000    0.92058    0.09493   -0.01421    0.05952
     13.00000    0.97433    0.06234    0.02607    0.07974
     16.00000    0.95225    0.05412    0.06985    0.04805
     19.00000    0.96471    0.03773    0.13090    0.06526
     22.00000    0.99107    0.02700    0.08819    0.04743
     25.00000    1.02512    0.04045   -0.03499    0.04436
     28.00000    1.02176    0.08005    0.01112    0.03440
     31.00000    1.09928    0.06962    0.05603    0.05671
     34.00000    0.99670    0.05147    0.06145    0.06240
     37.00000    0.97780    0.04084    0.01217    0.03601
     40.00000    0.98126    0.05684   -0.05775    0.05095
     43.00000    0.93415    0.03975   -0.01864    0.06440
     46.00000    1.03323    0.03792   -0.00182    0.05239
     49.00000    1.04467    0.03828    0.03040    0.04742
     52.00000    1.12274    0.08099    0.02482    0.05940
     55.00000    1.03795    0.06178   -0.01275    0.05123
     58.00000    1.04111    0.03891    0.07811    0.05614
     61.00000    0.95653    0.06751    0.02455    0.02868
     64.00000    1.04575    0.05012    0.06198    0.04805
     67.00000    1.08142    0.06210    0.01363    0.05078
     70.00000    1.11418    0.04561   -0.08952    0.05994
     73.00000    1.10262    0.05718    0.10131    0.05094
     76.00000    1.13279    0.03899    0.01781    0.04197
     79.00000    1.04967    0.03657    0.09648    0.05488
     82.00000    1.07790    0.05178    0.02910    0.04438
     85.00000    1.08643    0.05693   -0.04543    0.05939
     88.00000    1.06057    0.05461    0.06779    0.05107
     91.00000    1.01998    0.05863    0.10787    0.04670
     94.00000    1.10100    0.05121    0.05917    0.05901
     97.00000    1.05349    0.05263    0.05450    0.07884
    100.00000    0.98164    0.06310    0.14700    0.07369
    103.00000    0.99454    0.04394    0.12101    0.05110
    106.00000    0.99204    0.05984    0.04613    0.05309
    109.00000    0.92540    0.05106    0.02923    0.03318
    112.00000    1.06382    0.07699   -0.00017    0.06331
    115.00000    1.05531    0.02931    0.04731    0.03160
    118.00000    0.94052    0.07627    0.06418    0.05402
    367.00000    1.21596    0.06960    0.11731    0.03583
    370.00000    1.08531    0.04826    0.04085    0.04329
    373.00000    1.03362    0.04851    0.12886    0.04105
    376.00000    1.09315    0.06027   -0.00930    0.07413
    379.00000    1.10448    0.04200    0.03767    0.07775
    382.00000    1.07160    0.04438   -0.03354    0.06641
    385.00000    0.93570    0.05001   -0.01328    0.06369
    388.00000    1.05585    0.06303    0.06306    0.05142
    391.00000    0.98187    0.04759    0.03186    0.04670
    394.00000    1.04091    0.03756    0.04408    0.05534
    397.00000    0.90774    0.10018    0.02604    0.05491
    400.00000    1.01717    0.03986    0.06995    0.03887
    403.00000    1.15753    0.06263    0.00828    0.05906
    406.00000    1.01095    0.04583   -0.05220    0.06930
    409.00000    0.93144    0.07485   -0.03044    0.06546
    412.00000    0.98628    0.05533    0.06894    0.07316
    415.00000    1.01944    0.04606    0.09670    0.05303
    418.00000    1.02006    0.02480    0.07490    0.06471
    421.00000    1.02236    0.03613    0.02708    0.03008
    424.00000    0.97615    0.04310   -0.01097    0.04205
    427.00000    0.98039    0.06414    0.01374    0.05926
    430.00000    1.01196    0.07349   -0.01258    0.06776
    433.00000    0.98395    0.05914    0.04442    0.04749
    436.00000    0.97785    0.05012    0.00412    0.04938
    439.00000    0.93988    0.05160    0.00151    0.03458
    442.00000    1.14595    0.07785    0.02743    0.04607
    445.00000    1.04716    0.06605    0.03874    0.06082
    448.00000    0.97468    0.04910   -0.00806    0.04771
    451.00000    1.04535    0.05520   -0.05918    0.07481
    454.00000    1.08689    0.04744   -0.01412    0.06758
    457.00000    1.01576    0.03202   -0.00861    0.06120
    460.00000    0.94831    0.04563    0.06282    0.05279
    463.00000    0.99950    0.04355    0.11421    0.06623
    466.00000    1.00406    0.04105    0.03506    0.01685
    469.00000    0.97878    0.06429   -0.00584    0.04630
    472.00000    1.07293    0.04509    0.06232    0.06687
    475.00000    1.01000    0.05627    0.05658    0.07320
    478.00000    0.98936    0.05051    0.02053    0.03321
    481.00000    1.09418    0.06138    0.04131    0.05240
    484.00000    1.00017    0.06266    0.03649    0.04750
    733.00000    1.14584    0.08483    0.01847    0.06411
    736.00000    1.02732    0.03913    0.03360    0.01353
    739.00000    1.13135    0.04864    0.05138    0.03925
    742.00000    1.05714    0.04371    0.09518    0.07284
    745.00000    1.07716    0.05622   -0.04140    0.04656
    748.00000    0.93703    0.06509    0.01061    0.07741
    751.00000    0.92946    0.06618    0.07943    0.05687
    754.00000    1.05851    0.06308   -0.01371    0.05535
    757.00000    0.86912    0.06423    0.00515    0.05833
    760.00000    0.88145    0.06616    0.06486    0.03862
    763.00000    1.02524    0.03882    0.01053    0.05310
    766.00000    1.03265    0.03056    0.05655    0.06189
    769.00000    0.92341    0.04893    0.03861    0.03544
    772.00000    0.97551    0.05769    0.11053    0.06131
    775.00000    0.90950    0.05557    0.09307    0.04866
    778.00000    0.89396    0.06722    0.06955    0.06772
    781.00000    0.96697    0.08180   -0.05545    0.06932
    784.00000    0.93448    0.04045    0.05178    0.02822
    787.00000    0.94594    0.04670    0.11193    0.03284
    790.00000    0.95041    0.02416    0.11121    0.07363
    793.00000    0.93109    0.04581   -0.01232    0.05046
    796.00000    0.89771    0.04292    0.05710    0.06457
    799.00000    0.90993    0.06199    0.01808    0.06686
    802.00000    0.92740    0.04895    0.03662    0.03720
    805.00000    0.90112    0.07676   -0.00220    0.03246
    808.00000    0.84516    0.08529   -0.05632    0.05471
    811.00000    0.96408    0.07337    0.04604    0.06123
    814.00000    0.95067    0.01470    0.09620    0.04966
    817.00000    0.90409    0.03039    0.08820    0.03132
    820.00000    0.93298    0.06862   -0.07338    0.05962
    823.00000    0.96375    0.08022    0.07904    0.04735
    826.00000    1.00464    0.02545    0.02900    0.05932
    829.00000    1.02876    0.05766    0.01492    0.07566
    832.00000    0.99733    0.03844    0.09996    0.07174
    835.00000    0.98223    0.08011    0.12956    0.05765
    838.00000    0.98174    0.06599    0.06679    0.04521
    841.00000    0.99642    0.04952    0.11720    0.05147
    844.00000    0.94713    0.07614    0.08417    0.06863
    847.00000    1.06043    0.04392    0.05860    0.03883
   1096.00000    1.00827    0.03053    0.03965    0.02074
   1099.00000    0.92999    0.05763    0.13319    0.06029
   1102.00000    1.10024    0.05409    0.04013    0.05181
   1105.00000    1.02603    0.05080   -0.00706    0.05545
   1108.00000    1.04549    0.04715    0.08268    0.06409
   1111.00000    1.08054    0.03501    0.05789    0.04851
   1114.00000    1.08538    0.08644    0.12593    0.06390
   1117.00000    1.08118    0.05588   -0.08042    0.08176
   1120.00000    0.98308    0.05123   -0.00473    0.05926
   1123.00000    1.03695    0.03502    0.03196    0.07148
   1126.00000    1.05082    0.08052    0.09859    0.06124
   1129.00000    1.00700    0.04748    0.04155    0.05100
   1132.00000    0.91188    0.06032    0.03986    0.02376
   1135.00000    0.89982    0.06301    0.07320    0.05041
   1138.00000    0.98075    0.04353    0.10649    0.05053
   1141.00000    0.91246    0.04635    0.13784    0.06218
   1144.00000    0.94836    0.05703    0.07516    0.03478
   1147.00000    0.94485    0.06597    0.09675    0.06886
   1150.00000    1.04832    0.04096    0.02442    0.05869
   1153.00000    1.00119    0.02927   -0.01796    0.06721
   1156.00000    0.96171    0.06358    0.04884    0.01911
   1159.00000    1.07883    0.05178    0.06806    0.04516
   1162.00000    0.99237    0.07276    0.00979    0.03932
   1165.00000    0.91676    0.07113    0.12024    0.04588
   1168.00000    1.04372    0.08284    0.03742    0.03877
   1171.00000    1.01262    0.03275    0.07461    0.08213
   1174.00000    1.12141    0.05696   -0.01981    0.04576
   1177.00000    0.98866    0.04799    0.09632    0.04789
   1180.00000    1.00162    0.05757    0.12959    0.06850
   1183.00000    1.05184    0.04349    0.08559    0.03023
   1186.00000    1.01598    0.03141    0.11698    0.04012
   1189.00000    0.99178    0.01700   -0.03169    0.06232
   1192.00000    1.02766    0.04487    0.03164    0.07949
   1195.00000    0.99725    0.05299   -0.00448    0.03998
   1198.00000    1.09868    0.04156   -0.00934    0.05489
   1201.00000    1.06350    0.04531    0.02895    0.06594
   1204.00000    0.90670    0.05017    0.03503    0.01323
   1207.00000    0.97133    0.03205    0.01862    0.05975
   1210.00000    1.05997    0.04490    0.03968    0.06199
   1213.00000    1.00070    0.05299    0.21257    0.07331
   1462.00000    1.02450    0.03404    0.00041    0.08325
   1465.00000    1.00257    0.03175    0.07346    0.06767
   1468.00000    0.90204    0.05453    0.07791    0.05175
   1471.00000    0.98780    0.03357    0.10769    0.05537
   1474.00000    0.94049    0.09742   -0.01984    0.03493
   1477.00000    1.04848    0.05137    0.12407    0.04358
   1480.00000    0.90859    0.04782    0.03982    0.03931
   1483.00000    1.01477    0.05303   -0.02141    0.06506
   1486.00000    1.01217    0.05065    0.19138    0.07692
   1489.00000    0.99444    0.03634    0.02792    0.07210
   1492.00000    1.03502    0.04616    0.01488    0.04695
   1495.00000    1.02833    0.05210    0.10850    0.04015
   1498.00000    1.03244    0.07300    0.04626    0.03707
   1501.00000    1.03537    0.03690    0.03636    0.04392
   1504.00000    1.01775    0.05770    0.05859    0.02271
   1507.00000    1.00174    0.07391    0.08492    0.05485
   1510.00000    0.93250    0.07787   -0.00827    0.06687
   1513.00000    1.00032    0.05012   -0.09129    0.07334
   1516.00000    1.01255    0.06512    0.10397    0.04784
   1519.00000    1.07148    0.02336    0.04761    0.04863
   1522.00000    1.02054    0.05788   -0.00247    0.04826
   1525.00000    1.03608    0.05954    0.09638    0.07303
   1528.00000    1.09148    0.07017    0.02616    0.05633
   1531.00000    1.13136    0.04333    0.04426    0.05898
   1534.00000    0.98139    0.06537    0.02215    0.04312
   1537.00000    1.00911    0.05554    0.06511    0.08332
   1540.00000    1.05617    0.06480   -0.00488    0.06763
   1543.00000    0.93175    0.05377   -0.07123    0.08018
   1546.00000    0.99496    0.06684   -0.03414    0.08157
   1549.00000    0.99506    0.04071   -0.01711    0.06709
   1552.00000    1.04571    0.04431    0.05679    0.04537
   1555.00000    1.00543    0.05007    0.01988    0.06799
   1558.00000    0.99765    0.04343    0.07399    0.02274
   1561.00000    1.02297    0.04516    0.07902    0.04584
   1564.00000    1.05140    0.04136    0.04438    0.04644
   1567.00000    1.09544    0.04821    0.05221    0.04955
   1570.00000    1.03071    0.05583   -0.01102    0.06008
   1573.00000    1.07790    0.05921   -0.08181    0.05124
   1576.00000    1.02475    0.08526   -0.01761    0.05708
   1579.00000    1.05508    0.05821    0.03488    0.02488
