## Time Delay Challenge light curves
##
## [time]=days, [lc]=[err]=flux in nanomaggies
##
##       time       lc_A      err_A       lc_B      err_B
##-------------------------------------------------------
      1.00000    1.77420    0.02367    3.30225    0.05910
      4.00000    1.89709    0.09926    3.18627    0.05962
      7.00000    1.58098    0.03933    3.14081    0.01959
     10.00000    1.70946    0.05309    2.71350    0.05900
     13.00000    1.61436    0.03676    2.91030    0.06416
     16.00000    1.73539    0.07084    2.82223    0.04023
     19.00000    1.61831    0.04958    2.52954    0.04750
     22.00000    1.50220    0.05923    2.50941    0.05574
     25.00000    1.42721    0.06021    2.09357    0.06219
     28.00000    1.65159    0.07035    2.33957    0.05536
     31.00000    1.81519    0.04518    2.34894    0.05921
     34.00000    1.87551    0.06380    2.10840    0.04338
     37.00000    1.83534    0.05911    1.98538    0.05068
     40.00000    2.06399    0.06688    1.82595    0.07357
     43.00000    2.21719    0.05898    1.69231    0.04189
     46.00000    2.31991    0.06184    1.58907    0.05695
     49.00000    2.34025    0.05135    1.51588    0.05163
     52.00000    2.13216    0.03782    1.49733    0.05539
     55.00000    1.82700    0.04415    1.54907    0.05904
     58.00000    1.80475    0.04990    1.64259    0.03737
     61.00000    1.73441    0.04860    1.56109    0.03170
     64.00000    1.92427    0.07735    1.40195    0.03215
     67.00000    2.05434    0.02972    1.33299    0.04543
     70.00000    1.95610    0.05360    1.80530    0.06798
     73.00000    2.01035    0.04847    1.74948    0.04627
     76.00000    2.18488    0.02457    1.68570    0.06507
     79.00000    2.47687    0.04296    1.63031    0.04478
     82.00000    2.46114    0.07409    1.95396    0.01819
     85.00000    2.43539    0.00151    2.08306    0.06066
     88.00000    2.30537    0.05537    2.14647    0.04892
     91.00000    2.43743    0.05918    2.15997    0.07927
     94.00000    2.61958    0.05963    2.02201    0.06545
     97.00000    2.90557    0.04753    1.80654    0.03551
    100.00000    2.65997    0.04576    1.77356    0.07076
    103.00000    2.69386    0.05111    1.75719    0.04261
    106.00000    2.58504    0.05503    1.65840    0.08638
    109.00000    2.58276    0.04182    1.93367    0.02716
    112.00000    2.50182    0.03814    1.82931    0.09184
    115.00000    2.51708    0.05058    1.85994    0.02336
    118.00000    2.67919    0.03680    1.93233    0.06019
    367.00000    3.25578    0.03225    2.99846    0.05185
    370.00000    3.26201    0.07058    2.63777    0.06648
    373.00000    3.50236    0.07898    3.02126    0.07482
    376.00000    3.36989    0.04924    3.25159    0.03010
    379.00000    3.36078    0.03381    3.11186    0.04775
    382.00000    3.09558    0.04358    2.91082    0.05685
    385.00000    3.34895    0.03131    2.91596    0.04832
    388.00000    3.35303    0.04962    3.03026    0.06883
    391.00000    3.66675    0.06615    2.91011    0.03465
    394.00000    3.51481    0.04917    3.00977    0.03861
    397.00000    3.30132    0.04893    3.08379    0.03822
    400.00000    3.40223    0.06303    2.72268    0.07172
    403.00000    3.38623    0.05176    2.58707    0.06214
    406.00000    3.43568    0.08175    3.10061    0.05018
    409.00000    3.51981    0.05610    2.99924    0.03796
    412.00000    3.53912    0.04369    3.17209    0.04319
    415.00000    3.82698    0.04833    3.33190    0.02029
    418.00000    4.41841    0.05362    3.28791    0.03895
    421.00000    4.67411    0.07534    3.01150    0.07997
    424.00000    4.61191    0.05599    2.94670    0.02767
    427.00000    4.25419    0.04689    3.23923    0.06168
    430.00000    3.83104    0.04907    3.13517    0.05244
    433.00000    3.60336    0.06413    3.52266    0.05536
    436.00000    3.59547    0.05960    3.49252    0.03692
    439.00000    3.30801    0.04531    2.99935    0.03852
    442.00000    3.39003    0.02265    3.23566    0.04522
    445.00000    3.55726    0.02951    3.25513    0.04369
    448.00000    3.66593    0.07454    3.28415    0.05796
    451.00000    3.71682    0.06031    3.27206    0.02989
    454.00000    4.21760    0.04137    3.38707    0.03422
    457.00000    4.38135    0.05021    3.64920    0.05291
    460.00000    3.99462    0.05834    4.18630    0.03076
    463.00000    3.99013    0.05969    4.34059    0.10448
    466.00000    3.92582    0.03565    4.44027    0.03505
    469.00000    3.92464    0.07588    4.08940    0.04457
    472.00000    3.76375    0.06837    3.57792    0.04552
    475.00000    3.94077    0.05244    3.46100    0.05987
    478.00000    3.43076    0.05184    3.33355    0.04820
    481.00000    3.50056    0.03858    3.33403    0.06939
    484.00000    3.41354    0.05304    3.22013    0.04839
    733.00000    2.05902    0.05020    2.44755    0.07600
    736.00000    2.16070    0.04201    2.55529    0.06335
    739.00000    2.02051    0.04453    2.36125    0.06634
    742.00000    2.14955    0.05919    2.29996    0.06854
    745.00000    1.93441    0.05857    2.22223    0.05980
    748.00000    1.76185    0.04133    2.11401    0.03227
    751.00000    1.95176    0.05382    2.20159    0.06275
    754.00000    1.74031    0.02840    2.23471    0.03908
    757.00000    1.87064    0.07014    2.23295    0.06661
    760.00000    1.84235    0.05960    2.18755    0.03537
    763.00000    1.99356    0.04632    2.27948    0.03135
    766.00000    2.14527    0.05877    2.25410    0.07263
    769.00000    2.08787    0.05047    2.13416    0.05859
    772.00000    2.21520    0.04293    2.17274    0.06053
    775.00000    2.30200    0.07110    2.01955    0.06965
    778.00000    2.16581    0.06343    1.88784    0.08715
    781.00000    2.08311    0.07262    1.90612    0.02536
    784.00000    2.18699    0.06879    2.15596    0.04339
    787.00000    2.01959    0.04862    1.85263    0.03657
    790.00000    2.17551    0.04242    1.64774    0.09012
    793.00000    2.28327    0.04407    1.82409    0.04560
    796.00000    2.12302    0.04338    1.69611    0.05654
    799.00000    2.26685    0.04504    1.79556    0.04661
    802.00000    2.47311    0.03836    1.64746    0.06471
    805.00000    2.66483    0.05057    1.88192    0.05564
    808.00000    3.03287    0.06771    2.24167    0.07136
    811.00000    3.01324    0.04703    2.00956    0.05641
    814.00000    2.93982    0.04836    2.03475    0.07550
    817.00000    2.70686    0.04076    1.96649    0.06074
    820.00000    2.31544    0.03360    2.15462    0.05672
    823.00000    2.38620    0.06560    1.96034    0.04387
    826.00000    2.26866    0.01752    2.03605    0.05890
    829.00000    2.09340    0.04702    1.98478    0.07188
    832.00000    2.45702    0.06768    1.94095    0.06972
    835.00000    2.45422    0.06680    2.23004    0.04841
    838.00000    2.48166    0.03060    2.17481    0.05885
    841.00000    2.38640    0.02514    2.09592    0.04353
    844.00000    2.45863    0.02131    2.39932    0.04182
    847.00000    2.34899    0.07660    2.47056    0.06586
   1096.00000    3.34991    0.04868    2.99457    0.04724
   1099.00000    3.50896    0.05572    2.78423    0.06579
   1102.00000    3.40616    0.04294    2.72758    0.06657
   1105.00000    4.03658    0.05091    3.01055    0.03066
   1108.00000    4.01938    0.06710    3.19402    0.01493
   1111.00000    3.67348    0.08917    3.49473    0.07284
   1114.00000    3.24627    0.03817    3.72538    0.04367
   1117.00000    3.03465    0.04039    3.29143    0.05105
   1120.00000    3.20248    0.04299    3.60947    0.07169
   1123.00000    3.42236    0.06337    3.58955    0.05861
   1126.00000    3.26576    0.05005    3.12196    0.05560
   1129.00000    3.04501    0.02253    3.11325    0.03430
   1132.00000    2.85467    0.05895    2.91921    0.06462
   1135.00000    2.73556    0.06917    3.15757    0.06105
   1138.00000    2.51122    0.03907    3.27241    0.03800
   1141.00000    2.74268    0.08054    3.37180    0.04993
   1144.00000    2.63439    0.04902    3.35196    0.03513
   1147.00000    2.55386    0.02330    3.85609    0.05871
   1150.00000    2.50842    0.04286    3.83638    0.03870
   1153.00000    2.45282    0.05803    3.43947    0.06926
   1156.00000    2.52741    0.05440    3.09726    0.07114
   1159.00000    2.46064    0.05471    2.79499    0.06503
   1162.00000    2.64277    0.08450    3.09956    0.07215
   1165.00000    2.49043    0.04045    3.30793    0.05776
   1168.00000    2.38410    0.07576    3.25897    0.03644
   1171.00000    2.41871    0.06159    2.82984    0.06389
   1174.00000    2.43387    0.06110    2.74437    0.06469
   1177.00000    2.36442    0.00988    2.64136    0.06605
   1180.00000    2.43984    0.06702    2.41795    0.07413
   1183.00000    2.01734    0.08056    2.38539    0.04769
   1186.00000    2.13004    0.06968    2.50628    0.02825
   1189.00000    1.95513    0.05418    2.49477    0.04756
   1192.00000    1.85446    0.04388    2.51358    0.06576
   1195.00000    1.60281    0.05806    2.25881    0.05314
   1198.00000    2.00597    0.05305    2.35993    0.06603
   1201.00000    1.95709    0.05497    2.34273    0.08985
   1204.00000    1.88180    0.03384    2.43453    0.04476
   1207.00000    2.11833    0.05914    2.33592    0.06895
   1210.00000    2.10163    0.07100    2.42739    0.04168
   1213.00000    2.28273    0.04258    2.22987    0.05911
   1462.00000    2.17077    0.08180    1.99474    0.04370
   1465.00000    2.24482    0.03008    2.11666    0.04087
   1468.00000    2.11973    0.05631    2.02433    0.01051
   1471.00000    1.84844    0.07020    2.22961    0.04280
   1474.00000    1.71348    0.06189    2.06719    0.04351
   1477.00000    1.72071    0.05132    2.15322    0.03773
   1480.00000    1.69862    0.05244    2.13034    0.03931
   1483.00000    1.52465    0.05001    1.88650    0.03875
   1486.00000    1.61748    0.02879    1.86546    0.07068
   1489.00000    1.72075    0.07012    1.86130    0.04841
   1492.00000    1.71718    0.06807    2.07446    0.02858
   1495.00000    1.73867    0.09437    2.40896    0.06128
   1498.00000    1.58599    0.03155    2.29150    0.06216
   1501.00000    1.85847    0.06311    2.09445    0.07257
   1504.00000    1.92641    0.06507    2.19589    0.04652
   1507.00000    2.03608    0.04856    2.20956    0.03693
   1510.00000    1.96462    0.08480    2.03460    0.06370
   1513.00000    2.21381    0.05800    1.71344    0.05161
   1516.00000    2.11007    0.05031    1.70535    0.05390
   1519.00000    2.00572    0.05745    1.62578    0.03529
   1522.00000    1.90733    0.05773    1.60512    0.07390
   1525.00000    1.83543    0.05686    1.54464    0.03809
   1528.00000    1.87035    0.05499    1.59876    0.06452
   1531.00000    1.76901    0.05935    1.64308    0.03969
   1534.00000    1.88603    0.02206    1.64417    0.03130
   1537.00000    2.06627    0.07019    1.66068    0.03412
   1540.00000    1.94106    0.05018    1.46968    0.03675
   1543.00000    2.10499    0.03905    1.83546    0.07471
   1546.00000    1.96023    0.05562    1.72637    0.06242
   1549.00000    2.09285    0.04950    1.83987    0.02814
   1552.00000    2.18968    0.06263    1.74429    0.06765
   1555.00000    2.30152    0.03288    2.12455    0.03808
   1558.00000    2.28723    0.03430    2.02595    0.03678
   1561.00000    2.12423    0.05763    1.82566    0.05478
   1564.00000    1.95386    0.06975    1.85570    0.04573
   1567.00000    1.97966    0.05922    1.75045    0.01534
   1570.00000    1.82991    0.05536    1.84113    0.05936
   1573.00000    1.84937    0.03580    1.84443    0.07535
   1576.00000    1.92284    0.04265    1.81710    0.07160
   1579.00000    2.18055    0.06078    1.93895    0.06173
