## Time Delay Challenge light curves
##
## [time]=days, [lc]=[err]=flux in nanomaggies
##
##       time       lc_A      err_A       lc_B      err_B
##-------------------------------------------------------
      1.00000    5.81996    0.06008    1.90974    0.07668
      4.00000    5.83240    0.07189    1.98140    0.03363
      7.00000    5.74523    0.03780    2.01030    0.06149
     10.00000    5.71051    0.03338    1.96876    0.04831
     13.00000    5.85249    0.02901    1.95222    0.06718
     16.00000    5.65226    0.05195    1.97019    0.07129
     19.00000    5.67784    0.08298    1.97968    0.04180
     22.00000    5.76434    0.04650    1.90135    0.04223
     25.00000    5.79549    0.03303    2.00395    0.05619
     28.00000    5.73803    0.04289    1.85178    0.05203
     31.00000    5.67712    0.04484    1.85125    0.08301
     34.00000    6.03625    0.09253    2.10870    0.07895
     37.00000    5.60913    0.06765    1.87818    0.05515
     40.00000    5.62825    0.04090    1.87363    0.03176
     43.00000    5.75823    0.06929    1.91531    0.05585
     46.00000    5.71501    0.06900    1.86172    0.03721
     49.00000    5.74691    0.08062    1.89814    0.06346
     52.00000    5.72093    0.05763    1.88755    0.05672
     55.00000    5.40145    0.05565    1.72497    0.04584
     58.00000    5.63212    0.05124    1.78806    0.03869
     61.00000    5.64296    0.04038    1.85693    0.01619
     64.00000    5.77346    0.08650    1.93496    0.04814
     67.00000    5.59517    0.04943    1.94064    0.06295
     70.00000    5.63520    0.04838    1.89536    0.03759
     73.00000    5.65623    0.07437    1.85477    0.04238
     76.00000    5.52990    0.05471    1.89273    0.04221
     79.00000    5.61952    0.04789    1.82059    0.04850
     82.00000    5.44989    0.05758    1.86448    0.01148
     85.00000    5.52923    0.06281    1.93118    0.05904
     88.00000    5.56289    0.06403    1.85109    0.05397
     91.00000    5.51073    0.05385    1.86273    0.04874
     94.00000    5.60882    0.05486    1.77955    0.05071
     97.00000    5.81368    0.06234    1.83877    0.03175
    100.00000    5.87491    0.07515    1.74782    0.05489
    103.00000    5.76335    0.08614    1.92099    0.04042
    106.00000    5.88695    0.04512    1.95605    0.04352
    109.00000    5.69977    0.06581    1.81786    0.02588
    112.00000    5.53568    0.03209    1.80497    0.02672
    115.00000    5.50888    0.04710    1.82091    0.06270
    118.00000    5.41605    0.02839    1.79830    0.04898
    367.00000    4.88463    0.05406    1.72763    0.03034
    370.00000    4.64792    0.03017    1.64767    0.06023
    373.00000    4.85571    0.04926    1.69286    0.05262
    376.00000    4.84336    0.05746    1.71387    0.06549
    379.00000    4.76569    0.02616    1.63757    0.06764
    382.00000    4.37206    0.05585    1.44734    0.03505
    385.00000    4.78956    0.06322    1.64141    0.05431
    388.00000    4.60817    0.05567    1.44670    0.05456
    391.00000    4.62288    0.05536    1.47253    0.06379
    394.00000    4.79347    0.02586    1.57707    0.02767
    397.00000    4.71949    0.07039    1.53538    0.03966
    400.00000    4.72655    0.04244    1.65915    0.04973
    403.00000    4.65927    0.05210    1.53582    0.04644
    406.00000    4.67740    0.03090    1.60390    0.05032
    409.00000    4.58715    0.06207    1.58411    0.05371
    412.00000    4.58517    0.06037    1.51502    0.05215
    415.00000    4.51352    0.04906    1.66469    0.08101
    418.00000    4.47600    0.01660    1.64120    0.05725
    421.00000    4.47739    0.02504    1.59472    0.09316
    424.00000    4.55511    0.02961    1.57226    0.03351
    427.00000    4.44343    0.03521    1.56562    0.03659
    430.00000    4.55224    0.05851    1.57762    0.05757
    433.00000    4.61069    0.05103    1.54804    0.03859
    436.00000    4.49452    0.07309    1.52588    0.06513
    439.00000    4.50617    0.05385    1.47280    0.02985
    442.00000    4.58393    0.06914    1.50198    0.06354
    445.00000    4.47566    0.05153    1.55240    0.07181
    448.00000    4.50076    0.06294    1.43444    0.09198
    451.00000    4.67516    0.04026    1.53764    0.05922
    454.00000    4.63223    0.05616    1.53283    0.07249
    457.00000    4.71149    0.03573    1.48443    0.08700
    460.00000    4.62552    0.05879    1.51119    0.06434
    463.00000    4.73040    0.06430    1.52216    0.06132
    466.00000    4.89771    0.05003    1.47508    0.05603
    469.00000    4.90366    0.06877    1.60163    0.06621
    472.00000    5.01893    0.08028    1.55552    0.06482
    475.00000    4.58432    0.07060    1.59509    0.05007
    478.00000    4.67853    0.06725    1.54140    0.05531
    481.00000    4.63704    0.08971    1.59535    0.05308
    484.00000    4.69773    0.04264    1.60022    0.05292
    733.00000    5.39828    0.06956    1.83952    0.05409
    736.00000    5.52194    0.06591    1.78412    0.05134
    739.00000    5.46318    0.05809    1.73065    0.07873
    742.00000    5.56707    0.05243    1.79252    0.06307
    745.00000    5.45693    0.05818    1.72458    0.04349
    748.00000    5.66527    0.04506    1.75839    0.06190
    751.00000    5.78806    0.05681    1.80659    0.04222
    754.00000    5.79354    0.04081    1.83649    0.02192
    757.00000    5.80988    0.03981    1.71165    0.09247
    760.00000    5.83551    0.04126    1.83114    0.04676
    763.00000    5.95787    0.04416    1.98401    0.05059
    766.00000    5.88442    0.07416    1.84531    0.06619
    769.00000    6.01814    0.03380    1.82810    0.05606
    772.00000    5.79946    0.07020    1.89959    0.05920
    775.00000    5.84528    0.05883    1.90454    0.04990
    778.00000    5.63446    0.05176    2.00543    0.08263
    781.00000    5.57068    0.02226    2.03810    0.03550
    784.00000    5.37134    0.05872    2.04691    0.04948
    787.00000    5.48130    0.03369    1.95909    0.06067
    790.00000    5.35917    0.03252    1.98724    0.03488
    793.00000    5.29370    0.00100    1.97124    0.04231
    796.00000    5.24636    0.03666    1.97434    0.04742
    799.00000    5.12759    0.06296    1.96580    0.02351
    802.00000    5.27396    0.04652    1.84979    0.05181
    805.00000    5.38129    0.03400    1.79156    0.07391
    808.00000    5.31784    0.04576    1.84275    0.02768
    811.00000    5.63752    0.04888    1.93215    0.03888
    814.00000    5.35156    0.06776    1.80883    0.05651
    817.00000    5.55228    0.04695    1.86560    0.05111
    820.00000    5.42248    0.06242    1.74379    0.04896
    823.00000    5.35868    0.04231    1.69745    0.05476
    826.00000    5.20071    0.05375    1.82715    0.06761
    829.00000    5.17892    0.04166    1.85053    0.02200
    832.00000    5.07786    0.06390    1.69451    0.06975
    835.00000    5.19361    0.03882    1.78267    0.01916
    838.00000    5.35217    0.06097    1.74643    0.06882
    841.00000    5.33630    0.05186    1.86451    0.06508
    844.00000    5.32253    0.03418    1.74071    0.03444
    847.00000    5.42630    0.05389    1.78025    0.03830
   1096.00000    5.07811    0.06603    1.89488    0.03466
   1099.00000    5.16238    0.05273    1.79652    0.04397
   1102.00000    5.10909    0.03927    1.75546    0.06024
   1105.00000    5.11311    0.07432    1.79458    0.05658
   1108.00000    5.06971    0.04099    1.78607    0.05106
   1111.00000    5.07828    0.02910    1.80506    0.02904
   1114.00000    5.17102    0.06410    1.73566    0.07133
   1117.00000    4.94487    0.05618    1.74897    0.04989
   1120.00000    4.79878    0.06572    1.73520    0.02875
   1123.00000    4.91687    0.07952    1.76281    0.01930
   1126.00000    5.01481    0.04101    1.74927    0.04394
   1129.00000    4.87383    0.06782    1.76586    0.07298
   1132.00000    5.02235    0.05433    1.65755    0.05433
   1135.00000    5.09221    0.06190    1.78122    0.06696
   1138.00000    4.97965    0.03453    1.69473    0.07295
   1141.00000    5.15972    0.05245    1.73093    0.07986
   1144.00000    5.10773    0.02441    1.67362    0.05450
   1147.00000    5.11867    0.06651    1.57900    0.08772
   1150.00000    5.21495    0.04991    1.67698    0.05699
   1153.00000    4.87653    0.05129    1.67551    0.06611
   1156.00000    4.79923    0.05705    1.65980    0.05384
   1159.00000    4.77254    0.04198    1.71520    0.02565
   1162.00000    4.82642    0.04197    1.72488    0.04130
   1165.00000    4.87282    0.04853    1.83052    0.05174
   1168.00000    4.71653    0.04107    1.74686    0.07896
   1171.00000    4.84243    0.04126    1.87586    0.07397
   1174.00000    4.95361    0.07072    1.68241    0.04245
   1177.00000    4.74575    0.03266    1.57409    0.05841
   1180.00000    4.87920    0.03709    1.65188    0.05377
   1183.00000    4.88434    0.04157    1.63806    0.05500
   1186.00000    4.70683    0.04827    1.38970    0.08134
   1189.00000    4.54198    0.05371    1.64580    0.02607
   1192.00000    4.37130    0.07274    1.60645    0.04810
   1195.00000    4.37046    0.04065    1.60940    0.01580
   1198.00000    4.41054    0.04693    1.69231    0.06652
   1201.00000    4.28780    0.04566    1.62777    0.05456
   1204.00000    4.14925    0.04354    1.72389    0.04020
   1207.00000    4.14905    0.06553    1.70431    0.04726
   1210.00000    4.26101    0.07436    1.59075    0.06986
   1213.00000    4.23736    0.07422    1.58639    0.08589
   1462.00000    3.83271    0.07878    1.35911    0.02681
   1465.00000    4.14992    0.05153    1.45161    0.04586
   1468.00000    4.07672    0.03497    1.45531    0.07280
   1471.00000    3.90157    0.02619    1.44193    0.08203
   1474.00000    3.90815    0.03359    1.43631    0.05249
   1477.00000    4.02351    0.04325    1.41945    0.03783
   1480.00000    4.02329    0.06975    1.34964    0.02836
   1483.00000    4.00459    0.06097    1.40960    0.06651
   1486.00000    3.89350    0.06776    1.35665    0.06297
   1489.00000    3.88030    0.05024    1.32158    0.05831
   1492.00000    3.84512    0.07250    1.30818    0.05464
   1495.00000    4.04657    0.06191    1.33527    0.06451
   1498.00000    4.01868    0.07373    1.36700    0.05857
   1501.00000    3.93203    0.01606    1.36821    0.02939
   1504.00000    3.98111    0.06916    1.35745    0.04697
   1507.00000    3.93325    0.03842    1.37415    0.03665
   1510.00000    3.87626    0.04847    1.34673    0.04954
   1513.00000    3.76934    0.06766    1.38451    0.07225
   1516.00000    3.86156    0.03088    1.23513    0.07447
   1519.00000    3.80646    0.04431    1.33797    0.03546
   1522.00000    3.90966    0.05737    1.39526    0.05297
   1525.00000    3.85857    0.06320    1.49000    0.07147
   1528.00000    3.80808    0.05638    1.27922    0.05296
   1531.00000    3.68706    0.05198    1.38163    0.03103
   1534.00000    3.71688    0.03746    1.27241    0.04149
   1537.00000    3.74988    0.05880    1.25261    0.06944
   1540.00000    3.91628    0.06545    1.31276    0.05974
   1543.00000    3.86991    0.04935    1.22730    0.06301
   1546.00000    3.97210    0.02682    1.35290    0.06048
   1549.00000    3.92746    0.06477    1.35762    0.03783
   1552.00000    3.94496    0.06952    1.36865    0.06798
   1555.00000    3.92143    0.03339    1.25598    0.05657
   1558.00000    4.04728    0.05970    1.35570    0.03659
   1561.00000    3.90316    0.08380    1.29920    0.05474
   1564.00000    3.98820    0.09145    1.34837    0.06508
   1567.00000    4.09866    0.06090    1.35563    0.06198
   1570.00000    3.98234    0.06216    1.34342    0.04406
   1573.00000    4.04577    0.06453    1.50822    0.07454
   1576.00000    4.00189    0.06518    1.39510    0.04662
   1579.00000    4.13735    0.06308    1.36233    0.04047
