## Time Delay Challenge light curves
##
## [time]=days, [lc]=[err]=flux in nanomaggies
##
##       time       lc_A      err_A       lc_B      err_B
##-------------------------------------------------------
      1.00000    5.96472    0.06129   11.38851    0.02788
      4.00000    5.88915    0.07715   11.58333    0.06388
      7.00000    5.83291    0.07080   11.46562    0.06654
     10.00000    5.87038    0.05466   11.31690    0.07320
     13.00000    5.90552    0.07178   11.09173    0.05237
     16.00000    5.72314    0.04184   11.15592    0.07156
     19.00000    5.67109    0.05588   11.30457    0.01495
     22.00000    5.77965    0.05529   11.27585    0.06490
     25.00000    5.78167    0.03475   10.96420    0.04868
     28.00000    5.83805    0.07218   10.70478    0.04205
     31.00000    5.94210    0.06626   10.88684    0.04100
     34.00000    6.02117    0.07498   10.81776    0.06262
     37.00000    5.84905    0.05859   10.69012    0.03519
     40.00000    5.97836    0.06978   10.72730    0.03112
     43.00000    5.95812    0.03060   10.80218    0.05250
     46.00000    6.08712    0.00686   10.90990    0.06768
     49.00000    6.30401    0.07041   10.91424    0.03512
     52.00000    6.12870    0.02649   10.75992    0.07445
     55.00000    5.97238    0.06813   10.92793    0.05446
     58.00000    6.04232    0.03082   10.72481    0.05469
     61.00000    6.14425    0.04832   10.92274    0.06698
     64.00000    6.18989    0.03119   10.91901    0.05108
     67.00000    6.33987    0.07557   11.16287    0.05472
     70.00000    6.40215    0.04370   10.91400    0.06205
     73.00000    6.25531    0.07867   10.72249    0.05202
     76.00000    6.27503    0.04960   10.62324    0.05017
     79.00000    6.28285    0.07843   10.34916    0.06727
     82.00000    6.19910    0.05280   10.70695    0.04374
     85.00000    6.24753    0.04922   10.84295    0.04375
     88.00000    6.36452    0.08066   10.75915    0.06685
     91.00000    6.32013    0.06227   10.94686    0.06747
     94.00000    6.22804    0.03648   11.10339    0.01923
     97.00000    6.30318    0.06616   11.08404    0.02986
    100.00000    6.19932    0.03357   11.07192    0.02323
    103.00000    6.25223    0.05202   11.16584    0.03162
    106.00000    6.34544    0.04037   11.03568    0.02671
    109.00000    6.20498    0.04419   11.09828    0.06456
    112.00000    5.91772    0.07566   11.09979    0.04388
    115.00000    5.97418    0.05446   10.87795    0.05320
    118.00000    6.06585    0.07123   10.63215    0.05625
    367.00000    6.83521    0.07413   12.37714    0.05354
    370.00000    6.77550    0.04552   12.56669    0.02438
    373.00000    6.66802    0.05128   12.62084    0.05694
    376.00000    6.68110    0.04065   12.64394    0.04513
    379.00000    6.79115    0.06667   12.85687    0.04631
    382.00000    6.79118    0.04735   12.80554    0.05046
    385.00000    6.86238    0.06855   12.63256    0.04812
    388.00000    6.78906    0.05339   12.41276    0.07345
    391.00000    6.88391    0.05026   12.55461    0.02153
    394.00000    7.03035    0.07166   12.50518    0.04049
    397.00000    7.09643    0.05647   12.32425    0.02507
    400.00000    7.21360    0.04167   12.28487    0.03313
    403.00000    7.19998    0.04505   12.21078    0.05011
    406.00000    7.27855    0.04340   11.89493    0.05205
    409.00000    7.33680    0.05329   11.80147    0.06169
    412.00000    7.15241    0.05451   11.91331    0.05403
    415.00000    7.38977    0.06997   11.76908    0.06166
    418.00000    7.34941    0.03052   11.81231    0.06929
    421.00000    7.26743    0.04893   11.55494    0.05270
    424.00000    7.09294    0.05341   11.43331    0.05918
    427.00000    7.13918    0.04398   11.46071    0.04599
    430.00000    7.04343    0.05152   11.50960    0.04105
    433.00000    7.11448    0.04781   11.53423    0.06397
    436.00000    7.17270    0.05663   11.24054    0.06338
    439.00000    7.39974    0.06369   11.52648    0.04421
    442.00000    7.22951    0.03792   11.81752    0.05998
    445.00000    7.14854    0.05176   11.81474    0.06225
    448.00000    6.98050    0.02919   11.82907    0.07471
    451.00000    6.75857    0.08194   11.72747    0.05839
    454.00000    7.06442    0.06345   11.62034    0.05153
    457.00000    7.02053    0.05467   11.54712    0.07513
    460.00000    6.96935    0.05086   11.64385    0.04271
    463.00000    6.95833    0.05318   11.79162    0.05782
    466.00000    7.09776    0.04757   12.09192    0.04122
    469.00000    7.06032    0.06338   12.14498    0.06698
    472.00000    7.00206    0.03688   12.01429    0.06255
    475.00000    6.83976    0.06829   12.12104    0.04071
    478.00000    7.00303    0.05450   12.27577    0.09286
    481.00000    6.80559    0.05230   12.25554    0.06174
    484.00000    6.94325    0.03065   11.86424    0.06118
    733.00000    6.10445    0.04053   11.68564    0.04968
    736.00000    6.03540    0.05124   11.89298    0.04181
    739.00000    6.15515    0.08064   12.13686    0.04542
    742.00000    6.24503    0.07861   11.98415    0.04556
    745.00000    6.02510    0.06003   11.80444    0.05631
    748.00000    6.00835    0.04537   11.56404    0.05546
    751.00000    5.85370    0.06571   11.67192    0.04719
    754.00000    5.97284    0.02971   11.66694    0.07607
    757.00000    5.96783    0.06977   11.73740    0.05252
    760.00000    6.11209    0.08067   11.59962    0.04652
    763.00000    6.00119    0.02397   11.62115    0.04487
    766.00000    6.06209    0.06130   11.75894    0.03434
    769.00000    5.96757    0.05291   11.66639    0.03863
    772.00000    5.99678    0.05186   11.51854    0.05412
    775.00000    5.97020    0.05742   11.56581    0.05570
    778.00000    5.98189    0.03745   11.58093    0.03217
    781.00000    6.12090    0.03050   11.58661    0.05689
    784.00000    6.16451    0.04585   11.17219    0.05186
    787.00000    6.10361    0.05182   11.18981    0.04180
    790.00000    6.18774    0.05402   11.09869    0.09567
    793.00000    6.20898    0.05302   10.83841    0.04093
    796.00000    6.26626    0.06119   10.81304    0.05562
    799.00000    6.40336    0.06276   10.79168    0.04427
    802.00000    6.43128    0.07794   10.65989    0.04312
    805.00000    6.47764    0.05244   10.67255    0.04610
    808.00000    6.38399    0.02668   10.66733    0.04803
    811.00000    6.28417    0.06231   10.91342    0.05079
    814.00000    6.45273    0.04599   10.94607    0.03252
    817.00000    6.32066    0.05888   10.86840    0.03291
    820.00000    6.51816    0.05809   11.19136    0.08040
    823.00000    6.64378    0.05443   11.52552    0.07038
    826.00000    6.67226    0.06447   11.51180    0.07501
    829.00000    6.59890    0.06872   11.65467    0.03491
    832.00000    6.51405    0.03551   11.44252    0.05028
    835.00000    6.46941    0.05520   11.33703    0.03698
    838.00000    6.34826    0.04515   11.52175    0.06462
    841.00000    6.37233    0.05577   11.85107    0.03471
    844.00000    6.53103    0.03765   11.91223    0.05678
    847.00000    6.39430    0.02570   11.42662    0.03442
   1096.00000    6.72260    0.05497   11.80764    0.06851
   1099.00000    6.68280    0.03518   12.01305    0.03481
   1102.00000    6.50109    0.05956   11.87526    0.04040
   1105.00000    6.81394    0.04880   12.04343    0.06277
   1108.00000    6.73078    0.06840   12.16761    0.06773
   1111.00000    6.69778    0.05125   12.10216    0.08486
   1114.00000    6.55345    0.03742   12.06398    0.06507
   1117.00000    6.79062    0.07502   12.03551    0.06194
   1120.00000    6.70054    0.06752   11.96692    0.05526
   1123.00000    6.42126    0.02653   11.81257    0.04701
   1126.00000    6.66254    0.03319   11.87283    0.03925
   1129.00000    6.75054    0.05704   11.59413    0.04781
   1132.00000    6.80747    0.06148   11.72148    0.07706
   1135.00000    6.77541    0.03848   11.52580    0.05929
   1138.00000    6.51564    0.04915   11.47123    0.06284
   1141.00000    6.49954    0.02589   11.77594    0.02853
   1144.00000    6.35851    0.05365   11.45599    0.07952
   1147.00000    6.34693    0.04978   11.12021    0.06978
   1150.00000    6.37219    0.06403   11.25504    0.06819
   1153.00000    6.45944    0.04255   11.52431    0.03559
   1156.00000    6.36696    0.06202   11.75041    0.03764
   1159.00000    6.39331    0.05150   11.97989    0.07225
   1162.00000    6.15852    0.05461   12.23301    0.03358
   1165.00000    6.45696    0.05371   11.90346    0.05485
   1168.00000    6.42195    0.05102   11.45085    0.05400
   1171.00000    6.24617    0.05379   11.72900    0.06333
   1174.00000    6.29799    0.04704   11.64795    0.07336
   1177.00000    6.36136    0.03939   11.52632    0.05671
   1180.00000    6.64967    0.06683   11.52796    0.08283
   1183.00000    6.55677    0.06529   11.18786    0.03752
   1186.00000    6.61898    0.04981   11.07861    0.05136
   1189.00000    6.56073    0.05351   10.99760    0.04949
   1192.00000    6.56816    0.05686   10.86570    0.06177
   1195.00000    6.69975    0.04358   11.03618    0.07641
   1198.00000    6.55182    0.05317   10.98619    0.06916
   1201.00000    6.70368    0.05531   10.91712    0.05956
   1204.00000    6.61622    0.03199   11.01180    0.05511
   1207.00000    6.47582    0.05849   11.18226    0.03447
   1210.00000    6.57975    0.03790   11.58113    0.09226
   1213.00000    6.44983    0.07004   11.18158    0.06708
   1462.00000    6.88418    0.03992   11.28295    0.03968
   1465.00000    6.70452    0.06240   11.01753    0.04846
   1468.00000    6.82126    0.06609   11.09348    0.08190
   1471.00000    6.68114    0.05806   10.93600    0.04969
   1474.00000    6.63451    0.03489   10.90714    0.04186
   1477.00000    6.62720    0.05155   10.94410    0.04479
   1480.00000    6.66156    0.04313   11.00360    0.04755
   1483.00000    6.78019    0.03104   10.88270    0.04652
   1486.00000    6.72963    0.04486   11.04090    0.05264
   1489.00000    6.70954    0.04875   10.88774    0.06195
   1492.00000    6.74735    0.01142   10.89032    0.05604
   1495.00000    6.81231    0.04065   10.95924    0.06087
   1498.00000    6.52166    0.06773   10.95456    0.01303
   1501.00000    6.55353    0.05332   10.88153    0.04576
   1504.00000    6.39624    0.06695   10.94346    0.07785
   1507.00000    6.43871    0.05054   11.18706    0.04630
   1510.00000    6.28143    0.05744   11.27440    0.03281
   1513.00000    6.17407    0.04482   11.26412    0.07069
   1516.00000    6.16261    0.07236   11.53239    0.02270
   1519.00000    6.24192    0.06831   11.80429    0.05616
   1522.00000    6.26695    0.06026   11.80074    0.04652
   1525.00000    6.15771    0.04277   11.65439    0.03226
   1528.00000    6.27435    0.06483   11.53326    0.04559
   1531.00000    6.02234    0.05112   11.55275    0.03925
   1534.00000    6.19137    0.06304   11.68062    0.06376
   1537.00000    6.16334    0.05413   11.66279    0.05392
   1540.00000    6.37882    0.09333   11.56625    0.04566
   1543.00000    6.12807    0.02706   11.54814    0.04752
   1546.00000    6.17697    0.07065   11.65279    0.05181
   1549.00000    6.21775    0.04847   11.64789    0.04876
   1552.00000    6.04669    0.05304   11.80582    0.04862
   1555.00000    6.09176    0.03497   11.74329    0.04789
   1558.00000    6.03643    0.05498   11.78397    0.05951
   1561.00000    5.86479    0.04554   11.83752    0.04691
   1564.00000    6.04209    0.06592   12.05430    0.03511
   1567.00000    6.10061    0.05359   12.19362    0.06627
   1570.00000    5.95387    0.10655   12.29030    0.07246
   1573.00000    6.02883    0.06190   12.04772    0.01659
   1576.00000    5.91724    0.07593   12.04063    0.02910
   1579.00000    5.91779    0.04150   11.76529    0.05492
