## Time Delay Challenge light curves
##
## [time]=days, [lc]=[err]=flux in nanomaggies
##
##       time       lc_A      err_A       lc_B      err_B
##-------------------------------------------------------
      1.00000    0.96044    0.06223    5.78079    0.07100
      4.00000    1.11811    0.03827    5.76073    0.03180
      7.00000    1.05846    0.06436    5.52602    0.04449
     10.00000    0.93340    0.05421    5.41579    0.03826
     13.00000    1.06305    0.06127    5.30129    0.03872
     16.00000    1.09188    0.06033    5.24124    0.05885
     19.00000    1.08628    0.03434    5.16081    0.06940
     22.00000    1.13880    0.04162    5.01228    0.05530
     25.00000    1.16504    0.07586    4.80611    0.06261
     28.00000    1.02860    0.05369    4.75862    0.04811
     31.00000    1.00368    0.02577    4.38038    0.08190
     34.00000    1.04819    0.02733    4.47592    0.05577
     37.00000    1.07140    0.04923    4.51886    0.03045
     40.00000    1.10167    0.05615    4.45442    0.03021
     43.00000    1.11390    0.04791    4.46935    0.04451
     46.00000    1.06747    0.04845    4.24365    0.03361
     49.00000    0.98580    0.06399    4.22872    0.08775
     52.00000    1.07556    0.04824    4.17558    0.04215
     55.00000    0.95766    0.05326    4.11307    0.06910
     58.00000    1.03968    0.05954    3.84725    0.05538
     61.00000    0.88648    0.04914    3.81702    0.06413
     64.00000    1.00208    0.04586    3.84932    0.04182
     67.00000    0.95148    0.06153    3.82145    0.07375
     70.00000    1.03057    0.05111    3.75432    0.04848
     73.00000    1.00604    0.03780    3.73590    0.03692
     76.00000    1.06455    0.05961    3.68992    0.06178
     79.00000    1.01299    0.06102    3.50308    0.04722
     82.00000    1.14946    0.08021    3.39884    0.04295
     85.00000    1.10712    0.05893    3.36144    0.05704
     88.00000    1.16162    0.05663    3.32734    0.02910
     91.00000    1.01997    0.04871    3.28938    0.07269
     94.00000    1.02947    0.06279    3.21590    0.04543
     97.00000    0.88703    0.06548    3.06140    0.07473
    100.00000    1.05308    0.05530    3.16688    0.05440
    103.00000    1.02718    0.05646    3.06174    0.06441
    106.00000    1.05736    0.02781    2.91797    0.06581
    109.00000    1.03514    0.09414    3.04393    0.08104
    112.00000    1.12227    0.03957    2.80554    0.06487
    115.00000    0.96933    0.06341    2.85538    0.04116
    118.00000    0.84501    0.04273    2.62078    0.06060
    367.00000    0.96090    0.05046    1.49191    0.06822
    370.00000    0.95906    0.06447    1.54676    0.03777
    373.00000    0.94082    0.07181    1.49061    0.04691
    376.00000    1.00475    0.07022    1.51923    0.02520
    379.00000    1.03511    0.05939    1.42998    0.05625
    382.00000    0.96192    0.07529    1.58007    0.05112
    385.00000    0.98301    0.02782    1.48481    0.03494
    388.00000    0.99771    0.04783    1.40533    0.06463
    391.00000    0.92791    0.05058    1.46946    0.02005
    394.00000    1.08963    0.08002    1.46340    0.05494
    397.00000    0.94614    0.04850    1.51480    0.05869
    400.00000    0.99094    0.04232    1.46098    0.04493
    403.00000    0.96088    0.04695    1.50124    0.05263
    406.00000    0.94221    0.05299    1.44207    0.06372
    409.00000    0.93866    0.06257    1.47838    0.05448
    412.00000    1.03561    0.07671    1.58082    0.05996
    415.00000    1.01068    0.03641    1.42903    0.06924
    418.00000    0.94444    0.07293    1.53470    0.03649
    421.00000    1.03416    0.04256    1.61757    0.05060
    424.00000    0.93566    0.06045    1.60939    0.03088
    427.00000    1.02787    0.04027    1.62958    0.01682
    430.00000    0.92827    0.04316    1.72219    0.04390
    433.00000    0.93749    0.07186    1.58923    0.06639
    436.00000    0.94898    0.05744    1.57574    0.04649
    439.00000    0.95020    0.05483    1.67723    0.04476
    442.00000    0.94788    0.07451    1.65374    0.05104
    445.00000    0.92452    0.05045    1.62167    0.06139
    448.00000    0.90958    0.04203    1.71030    0.03970
    451.00000    0.94834    0.06648    1.61401    0.04914
    454.00000    0.97150    0.00100    1.61493    0.03047
    457.00000    1.15040    0.04125    1.71802    0.07975
    460.00000    0.99811    0.02268    1.55675    0.05913
    463.00000    1.01668    0.04569    1.45246    0.04821
    466.00000    1.04774    0.06358    1.37589    0.04968
    469.00000    1.03220    0.03607    1.46208    0.04779
    472.00000    1.05543    0.07986    1.37112    0.03575
    475.00000    1.05801    0.07227    1.39879    0.04328
    478.00000    1.05935    0.07731    1.40498    0.04164
    481.00000    1.12935    0.07160    1.44377    0.06656
    484.00000    1.08083    0.05073    1.40274    0.03527
    733.00000    0.93620    0.03661    1.21740    0.00266
    736.00000    0.95272    0.04443    1.18198    0.04147
    739.00000    0.94900    0.05253    1.16259    0.06877
    742.00000    0.81823    0.06387    1.38988    0.03789
    745.00000    0.90987    0.06097    1.20852    0.03942
    748.00000    0.90247    0.02484    1.11837    0.04962
    751.00000    0.83748    0.05637    1.08339    0.03539
    754.00000    0.87345    0.03882    1.00681    0.08828
    757.00000    0.92721    0.04639    1.11996    0.05442
    760.00000    0.97584    0.05777    1.04327    0.03657
    763.00000    0.69790    0.06252    0.99407    0.05798
    766.00000    0.91777    0.03192    1.12407    0.05584
    769.00000    0.91140    0.06172    1.02794    0.03768
    772.00000    0.93436    0.05701    1.08129    0.08758
    775.00000    0.83498    0.06049    1.11175    0.06737
    778.00000    0.92794    0.05313    1.03020    0.05977
    781.00000    0.90420    0.06485    0.99555    0.06217
    784.00000    0.58306    0.06670    1.04857    0.03814
    787.00000    0.95349    0.04506    1.08478    0.03983
    790.00000    0.92880    0.00895    1.10650    0.02342
    793.00000    0.97394    0.04422    0.98950    0.08309
    796.00000    0.96628    0.02678    1.16894    0.03238
    799.00000    0.94557    0.05741    1.19552    0.02725
    802.00000    0.92235    0.07665    1.16102    0.03280
    805.00000    1.01359    0.03987    1.18658    0.07107
    808.00000    1.10180    0.07681    1.24481    0.04407
    811.00000    1.02715    0.04924    1.29487    0.06650
    814.00000    1.06209    0.04947    1.31727    0.06174
    817.00000    1.04066    0.05335    1.26736    0.03977
    820.00000    0.94227    0.04469    1.20325    0.04853
    823.00000    1.05831    0.03472    1.29932    0.04407
    826.00000    0.70770    0.06980    1.09993    0.05089
    829.00000    1.11850    0.04593    1.21193    0.05550
    832.00000    0.99876    0.04852    1.28021    0.08661
    835.00000    1.01274    0.04966    1.22352    0.05737
    838.00000    0.98398    0.01982    1.04885    0.05873
    841.00000    0.93108    0.03419    1.22001    0.06255
    844.00000    0.88370    0.05524    1.14543    0.04727
    847.00000    0.95353    0.05885    1.13583    0.04796
   1096.00000    0.93736    0.04143    1.06187    0.07111
   1099.00000    0.95336    0.08462    0.98230    0.06888
   1102.00000    0.92197    0.04250    1.02764    0.03509
   1105.00000    0.76657    0.04813    0.89395    0.05204
   1108.00000    0.82665    0.06894    1.06276    0.02402
   1111.00000    0.89683    0.02272    1.03413    0.06346
   1114.00000    0.83601    0.05348    0.97406    0.05801
   1117.00000    0.88735    0.02813    1.01314    0.05172
   1120.00000    0.86243    0.02954    1.07964    0.05630
   1123.00000    0.98560    0.05653    0.99573    0.06965
   1126.00000    0.90763    0.03554    0.97526    0.06218
   1129.00000    0.90006    0.06543    1.16857    0.06858
   1132.00000    1.05903    0.04957    1.12204    0.05835
   1135.00000    0.87637    0.04523    1.07644    0.06171
   1138.00000    0.87491    0.04176    1.09721    0.07203
   1141.00000    0.93190    0.04846    0.77622    0.07368
   1144.00000    0.83929    0.06635    1.19582    0.08217
   1147.00000    0.89158    0.05122    1.13839    0.04834
   1150.00000    0.95786    0.07686    1.31903    0.07152
   1153.00000    0.91772    0.05878    1.27251    0.04687
   1156.00000    0.92129    0.07141    1.17094    0.04170
   1159.00000    0.96420    0.04574    1.22988    0.04187
   1162.00000    0.98106    0.06270    1.18227    0.06607
   1165.00000    1.08780    0.06612    1.26155    0.04608
   1168.00000    0.97403    0.04512    1.11772    0.06526
   1171.00000    0.91553    0.03867    1.19141    0.04352
   1174.00000    0.93773    0.07145    1.27521    0.04266
   1177.00000    1.03418    0.04570    1.33921    0.05302
   1180.00000    1.09644    0.05733    1.26758    0.05831
   1183.00000    1.25351    0.04781    1.49798    0.05397
   1186.00000    1.05698    0.03828    1.35483    0.03880
   1189.00000    1.15860    0.06248    1.43184    0.06719
   1192.00000    1.03525    0.05195    1.42374    0.05901
   1195.00000    1.02912    0.02572    1.37908    0.05242
   1198.00000    1.08372    0.04458    1.47954    0.04793
   1201.00000    1.02171    0.03722    1.47478    0.06286
   1204.00000    1.05334    0.00500    1.49441    0.03738
   1207.00000    1.01392    0.04204    1.43450    0.05388
   1210.00000    0.91063    0.08491    1.59331    0.05785
   1213.00000    0.66793    0.05883    1.47856    0.07871
   1462.00000    1.36235    0.05318    1.54058    0.06356
   1465.00000    1.40296    0.04058    1.55550    0.04175
   1468.00000    1.45545    0.06692    1.61219    0.07229
   1471.00000    1.46082    0.06390    1.57949    0.02757
   1474.00000    1.33210    0.05103    1.44909    0.06043
   1477.00000    1.43346    0.03605    1.54791    0.04081
   1480.00000    1.50245    0.05313    1.53373    0.05155
   1483.00000    1.50282    0.03175    1.52803    0.06093
   1486.00000    1.46837    0.02965    1.58070    0.06445
   1489.00000    1.49013    0.06879    1.59845    0.06562
   1492.00000    1.55415    0.05871    1.59565    0.02486
   1495.00000    1.49707    0.04747    1.62225    0.08583
   1498.00000    1.66079    0.04590    1.70203    0.04861
   1501.00000    1.55292    0.05440    1.51609    0.03763
   1504.00000    1.60548    0.05710    1.52970    0.06684
   1507.00000    1.65809    0.04512    1.45458    0.03725
   1510.00000    1.02152    0.05998    1.44124    0.08072
   1513.00000    1.57698    0.04683    1.49782    0.04716
   1516.00000    1.66427    0.05591    1.59428    0.09950
   1519.00000    1.55220    0.03856    1.44838    0.03666
   1522.00000    1.58481    0.04866    1.45929    0.06161
   1525.00000    1.66055    0.05122    1.38054    0.05565
   1528.00000    1.59502    0.04283    1.43796    0.03051
   1531.00000    1.71356    0.05858    1.49852    0.05743
   1534.00000    1.75619    0.04482    1.39415    0.03783
   1537.00000    1.75206    0.05583    1.26003    0.05713
   1540.00000    1.65077    0.05269    1.27027    0.06426
   1543.00000    1.83489    0.05700    1.38679    0.03787
   1546.00000    1.62461    0.03923    1.38069    0.06897
   1549.00000    1.67860    0.05206    1.35628    0.04143
   1552.00000    1.60389    0.05830    1.40339    0.01917
   1555.00000    1.67528    0.03854    1.34804    0.02856
   1558.00000    1.46015    0.06780    1.38799    0.05361
   1561.00000    1.88141    0.06940    1.47623    0.06705
   1564.00000    1.67643    0.05553    1.48201    0.05637
   1567.00000    1.81307    0.06551    1.37622    0.05632
   1570.00000    1.58229    0.05689    1.29583    0.03740
   1573.00000    1.79179    0.04096    1.40029    0.03969
   1576.00000    1.77814    0.04160    1.33933    0.03707
   1579.00000    1.88858    0.05760    1.32489    0.07206
