## Time Delay Challenge light curves
##
## [time]=days, [lc]=[err]=flux in nanomaggies
##
##       time       lc_A      err_A       lc_B      err_B
##-------------------------------------------------------
      1.00000    3.99026    0.05119    3.71917    0.03967
      4.00000    3.90639    0.04321    3.81441    0.03688
      7.00000    3.94304    0.06360    3.83122    0.05375
     10.00000    4.00285    0.06820    3.75694    0.05800
     13.00000    3.86332    0.02848    3.90752    0.09219
     16.00000    3.86076    0.07466    3.75520    0.06359
     19.00000    3.86236    0.03918    3.66074    0.05597
     22.00000    3.76456    0.03978    3.69584    0.03438
     25.00000    3.79315    0.06653    3.63439    0.06260
     28.00000    3.93360    0.05662    3.62118    0.05461
     31.00000    3.88485    0.05855    3.67819    0.06351
     34.00000    4.07664    0.05356    4.03128    0.07000
     37.00000    3.86204    0.08006    3.65850    0.04846
     40.00000    3.70652    0.08652    3.63643    0.05330
     43.00000    3.70199    0.05878    3.72867    0.05805
     46.00000    3.64705    0.05037    3.54381    0.03126
     49.00000    3.69939    0.05560    3.64030    0.07779
     52.00000    3.64898    0.03682    3.50247    0.04065
     55.00000    3.76833    0.04678    3.56722    0.07177
     58.00000    3.72497    0.04976    3.56546    0.04617
     61.00000    3.98291    0.05688    2.94364    0.07398
     64.00000    3.65739    0.06377    3.62565    0.08434
     67.00000    3.85812    0.07263    3.49045    0.01407
     70.00000    3.65828    0.04524    3.44255    0.05448
     73.00000    3.64653    0.01310    3.50784    0.05698
     76.00000    3.71571    0.05915    3.40162    0.07617
     79.00000    3.55226    0.03577    3.53452    0.04845
     82.00000    3.62799    0.07388    3.50095    0.08839
     85.00000    3.57209    0.05323    3.49927    0.04833
     88.00000    3.36312    0.06508    3.45251    0.04197
     91.00000    3.49084    0.05782    3.71077    0.05442
     94.00000    3.46693    0.02997    3.39058    0.06300
     97.00000    3.56226    0.04206    3.41197    0.05608
    100.00000    3.58051    0.04074    3.34109    0.06076
    103.00000    3.50360    0.06544    3.42176    0.03378
    106.00000    3.49364    0.03420    3.46407    0.02598
    109.00000    3.50150    0.05152    3.48128    0.07109
    112.00000    3.53535    0.07370    3.42783    0.05560
    115.00000    3.52601    0.03277    3.42021    0.07281
    118.00000    3.51305    0.03032    3.41408    0.04122
    367.00000    3.85559    0.05807    3.78543    0.07169
    370.00000    3.83583    0.04309    3.87577    0.05842
    373.00000    3.69364    0.03076    3.86825    0.07225
    376.00000    3.88608    0.05657    3.78696    0.06653
    379.00000    3.92445    0.06489    3.98233    0.07245
    382.00000    3.75323    0.05693    3.86596    0.05083
    385.00000    3.85240    0.03223    3.78302    0.04822
    388.00000    3.87785    0.04625    3.93448    0.04620
    391.00000    3.87077    0.06354    3.83898    0.06980
    394.00000    3.83451    0.01160    3.82664    0.04764
    397.00000    3.90884    0.04730    3.58116    0.08366
    400.00000    3.92653    0.03285    4.07036    0.08743
    403.00000    4.08420    0.05750    3.80153    0.03648
    406.00000    3.79240    0.04993    3.81759    0.05215
    409.00000    3.87560    0.04474    3.98887    0.08132
    412.00000    3.87318    0.06047    3.88641    0.06380
    415.00000    3.85994    0.03379    3.80307    0.05361
    418.00000    3.86214    0.05121    3.93769    0.06707
    421.00000    3.78377    0.06756    3.99645    0.02623
    424.00000    3.84084    0.03370    4.01564    0.03133
    427.00000    3.98359    0.05715    4.12020    0.05763
    430.00000    3.64843    0.06960    4.06630    0.06966
    433.00000    3.68949    0.05739    3.99177    0.03487
    436.00000    3.59661    0.05523    4.06478    0.07756
    439.00000    3.82889    0.06561    3.91077    0.06537
    442.00000    3.66112    0.04207    4.02591    0.03136
    445.00000    3.63769    0.05878    3.97410    0.02749
    448.00000    3.65882    0.05189    4.05705    0.06140
    451.00000    3.78265    0.05174    4.12899    0.06105
    454.00000    3.80559    0.05998    4.06003    0.05429
    457.00000    4.06427    0.09036    4.46712    0.05573
    460.00000    3.64203    0.07937    4.04601    0.07005
    463.00000    3.62052    0.06672    4.11925    0.03696
    466.00000    3.59393    0.04195    4.11924    0.03981
    469.00000    3.62310    0.06026    4.12946    0.04488
    472.00000    3.76979    0.08029    4.21071    0.07716
    475.00000    3.58511    0.06279    4.15676    0.04019
    478.00000    3.69924    0.05698    4.16147    0.04151
    481.00000    3.63491    0.04707    4.01745    0.07255
    484.00000    3.49402    0.05343    4.12432    0.05475
    733.00000    4.21858    0.06634    4.53909    0.06940
    736.00000    4.04378    0.09377    4.49258    0.07532
    739.00000    4.05535    0.06116    4.42290    0.04750
    742.00000    4.12234    0.06205    4.55001    0.07193
    745.00000    4.14620    0.03505    4.47918    0.04683
    748.00000    4.15736    0.06635    4.49495    0.04960
    751.00000    4.13207    0.03784    4.55587    0.01563
    754.00000    4.19028    0.03714    4.56542    0.09242
    757.00000    4.17227    0.06147    4.39884    0.05373
    760.00000    4.11008    0.07044    4.46352    0.03401
    763.00000    4.18130    0.04146    4.47830    0.04315
    766.00000    4.18296    0.05514    4.46665    0.04468
    769.00000    4.08162    0.05740    4.16774    0.06518
    772.00000    4.09428    0.06180    4.50239    0.02654
    775.00000    4.13314    0.06565    4.36097    0.05126
    778.00000    4.17187    0.02768    4.46164    0.06627
    781.00000    4.01817    0.05965    4.51262    0.05322
    784.00000    4.19320    0.06818    4.52561    0.05272
    787.00000    4.16342    0.03114    4.64798    0.05299
    790.00000    4.17005    0.07380    4.57996    0.05610
    793.00000    4.05517    0.06773    4.52803    0.05356
    796.00000    4.12659    0.08583    4.65009    0.03832
    799.00000    4.00128    0.08065    4.56737    0.04953
    802.00000    4.13780    0.06737    4.61404    0.07714
    805.00000    4.04429    0.04284    4.69003    0.05706
    808.00000    4.09152    0.02198    4.53835    0.04725
    811.00000    3.98534    0.04851    4.77910    0.05144
    814.00000    4.08714    0.06009    4.63512    0.07564
    817.00000    4.02884    0.01861    4.69854    0.03974
    820.00000    3.91078    0.05558    4.71542    0.05128
    823.00000    4.01501    0.06015    4.64485    0.04494
    826.00000    3.91489    0.05761    4.69574    0.04070
    829.00000    3.86287    0.04489    4.92184    0.06327
    832.00000    3.97056    0.05953    4.83997    0.03695
    835.00000    4.09433    0.04762    4.80563    0.05829
    838.00000    4.07762    0.05223    4.95150    0.05566
    841.00000    4.09822    0.05823    4.94500    0.05590
    844.00000    4.02788    0.06432    4.89638    0.06976
    847.00000    4.08702    0.08374    4.94064    0.04376
   1096.00000    4.46176    0.05346    4.65266    0.03727
   1099.00000    4.53976    0.05737    4.71646    0.06017
   1102.00000    4.33864    0.07093    4.79436    0.03903
   1105.00000    4.57167    0.06264    4.57788    0.04865
   1108.00000    4.52309    0.05895    4.58062    0.02587
   1111.00000    4.50619    0.03862    4.75511    0.05255
   1114.00000    4.56515    0.05149    4.73184    0.06352
   1117.00000    4.72159    0.05702    4.64244    0.05244
   1120.00000    4.62717    0.05562    4.71495    0.04936
   1123.00000    4.50179    0.06870    4.72551    0.05407
   1126.00000    4.54752    0.05198    4.66853    0.05371
   1129.00000    4.58135    0.03943    4.70310    0.05271
   1132.00000    4.79055    0.03683    4.56469    0.05253
   1135.00000    4.57836    0.07727    4.65330    0.04617
   1138.00000    4.63552    0.06364    4.67027    0.05114
   1141.00000    4.45446    0.05516    4.77397    0.04767
   1144.00000    4.77149    0.05763    4.37447    0.04334
   1147.00000    4.52140    0.05688    4.74183    0.06225
   1150.00000    4.67500    0.05162    4.72072    0.04417
   1153.00000    4.60246    0.03208    4.52902    0.08676
   1156.00000    4.49537    0.04109    4.70351    0.04968
   1159.00000    4.56520    0.03784    4.70773    0.04304
   1162.00000    4.52620    0.06840    4.87938    0.08558
   1165.00000    4.53034    0.05769    4.73261    0.05599
   1168.00000    4.51401    0.04287    4.78514    0.03147
   1171.00000    4.52169    0.05279    4.74985    0.05257
   1174.00000    4.36737    0.07048    4.62386    0.04277
   1177.00000    4.74437    0.05975    4.66325    0.06117
   1180.00000    4.58472    0.05669    4.67741    0.05155
   1183.00000    4.76110    0.03322    4.79337    0.06552
   1186.00000    4.74410    0.04860    4.59722    0.06181
   1189.00000    4.83603    0.06651    4.65397    0.07508
   1192.00000    4.81835    0.04794    4.64608    0.04921
   1195.00000    4.81964    0.07499    4.58135    0.06278
   1198.00000    4.90235    0.05535    4.57329    0.02197
   1201.00000    4.78993    0.08422    4.62270    0.03964
   1204.00000    4.95246    0.07126    4.57727    0.07027
   1207.00000    4.90985    0.06475    4.60190    0.03566
   1210.00000    4.87702    0.04617    4.55961    0.06760
   1213.00000    5.08790    0.05771    4.64144    0.04764
   1462.00000    6.32791    0.06041    4.89301    0.03741
   1465.00000    6.13357    0.05853    4.90397    0.05191
   1468.00000    6.15399    0.05773    4.85382    0.04454
   1471.00000    6.26852    0.05429    4.99407    0.04449
   1474.00000    6.19091    0.06125    4.91760    0.04865
   1477.00000    6.28103    0.02468    4.94951    0.06000
   1480.00000    6.22408    0.04209    4.86974    0.04667
   1483.00000    6.42131    0.06783    4.91801    0.04633
   1486.00000    6.25766    0.05502    4.96850    0.03920
   1489.00000    6.26763    0.03322    5.00512    0.06025
   1492.00000    6.26951    0.07198    4.90373    0.07437
   1495.00000    6.67046    0.07025    4.84473    0.03389
   1498.00000    6.37633    0.05461    5.12136    0.06470
   1501.00000    6.40256    0.02691    5.19610    0.05170
   1504.00000    6.39737    0.08219    5.13008    0.05777
   1507.00000    6.43033    0.03723    5.29593    0.06038
   1510.00000    6.49193    0.07530    5.23446    0.02235
   1513.00000    6.45618    0.06137    5.23947    0.04122
   1516.00000    6.52715    0.04974    5.11416    0.07030
   1519.00000    6.50546    0.03029    5.32009    0.06565
   1522.00000    6.52616    0.06419    5.32607    0.07905
   1525.00000    6.44343    0.02166    5.31261    0.04030
   1528.00000    6.73403    0.04137    5.44077    0.08495
   1531.00000    6.47748    0.05371    5.42457    0.05190
   1534.00000    6.60819    0.02561    5.33855    0.04955
   1537.00000    6.57536    0.04224    5.41674    0.04817
   1540.00000    6.51765    0.06406    5.34280    0.04217
   1543.00000    6.54605    0.04291    5.36968    0.06569
   1546.00000    6.52206    0.02185    5.42035    0.04941
   1549.00000    6.48674    0.06723    5.40720    0.04110
   1552.00000    6.62748    0.04730    5.51284    0.04706
   1555.00000    6.57634    0.02867    5.42615    0.04570
   1558.00000    6.50418    0.08224    5.58778    0.06575
   1561.00000    6.68728    0.05020    5.55617    0.04809
   1564.00000    6.56779    0.06426    5.33587    0.02593
   1567.00000    6.59698    0.05636    5.46917    0.07025
   1570.00000    6.68292    0.04490    5.40562    0.07374
   1573.00000    6.70889    0.06231    5.46579    0.04273
   1576.00000    6.67490    0.05616    5.36370    0.06902
   1579.00000    6.77360    0.06783    5.43151    0.03734
