## Time Delay Challenge light curves
##
## [time]=days, [lc]=[err]=flux in nanomaggies
##
##       time       lc_A      err_A       lc_B      err_B
##-------------------------------------------------------
      1.00000    2.55247    0.05710    9.92555    0.05315
      4.00000    2.64565    0.05307    9.71903    0.04578
      7.00000    2.66742    0.04451    9.37997    0.05343
     10.00000    2.66096    0.04244    9.53918    0.06095
     13.00000    2.61441    0.03417    9.31777    0.04187
     16.00000    2.64922    0.03679    9.24055    0.05107
     19.00000    2.55357    0.04217    9.31094    0.01657
     22.00000    2.61412    0.05283    9.58999    0.04972
     25.00000    2.58893    0.05179    9.73251    0.05228
     28.00000    2.50440    0.06075    9.58404    0.03402
     31.00000    2.53247    0.03634    9.78914    0.05752
     34.00000    2.32449    0.07471   10.17654    0.05268
     37.00000    2.43426    0.02434   10.51507    0.05717
     40.00000    2.34176    0.07002   10.76714    0.05186
     43.00000    2.60256    0.05648   11.06534    0.06727
     46.00000    2.36942    0.07571   10.96985    0.04941
     49.00000    2.58717    0.06543   10.97473    0.04840
     52.00000    2.34356    0.06411   11.22098    0.06196
     55.00000    2.38854    0.03586   11.44010    0.06650
     58.00000    2.39589    0.05238   11.66543    0.05379
     61.00000    2.34948    0.04269   11.38828    0.04649
     64.00000    2.48380    0.05796   11.40798    0.08284
     67.00000    2.41690    0.05108   11.13757    0.04320
     70.00000    2.39311    0.05957   11.16286    0.05230
     73.00000    2.29150    0.05360   11.35629    0.07754
     76.00000    2.33622    0.02914   11.38398    0.02689
     79.00000    2.31015    0.05095   11.36211    0.08029
     82.00000    2.14857    0.09567   11.55112    0.04407
     85.00000    2.26593    0.07977   11.54663    0.04871
     88.00000    2.39264    0.06513   11.32354    0.02893
     91.00000    2.38055    0.05854   11.48400    0.05160
     94.00000    2.34284    0.05208   11.87205    0.05528
     97.00000    2.55616    0.04792   11.83215    0.03283
    100.00000    2.68070    0.06180   11.55107    0.06998
    103.00000    2.67516    0.04810   11.78341    0.05194
    106.00000    2.86311    0.07594   11.65989    0.06811
    109.00000    2.77390    0.09596   11.31894    0.06861
    112.00000    2.77063    0.05168   11.66594    0.06601
    115.00000    2.76705    0.08546   11.59960    0.06187
    118.00000    2.90308    0.06295   10.92687    0.07401
    367.00000    2.14397    0.06295    7.64651    0.03914
    370.00000    2.37415    0.05126    7.68038    0.04955
    373.00000    2.20679    0.04802    7.67712    0.06304
    376.00000    2.12737    0.05466    7.59049    0.05270
    379.00000    2.18674    0.06634    7.55129    0.08974
    382.00000    2.21417    0.06847    7.31271    0.06414
    385.00000    2.06713    0.06155    7.33205    0.02418
    388.00000    2.05465    0.04751    7.32069    0.05354
    391.00000    2.05314    0.02250    7.40093    0.05829
    394.00000    1.98506    0.07750    7.47557    0.02567
    397.00000    1.98183    0.05657    7.41636    0.04682
    400.00000    1.96643    0.02119    7.52663    0.01022
    403.00000    1.88091    0.05666    7.35231    0.06019
    406.00000    1.92376    0.03484    7.56302    0.01895
    409.00000    1.98114    0.06052    7.74540    0.03961
    412.00000    2.05664    0.05637    7.58473    0.04608
    415.00000    1.99665    0.02128    7.46900    0.04168
    418.00000    1.95105    0.06210    7.49117    0.03307
    421.00000    2.01928    0.04191    7.37658    0.04038
    424.00000    1.91329    0.08122    7.42813    0.07787
    427.00000    1.89162    0.06975    7.33626    0.04673
    430.00000    1.92138    0.03969    7.33774    0.04327
    433.00000    1.92432    0.08095    7.58506    0.03869
    436.00000    1.91063    0.08715    7.58447    0.02580
    439.00000    2.01965    0.06167    7.53622    0.03082
    442.00000    1.80847    0.08156    7.52298    0.04778
    445.00000    1.85855    0.06250    7.45013    0.04226
    448.00000    1.91293    0.06534    7.41170    0.04694
    451.00000    1.92849    0.03240    7.55626    0.02509
    454.00000    2.06074    0.05402    7.66765    0.06275
    457.00000    1.78647    0.07544    7.55829    0.05897
    460.00000    1.94411    0.07170    7.54756    0.07669
    463.00000    1.86522    0.06099    7.76990    0.07231
    466.00000    1.87495    0.06146    7.63493    0.02511
    469.00000    1.87120    0.06541    7.46403    0.06158
    472.00000    2.09765    0.05243    7.56982    0.05971
    475.00000    1.87737    0.04611    7.49105    0.06031
    478.00000    1.91043    0.03906    7.39820    0.04842
    481.00000    1.95290    0.06034    7.56642    0.04630
    484.00000    1.84384    0.03931    7.65514    0.02690
    733.00000    1.97633    0.05778    9.73902    0.03822
    736.00000    1.95902    0.06901    9.51508    0.01416
    739.00000    2.09840    0.05748    9.68226    0.08074
    742.00000    2.06311    0.03582    9.89466    0.02550
    745.00000    2.04884    0.03677   10.05589    0.06408
    748.00000    2.16732    0.05340   10.07903    0.05840
    751.00000    2.06496    0.03313    9.67958    0.03777
    754.00000    2.03370    0.05702    9.61571    0.04765
    757.00000    2.10293    0.02145    9.50641    0.10197
    760.00000    2.20154    0.07101    9.68535    0.04794
    763.00000    2.31944    0.03781    9.72066    0.06780
    766.00000    2.25055    0.04052    9.84267    0.05175
    769.00000    2.18085    0.08515    9.75678    0.04990
    772.00000    2.17180    0.06491    9.89072    0.08533
    775.00000    2.21036    0.03763   10.00642    0.04276
    778.00000    2.12195    0.04370   10.08346    0.03544
    781.00000    2.22195    0.03761   10.18365    0.04562
    784.00000    2.26278    0.06567    9.93731    0.08121
    787.00000    2.26188    0.04501    9.99048    0.03280
    790.00000    2.25485    0.05797    9.85965    0.05512
    793.00000    2.23960    0.05956    9.87480    0.05501
    796.00000    2.22580    0.06820    9.55353    0.07440
    799.00000    2.24331    0.03683    9.56923    0.08367
    802.00000    2.27757    0.06080    9.41218    0.02367
    805.00000    2.29697    0.05413    9.54757    0.10762
    808.00000    2.27656    0.05405    9.52696    0.04732
    811.00000    2.34598    0.06451    9.54562    0.04106
    814.00000    2.22525    0.04774    9.32953    0.04048
    817.00000    2.26911    0.06355    9.45380    0.06326
    820.00000    2.29024    0.05823    9.53020    0.05399
    823.00000    2.29298    0.07375    9.13225    0.03733
    826.00000    2.22001    0.05064    8.87998    0.06982
    829.00000    2.26443    0.04589    8.70204    0.10042
    832.00000    2.37130    0.05070    8.64601    0.06619
    835.00000    2.39484    0.07031    8.73645    0.01667
    838.00000    2.23078    0.06505    8.73457    0.04307
    841.00000    2.39747    0.05527    8.91352    0.04208
    844.00000    2.34501    0.04621    8.63166    0.04558
    847.00000    2.31133    0.05336    8.70464    0.04007
   1096.00000    2.92705    0.03563   11.53099    0.05641
   1099.00000    3.00310    0.06706   11.32192    0.06944
   1102.00000    2.94099    0.07947   11.47350    0.05878
   1105.00000    2.97149    0.06329   11.34871    0.05148
   1108.00000    2.98122    0.06482   11.88457    0.02350
   1111.00000    3.00905    0.04314   11.80700    0.04708
   1114.00000    3.03704    0.04874   11.83397    0.04623
   1117.00000    3.05728    0.05188   11.95698    0.05806
   1120.00000    2.93393    0.04881   11.84385    0.05253
   1123.00000    2.94464    0.07225   11.96535    0.07990
   1126.00000    2.91294    0.03234   11.85161    0.07125
   1129.00000    2.90467    0.04752   11.90772    0.03476
   1132.00000    2.83354    0.05944   11.99673    0.04776
   1135.00000    2.93425    0.07804   11.68997    0.06539
   1138.00000    2.72667    0.07641   12.09041    0.04645
   1141.00000    2.95558    0.03876   12.22233    0.06187
   1144.00000    2.87966    0.05739   12.06722    0.04151
   1147.00000    2.86803    0.03421   12.02684    0.05530
   1150.00000    2.98624    0.09211   11.49087    0.06037
   1153.00000    2.94886    0.01668   11.81055    0.04882
   1156.00000    2.97451    0.06710   11.64135    0.07088
   1159.00000    2.93770    0.05404   11.52724    0.06623
   1162.00000    2.68388    0.08752   11.34199    0.04927
   1165.00000    2.90213    0.04699   11.55626    0.05900
   1168.00000    2.95548    0.04509   11.54598    0.03157
   1171.00000    3.05735    0.06390   11.48501    0.07426
   1174.00000    3.05080    0.02821   11.44634    0.03571
   1177.00000    3.03598    0.04725   11.45114    0.06811
   1180.00000    3.12652    0.05026   11.68174    0.07343
   1183.00000    3.17168    0.05997   11.56382    0.07183
   1186.00000    3.09827    0.06496   11.31032    0.04385
   1189.00000    3.05653    0.05393   11.62285    0.04804
   1192.00000    3.08461    0.03295   11.73161    0.05760
   1195.00000    3.17392    0.03526   11.85491    0.06817
   1198.00000    3.10559    0.06532   11.71534    0.05674
   1201.00000    3.18674    0.04681   11.53765    0.06408
   1204.00000    3.25724    0.07104   11.65478    0.07763
   1207.00000    3.16477    0.07731   11.63777    0.06545
   1210.00000    3.13321    0.07327   11.75859    0.04376
   1213.00000    3.12195    0.06644   11.71009    0.06625
   1462.00000    2.56495    0.06949   10.12187    0.04825
   1465.00000    2.57661    0.04412   10.10603    0.04060
   1468.00000    2.46564    0.05780   10.21159    0.04325
   1471.00000    2.63772    0.02692   10.16427    0.04126
   1474.00000    2.55935    0.03901   10.00364    0.05929
   1477.00000    2.59797    0.03672    9.82525    0.03710
   1480.00000    2.51823    0.03394    9.76988    0.04341
   1483.00000    2.49844    0.05446    9.86821    0.04961
   1486.00000    2.48522    0.03431    9.91748    0.05379
   1489.00000    2.56721    0.07364   10.01562    0.05422
   1492.00000    2.73184    0.06230    9.77838    0.02582
   1495.00000    2.67870    0.02440    9.88760    0.05601
   1498.00000    2.56252    0.05946    9.78001    0.06905
   1501.00000    2.69597    0.07527    9.63780    0.06417
   1504.00000    2.73196    0.04103    9.55905    0.06631
   1507.00000    2.65769    0.07517    9.94399    0.06113
   1510.00000    2.72800    0.07165    9.89487    0.03662
   1513.00000    2.58666    0.06650    9.83048    0.04765
   1516.00000    2.76322    0.04871   10.17793    0.04791
   1519.00000    2.70319    0.06911   10.38798    0.06507
   1522.00000    2.75505    0.04872   10.57681    0.09291
   1525.00000    2.58330    0.07018   10.60262    0.03865
   1528.00000    2.56315    0.05132   10.92021    0.06849
   1531.00000    2.69369    0.00841   10.86597    0.03796
   1534.00000    2.87781    0.05316   10.91174    0.02754
   1537.00000    2.66543    0.04824   11.02388    0.06087
   1540.00000    2.55033    0.05719   11.13482    0.05920
   1543.00000    2.56663    0.05279   11.24562    0.07166
   1546.00000    2.57567    0.07580   11.62325    0.04626
   1549.00000    2.64010    0.06379   11.43818    0.02699
   1552.00000    2.57910    0.06776   11.64219    0.06537
   1555.00000    2.61221    0.05597   11.54117    0.04729
   1558.00000    2.60399    0.04364   11.15683    0.05378
   1561.00000    2.51832    0.04105   11.33125    0.08075
   1564.00000    2.56395    0.06025   11.27454    0.05051
   1567.00000    2.47706    0.06618   11.15278    0.03636
   1570.00000    2.69039    0.05559   11.46742    0.05063
   1573.00000    2.59317    0.07507   11.35584    0.04218
   1576.00000    2.58559    0.07449   11.28041    0.04058
   1579.00000    2.73003    0.03928   11.33356    0.05326
