## Time Delay Challenge light curves
##
## [time]=days, [lc]=[err]=flux in nanomaggies
##
##       time       lc_A      err_A       lc_B      err_B
##-------------------------------------------------------
      1.00000    4.69046    0.07985    6.47806    0.06587
      4.00000    4.36131    0.04785    6.27398    0.04062
      7.00000    4.36557    0.03816    6.66371    0.06956
     10.00000    4.21610    0.03274    6.11902    0.06641
     13.00000    4.08114    0.05149    5.82688    0.04108
     16.00000    3.72475    0.05218    6.26308    0.03840
     19.00000    3.73576    0.02118    6.85248    0.05491
     22.00000    3.76756    0.05534    7.11383    0.05965
     25.00000    3.85898    0.03771    7.15427    0.05201
     28.00000    4.06765    0.05047    6.77270    0.04953
     31.00000    4.45196    0.04500    6.45871    0.05670
     34.00000    4.28140    0.05127    6.51257    0.01895
     37.00000    3.87696    0.06754    6.94368    0.05884
     40.00000    4.08229    0.05163    7.18735    0.04468
     43.00000    3.69123    0.06260    6.80020    0.06063
     46.00000    3.96570    0.03161    5.50492    0.06132
     49.00000    3.71321    0.04803    5.61169    0.06985
     52.00000    4.18361    0.06459    6.21159    0.04261
     55.00000    3.54469    0.06897    6.25514    0.04825
     58.00000    3.50752    0.05509    6.01079    0.04609
     61.00000    3.85897    0.07399    6.65850    0.07208
     64.00000    3.92904    0.04141    6.95907    0.02587
     67.00000    4.36938    0.03075    7.90899    0.03188
     70.00000    4.15765    0.03294    8.23189    0.05347
     73.00000    3.87724    0.03621    8.05989    0.06194
     76.00000    3.82200    0.05686    8.31686    0.07595
     79.00000    3.65970    0.07513    7.95752    0.04823
     82.00000    3.88787    0.06743    7.86118    0.04902
     85.00000    3.94974    0.08069    8.36900    0.04795
     88.00000    3.63402    0.03986    8.28147    0.05369
     91.00000    3.19150    0.06111    7.49564    0.07017
     94.00000    2.98683    0.05538    6.99090    0.05107
     97.00000    3.15942    0.04094    6.73565    0.03352
    100.00000    3.11877    0.04926    6.92980    0.05344
    103.00000    3.17991    0.04959    7.28049    0.04709
    106.00000    3.54638    0.06216    7.28831    0.06552
    109.00000    3.72577    0.07123    7.24964    0.06227
    112.00000    4.21989    0.02929    7.37241    0.03781
    115.00000    4.33845    0.05539    7.64512    0.03660
    118.00000    3.82089    0.06410    7.42912    0.04928
    367.00000    2.98537    0.05062    7.88247    0.05985
    370.00000    2.99016    0.03837    7.74040    0.04153
    373.00000    3.23816    0.05908    8.42617    0.06656
    376.00000    3.28534    0.08598    7.91689    0.09067
    379.00000    3.13450    0.06704    8.29286    0.04347
    382.00000    2.81604    0.06164    8.71008    0.04990
    385.00000    2.76475    0.06466    8.93154    0.04856
    388.00000    2.81100    0.06751    7.88825    0.06688
    391.00000    2.80468    0.04778    8.03766    0.03204
    394.00000    2.87265    0.06009    7.33631    0.08670
    397.00000    2.91181    0.04987    7.00025    0.03506
    400.00000    2.63572    0.04589    7.53222    0.01448
    403.00000    2.62638    0.05146    8.23226    0.05061
    406.00000    2.42393    0.03092    7.80129    0.04623
    409.00000    2.41573    0.02144    8.01611    0.05621
    412.00000    2.46223    0.04315    7.46617    0.05742
    415.00000    2.39105    0.05028    8.15908    0.03823
    418.00000    2.40955    0.06750    8.21846    0.07189
    421.00000    2.46000    0.04101    8.30014    0.05182
    424.00000    2.52196    0.05766    8.20424    0.07062
    427.00000    2.71696    0.05347    8.31969    0.04699
    430.00000    2.53934    0.02406    9.07617    0.05173
    433.00000    2.32637    0.05728    8.99789    0.01461
    436.00000    2.27940    0.02572    9.03012    0.05798
    439.00000    2.12434    0.05935    8.59428    0.05706
    442.00000    2.07635    0.06635    8.55457    0.04597
    445.00000    2.28714    0.07498    7.97469    0.03357
    448.00000    2.30208    0.08573    7.67809    0.06097
    451.00000    2.56809    0.05218    7.96201    0.05408
    454.00000    2.29164    0.05405    8.38980    0.02355
    457.00000    2.30818    0.06103    8.09239    0.06343
    460.00000    2.45222    0.05178    7.98296    0.04140
    463.00000    2.52860    0.04561    8.63372    0.06201
    466.00000    2.45122    0.05963    8.80924    0.04486
    469.00000    2.40719    0.04856    8.50503    0.04644
    472.00000    2.61009    0.06032    9.17004    0.07650
    475.00000    2.69354    0.05517    9.12203    0.05407
    478.00000    2.67860    0.02773    9.15481    0.06246
    481.00000    2.76557    0.04017    9.40926    0.03428
    484.00000    2.54886    0.05458    7.95629    0.05451
    733.00000    2.33135    0.05617    6.57896    0.09501
    736.00000    2.30103    0.04335    6.49101    0.05095
    739.00000    1.93893    0.06425    7.47001    0.06884
    742.00000    2.01938    0.06879    7.40519    0.05248
    745.00000    1.88449    0.05323    7.30087    0.03579
    748.00000    1.91748    0.05814    7.32204    0.03730
    751.00000    2.01854    0.04505    7.84619    0.05153
    754.00000    2.15821    0.06573    8.94514    0.03690
    757.00000    1.66386    0.06939    7.91705    0.06292
    760.00000    1.63233    0.04784    8.51669    0.03114
    763.00000    1.95154    0.08403    9.14902    0.04581
    766.00000    2.04909    0.08295    9.48451    0.04102
    769.00000    2.11941    0.06454    9.57007    0.04942
    772.00000    1.92710    0.04468    9.49040    0.05815
    775.00000    1.85606    0.05907    9.10772    0.05704
    778.00000    1.95267    0.05244    8.60529    0.06565
    781.00000    1.92675    0.03225    8.36308    0.04780
    784.00000    2.06930    0.03201    8.52057    0.06574
    787.00000    1.99756    0.03506    8.71482    0.04335
    790.00000    1.93016    0.05815    8.80041    0.03251
    793.00000    2.36546    0.06966    8.50250    0.04072
    796.00000    2.31208    0.04213    8.20175    0.02733
    799.00000    2.42450    0.05107    8.15908    0.07117
    802.00000    2.16208    0.03846    7.64788    0.04029
    805.00000    2.45920    0.06952    7.33839    0.02176
    808.00000    2.65770    0.04888    7.81374    0.06779
    811.00000    2.63752    0.06601    8.48537    0.03802
    814.00000    2.49834    0.05746    8.48521    0.06116
    817.00000    2.68099    0.06234    8.43539    0.01805
    820.00000    2.49810    0.05830    8.17821    0.04151
    823.00000    2.15667    0.05277    7.34684    0.03601
    826.00000    2.33543    0.05958    7.77571    0.06110
    829.00000    2.28029    0.03991    8.27790    0.05497
    832.00000    2.29684    0.07278    8.59967    0.07180
    835.00000    2.32794    0.05449    8.49109    0.04510
    838.00000    2.29046    0.04053    9.51567    0.01039
    841.00000    2.26281    0.04443    9.06667    0.04194
    844.00000    2.11181    0.05015    8.41585    0.07472
    847.00000    1.89286    0.06994    8.82960    0.04661
   1096.00000    1.84605    0.06983   11.89622    0.03203
   1099.00000    1.97236    0.02830   11.44474    0.08250
   1102.00000    1.83864    0.07410   10.85140    0.06662
   1105.00000    1.84686    0.05591   11.02086    0.07188
   1108.00000    2.02848    0.05285   11.18784    0.03685
   1111.00000    1.81291    0.07122   11.89493    0.06459
   1114.00000    1.84933    0.06816   12.66361    0.07951
   1117.00000    1.82553    0.02963   12.43237    0.07147
   1120.00000    1.78600    0.09195   12.11788    0.05871
   1123.00000    1.64878    0.04707   12.36997    0.06226
   1126.00000    1.59613    0.05765   13.79636    0.04109
   1129.00000    1.76831    0.06882   14.41008    0.02761
   1132.00000    1.87703    0.04470   13.94624    0.06122
   1135.00000    2.05548    0.03302   13.93082    0.06561
   1138.00000    1.82089    0.06126   14.45627    0.04390
   1141.00000    1.82677    0.01098   13.10884    0.03284
   1144.00000    1.66297    0.07630   13.59213    0.04857
   1147.00000    1.62819    0.02899   14.50123    0.03508
   1150.00000    1.87665    0.05958   14.07175    0.04871
   1153.00000    1.74160    0.05308   13.28030    0.02989
   1156.00000    2.01662    0.02821   12.57972    0.04036
   1159.00000    1.96907    0.04350   11.49175    0.04142
   1162.00000    1.89598    0.06115   10.87030    0.04259
   1165.00000    1.91374    0.05300   12.12236    0.05058
   1168.00000    1.94406    0.06060   12.25206    0.04532
   1171.00000    2.27241    0.07657   11.60414    0.06415
   1174.00000    2.25485    0.05357   11.27458    0.05836
   1177.00000    2.12498    0.07860   12.45667    0.07079
   1180.00000    2.31067    0.07338   11.58746    0.00690
   1183.00000    2.22700    0.05303   11.81809    0.03943
   1186.00000    1.95164    0.07883   11.81149    0.07611
   1189.00000    2.17226    0.03841   11.82717    0.05292
   1192.00000    2.32532    0.08588   12.73860    0.05298
   1195.00000    2.16843    0.06135   13.71498    0.04567
   1198.00000    2.09159    0.08072   15.25291    0.02566
   1201.00000    1.97944    0.05232   14.76445    0.03727
   1204.00000    1.77336    0.06383   14.81943    0.05920
   1207.00000    1.72815    0.01897   13.63490    0.07079
   1210.00000    1.84885    0.05781   13.34382    0.06002
   1213.00000    1.70654    0.04414   13.84734    0.05664
   1462.00000    2.24914    0.06366   13.24178    0.07823
   1465.00000    2.34174    0.03812   14.07579    0.07051
   1468.00000    2.30084    0.05605   14.31906    0.03337
   1471.00000    2.24128    0.05486   14.42218    0.07620
   1474.00000    2.31155    0.05882   14.82371    0.07950
   1477.00000    2.09973    0.05844   14.44342    0.02833
   1480.00000    2.30577    0.04958   12.93961    0.02422
   1483.00000    2.55468    0.06183   12.42536    0.05411
   1486.00000    2.63531    0.05341   12.47234    0.07368
   1489.00000    2.61435    0.04693   12.81858    0.04366
   1492.00000    2.54145    0.04304   14.51500    0.05049
   1495.00000    2.60640    0.01340   15.22877    0.06432
   1498.00000    2.67239    0.06630   15.46144    0.04117
   1501.00000    2.59715    0.05070   14.63915    0.06148
   1504.00000    2.31720    0.04377   15.07019    0.06521
   1507.00000    2.10409    0.10141   14.23086    0.06322
   1510.00000    2.34126    0.04528   13.64932    0.05895
   1513.00000    2.34765    0.06406   13.12682    0.04880
   1516.00000    2.65328    0.04596   12.43292    0.06495
   1519.00000    2.52961    0.04510   11.89729    0.04584
   1522.00000    2.47200    0.04247   11.80753    0.06258
   1525.00000    2.15785    0.05586   12.43846    0.06840
   1528.00000    2.04277    0.03371   12.43905    0.03209
   1531.00000    2.06123    0.05522   13.39851    0.05242
   1534.00000    2.29784    0.05283   12.73175    0.05054
   1537.00000    2.22055    0.07594   11.92050    0.05225
   1540.00000    2.67474    0.03867   12.65897    0.05796
   1543.00000    2.62442    0.03346   12.92797    0.01794
   1546.00000    2.52719    0.05178   12.27697    0.05248
   1549.00000    2.79193    0.07673   12.64595    0.03456
   1552.00000    2.48500    0.03830   12.81862    0.02922
   1555.00000    2.36661    0.08204   14.38833    0.03342
   1558.00000    2.32078    0.06656   15.01941    0.07129
   1561.00000    2.17734    0.04077   13.65280    0.06255
   1564.00000    2.15799    0.04386   12.92398    0.07153
   1567.00000    2.18476    0.04469   11.78760    0.02276
   1570.00000    2.27235    0.05448   12.98999    0.03567
   1573.00000    2.33389    0.03642   12.13737    0.04960
   1576.00000    2.38769    0.06805   12.33078    0.04581
   1579.00000    2.38664    0.05606   11.54557    0.07243
