## Time Delay Challenge light curves
##
## [time]=days, [lc]=[err]=flux in nanomaggies
##
##       time       lc_A      err_A       lc_B      err_B
##-------------------------------------------------------
      1.00000    1.08271    0.06405    6.59435    0.04943
      4.00000    0.99369    0.03925    6.49658    0.03143
      7.00000    1.14107    0.07058    6.52676    0.03994
     10.00000    0.90605    0.04259    6.51808    0.06497
     13.00000    0.87063    0.04606    6.52183    0.04275
     16.00000    1.03199    0.05050    6.62038    0.05526
     19.00000    0.89873    0.05843    6.48361    0.08299
     22.00000    0.98031    0.04975    6.81743    0.05808
     25.00000    0.86777    0.06529    6.55334    0.07079
     28.00000    0.95044    0.01892    6.80579    0.09918
     31.00000    1.45541    0.06842    6.75510    0.06353
     34.00000    1.00941    0.04170    7.15220    0.02505
     37.00000    0.95079    0.04325    7.18540    0.05182
     40.00000    0.92791    0.04330    7.23761    0.04570
     43.00000    0.96772    0.06551    7.02468    0.08687
     46.00000    0.98415    0.05522    7.15088    0.05921
     49.00000    1.00366    0.04396    7.14672    0.04474
     52.00000    0.96973    0.04136    7.24462    0.01715
     55.00000    1.04983    0.03896    7.40181    0.03355
     58.00000    1.04686    0.04055    7.06624    0.05797
     61.00000    1.05481    0.02431    7.38426    0.03382
     64.00000    1.00265    0.06135    7.34548    0.05014
     67.00000    1.22882    0.06073    7.32029    0.06423
     70.00000    1.02970    0.02067    7.19420    0.06142
     73.00000    1.00825    0.03163    7.23667    0.05693
     76.00000    1.13634    0.04729    7.44389    0.07086
     79.00000    1.05153    0.06851    6.98696    0.07978
     82.00000    0.97195    0.04484    7.06075    0.03359
     85.00000    1.19225    0.04307    7.15970    0.04702
     88.00000    1.14062    0.05409    7.53676    0.06824
     91.00000    1.06000    0.05772    7.59492    0.03128
     94.00000    1.09234    0.04063    7.75975    0.05949
     97.00000    1.12440    0.06666    7.80087    0.03624
    100.00000    1.03703    0.03367    7.67620    0.06091
    103.00000    1.23366    0.05347    7.84573    0.02640
    106.00000    1.02920    0.05210    7.82882    0.03039
    109.00000    1.05480    0.00375    7.68322    0.05289
    112.00000    0.96811    0.06909    7.75433    0.04182
    115.00000    1.07900    0.07067    7.61276    0.07566
    118.00000    1.24053    0.08669    7.69264    0.05319
    367.00000    0.92236    0.03547    6.10576    0.02012
    370.00000    0.85574    0.05955    6.11284    0.05129
    373.00000    0.85880    0.04117    6.21676    0.03091
    376.00000    0.98866    0.06508    6.37116    0.03718
    379.00000    0.96864    0.07325    6.36209    0.02786
    382.00000    0.92594    0.04938    6.38122    0.01776
    385.00000    1.04580    0.06928    6.32922    0.05118
    388.00000    0.93629    0.04533    6.20501    0.08028
    391.00000    0.84485    0.05834    6.12653    0.06833
    394.00000    0.94361    0.04233    6.24090    0.07868
    397.00000    0.96691    0.07873    6.01570    0.07530
    400.00000    0.75749    0.05668    6.22372    0.05007
    403.00000    0.96208    0.07475    6.06644    0.05334
    406.00000    1.03211    0.03741    6.15407    0.05565
    409.00000    1.08396    0.06948    6.07289    0.02463
    412.00000    1.05138    0.09026    6.32474    0.06580
    415.00000    0.96882    0.04197    6.44548    0.05160
    418.00000    0.96769    0.04432    6.64257    0.03376
    421.00000    1.01879    0.06316    6.95161    0.05824
    424.00000    0.96327    0.05162    6.60720    0.06796
    427.00000    0.94967    0.05644    6.63511    0.06751
    430.00000    1.03853    0.04360    6.59516    0.04274
    433.00000    1.05766    0.07760    6.87637    0.04529
    436.00000    0.80823    0.05911    6.75984    0.03833
    439.00000    1.17699    0.07225    6.87243    0.04345
    442.00000    1.09657    0.03965    6.76205    0.05588
    445.00000    1.13799    0.03100    6.64504    0.05731
    448.00000    1.23235    0.04378    6.92847    0.04336
    451.00000    1.12899    0.02415    6.92102    0.06321
    454.00000    1.16794    0.06814    6.69338    0.05454
    457.00000    1.16387    0.04471    7.14429    0.06135
    460.00000    1.16158    0.06660    6.91015    0.06151
    463.00000    1.14658    0.04030    7.13853    0.05347
    466.00000    1.15900    0.03966    7.02701    0.06011
    469.00000    1.17730    0.05162    7.05158    0.05294
    472.00000    0.93034    0.05129    6.96496    0.06925
    475.00000    1.17127    0.06000    7.38934    0.03776
    478.00000    1.12954    0.05958    7.15231    0.05375
    481.00000    1.17659    0.06606    7.27264    0.06270
    484.00000    1.18938    0.06434    7.04349    0.06996
    733.00000    1.08472    0.05948    7.37438    0.04762
    736.00000    1.27606    0.05653    7.15259    0.07272
    739.00000    1.17698    0.03304    7.25353    0.05035
    742.00000    1.07993    0.05603    7.25027    0.02172
    745.00000    1.20129    0.04836    7.24310    0.07278
    748.00000    1.24558    0.06568    6.97148    0.04958
    751.00000    1.18091    0.05608    7.13672    0.05662
    754.00000    1.45135    0.07645    7.24040    0.02392
    757.00000    1.14211    0.08702    7.23335    0.08589
    760.00000    1.24998    0.05457    7.37430    0.06692
    763.00000    1.19920    0.05288    7.48148    0.04199
    766.00000    1.17992    0.07810    7.26567    0.05281
    769.00000    1.20180    0.08397    7.35194    0.04353
    772.00000    1.21432    0.05366    7.17991    0.03287
    775.00000    1.29622    0.03959    7.27401    0.03834
    778.00000    1.08258    0.05277    7.09998    0.07427
    781.00000    1.26935    0.05070    7.23613    0.05415
    784.00000    1.11272    0.04046    7.25715    0.07603
    787.00000    1.14723    0.06473    7.25966    0.05287
    790.00000    1.20435    0.06724    7.16528    0.04687
    793.00000    1.29042    0.03792    6.99408    0.07049
    796.00000    1.18730    0.04697    6.81768    0.02543
    799.00000    1.04880    0.03606    6.76445    0.03713
    802.00000    1.21747    0.03972    6.80098    0.03394
    805.00000    1.13909    0.04325    6.90761    0.02215
    808.00000    1.16895    0.05998    7.03715    0.04931
    811.00000    1.17983    0.02328    7.01142    0.07811
    814.00000    1.05413    0.04752    6.82282    0.04193
    817.00000    1.18364    0.05800    6.68615    0.06383
    820.00000    1.08042    0.07109    6.72472    0.06426
    823.00000    1.15990    0.08056    6.61120    0.04122
    826.00000    0.92781    0.04334    6.97168    0.06376
    829.00000    1.17095    0.04282    6.62606    0.03796
    832.00000    1.13645    0.05363    6.63642    0.05442
    835.00000    1.12190    0.06203    6.73895    0.04065
    838.00000    1.13742    0.04852    6.35483    0.04482
    841.00000    1.05957    0.05141    6.37987    0.05997
    844.00000    1.14279    0.03890    6.34320    0.04554
    847.00000    1.15639    0.04644    6.48679    0.04560
   1096.00000    1.00678    0.05322    6.54583    0.07750
   1099.00000    0.98430    0.07093    6.80041    0.03205
   1102.00000    1.05088    0.04070    6.92339    0.04395
   1105.00000    1.01672    0.05012    6.98961    0.06227
   1108.00000    1.02300    0.05662    6.87358    0.07300
   1111.00000    0.94949    0.06183    7.06568    0.05722
   1114.00000    1.03398    0.06633    6.89546    0.04393
   1117.00000    1.04209    0.05446    6.80350    0.04395
   1120.00000    1.09413    0.05716    6.70635    0.04303
   1123.00000    1.03817    0.06657    6.73073    0.05622
   1126.00000    1.12881    0.03563    6.92321    0.07091
   1129.00000    0.94865    0.05353    7.06722    0.07804
   1132.00000    1.12571    0.06319    7.15215    0.04615
   1135.00000    1.07768    0.03385    7.27524    0.05493
   1138.00000    1.07006    0.06368    7.21174    0.03216
   1141.00000    1.11206    0.05313    7.27970    0.05219
   1144.00000    1.00106    0.01920    7.14619    0.04336
   1147.00000    0.97805    0.06553    6.99700    0.03078
   1150.00000    1.03364    0.04317    6.97507    0.02455
   1153.00000    1.08001    0.02547    6.95159    0.06600
   1156.00000    1.15789    0.04141    6.99583    0.04671
   1159.00000    1.10179    0.03292    6.97388    0.10451
   1162.00000    1.07066    0.03759    6.76540    0.06416
   1165.00000    1.13848    0.04875    6.68747    0.05858
   1168.00000    1.04459    0.03476    6.67875    0.06612
   1171.00000    1.03614    0.02333    6.66929    0.05274
   1174.00000    1.11123    0.06301    6.58554    0.04527
   1177.00000    1.10948    0.05594    6.50526    0.06890
   1180.00000    1.04261    0.05191    6.46437    0.04641
   1183.00000    1.08468    0.05854    6.49650    0.04070
   1186.00000    0.95597    0.08707    6.67197    0.04914
   1189.00000    1.02481    0.05954    6.63031    0.05079
   1192.00000    0.99397    0.06176    7.03199    0.10082
   1195.00000    1.00613    0.03268    6.59122    0.06790
   1198.00000    1.06906    0.06895    6.75376    0.03952
   1201.00000    1.00801    0.04859    6.78860    0.06165
   1204.00000    0.99358    0.03014    6.73669    0.03760
   1207.00000    1.00349    0.04441    6.59870    0.06235
   1210.00000    1.09123    0.03706    6.58180    0.05771
   1213.00000    1.04592    0.04626    6.57773    0.09433
   1462.00000    1.08995    0.05067    6.59466    0.04794
   1465.00000    0.93204    0.05136    6.29520    0.05607
   1468.00000    1.16359    0.04538    6.57059    0.04111
   1471.00000    1.09735    0.04563    6.42461    0.08709
   1474.00000    1.12544    0.06172    6.57414    0.03896
   1477.00000    1.19391    0.05489    6.51159    0.03407
   1480.00000    1.18474    0.03871    6.41348    0.04058
   1483.00000    1.11243    0.04958    6.46666    0.02017
   1486.00000    1.10905    0.08000    6.71773    0.04473
   1489.00000    1.05512    0.04438    6.48522    0.05360
   1492.00000    1.08746    0.05479    6.56067    0.05439
   1495.00000    1.08460    0.03851    6.68926    0.05419
   1498.00000    1.05676    0.03486    6.56945    0.08298
   1501.00000    1.21522    0.09592    6.57411    0.07340
   1504.00000    1.13575    0.06754    6.39751    0.06690
   1507.00000    1.12870    0.06535    6.51616    0.05085
   1510.00000    1.05938    0.04960    6.54030    0.07448
   1513.00000    1.03047    0.05511    6.65675    0.06852
   1516.00000    0.99460    0.06284    6.62346    0.04899
   1519.00000    1.07947    0.02769    6.72721    0.03797
   1522.00000    1.14630    0.03373    6.65864    0.05910
   1525.00000    1.09235    0.05864    6.57945    0.05136
   1528.00000    1.07712    0.08166    6.48369    0.07268
   1531.00000    1.22448    0.08391    6.69439    0.07215
   1534.00000    1.00661    0.04109    6.49230    0.04982
   1537.00000    0.94706    0.04495    6.66298    0.05932
   1540.00000    1.00509    0.05531    6.87689    0.03734
   1543.00000    1.08025    0.05629    6.94959    0.04713
   1546.00000    1.02544    0.07034    6.94440    0.06238
   1549.00000    1.06549    0.02664    6.80282    0.07392
   1552.00000    1.03439    0.06545    7.06130    0.07881
   1555.00000    1.07654    0.06455    7.07466    0.03212
   1558.00000    1.11354    0.03171    7.18076    0.06559
   1561.00000    1.15519    0.04537    7.35414    0.04135
   1564.00000    1.04463    0.04214    6.99981    0.03182
   1567.00000    1.11811    0.04657    7.22477    0.05430
   1570.00000    1.06377    0.06805    7.24090    0.05868
   1573.00000    1.06899    0.09309    7.08933    0.01855
   1576.00000    1.12340    0.08328    7.27425    0.05446
   1579.00000    1.15963    0.05151    6.83799    0.05158
