## Time Delay Challenge light curves
##
## [time]=days, [lc]=[err]=flux in nanomaggies
##
##       time       lc_A      err_A       lc_B      err_B
##-------------------------------------------------------
      1.00000    0.48366    0.06047    3.61797    0.08595
      4.00000    0.49314    0.06926    3.91866    0.06029
      7.00000    0.46102    0.02065    3.75504    0.06173
     10.00000    0.53447    0.02924    3.71779    0.04420
     13.00000    0.37590    0.07480    3.59894    0.04354
     16.00000    0.50129    0.02813    3.76838    0.08994
     19.00000    0.45891    0.07905    3.63535    0.06251
     22.00000    0.51092    0.03932    3.63527    0.04039
     25.00000    0.47859    0.05121    3.73751    0.02640
     28.00000    0.45179    0.07131    3.94944    0.06552
     31.00000    0.41667    0.05280    3.89905    0.03839
     34.00000    0.50954    0.05407    3.67295    0.03861
     37.00000    0.48649    0.04083    3.81501    0.07872
     40.00000    0.39906    0.06808    3.80062    0.06353
     43.00000    0.51302    0.03546    3.65933    0.05027
     46.00000    0.39570    0.04563    3.75282    0.04694
     49.00000    0.51363    0.03626    3.61569    0.06179
     52.00000    0.52660    0.00986    3.83134    0.03899
     55.00000    0.46398    0.06779    3.81742    0.04663
     58.00000    0.55728    0.07076    3.70703    0.08322
     61.00000    0.53552    0.06688    3.71686    0.05987
     64.00000    0.49596    0.05635    3.80634    0.03788
     67.00000    0.53016    0.05762    3.68666    0.03194
     70.00000    0.56400    0.03615    3.66768    0.04747
     73.00000    0.58481    0.03017    3.58501    0.03645
     76.00000    0.55939    0.06683    3.56978    0.05410
     79.00000    0.69289    0.07635    3.53233    0.03440
     82.00000    0.69332    0.03772    3.43543    0.04490
     85.00000    0.65537    0.03625    3.40625    0.05752
     88.00000    0.68198    0.02525    3.43814    0.02569
     91.00000    0.59957    0.05469    3.56450    0.05420
     94.00000    0.61340    0.04995    3.53232    0.09090
     97.00000    0.54808    0.08049    3.34252    0.04312
    100.00000    0.68228    0.04494    3.44947    0.04864
    103.00000    0.56859    0.04968    3.56129    0.05076
    106.00000    0.67417    0.06736    3.47573    0.06965
    109.00000    0.67991    0.07075    3.62524    0.04069
    112.00000    0.63126    0.04699    3.45125    0.03705
    115.00000    0.57716    0.04546    3.74276    0.05124
    118.00000    0.70107    0.05576    3.74407    0.03288
    367.00000    0.80247    0.02066    3.49750    0.03510
    370.00000    0.88032    0.05231    3.66419    0.03683
    373.00000    0.72416    0.03327    3.62624    0.03548
    376.00000    0.72211    0.03235    3.73656    0.04337
    379.00000    0.70652    0.05768    3.74439    0.06610
    382.00000    0.72361    0.05580    3.69546    0.04556
    385.00000    0.71198    0.03288    3.76368    0.04448
    388.00000    0.78582    0.03607    3.54916    0.04994
    391.00000    0.65297    0.05203    3.66450    0.05994
    394.00000    0.69754    0.06186    3.61983    0.02541
    397.00000    0.71708    0.04863    3.59601    0.03516
    400.00000    0.83630    0.04331    3.62767    0.10487
    403.00000    0.75028    0.03136    3.68601    0.05951
    406.00000    0.76170    0.03468    3.67634    0.07078
    409.00000    0.71009    0.07043    3.57278    0.06125
    412.00000    0.68448    0.05227    3.59452    0.04843
    415.00000    0.70979    0.03103    3.61442    0.02656
    418.00000    0.82255    0.07396    3.44800    0.04874
    421.00000    0.76772    0.08154    3.26971    0.03952
    424.00000    0.67581    0.05303    3.30852    0.08668
    427.00000    0.65566    0.04204    3.07004    0.06615
    430.00000    0.68088    0.05682    3.08894    0.06471
    433.00000    0.65373    0.02376    3.14019    0.04204
    436.00000    0.62883    0.01567    3.03503    0.06636
    439.00000    0.65169    0.04520    3.02629    0.05289
    442.00000    0.66932    0.05723    2.93389    0.06626
    445.00000    0.58300    0.04831    2.99196    0.03528
    448.00000    0.65343    0.04390    2.85859    0.08308
    451.00000    0.65400    0.04255    2.84960    0.04731
    454.00000    0.72494    0.07773    2.88611    0.05587
    457.00000    0.64389    0.08056    2.95272    0.06379
    460.00000    0.61028    0.04745    3.14496    0.05601
    463.00000    0.54975    0.06009    3.19055    0.05932
    466.00000    0.61398    0.06403    3.20695    0.02658
    469.00000    0.65020    0.06302    3.25872    0.04768
    472.00000    0.69133    0.08275    3.17620    0.05591
    475.00000    0.61939    0.05447    3.32433    0.05517
    478.00000    0.67930    0.03753    3.27217    0.04622
    481.00000    0.67157    0.08250    3.18667    0.04461
    484.00000    0.70356    0.04498    3.34999    0.07171
    733.00000    0.58393    0.05378    3.04812    0.06739
    736.00000    0.52094    0.04019    2.98794    0.04004
    739.00000    0.59554    0.06485    2.89940    0.03320
    742.00000    0.50345    0.03297    2.97852    0.04856
    745.00000    0.57021    0.04239    3.00303    0.05852
    748.00000    0.52466    0.05079    3.01333    0.05192
    751.00000    0.54580    0.04644    3.06116    0.04788
    754.00000    0.44945    0.06636    3.01205    0.03640
    757.00000    0.57657    0.05183    3.00803    0.04747
    760.00000    0.53040    0.04633    3.24196    0.02281
    763.00000    0.59931    0.07630    3.16785    0.02986
    766.00000    0.39964    0.03918    3.16668    0.06137
    769.00000    0.53402    0.03970    3.15275    0.05889
    772.00000    0.48109    0.03940    3.32423    0.04402
    775.00000    0.50949    0.03484    3.38648    0.05186
    778.00000    0.51764    0.02506    3.20657    0.04237
    781.00000    0.41367    0.03830    3.27192    0.04236
    784.00000    0.45036    0.02564    3.18039    0.05492
    787.00000    0.41365    0.05565    3.30223    0.07860
    790.00000    0.49699    0.05202    3.44510    0.03784
    793.00000    0.45850    0.03093    3.50684    0.05496
    796.00000    0.50292    0.05260    3.22428    0.06453
    799.00000    0.45776    0.04611    3.40902    0.03470
    802.00000    0.46452    0.04056    3.55113    0.04349
    805.00000    0.45353    0.08449    3.72219    0.04703
    808.00000    0.48000    0.04686    3.56873    0.04811
    811.00000    0.53526    0.03151    3.67928    0.03180
    814.00000    0.51356    0.03897    3.52364    0.02275
    817.00000    0.44537    0.04733    3.48860    0.07391
    820.00000    0.55832    0.04948    3.54915    0.05853
    823.00000    0.36746    0.07256    3.31667    0.06644
    826.00000    0.47085    0.02797    3.29243    0.02715
    829.00000    0.53719    0.05339    3.20798    0.07022
    832.00000    0.54142    0.06483    3.37874    0.04469
    835.00000    0.53933    0.05329    3.30772    0.03849
    838.00000    0.57807    0.03974    3.27099    0.06269
    841.00000    0.53833    0.04447    3.26084    0.06593
    844.00000    0.49978    0.02856    3.20051    0.05664
    847.00000    0.47193    0.06051    3.05757    0.05616
   1096.00000    0.47811    0.03519    3.07183    0.04061
   1099.00000    0.50411    0.05263    2.86541    0.08925
   1102.00000    0.53751    0.04828    2.90958    0.05495
   1105.00000    0.49798    0.00681    3.05250    0.07028
   1108.00000    0.52127    0.08414    3.01334    0.05790
   1111.00000    0.49180    0.04241    2.85617    0.06947
   1114.00000    0.53739    0.06136    2.83750    0.04427
   1117.00000    0.59429    0.06687    2.87202    0.06670
   1120.00000    0.54464    0.02195    2.79809    0.05684
   1123.00000    0.48104    0.05906    2.76026    0.06986
   1126.00000    0.40817    0.05413    2.64212    0.05757
   1129.00000    0.55682    0.03031    2.74798    0.07394
   1132.00000    0.46695    0.06344    2.70055    0.05831
   1135.00000    0.64067    0.08330    2.74207    0.03928
   1138.00000    0.56247    0.03194    2.82768    0.07312
   1141.00000    0.41328    0.08082    3.00622    0.04539
   1144.00000    0.53299    0.05422    3.11505    0.07828
   1147.00000    0.61593    0.03812    2.80259    0.05920
   1150.00000    0.58201    0.03598    2.95895    0.05891
   1153.00000    0.59286    0.06126    2.69058    0.07311
   1156.00000    0.54954    0.03148    2.81454    0.04163
   1159.00000    0.54747    0.03704    2.93747    0.05688
   1162.00000    0.53539    0.04886    2.89030    0.04016
   1165.00000    0.54480    0.04467    2.92088    0.06209
   1168.00000    0.57588    0.06985    3.02852    0.03015
   1171.00000    0.49548    0.05552    3.22821    0.04411
   1174.00000    0.51372    0.06579    3.00786    0.06628
   1177.00000    0.54658    0.05161    3.09224    0.05247
   1180.00000    0.48231    0.06741    3.12759    0.04806
   1183.00000    0.43505    0.04219    3.09391    0.05169
   1186.00000    0.45596    0.05848    2.95975    0.04105
   1189.00000    0.56237    0.05717    3.03328    0.05521
   1192.00000    0.50743    0.07031    3.01958    0.05589
   1195.00000    0.46590    0.03216    2.89202    0.04621
   1198.00000    0.54802    0.03887    2.87102    0.03519
   1201.00000    0.55063    0.04649    2.88833    0.03948
   1204.00000    0.47835    0.05182    2.79850    0.06191
   1207.00000    0.59907    0.06330    2.77132    0.04758
   1210.00000    0.37045    0.07191    2.83677    0.03974
   1213.00000    0.42125    0.05418    2.73251    0.06873
   1462.00000    0.59616    0.06228    3.50811    0.07228
   1465.00000    0.47356    0.04934    3.75370    0.05129
   1468.00000    0.66083    0.04657    3.96994    0.04358
   1471.00000    0.60433    0.05911    3.73838    0.06454
   1474.00000    0.63116    0.05682    3.68123    0.07420
   1477.00000    0.58696    0.02446    3.46534    0.04739
   1480.00000    0.51168    0.05440    3.27863    0.03543
   1483.00000    0.54628    0.02645    3.26689    0.01844
   1486.00000    0.39202    0.05939    3.18712    0.05751
   1489.00000    0.57112    0.06042    3.23185    0.07201
   1492.00000    0.53263    0.03902    3.09552    0.06546
   1495.00000    0.49548    0.03902    3.22298    0.05315
   1498.00000    0.45810    0.05021    3.29303    0.03855
   1501.00000    0.54400    0.05732    3.15508    0.03349
   1504.00000    0.53981    0.02983    3.19752    0.06362
   1507.00000    0.49758    0.03107    3.30677    0.05709
   1510.00000    0.52419    0.06483    3.39615    0.03805
   1513.00000    0.47083    0.03708    3.31636    0.05043
   1516.00000    0.45679    0.04512    3.46533    0.06952
   1519.00000    0.45781    0.05189    3.19771    0.03777
   1522.00000    0.52617    0.04873    3.29337    0.03522
   1525.00000    0.54197    0.04271    3.28318    0.06810
   1528.00000    0.54364    0.06407    3.42863    0.04247
   1531.00000    0.52397    0.04835    3.53163    0.07069
   1534.00000    0.52142    0.05208    3.40468    0.05851
   1537.00000    0.60953    0.06551    3.40252    0.04112
   1540.00000    0.59494    0.04851    3.51459    0.03583
   1543.00000    0.47427    0.07811    3.32656    0.07246
   1546.00000    0.49548    0.06091    3.41187    0.07128
   1549.00000    0.59014    0.03773    3.28468    0.03430
   1552.00000    0.54823    0.06379    3.25371    0.04795
   1555.00000    0.69485    0.06021    3.29244    0.05833
   1558.00000    0.53821    0.05088    3.37255    0.05038
   1561.00000    0.58013    0.05226    3.33984    0.03561
   1564.00000    0.64720    0.07411    3.44150    0.05253
   1567.00000    0.58863    0.06301    3.33407    0.05027
   1570.00000    0.59703    0.04571    3.10830    0.05788
   1573.00000    0.62682    0.05706    3.13718    0.07530
   1576.00000    0.56731    0.05478    3.22325    0.05055
   1579.00000    0.51759    0.05803    3.14658    0.05754
