## Time Delay Challenge light curves
##
## [time]=days, [lc]=[err]=flux in nanomaggies
##
##       time       lc_A      err_A       lc_B      err_B
##-------------------------------------------------------
      1.00000    2.66897    0.05989    3.42225    0.05856
      4.00000    2.60340    0.05202    3.49615    0.03930
      7.00000    2.69541    0.06594    3.50648    0.05451
     10.00000    2.61053    0.05424    3.51606    0.04178
     13.00000    2.51808    0.06700    3.59186    0.02774
     16.00000    2.61508    0.03982    3.58063    0.04976
     19.00000    2.57209    0.04889    3.62040    0.08994
     22.00000    2.57010    0.05356    3.56363    0.06530
     25.00000    2.57911    0.03767    3.58087    0.01330
     28.00000    2.52799    0.04748    3.66085    0.07210
     31.00000    2.59898    0.07365    3.62808    0.07716
     34.00000    2.62688    0.04345    3.58651    0.02866
     37.00000    2.54316    0.07638    3.38173    0.06441
     40.00000    2.49153    0.06434    3.53033    0.06055
     43.00000    2.58229    0.07641    3.53845    0.03779
     46.00000    2.55282    0.02919    3.52216    0.04951
     49.00000    2.69377    0.06640    3.58805    0.02687
     52.00000    2.58134    0.02399    3.44853    0.07869
     55.00000    2.68237    0.05895    3.53128    0.04419
     58.00000    2.59007    0.04056    3.59600    0.06445
     61.00000    2.58160    0.01213    3.39226    0.04975
     64.00000    2.50572    0.05281    3.41804    0.05050
     67.00000    2.52521    0.05000    3.43839    0.05599
     70.00000    2.59636    0.06283    3.48263    0.06526
     73.00000    2.65325    0.05936    3.55451    0.06053
     76.00000    2.55733    0.04816    3.48464    0.03368
     79.00000    2.55357    0.06878    3.40005    0.06759
     82.00000    2.46864    0.05283    3.58016    0.04752
     85.00000    2.56138    0.07458    3.51841    0.06127
     88.00000    2.46924    0.05919    3.60397    0.06105
     91.00000    2.38949    0.06495    3.53736    0.04991
     94.00000    2.47875    0.04699    3.58205    0.04164
     97.00000    2.48455    0.07007    3.60941    0.05032
    100.00000    2.50385    0.06125    3.58988    0.05103
    103.00000    2.62724    0.05338    3.53328    0.05362
    106.00000    2.47889    0.05493    3.71879    0.05591
    109.00000    2.46519    0.05556    3.68156    0.04213
    112.00000    2.62475    0.03893    3.56189    0.05248
    115.00000    2.59823    0.05547    3.45819    0.06246
    118.00000    2.54171    0.06328    3.61422    0.06312
    367.00000    2.64550    0.07984    3.66790    0.04881
    370.00000    2.65346    0.04944    3.73699    0.07981
    373.00000    2.71623    0.02946    3.66147    0.01723
    376.00000    2.69620    0.04313    3.56294    0.04904
    379.00000    2.65567    0.06580    3.57108    0.04456
    382.00000    2.70697    0.04239    3.62650    0.05403
    385.00000    2.71910    0.04904    3.60592    0.04110
    388.00000    2.62815    0.07955    3.53049    0.06719
    391.00000    2.66424    0.04992    3.64550    0.06148
    394.00000    2.67844    0.06013    3.69466    0.06434
    397.00000    2.82725    0.06714    3.65559    0.07317
    400.00000    2.70863    0.06649    3.71543    0.04752
    403.00000    2.68925    0.04400    3.68265    0.03862
    406.00000    2.70121    0.04671    3.66352    0.04836
    409.00000    2.60040    0.07992    3.75659    0.04793
    412.00000    2.76056    0.03660    3.60345    0.07571
    415.00000    2.66793    0.04366    3.60548    0.05073
    418.00000    2.75389    0.05885    3.60103    0.06413
    421.00000    2.55762    0.07242    3.49525    0.06163
    424.00000    2.74760    0.05186    3.52931    0.03644
    427.00000    2.75462    0.01343    3.46655    0.05374
    430.00000    2.71887    0.06685    3.57146    0.05478
    433.00000    2.95125    0.07525    3.31533    0.06236
    436.00000    2.84982    0.02129    3.34256    0.10078
    439.00000    2.84938    0.06709    3.50416    0.06232
    442.00000    2.93632    0.04755    3.44298    0.06338
    445.00000    2.84414    0.06623    3.44027    0.05197
    448.00000    2.80813    0.04169    3.40661    0.05933
    451.00000    2.89187    0.06430    3.36616    0.04737
    454.00000    2.69429    0.04928    3.39402    0.06100
    457.00000    2.61434    0.07049    3.33991    0.07415
    460.00000    2.78562    0.03884    3.35112    0.06244
    463.00000    2.72306    0.03169    3.37811    0.02890
    466.00000    2.69868    0.06289    3.54935    0.07573
    469.00000    2.76042    0.02392    3.47415    0.07569
    472.00000    2.77768    0.04531    3.48656    0.05661
    475.00000    2.65384    0.05093    3.45985    0.02788
    478.00000    2.67898    0.04529    3.45975    0.06040
    481.00000    2.78106    0.07495    3.40734    0.04474
    484.00000    2.66727    0.06816    3.41863    0.06722
    733.00000    2.67355    0.05392    3.74749    0.05826
    736.00000    2.64034    0.05513    3.69582    0.03575
    739.00000    2.47221    0.06225    3.73669    0.05617
    742.00000    2.42771    0.07649    3.71184    0.02971
    745.00000    2.56590    0.05090    3.75796    0.05095
    748.00000    2.55255    0.01571    3.64150    0.07695
    751.00000    2.57852    0.02444    3.76473    0.05212
    754.00000    2.55598    0.07526    3.81615    0.06573
    757.00000    2.45780    0.05942    3.71150    0.07126
    760.00000    2.59019    0.05233    3.76218    0.05381
    763.00000    2.62609    0.03951    3.68431    0.05746
    766.00000    2.55133    0.05077    3.72480    0.04498
    769.00000    2.50131    0.04100    3.74767    0.06587
    772.00000    2.63277    0.03947    3.77430    0.05853
    775.00000    2.47016    0.03439    3.98315    0.04501
    778.00000    2.49060    0.05393    4.06362    0.05593
    781.00000    2.44338    0.06002    4.04039    0.05814
    784.00000    2.47131    0.05563    4.09686    0.03683
    787.00000    2.52990    0.06263    4.06838    0.05096
    790.00000    2.55565    0.06868    4.07377    0.04928
    793.00000    2.51955    0.06174    4.09705    0.06790
    796.00000    2.65442    0.07135    4.02607    0.05258
    799.00000    2.61553    0.05604    4.15771    0.05114
    802.00000    2.67606    0.07003    3.90858    0.08304
    805.00000    2.76760    0.05233    4.17556    0.03224
    808.00000    2.62322    0.04594    4.07880    0.08793
    811.00000    2.60319    0.03815    3.93245    0.03864
    814.00000    2.57347    0.06253    3.90365    0.06506
    817.00000    2.62183    0.05322    3.99227    0.08664
    820.00000    2.64365    0.05381    3.84206    0.04452
    823.00000    2.66705    0.01754    4.03423    0.04507
    826.00000    2.71118    0.04593    3.97202    0.07575
    829.00000    2.63576    0.05650    4.17258    0.04364
    832.00000    2.77978    0.04052    4.14517    0.03326
    835.00000    2.62078    0.05910    4.05774    0.07014
    838.00000    2.64712    0.05323    4.17093    0.04254
    841.00000    2.78373    0.02933    3.99585    0.05272
    844.00000    2.81824    0.07985    4.05827    0.05685
    847.00000    2.77076    0.09488    4.07598    0.01657
   1096.00000    2.73785    0.06672    3.78847    0.04848
   1099.00000    2.82569    0.04372    3.88602    0.08244
   1102.00000    2.87747    0.04581    3.86568    0.05539
   1105.00000    2.79063    0.06947    3.93927    0.05181
   1108.00000    2.72845    0.03804    3.91037    0.03184
   1111.00000    2.75111    0.04795    3.75906    0.06499
   1114.00000    2.78266    0.05033    3.96380    0.04893
   1117.00000    2.72640    0.06009    3.81650    0.08071
   1120.00000    2.84815    0.03266    4.05014    0.06618
   1123.00000    2.78383    0.04619    3.84834    0.04890
   1126.00000    2.75553    0.05928    3.88046    0.06781
   1129.00000    2.72610    0.07241    4.04696    0.05908
   1132.00000    2.72262    0.04409    3.96490    0.03239
   1135.00000    2.73254    0.04898    3.86321    0.02793
   1138.00000    2.80784    0.04079    3.79657    0.08075
   1141.00000    2.77776    0.05626    3.72559    0.04249
   1144.00000    2.78968    0.04651    3.86098    0.07274
   1147.00000    2.68662    0.05451    3.88322    0.06953
   1150.00000    2.80181    0.03446    3.83412    0.06449
   1153.00000    2.74296    0.04375    3.95493    0.05440
   1156.00000    2.68544    0.05320    3.98896    0.05925
   1159.00000    2.92027    0.05018    4.05349    0.06692
   1162.00000    2.86971    0.06053    3.90754    0.05860
   1165.00000    2.82604    0.03976    3.96135    0.05654
   1168.00000    2.77360    0.06868    3.93239    0.03664
   1171.00000    2.91273    0.03943    3.99446    0.03784
   1174.00000    2.86311    0.07945    3.93617    0.04698
   1177.00000    2.77273    0.03355    3.94193    0.07488
   1180.00000    2.81127    0.04159    4.02080    0.02779
   1183.00000    2.85005    0.04574    3.96202    0.05267
   1186.00000    2.93947    0.05268    3.95244    0.05643
   1189.00000    2.72204    0.02965    4.01911    0.00807
   1192.00000    2.75387    0.06960    3.99444    0.04562
   1195.00000    2.76316    0.04428    3.98925    0.05763
   1198.00000    2.80712    0.06293    4.02169    0.05812
   1201.00000    2.80800    0.03271    4.04589    0.02081
   1204.00000    2.84006    0.07572    4.13166    0.04388
   1207.00000    2.79336    0.05758    4.05596    0.06526
   1210.00000    2.81387    0.06676    4.01800    0.03668
   1213.00000    2.90755    0.03864    3.94044    0.04585
   1462.00000    2.68920    0.06307    3.73192    0.03614
   1465.00000    2.76478    0.07446    3.71067    0.02151
   1468.00000    2.73790    0.06619    3.54228    0.04982
   1471.00000    2.71925    0.02640    3.54224    0.03335
   1474.00000    2.92762    0.10729    3.55074    0.06300
   1477.00000    2.78413    0.05623    3.57778    0.06168
   1480.00000    2.69264    0.05206    3.57484    0.05237
   1483.00000    2.70522    0.04826    3.51128    0.06050
   1486.00000    2.75529    0.01107    3.36946    0.04496
   1489.00000    2.75803    0.05956    3.45482    0.05159
   1492.00000    2.74910    0.08006    3.41516    0.04233
   1495.00000    2.77292    0.03472    3.48735    0.06121
   1498.00000    2.68248    0.02426    3.37542    0.05078
   1501.00000    2.64517    0.06361    3.46525    0.06804
   1504.00000    2.73144    0.03330    3.47633    0.09210
   1507.00000    2.78787    0.03015    3.56106    0.05670
   1510.00000    2.79555    0.02066    3.52655    0.03976
   1513.00000    2.73388    0.04284    3.44038    0.05838
   1516.00000    2.79230    0.02362    3.44959    0.05612
   1519.00000    2.83102    0.05745    3.38070    0.04124
   1522.00000    2.82837    0.05012    3.46207    0.06582
   1525.00000    2.94727    0.07818    3.46336    0.04073
   1528.00000    2.81733    0.05690    3.37554    0.06481
   1531.00000    2.80389    0.04969    3.43567    0.04198
   1534.00000    2.70793    0.07715    3.40052    0.06669
   1537.00000    2.76803    0.06396    3.35920    0.03391
   1540.00000    2.69079    0.06739    3.37156    0.02320
   1543.00000    2.72508    0.03503    3.43093    0.08150
   1546.00000    2.74490    0.03396    3.48326    0.07320
   1549.00000    2.72563    0.04992    3.44969    0.05199
   1552.00000    2.70883    0.04983    3.36902    0.04578
   1555.00000    2.67885    0.05603    3.33957    0.06330
   1558.00000    2.59594    0.05619    3.42552    0.04370
   1561.00000    2.60660    0.05399    3.29420    0.08179
   1564.00000    2.58528    0.07140    3.53458    0.05195
   1567.00000    2.75682    0.04871    3.49894    0.04587
   1570.00000    2.67067    0.04581    3.46848    0.05131
   1573.00000    2.76239    0.05455    3.63104    0.06090
   1576.00000    2.62721    0.04025    3.40852    0.03798
   1579.00000    2.53162    0.07059    3.43665    0.04556
