## Time Delay Challenge light curves
##
## [time]=days, [lc]=[err]=flux in nanomaggies
##
##       time       lc_A      err_A       lc_B      err_B
##-------------------------------------------------------
      1.00000    4.48795    0.02791   17.06513    0.04629
      4.00000    4.15238    0.05364   17.55615    0.06001
      7.00000    4.55996    0.04192   16.72965    0.03671
     10.00000    4.63421    0.06576   16.11214    0.03697
     13.00000    4.28564    0.08024   17.05050    0.04463
     16.00000    4.41174    0.03834   18.59581    0.04997
     19.00000    4.53862    0.05166   17.84645    0.05136
     22.00000    4.63151    0.05637   18.74212    0.03618
     25.00000    4.94374    0.03561   18.12937    0.04767
     28.00000    4.45406    0.05440   18.77684    0.03891
     31.00000    5.10786    0.06253   19.31885    0.06517
     34.00000    4.98660    0.05865   17.09758    0.04606
     37.00000    5.20737    0.04639   18.35102    0.07910
     40.00000    5.01785    0.07005   18.11776    0.06712
     43.00000    4.81650    0.05320   17.15750    0.03949
     46.00000    4.72242    0.07796   16.82466    0.06574
     49.00000    4.70093    0.06727   15.59439    0.07528
     52.00000    4.58755    0.03615   14.73762    0.05116
     55.00000    4.22273    0.06323   14.02411    0.07707
     58.00000    3.72593    0.04891   14.45349    0.02941
     61.00000    3.83060    0.06044   12.94801    0.03644
     64.00000    3.74270    0.06646   13.30374    0.04998
     67.00000    3.74334    0.08240   13.63249    0.06552
     70.00000    3.64147    0.03371   13.79979    0.03245
     73.00000    3.87257    0.05442   13.96383    0.05331
     76.00000    3.85801    0.04390   14.01050    0.06552
     79.00000    4.08772    0.07400   14.59785    0.05302
     82.00000    4.01179    0.04276   15.52038    0.04878
     85.00000    3.92991    0.07440   16.62879    0.07175
     88.00000    4.32318    0.08681   16.28902    0.03044
     91.00000    4.19913    0.06515   15.90846    0.03605
     94.00000    4.77022    0.06478   17.54130    0.05233
     97.00000    4.64008    0.07423   17.35040    0.08763
    100.00000    4.65394    0.06596   17.50291    0.03278
    103.00000    4.63810    0.07427   16.65762    0.07024
    106.00000    4.84691    0.04221   18.96498    0.07372
    109.00000    4.74490    0.02173   20.07753    0.08574
    112.00000    4.68886    0.07215   19.65787    0.06620
    115.00000    5.45530    0.02721   17.63175    0.07174
    118.00000    5.25868    0.08360   17.26487    0.03981
    367.00000    6.74573    0.04420   26.09599    0.06663
    370.00000    6.59550    0.03359   25.70544    0.05241
    373.00000    7.08929    0.06064   27.40274    0.04296
    376.00000    6.80468    0.07170   23.85877    0.04420
    379.00000    8.43211    0.06937   21.67003    0.07313
    382.00000    7.80308    0.06628   19.11620    0.06399
    385.00000    6.97547    0.06132   18.01245    0.04269
    388.00000    6.19578    0.06876   19.27258    0.04486
    391.00000    5.43478    0.08005   20.56136    0.07495
    394.00000    5.48017    0.04182   20.02791    0.05947
    397.00000    5.92050    0.06397   17.84106    0.05744
    400.00000    5.82013    0.04757   17.39826    0.04176
    403.00000    5.70817    0.04314   20.58542    0.08361
    406.00000    5.25012    0.04356   20.05849    0.04155
    409.00000    5.32751    0.05790   21.67486    0.04344
    412.00000    6.00751    0.08129   21.87350    0.06909
    415.00000    5.86478    0.05131   18.61715    0.05156
    418.00000    6.73995    0.04604   20.54803    0.06762
    421.00000    5.99636    0.04643   19.90913    0.07652
    424.00000    6.20525    0.07779   20.10440    0.06491
    427.00000    6.32603    0.05916   18.59540    0.03616
    430.00000    5.67698    0.06325   19.97850    0.07954
    433.00000    5.76612    0.05378   21.65392    0.04574
    436.00000    5.42681    0.06156   23.30093    0.06715
    439.00000    6.31184    0.05555   24.67085    0.04796
    442.00000    6.38096    0.05931   23.50689    0.06073
    445.00000    7.11970    0.02333   20.24345    0.04987
    448.00000    7.27225    0.04590   21.59055    0.04918
    451.00000    6.63773    0.06258   21.10375    0.06835
    454.00000    6.16693    0.03750   20.95195    0.06026
    457.00000    6.27678    0.07271   22.17083    0.03352
    460.00000    6.23257    0.03802   21.86239    0.05787
    463.00000    5.91768    0.02485   21.21778    0.06735
    466.00000    6.86648    0.07028   22.69948    0.01964
    469.00000    5.90655    0.02716   23.09611    0.05523
    472.00000    7.19966    0.06109   23.78594    0.03966
    475.00000    6.79607    0.07358   20.18958    0.04074
    478.00000    7.04343    0.08466   23.49401    0.05588
    481.00000    6.36188    0.06363   23.77552    0.03902
    484.00000    6.43787    0.03597   24.61147    0.04880
    733.00000    4.86527    0.04085   20.23558    0.03327
    736.00000    4.66102    0.05518   19.84948    0.05540
    739.00000    4.95870    0.05366   19.74435    0.04291
    742.00000    5.31022    0.04164   21.01877    0.04170
    745.00000    5.50328    0.05369   23.88965    0.06773
    748.00000    5.54600    0.04149   22.96399    0.03773
    751.00000    5.83661    0.07138   21.79005    0.05903
    754.00000    6.10774    0.06556   22.67773    0.04781
    757.00000    5.92437    0.04642   20.71705    0.05005
    760.00000    6.12695    0.07244   20.59070    0.05749
    763.00000    5.24266    0.08660   20.61051    0.03482
    766.00000    5.53826    0.02850   19.71108    0.07157
    769.00000    5.71194    0.06176   20.07023    0.06623
    772.00000    5.24236    0.05141   20.59465    0.05979
    775.00000    5.49921    0.05959   21.49683    0.05578
    778.00000    5.15972    0.05477   19.39525    0.04361
    781.00000    5.70250    0.04137   20.43067    0.05126
    784.00000    5.75443    0.06608   20.84761    0.07356
    787.00000    4.97850    0.03948   21.94595    0.06288
    790.00000    5.70940    0.05781   22.28195    0.05952
    793.00000    5.51352    0.06408   26.37753    0.04845
    796.00000    5.91785    0.06294   28.77707    0.05646
    799.00000    6.52655    0.06080   26.96633    0.03775
    802.00000    6.97915    0.07778   26.37857    0.08585
    805.00000    7.23780    0.05471   28.16102    0.03117
    808.00000    7.03709    0.03290   29.76361    0.03880
    811.00000    7.06710    0.03679   29.52111    0.04711
    814.00000    7.52433    0.03668   32.64384    0.07562
    817.00000    7.56657    0.03312   40.98602    0.06292
    820.00000    7.96833    0.04883   41.69026    0.07470
    823.00000    9.04034    0.04567   42.25943    0.06878
    826.00000   11.24815    0.02357   44.05299    0.07856
    829.00000   11.20720    0.02161   41.71911    0.06822
    832.00000   11.27187    0.02825   41.89296    0.04021
    835.00000   11.32626    0.03563   35.56413    0.04854
    838.00000   10.54587    0.03870   35.54651    0.08578
    841.00000   10.17946    0.06333   33.49113    0.03061
    844.00000    9.04834    0.05821   35.76459    0.01835
    847.00000    9.28400    0.05859   38.13374    0.02639
   1096.00000    7.87868    0.07839   24.58773    0.02078
   1099.00000    7.55009    0.04950   25.91759    0.05874
   1102.00000    6.81783    0.03628   28.33050    0.05480
   1105.00000    6.45134    0.04773   30.71725    0.07170
   1108.00000    6.99605    0.06567   34.30129    0.05571
   1111.00000    7.76317    0.04081   33.54583    0.04576
   1114.00000    8.67909    0.04457   29.13473    0.03742
   1117.00000    9.13915    0.06532   26.12823    0.05121
   1120.00000    8.03596    0.05013   26.64653    0.03523
   1123.00000    7.27691    0.06322   27.77619    0.03970
   1126.00000    7.24566    0.03734   29.23698    0.07948
   1129.00000    6.79978    0.06175   26.69889    0.05341
   1132.00000    7.75428    0.05907   26.76735    0.01270
   1135.00000    7.64778    0.02872   29.39197    0.05385
   1138.00000    6.90615    0.07529   27.26103    0.02993
   1141.00000    7.45209    0.03869   23.82973    0.04238
   1144.00000    7.51907    0.03810   25.48965    0.05522
   1147.00000    6.45414    0.05354   24.21910    0.07600
   1150.00000    6.58178    0.06953   23.06919    0.04473
   1153.00000    6.28683    0.06970   25.07343    0.09456
   1156.00000    6.27531    0.07791   27.79519    0.06822
   1159.00000    6.79561    0.02674   28.21552    0.03777
   1162.00000    7.14258    0.05066   30.34977    0.04583
   1165.00000    7.27125    0.07498   25.74483    0.06645
   1168.00000    7.78226    0.04813   26.29909    0.04550
   1171.00000    8.05088    0.04892   27.10092    0.05089
   1174.00000    6.81229    0.03162   25.00315    0.08360
   1177.00000    7.15776    0.06473   24.62013    0.06026
   1180.00000    7.08735    0.06876   24.53184    0.05547
   1183.00000    6.52524    0.04242   21.66848    0.05298
   1186.00000    6.71181    0.05062   22.10924    0.06099
   1189.00000    6.29034    0.04184   22.50897    0.07221
   1192.00000    6.29019    0.05110   21.03922    0.04123
   1195.00000    5.58810    0.02186   22.08896    0.07329
   1198.00000    5.77631    0.05311   21.66452    0.07497
   1201.00000    5.53978    0.05313   22.22344    0.06579
   1204.00000    5.55087    0.04626   19.46150    0.02239
   1207.00000    5.49074    0.06406   17.64683    0.05755
   1210.00000    5.53437    0.05824   19.56758    0.06962
   1213.00000    5.24087    0.04556   19.59926    0.06713
   1462.00000    4.62354    0.06341   16.65912    0.05877
   1465.00000    4.64191    0.02433   15.50576    0.02921
   1468.00000    4.18264    0.07999   17.04632    0.06069
   1471.00000    4.42173    0.04710   17.69260    0.02782
   1474.00000    4.04711    0.07402   16.94664    0.03334
   1477.00000    4.40492    0.05374   21.68515    0.05136
   1480.00000    4.49009    0.04380   23.44579    0.05642
   1483.00000    4.80602    0.04130   23.34504    0.04525
   1486.00000    5.94441    0.02888   26.33903    0.02716
   1489.00000    6.27602    0.03816   26.86552    0.05880
   1492.00000    6.76800    0.01690   24.74398    0.04420
   1495.00000    6.62316    0.04925   31.05944    0.04498
   1498.00000    6.78029    0.07411   28.67507    0.03737
   1501.00000    6.74438    0.03415   26.95503    0.03718
   1504.00000    7.65272    0.04325   27.28256    0.06001
   1507.00000    7.07871    0.03867   28.07794    0.05455
   1510.00000    6.65057    0.08197   28.55204    0.07210
   1513.00000    7.13546    0.04034   31.39292    0.03859
   1516.00000    7.74793    0.03960   32.52990    0.05565
   1519.00000    7.35453    0.07725   31.01472    0.06874
   1522.00000    8.07723    0.04830   27.48879    0.03963
   1525.00000    8.62153    0.05847   30.76887    0.06344
   1528.00000    7.72303    0.04734   30.59357    0.04504
   1531.00000    7.94092    0.06423   30.11601    0.06827
   1534.00000    7.68484    0.03455   26.93037    0.05682
   1537.00000    7.86676    0.03020   22.60810    0.06600
   1540.00000    7.26847    0.03479   21.28882    0.05755
   1543.00000    6.75824    0.05243   22.92142    0.04084
   1546.00000    6.01456    0.06589   23.07102    0.03415
   1549.00000    5.71294    0.06103   23.60509    0.06165
   1552.00000    6.33636    0.05250   24.19498    0.03966
   1555.00000    5.79330    0.04783   24.04502    0.06520
   1558.00000    6.30567    0.03395   22.68800    0.06308
   1561.00000    6.49082    0.04823   23.53338    0.05673
   1564.00000    6.41916    0.06322   22.65489    0.06369
   1567.00000    6.11509    0.07999   22.23198    0.04244
   1570.00000    6.32280    0.06050   23.97769    0.04815
   1573.00000    6.03735    0.07094   22.29389    0.03579
   1576.00000    5.86168    0.06212   25.00417    0.03816
   1579.00000    6.17753    0.07374   24.18857    0.03341
