## Time Delay Challenge light curves
##
## [time]=days, [lc]=[err]=flux in nanomaggies
##
##       time       lc_A      err_A       lc_B      err_B
##-------------------------------------------------------
      1.00000    0.84322    0.04291   -0.02009    0.06989
      4.00000    0.80228    0.06911    0.12689    0.04941
      7.00000    0.78174    0.04436    0.03367    0.04984
     10.00000    0.72815    0.04275    0.15818    0.05903
     13.00000    0.78370    0.05751   -0.01217    0.05705
     16.00000    0.76534    0.05541    0.09784    0.06799
     19.00000    0.68039    0.04947    0.11964    0.04043
     22.00000    0.77351    0.02133    0.09351    0.02432
     25.00000    0.69735    0.04454    0.11983    0.08299
     28.00000    0.72100    0.04554    0.04194    0.04269
     31.00000    0.78204    0.04402    0.12683    0.05619
     34.00000    0.74095    0.02679    0.08241    0.04286
     37.00000    0.76243    0.04349    0.15774    0.04025
     40.00000    0.68256    0.04461    0.02703    0.06344
     43.00000    0.80365    0.07154    0.09628    0.05793
     46.00000    0.64073    0.03896    0.00151    0.05921
     49.00000    0.67740    0.06274    0.07887    0.05142
     52.00000    0.67418    0.03894    0.07284    0.05358
     55.00000    0.64592    0.04928    0.11413    0.04530
     58.00000    0.68138    0.09556    0.06720    0.05249
     61.00000    0.68089    0.03941    0.16713    0.06023
     64.00000    0.65085    0.03954    0.11825    0.05801
     67.00000    0.68312    0.03956    0.05485    0.06088
     70.00000    0.66930    0.05229    0.01979    0.04600
     73.00000    0.76087    0.05158    0.00663    0.05291
     76.00000    0.75103    0.03282    0.08624    0.04195
     79.00000    0.66271    0.06150    0.17160    0.07070
     82.00000    0.81674    0.04859    0.03810    0.03272
     85.00000    0.68608    0.06074    0.06518    0.03235
     88.00000    0.79681    0.05201    0.08664    0.01742
     91.00000    0.75801    0.05759    0.06558    0.04371
     94.00000    0.77268    0.02283    0.04892    0.02450
     97.00000    0.71785    0.05184    0.14479    0.04238
    100.00000    0.77765    0.03676    0.08791    0.04974
    103.00000    0.81117    0.05272    0.05567    0.04918
    106.00000    0.74467    0.07290    0.22395    0.06880
    109.00000    0.82077    0.05974    0.09019    0.02839
    112.00000    0.79484    0.03479    0.20822    0.07785
    115.00000    0.85549    0.04926    0.15530    0.04895
    118.00000    0.80303    0.06835    0.08351    0.03645
    367.00000    0.86334    0.05305    0.08396    0.03707
    370.00000    0.89339    0.06826    0.18209    0.04955
    373.00000    0.87292    0.05032    0.07081    0.04918
    376.00000    0.91527    0.06158    0.05567    0.05667
    379.00000    0.86897    0.03998    0.19997    0.06676
    382.00000    0.74407    0.05360    0.09659    0.01551
    385.00000    0.83452    0.05822    0.11768    0.06748
    388.00000    0.91235    0.06222    0.07607    0.02188
    391.00000    0.78508    0.04614    0.05748    0.06350
    394.00000    0.83645    0.03696    0.04555    0.04159
    397.00000    0.93061    0.04600    0.11855    0.05472
    400.00000    0.94367    0.03698    0.01885    0.05470
    403.00000    0.90935    0.06476    0.00373    0.05762
    406.00000    0.88532    0.05548    0.22993    0.05987
    409.00000    0.88399    0.02891    0.07549    0.05104
    412.00000    0.80279    0.01944    0.16757    0.04746
    415.00000    0.86832    0.03621    0.14025    0.06637
    418.00000    0.83433    0.05116   -0.03010    0.06416
    421.00000    0.83235    0.04126   -0.00700    0.05890
    424.00000    0.79076    0.04100    0.16288    0.04355
    427.00000    0.84545    0.07440    0.07134    0.03508
    430.00000    0.73862    0.04860    0.05273    0.03485
    433.00000    0.82754    0.06225    0.17047    0.05896
    436.00000    0.85237    0.04550    0.14303    0.04922
    439.00000    0.72207    0.03863   -0.01828    0.04693
    442.00000    0.69648    0.05529    0.07080    0.02394
    445.00000    0.66386    0.06216    0.03393    0.06171
    448.00000    0.74057    0.02671    0.22139    0.06109
    451.00000    0.76312    0.05331    0.18916    0.06548
    454.00000    0.76853    0.03420    0.10064    0.05750
    457.00000    0.70296    0.07335    0.02623    0.03740
    460.00000    0.75874    0.04557    0.08359    0.04239
    463.00000    0.73785    0.03696    0.14103    0.04498
    466.00000    0.72378    0.05375    0.05689    0.07166
    469.00000    0.66853    0.05741    0.05059    0.03474
    472.00000    0.64729    0.04566    0.08441    0.06968
    475.00000    0.71601    0.05002    0.09605    0.05642
    478.00000    0.65173    0.06987    0.10722    0.05462
    481.00000    0.76795    0.03039    0.03839    0.05051
    484.00000    0.79903    0.03275    0.11994    0.06843
    733.00000    0.94305    0.02236    0.08124    0.02201
    736.00000    1.04538    0.06614    0.11110    0.06731
    739.00000    1.04372    0.03748    0.14312    0.04997
    742.00000    1.03520    0.06537    0.10730    0.05262
    745.00000    0.95955    0.07073    0.10838    0.03963
    748.00000    0.97582    0.05328    0.10887    0.04611
    751.00000    0.94688    0.05451    0.08033    0.05132
    754.00000    1.02934    0.03213    0.03308    0.06092
    757.00000    1.03506    0.06397   -0.00552    0.08350
    760.00000    0.94611    0.05931    0.08190    0.03968
    763.00000    0.98741    0.06717    0.19623    0.05287
    766.00000    0.84376    0.05891    0.22851    0.07355
    769.00000    0.91965    0.05772   -0.05776    0.06937
    772.00000    0.91800    0.07067   -0.01006    0.06972
    775.00000    0.87786    0.06657    0.09470    0.03099
    778.00000    0.94030    0.03082    0.03600    0.05612
    781.00000    0.92238    0.05013    0.11135    0.03829
    784.00000    1.04260    0.06752    0.15549    0.04656
    787.00000    1.02440    0.04506    0.14532    0.03790
    790.00000    1.08503    0.04271    0.09067    0.05437
    793.00000    0.98469    0.07921    0.10469    0.02043
    796.00000    1.00678    0.06561    0.12259    0.02044
    799.00000    1.04037    0.03656    0.16655    0.07443
    802.00000    0.95497    0.05173    0.17677    0.04450
    805.00000    0.90935    0.04641    0.09170    0.04204
    808.00000    1.00675    0.05955    0.12254    0.05172
    811.00000    0.88222    0.04671    0.08173    0.04440
    814.00000    0.89834    0.05170    0.18253    0.06709
    817.00000    0.98582    0.05052    0.03984    0.06866
    820.00000    0.93879    0.04645    0.07797    0.04069
    823.00000    0.80680    0.04607    0.13749    0.03856
    826.00000    0.88235    0.03876    0.20009    0.05781
    829.00000    0.76432    0.06644    0.15518    0.07197
    832.00000    0.73889    0.05397    0.09428    0.06265
    835.00000    0.79285    0.05982    0.10150    0.03810
    838.00000    0.93763    0.04355    0.13173    0.06743
    841.00000    0.91938    0.05786    0.07456    0.03541
    844.00000    0.88026    0.02211    0.14126    0.04669
    847.00000    0.76100    0.06464    0.07208    0.03232
   1096.00000    0.73513    0.06397    0.07306    0.07375
   1099.00000    0.87160    0.06020    0.10080    0.03222
   1102.00000    0.79822    0.07235    0.08520    0.05951
   1105.00000    0.80696    0.06259    0.09383    0.03161
   1108.00000    0.86729    0.06732    0.15004    0.05922
   1111.00000    0.74351    0.05957    0.12421    0.07065
   1114.00000    0.76160    0.06376    0.15690    0.04039
   1117.00000    0.87110    0.06397    0.21241    0.06623
   1120.00000    1.06722    0.07841    0.13669    0.04977
   1123.00000    0.86924    0.08546    0.10937    0.02980
   1126.00000    1.00527    0.04514    0.10983    0.04639
   1129.00000    0.90305    0.06717    0.08257    0.03579
   1132.00000    1.02579    0.05126    0.12365    0.07987
   1135.00000    0.98961    0.06605    0.12656    0.06076
   1138.00000    1.04190    0.02834    0.02947    0.07366
   1141.00000    0.96247    0.05238    0.10751    0.06225
   1144.00000    0.90558    0.05890    0.08835    0.05671
   1147.00000    0.93208    0.03230    0.19334    0.05986
   1150.00000    0.96326    0.05789    0.11339    0.04765
   1153.00000    1.01653    0.06362    0.15667    0.06462
   1156.00000    0.86735    0.05490    0.13358    0.06551
   1159.00000    0.91817    0.03110    0.09414    0.03318
   1162.00000    0.90623    0.04444    0.06600    0.07560
   1165.00000    0.87905    0.03299   -0.03327    0.09575
   1168.00000    0.98123    0.05438    0.09490    0.06086
   1171.00000    0.85537    0.05329    0.14066    0.04389
   1174.00000    0.85826    0.06842    0.15931    0.04543
   1177.00000    0.94847    0.03886    0.08829    0.03412
   1180.00000    1.01288    0.06908    0.03913    0.06477
   1183.00000    0.90601    0.04989    0.14981    0.07452
   1186.00000    0.94995    0.07228    0.09488    0.04413
   1189.00000    0.91307    0.04254    0.08899    0.05253
   1192.00000    1.10425    0.06418    0.14675    0.07033
   1195.00000    0.99239    0.05881    0.01572    0.09716
   1198.00000    0.92919    0.03824   -0.05670    0.07818
   1201.00000    1.08720    0.06595    0.11165    0.03350
   1204.00000    0.90742    0.05534    0.08313    0.06375
   1207.00000    0.92833    0.03417    0.23308    0.06656
   1210.00000    0.88501    0.05395    0.16172    0.04806
   1213.00000    0.98975    0.05635    0.07380    0.04832
   1462.00000    0.85457    0.04634    0.08957    0.07695
   1465.00000    0.89678    0.02420    0.18375    0.05264
   1468.00000    0.80333    0.05699    0.12874    0.03571
   1471.00000    0.93691    0.03117    0.06188    0.05175
   1474.00000    0.92968    0.04063    0.17157    0.04485
   1477.00000    0.95829    0.05648    0.23688    0.07281
   1480.00000    0.93135    0.06150    0.19880    0.05098
   1483.00000    1.03355    0.03687    0.11662    0.02977
   1486.00000    0.93830    0.05216    0.20523    0.04423
   1489.00000    0.89392    0.04586    0.03575    0.05884
   1492.00000    0.83347    0.05109    0.07118    0.06211
   1495.00000    0.72153    0.06244    0.02954    0.06189
   1498.00000    0.79380    0.05466    0.05920    0.05775
   1501.00000    0.89040    0.06359    0.21684    0.06093
   1504.00000    0.81834    0.07096    0.09787    0.04232
   1507.00000    0.79325    0.05059    0.10629    0.04184
   1510.00000    0.87522    0.04029    0.14994    0.05079
   1513.00000    0.82219    0.05625    0.07875    0.04965
   1516.00000    0.67424    0.05172    0.24276    0.05146
   1519.00000    0.74536    0.05537    0.13031    0.05694
   1522.00000    0.73667    0.05990    0.11757    0.05540
   1525.00000    0.85408    0.06525    0.05473    0.04916
   1528.00000    0.68290    0.05937    0.16181    0.04348
   1531.00000    0.83900    0.06046    0.13495    0.04128
   1534.00000    0.73826    0.03831    0.13279    0.03842
   1537.00000    0.74888    0.05997    0.17047    0.05228
   1540.00000    0.69700    0.07024    0.08143    0.05857
   1543.00000    0.71927    0.05265    0.31777    0.06755
   1546.00000    0.72293    0.05320    0.07762    0.06623
   1549.00000    0.64972    0.05546    0.10402    0.03732
   1552.00000    0.78900    0.04997    0.17410    0.05785
   1555.00000    0.77792    0.05015    0.08293    0.04718
   1558.00000    0.72046    0.02211    0.13449    0.04523
   1561.00000    0.81792    0.05269    0.16620    0.03517
   1564.00000    0.80792    0.06394    0.14411    0.05197
   1567.00000    0.82078    0.04215    0.12916    0.02857
   1570.00000    0.87948    0.04310    0.12330    0.03062
   1573.00000    0.85802    0.04426    0.13146    0.03815
   1576.00000    0.92374    0.04634    0.10772    0.03667
   1579.00000    0.95979    0.03444    0.14152    0.07073
