## Time Delay Challenge light curves
##
## [time]=days, [lc]=[err]=flux in nanomaggies
##
##       time       lc_A      err_A       lc_B      err_B
##-------------------------------------------------------
      1.00000   12.58662    0.04478   12.82740    0.05685
      4.00000   12.80628    0.04906   12.96068    0.05052
      7.00000   13.66568    0.05227   12.61075    0.05744
     10.00000   13.67523    0.06806   12.99192    0.05669
     13.00000   13.63271    0.06293   12.61876    0.03995
     16.00000   13.80512    0.03396   12.47341    0.06267
     19.00000   13.60440    0.04289   12.33934    0.04364
     22.00000   13.65938    0.05088   12.49497    0.07597
     25.00000   13.56521    0.03691   12.96811    0.01009
     28.00000   13.63275    0.05578   13.13488    0.06859
     31.00000   13.44338    0.05529   13.20993    0.05450
     34.00000   13.48380    0.06365   13.49191    0.06144
     37.00000   13.30438    0.04379   13.02185    0.04793
     40.00000   13.12902    0.04373   12.99913    0.02728
     43.00000   12.68697    0.04342   12.85753    0.04320
     46.00000   12.18322    0.06471   12.92980    0.03993
     49.00000   11.75686    0.07121   12.75457    0.05891
     52.00000   11.77439    0.04687   12.96936    0.03833
     55.00000   11.83320    0.05846   12.69855    0.02134
     58.00000   12.35585    0.04097   12.69893    0.05899
     61.00000   12.86763    0.06249   12.29459    0.04477
     64.00000   12.46440    0.05672   11.83252    0.04867
     67.00000   12.48679    0.06527   11.24471    0.05183
     70.00000   12.22134    0.04734   11.19946    0.05664
     73.00000   12.15987    0.03025   11.28690    0.05483
     76.00000   11.93775    0.05566   11.81684    0.05562
     79.00000   11.80246    0.04512   12.02271    0.05556
     82.00000   12.22428    0.03844   12.06815    0.05001
     85.00000   12.12481    0.05457   11.78911    0.05745
     88.00000   12.09661    0.07385   11.80891    0.04716
     91.00000   11.68083    0.05649   11.79030    0.04588
     94.00000   11.09592    0.05966   11.25394    0.02710
     97.00000   10.27904    0.03177   11.25170    0.06019
    100.00000   10.09215    0.05604   11.58284    0.04321
    103.00000   10.15703    0.03952   11.64288    0.05845
    106.00000    9.97305    0.04668   11.73085    0.05848
    109.00000   10.43689    0.04962   11.23137    0.05252
    112.00000   10.17790    0.04717   10.56579    0.04081
    115.00000   10.09575    0.01693   10.07073    0.06634
    118.00000   10.22750    0.04289    9.89332    0.07027
    367.00000   12.58618    0.07030   12.23567    0.06198
    370.00000   13.16454    0.04406   11.71978    0.05078
    373.00000   12.99640    0.03225   11.69641    0.04447
    376.00000   13.12339    0.06544   11.74369    0.08030
    379.00000   13.20631    0.06274   12.49741    0.03384
    382.00000   13.37821    0.02001   13.03906    0.05720
    385.00000   13.66199    0.04854   12.60139    0.04440
    388.00000   13.26003    0.06144   13.04198    0.07723
    391.00000   13.38456    0.07145   13.00869    0.07339
    394.00000   13.93716    0.05544   13.12560    0.03595
    397.00000   14.31328    0.04729   13.03793    0.04963
    400.00000   14.70715    0.04583   13.03396    0.05838
    403.00000   14.48846    0.06926   13.40811    0.03052
    406.00000   14.99984    0.05739   13.34271    0.05763
    409.00000   15.11879    0.06563   13.11423    0.03192
    412.00000   14.78289    0.04095   13.41790    0.02445
    415.00000   15.05193    0.04553   14.11569    0.06323
    418.00000   14.34202    0.04900   14.21981    0.03139
    421.00000   14.76340    0.05192   14.42237    0.03718
    424.00000   14.50709    0.04090   14.62555    0.04456
    427.00000   14.78051    0.04896   14.69194    0.05307
    430.00000   14.37693    0.08064   14.79298    0.06772
    433.00000   14.23695    0.01527   14.92302    0.05089
    436.00000   13.64240    0.05007   14.18491    0.05421
    439.00000   12.92990    0.02130   14.90831    0.05717
    442.00000   12.84813    0.03949   14.36184    0.06892
    445.00000   12.70859    0.07178   14.53356    0.03969
    448.00000   12.73333    0.03278   14.29364    0.07192
    451.00000   12.88294    0.07085   14.05678    0.07008
    454.00000   13.11097    0.06241   13.44467    0.05376
    457.00000   13.61214    0.07754   12.80638    0.07348
    460.00000   13.41144    0.06705   12.46839    0.05188
    463.00000   13.33124    0.06227   12.90711    0.05301
    466.00000   13.50031    0.04200   12.76278    0.07969
    469.00000   13.19098    0.05673   12.95528    0.07169
    472.00000   13.59251    0.03534   12.80969    0.06235
    475.00000   13.88090    0.06908   13.19783    0.05217
    478.00000   12.83821    0.04518   13.22852    0.05892
    481.00000   13.30663    0.04590   13.09612    0.05796
    484.00000   13.17677    0.06953   13.10110    0.05114
    733.00000   10.84716    0.06351   11.64170    0.04542
    736.00000   11.31250    0.04899   11.94967    0.04799
    739.00000   11.27462    0.03270   11.59455    0.03205
    742.00000   11.45699    0.06579   10.59672    0.05443
    745.00000   11.28542    0.05819   10.43486    0.06555
    748.00000   11.06036    0.06812   10.20514    0.02811
    751.00000   10.82646    0.05065   10.30274    0.04460
    754.00000   10.75203    0.05770   10.71210    0.02791
    757.00000   10.53268    0.01915   10.53695    0.04791
    760.00000   10.25957    0.06231   10.72124    0.03385
    763.00000    9.85130    0.05304   10.70659    0.03730
    766.00000    9.72934    0.03405   10.49798    0.05837
    769.00000    9.98326    0.06148   10.45335    0.03847
    772.00000   10.13558    0.03241   10.08168    0.04403
    775.00000   10.27921    0.02662    9.91069    0.01847
    778.00000   10.53872    0.06211    9.61126    0.06710
    781.00000   10.55014    0.05826    9.16959    0.06049
    784.00000   11.11132    0.08457    9.07446    0.04844
    787.00000   10.68537    0.02933    9.27891    0.04907
    790.00000   10.83368    0.07223    9.32534    0.03996
    793.00000   11.33550    0.07165    9.36905    0.04101
    796.00000   11.09569    0.05293    9.90864    0.03904
    799.00000   11.20087    0.07657    9.84982    0.04134
    802.00000   11.49755    0.04203   10.27348    0.05208
    805.00000   11.19734    0.03770    9.87731    0.05730
    808.00000   10.66816    0.05312    9.88865    0.07378
    811.00000   10.94940    0.02162   10.45037    0.03517
    814.00000   10.73426    0.06314   10.48044    0.04741
    817.00000   10.46384    0.05551   10.38207    0.05645
    820.00000    9.82234    0.05390   10.88590    0.08380
    823.00000    9.57560    0.03151   10.26175    0.05361
    826.00000    9.68457    0.05123   10.16735    0.06028
    829.00000    9.75883    0.03427   10.08698    0.08664
    832.00000    9.35324    0.04250    9.84925    0.04134
    835.00000    9.41472    0.04634    9.72732    0.06479
    838.00000    9.59508    0.07107    8.95774    0.04100
    841.00000    9.63966    0.05891    8.84521    0.05054
    844.00000    9.93273    0.03870    8.92801    0.05759
    847.00000   10.43834    0.06681    8.98294    0.04922
   1096.00000    5.80407    0.05567    4.76725    0.04715
   1099.00000    6.05757    0.05921    4.91762    0.04524
   1102.00000    6.11584    0.03022    4.97258    0.06963
   1105.00000    6.44606    0.03750    5.22820    0.06576
   1108.00000    6.37323    0.03338    5.44719    0.02990
   1111.00000    6.09808    0.06645    5.26841    0.04798
   1114.00000    6.27522    0.04888    5.24441    0.05493
   1117.00000    6.12299    0.06865    5.39802    0.04029
   1120.00000    6.29550    0.04766    5.46274    0.05799
   1123.00000    6.18755    0.06553    5.68105    0.02149
   1126.00000    6.21911    0.03423    5.72892    0.05304
   1129.00000    6.30533    0.03169    5.44460    0.07634
   1132.00000    6.05253    0.05630    5.75123    0.06443
   1135.00000    6.21432    0.08327    5.38139    0.04171
   1138.00000    6.55098    0.05707    5.59412    0.07628
   1141.00000    6.71600    0.04386    5.53618    0.05675
   1144.00000    6.54306    0.09050    5.54308    0.02742
   1147.00000    6.68650    0.03531    5.51288    0.03343
   1150.00000    6.54419    0.06466    5.46380    0.02519
   1153.00000    6.52625    0.03224    5.61262    0.05857
   1156.00000    6.48817    0.02775    5.82281    0.05752
   1159.00000    6.62128    0.06932    5.97435    0.05380
   1162.00000    6.86883    0.05228    5.76368    0.06736
   1165.00000    7.15210    0.05582    5.86707    0.07191
   1168.00000    7.41781    0.04986    5.70731    0.05243
   1171.00000    7.84372    0.08921    5.70574    0.07241
   1174.00000    7.78789    0.03211    5.89315    0.02685
   1177.00000    7.89592    0.05412    5.72330    0.05676
   1180.00000    7.98616    0.04297    6.17305    0.06646
   1183.00000    8.67446    0.05833    6.19933    0.06612
   1186.00000    8.76011    0.06544    6.58509    0.04365
   1189.00000    9.27321    0.06579    6.82641    0.03469
   1192.00000    9.18397    0.02641    6.85071    0.07220
   1195.00000    9.32104    0.05794    7.09958    0.05809
   1198.00000    9.35821    0.04091    6.90730    0.05110
   1201.00000    9.15812    0.03032    7.54849    0.05973
   1204.00000    9.12884    0.05799    7.59926    0.07133
   1207.00000    8.87806    0.02609    8.12316    0.04756
   1210.00000    8.57066    0.03759    8.08646    0.04217
   1213.00000    8.62821    0.04281    8.21223    0.07818
   1462.00000    4.95084    0.04543    4.51106    0.02415
   1465.00000    4.83731    0.07552    4.55413    0.04746
   1468.00000    4.47914    0.05824    4.45116    0.04640
   1471.00000    4.60828    0.04929    4.43192    0.05544
   1474.00000    4.55312    0.06193    4.47867    0.04009
   1477.00000    4.94048    0.06055    4.45953    0.03251
   1480.00000    5.09078    0.06710    4.24980    0.02409
   1483.00000    4.84922    0.06392    4.12773    0.04013
   1486.00000    4.82808    0.03986    3.84492    0.04083
   1489.00000    4.95274    0.05392    3.92135    0.04331
   1492.00000    5.14571    0.07128    3.97718    0.04320
   1495.00000    5.14066    0.03364    4.08619    0.04903
   1498.00000    5.21727    0.04658    4.36332    0.07060
   1501.00000    5.46124    0.04164    4.18493    0.05604
   1504.00000    5.62931    0.05199    4.05178    0.05758
   1507.00000    5.53662    0.05685    4.08944    0.05927
   1510.00000    5.62024    0.01862    4.22050    0.03712
   1513.00000    5.46778    0.06733    4.34473    0.05793
   1516.00000    5.59150    0.02258    4.43156    0.04115
   1519.00000    5.33064    0.07146    4.58771    0.07412
   1522.00000    5.24426    0.06473    4.75466    0.06622
   1525.00000    5.47613    0.01649    4.76613    0.06151
   1528.00000    5.59223    0.07855    4.74804    0.01927
   1531.00000    5.48905    0.03412    4.61150    0.04839
   1534.00000    5.64290    0.04717    4.76664    0.05545
   1537.00000    5.55332    0.02982    4.64797    0.06794
   1540.00000    5.64437    0.05208    4.58257    0.04381
   1543.00000    5.52769    0.07716    4.66327    0.04753
   1546.00000    5.54995    0.05107    4.61373    0.05499
   1549.00000    5.15737    0.05676    4.75069    0.08288
   1552.00000    5.11213    0.06646    4.79301    0.03381
   1555.00000    5.42333    0.06391    4.69347    0.04226
   1558.00000    5.53406    0.02802    4.89934    0.05610
   1561.00000    5.66887    0.05149    4.66681    0.03970
   1564.00000    5.72565    0.02691    4.70133    0.05537
   1567.00000    5.90153    0.04578    4.39086    0.07665
   1570.00000    6.09397    0.06430    4.33785    0.03202
   1573.00000    5.88762    0.05046    4.46657    0.03072
   1576.00000    5.97608    0.03038    4.70699    0.06641
   1579.00000    5.79421    0.05440    4.78651    0.04820
