## Time Delay Challenge light curves
##
## [time]=days, [lc]=[err]=flux in nanomaggies
##
##       time       lc_A      err_A       lc_B      err_B
##-------------------------------------------------------
      1.00000    1.07028    0.04637    1.13337    0.04521
      4.00000    1.03386    0.03816    1.17698    0.07491
      7.00000    1.14158    0.04193    1.04760    0.07325
     10.00000    1.09518    0.04394    1.04619    0.06094
     13.00000    1.05017    0.03926    1.11457    0.04618
     16.00000    1.03219    0.06150    1.06742    0.05913
     19.00000    1.14715    0.05199    1.05259    0.05925
     22.00000    1.03441    0.03091    1.06911    0.01730
     25.00000    0.99141    0.01447    0.90574    0.07045
     28.00000    1.06298    0.02358    1.06601    0.05705
     31.00000    0.99340    0.03343    0.99122    0.07338
     34.00000    0.84472    0.08206    0.98058    0.06745
     37.00000    0.91791    0.07375    1.09777    0.05249
     40.00000    1.07234    0.04123    0.95723    0.04171
     43.00000    0.99208    0.05769    1.01578    0.06719
     46.00000    1.04343    0.04338    1.01161    0.00214
     49.00000    1.04535    0.06915    0.92768    0.06510
     52.00000    1.13931    0.07097    0.95642    0.05122
     55.00000    0.61487    0.05022    0.71085    0.05086
     58.00000    1.06159    0.05342    1.07693    0.04294
     61.00000    1.11645    0.07708    1.15569    0.03877
     64.00000    1.05743    0.03021    1.03611    0.06107
     67.00000    0.97984    0.06454    1.09425    0.04538
     70.00000    1.01619    0.05776    1.11854    0.08024
     73.00000    1.00244    0.06330    1.04242    0.06351
     76.00000    1.05105    0.07642    0.98335    0.06074
     79.00000    0.99857    0.05048    1.15363    0.06466
     82.00000    0.97565    0.03851    0.93862    0.04495
     85.00000    1.06034    0.02777    1.01729    0.05200
     88.00000    1.03644    0.06766    1.13899    0.07687
     91.00000    1.10408    0.04160    0.98568    0.06919
     94.00000    1.08285    0.03789    1.11467    0.03974
     97.00000    1.19195    0.04148    1.06519    0.02598
    100.00000    1.18805    0.04775    1.09718    0.07895
    103.00000    1.12137    0.04726    1.07683    0.06388
    106.00000    1.11979    0.03160    1.10123    0.06158
    109.00000    1.19142    0.03351    0.97156    0.07141
    112.00000    1.23176    0.06921    1.14524    0.05871
    115.00000    1.09286    0.06480    1.08571    0.05491
    118.00000    1.27557    0.06959    1.00710    0.03024
    367.00000    1.25840    0.04263    1.24126    0.03516
    370.00000    1.30818    0.03892    1.07177    0.06243
    373.00000    1.29534    0.06913    1.17154    0.05174
    376.00000    1.35029    0.07736    1.29972    0.07468
    379.00000    1.43071    0.04608    1.20831    0.04074
    382.00000    1.30947    0.02973    1.14553    0.01969
    385.00000    1.28591    0.06099    1.07427    0.07289
    388.00000    0.53512    0.08443    1.01485    0.03589
    391.00000    1.38397    0.06555    1.26197    0.04202
    394.00000    1.39423    0.05458    1.23465    0.05233
    397.00000    1.35948    0.02184    1.33144    0.05835
    400.00000    1.41839    0.08318    1.21277    0.04903
    403.00000    1.39453    0.04136    1.25494    0.01839
    406.00000    1.42957    0.06920    1.09998    0.05324
    409.00000    1.46171    0.04727    1.26066    0.03754
    412.00000    1.38750    0.04865    1.19089    0.07451
    415.00000    1.33213    0.06546    1.31039    0.06927
    418.00000    1.19292    0.06865    1.24867    0.06032
    421.00000    1.35811    0.03548    1.20964    0.05169
    424.00000    1.37813    0.05001    1.32535    0.05265
    427.00000    1.45968    0.04812    1.37796    0.05977
    430.00000    1.42453    0.04406    1.33323    0.03910
    433.00000    1.32923    0.05551    1.35608    0.06380
    436.00000    1.33025    0.08297    1.47179    0.07126
    439.00000    1.20017    0.06926    1.13073    0.06962
    442.00000    1.44237    0.06065    1.42196    0.06053
    445.00000    1.25768    0.06854    1.31021    0.03087
    448.00000    1.19781    0.05646    1.37028    0.08502
    451.00000    1.22200    0.03603    1.33893    0.03558
    454.00000    1.17420    0.08035    1.36284    0.06978
    457.00000    1.28805    0.04494    1.31827    0.08550
    460.00000    1.29960    0.04351    1.44724    0.04534
    463.00000    1.22125    0.01814    1.35208    0.04914
    466.00000    1.22405    0.04982    1.33418    0.04686
    469.00000    1.20219    0.03725    1.30205    0.06800
    472.00000    1.22984    0.05300    1.37547    0.04871
    475.00000    1.31239    0.06645    1.38401    0.04308
    478.00000    1.22459    0.03506    1.32603    0.07802
    481.00000    1.17460    0.05749    1.39147    0.05845
    484.00000    1.23459    0.05137    1.49885    0.08543
    733.00000    1.18315    0.06040    1.10525    0.04378
    736.00000    1.20506    0.06244    1.06803    0.05278
    739.00000    1.21918    0.04280    1.13550    0.05045
    742.00000    1.12085    0.05192    1.24099    0.08720
    745.00000    1.27836    0.06851    1.19112    0.03785
    748.00000    1.21166    0.03931    1.19395    0.03737
    751.00000    1.18542    0.08293    1.21787    0.02021
    754.00000    1.10193    0.01831    1.19423    0.03711
    757.00000    1.06387    0.04420    1.15230    0.07293
    760.00000    1.14205    0.02647    1.15536    0.05742
    763.00000    1.22025    0.04936    1.14363    0.04569
    766.00000    1.20078    0.05543    1.12138    0.05808
    769.00000    1.42017    0.04875    1.36457    0.05002
    772.00000    1.11078    0.05259    1.17983    0.06970
    775.00000    1.06784    0.03614    1.13700    0.07095
    778.00000    1.11289    0.04802    1.24500    0.04048
    781.00000    1.09652    0.03366    1.20083    0.04118
    784.00000    1.11363    0.05771    1.13804    0.04123
    787.00000    1.11004    0.04162    1.14080    0.05457
    790.00000    1.03220    0.06475    1.10188    0.07233
    793.00000    1.10527    0.01582    1.15758    0.04007
    796.00000    0.81688    0.05788    0.89907    0.06797
    799.00000    1.21600    0.04506    1.16582    0.04671
    802.00000    1.15255    0.04020    1.15359    0.07300
    805.00000    1.19143    0.03323    1.12135    0.03683
    808.00000    1.28169    0.05908    1.07957    0.07889
    811.00000    1.32491    0.07717    1.15335    0.03248
    814.00000    1.24944    0.07665    1.18680    0.04648
    817.00000    1.22728    0.02373    1.12255    0.07192
    820.00000    1.26266    0.04072    1.14184    0.05767
    823.00000    1.29264    0.07248    1.12865    0.07292
    826.00000    1.15420    0.04432    1.19890    0.04239
    829.00000    1.25214    0.04702    1.17419    0.04828
    832.00000    1.17825    0.03819    1.16173    0.05470
    835.00000    1.33742    0.06753    1.11161    0.03071
    838.00000    1.20891    0.05349    1.09038    0.04837
    841.00000    1.17378    0.04941    1.18317    0.04859
    844.00000    1.16118    0.04386    1.15710    0.04600
    847.00000    1.09964    0.05582    1.09500    0.06197
   1096.00000    1.24712    0.02336    1.26616    0.06171
   1099.00000    0.64983    0.09083    0.98133    0.05681
   1102.00000    1.19937    0.04322    1.21332    0.06340
   1105.00000    1.23069    0.06838    1.27901    0.04977
   1108.00000    1.28351    0.03685    1.21834    0.02550
   1111.00000    1.35009    0.04623    1.22627    0.03080
   1114.00000    1.32018    0.05037    1.22814    0.02643
   1117.00000    1.32961    0.01710    1.13939    0.04682
   1120.00000    1.28635    0.06972    1.19724    0.04581
   1123.00000    1.11439    0.05989    1.33339    0.04945
   1126.00000    1.41977    0.03902    1.31620    0.05085
   1129.00000    1.17568    0.06692    1.06284    0.04182
   1132.00000    1.21674    0.03001    1.24234    0.04957
   1135.00000    1.26605    0.06401    1.16911    0.03598
   1138.00000    1.30333    0.08059    1.17574    0.05093
   1141.00000    1.29402    0.04141    1.18893    0.05641
   1144.00000    1.26100    0.07341    1.16978    0.04587
   1147.00000    1.27513    0.04228    1.17423    0.02690
   1150.00000    1.37632    0.08537    1.20652    0.10483
   1153.00000    1.36797    0.07189    1.15918    0.04964
   1156.00000    1.32069    0.04198    1.13955    0.06869
   1159.00000    1.62163    0.07976    1.28400    0.07656
   1162.00000    1.37576    0.04545    1.21724    0.05240
   1165.00000    1.44333    0.03935    1.16258    0.06276
   1168.00000    1.39753    0.05722    1.27749    0.03431
   1171.00000    1.44132    0.03228    1.25743    0.06853
   1174.00000    1.39479    0.05676    1.31413    0.07735
   1177.00000    1.48711    0.07605    1.21440    0.04707
   1180.00000    1.41810    0.07241    1.32393    0.04603
   1183.00000    1.52470    0.03912    1.46052    0.04790
   1186.00000    1.42872    0.05675    1.25660    0.04878
   1189.00000    1.35754    0.07449    1.22884    0.05817
   1192.00000    1.37650    0.04057    1.20862    0.06575
   1195.00000    1.27895    0.04364    1.36313    0.06016
   1198.00000    1.30875    0.04207    1.36318    0.02751
   1201.00000    1.36709    0.05377    1.40164    0.04211
   1204.00000    1.21887    0.04486    1.33555    0.06816
   1207.00000    1.49216    0.04897    1.57173    0.06936
   1210.00000    1.35565    0.06443    1.33688    0.05299
   1213.00000    1.26816    0.03939    1.33144    0.06248
   1462.00000    1.25433    0.05102    1.12414    0.03675
   1465.00000    1.28883    0.05276    1.14871    0.04858
   1468.00000    1.17789    0.04182    1.23156    0.04800
   1471.00000    1.25587    0.04235    1.22251    0.04502
   1474.00000    1.18842    0.05809    1.19976    0.03308
   1477.00000    1.25509    0.06853    1.13115    0.02811
   1480.00000    1.29309    0.03687    1.20094    0.05052
   1483.00000    1.28068    0.04921    1.18168    0.05443
   1486.00000    1.31029    0.03824    1.23277    0.04965
   1489.00000    1.24230    0.05491    1.20617    0.03451
   1492.00000    1.25845    0.03636    1.23945    0.05772
   1495.00000    1.24490    0.05678    1.24043    0.04012
   1498.00000    1.30100    0.06090    1.28874    0.04813
   1501.00000    1.15797    0.05212    1.19352    0.05144
   1504.00000    1.11469    0.03884    1.24620    0.05697
   1507.00000    1.15801    0.07816    1.35295    0.06979
   1510.00000    1.09450    0.05488    1.19311    0.06282
   1513.00000    1.14644    0.02326    1.23109    0.03955
   1516.00000    1.13013    0.05508    1.24476    0.06763
   1519.00000    1.06873    0.04505    1.24313    0.04346
   1522.00000    1.11295    0.04359    1.19585    0.02599
   1525.00000    1.09720    0.03712    1.31679    0.02856
   1528.00000    1.06815    0.03638    1.22523    0.08391
   1531.00000    0.95397    0.05933    1.17742    0.06350
   1534.00000    1.11486    0.02709    1.23065    0.05842
   1537.00000    1.10370    0.03922    1.17819    0.05600
   1540.00000    1.08268    0.05490    1.44566    0.05554
   1543.00000    1.21584    0.05540    1.26195    0.04927
   1546.00000    1.15328    0.01862    1.25467    0.04781
   1549.00000    1.10695    0.05435    1.30244    0.06506
   1552.00000    1.13291    0.02732    1.14413    0.05458
   1555.00000    1.14908    0.03767    1.23811    0.04979
   1558.00000    1.21565    0.03519    1.29667    0.03939
   1561.00000    1.16223    0.05164    1.19854    0.04545
   1564.00000    1.12796    0.04322    1.19681    0.05044
   1567.00000    1.11460    0.04291    1.15370    0.08235
   1570.00000    1.08716    0.05937    1.10629    0.03940
   1573.00000    1.21953    0.06324    1.15122    0.03941
   1576.00000    1.28543    0.05619    1.15604    0.03575
   1579.00000    1.23610    0.05020    1.05719    0.02893
