## Time Delay Challenge light curves
##
## [time]=days, [lc]=[err]=flux in nanomaggies
##
##       time       lc_A      err_A       lc_B      err_B
##-------------------------------------------------------
      1.00000    4.96656    0.04993   46.95827    0.03789
      4.00000    4.86819    0.03587   43.61703    0.07043
      7.00000    5.06709    0.04338   42.33765    0.00591
     10.00000    4.88841    0.04858   46.72459    0.06915
     13.00000    5.39191    0.01616   42.11924    0.04916
     16.00000    5.57849    0.07538   43.59282    0.03128
     19.00000    5.01760    0.07115   44.15558    0.06357
     22.00000    4.91021    0.04155   39.75000    0.07108
     25.00000    4.72750    0.05447   44.12813    0.02569
     28.00000    4.17773    0.04895   46.24526    0.07883
     31.00000    4.34591    0.05333   47.68472    0.08013
     34.00000    4.20905    0.03749   45.14318    0.07604
     37.00000    4.20350    0.07295   43.51169    0.06960
     40.00000    4.10034    0.05283   45.75141    0.04088
     43.00000    4.01611    0.07764   51.10472    0.04648
     46.00000    4.02858    0.04347   53.09586    0.03018
     49.00000    4.57839    0.04556   48.87511    0.05120
     52.00000    4.69506    0.06181   49.25151    0.07302
     55.00000    4.22042    0.05971   52.37599    0.07915
     58.00000    4.18636    0.05026   51.17140    0.05804
     61.00000    4.52331    0.04098   54.35594    0.03600
     64.00000    4.77150    0.05994   55.05905    0.03251
     67.00000    4.55573    0.03508   55.85075    0.03597
     70.00000    5.17095    0.05200   56.95882    0.07117
     73.00000    4.72402    0.06321   58.35792    0.02039
     76.00000    4.90774    0.04972   58.02427    0.07632
     79.00000    4.69080    0.06253   52.94999    0.07408
     82.00000    5.02629    0.03828   56.09244    0.04362
     85.00000    5.08857    0.01314   54.38529    0.04488
     88.00000    5.09713    0.05613   59.88088    0.04091
     91.00000    5.39159    0.02831   59.80373    0.06074
     94.00000    4.67780    0.06930   61.15945    0.06834
     97.00000    4.54244    0.08075   56.05204    0.07164
    100.00000    4.37057    0.05745   54.63597    0.06382
    103.00000    4.43602    0.02400   54.14510    0.03840
    106.00000    4.75004    0.06597   55.74780    0.06211
    109.00000    4.79250    0.04632   55.01916    0.04273
    112.00000    5.29627    0.01567   53.53821    0.05903
    115.00000    5.32510    0.05857   54.99397    0.06818
    118.00000    5.04597    0.07650   56.41606    0.04728
    367.00000    4.84092    0.03594   47.53686    0.04381
    370.00000    4.82325    0.06794   49.27936    0.07094
    373.00000    4.78766    0.06690   49.61845    0.04885
    376.00000    4.48858    0.02810   45.06605    0.08061
    379.00000    4.59363    0.04027   48.33127    0.07413
    382.00000    4.78098    0.05047   44.22918    0.04023
    385.00000    4.75866    0.05704   43.49486    0.04215
    388.00000    4.77189    0.02743   41.54356    0.05893
    391.00000    4.39925    0.07608   39.96091    0.04078
    394.00000    4.83496    0.08569   41.16883    0.05583
    397.00000    4.92745    0.04437   38.88352    0.06238
    400.00000    4.95885    0.06192   41.02077    0.04460
    403.00000    5.08310    0.04275   40.65307    0.04515
    406.00000    4.88443    0.06023   39.63114    0.06350
    409.00000    4.84300    0.06066   41.93602    0.06530
    412.00000    5.30675    0.07075   42.98098    0.03521
    415.00000    5.20641    0.03963   46.56252    0.01110
    418.00000    4.98584    0.05211   47.39940    0.05560
    421.00000    5.07878    0.05432   49.82082    0.06019
    424.00000    5.35611    0.03498   50.84121    0.06361
    427.00000    5.14315    0.06312   46.86309    0.05557
    430.00000    4.96667    0.06922   46.69550    0.05388
    433.00000    4.61096    0.04797   51.32031    0.05757
    436.00000    4.69804    0.06303   55.02124    0.07172
    439.00000    4.68853    0.04005   56.93861    0.04853
    442.00000    4.94954    0.03750   55.95610    0.05200
    445.00000    4.84227    0.03573   59.38111    0.02638
    448.00000    5.17842    0.05187   56.04596    0.06482
    451.00000    5.14999    0.06527   52.32434    0.04859
    454.00000    5.73428    0.05280   51.53689    0.08058
    457.00000    5.95069    0.04343   53.96152    0.03216
    460.00000    5.77335    0.06268   55.66703    0.02996
    463.00000    5.37564    0.06740   53.35787    0.05741
    466.00000    5.10360    0.06773   50.03518    0.05182
    469.00000    4.85593    0.02574   51.99982    0.04536
    472.00000    4.74681    0.05807   52.35967    0.07167
    475.00000    5.42171    0.08337   53.86394    0.01017
    478.00000    5.48375    0.08234   55.68875    0.04372
    481.00000    5.66473    0.02070   56.53346    0.05370
    484.00000    5.57190    0.07179   57.59492    0.02183
    733.00000    5.87480    0.04245   55.27591    0.07421
    736.00000    5.96714    0.05252   56.74916    0.05064
    739.00000    6.20051    0.05685   55.86972    0.04679
    742.00000    6.23312    0.07475   57.40425    0.07103
    745.00000    6.12636    0.03547   57.04658    0.03786
    748.00000    6.48932    0.05909   57.45720    0.04921
    751.00000    6.55040    0.05598   65.45171    0.04883
    754.00000    6.18522    0.09000   66.50737    0.03982
    757.00000    6.88571    0.05178   67.39821    0.05200
    760.00000    7.96611    0.02012   65.24317    0.05959
    763.00000    7.44970    0.06515   61.80434    0.06485
    766.00000    7.27280    0.06212   61.28141    0.08206
    769.00000    8.41673    0.07610   56.47698    0.06280
    772.00000    8.16454    0.03385   57.94369    0.04994
    775.00000    7.88876    0.04001   50.86637    0.03121
    778.00000    7.43052    0.04812   46.25238    0.05570
    781.00000    7.12699    0.07276   44.19943    0.05974
    784.00000    8.12766    0.04934   38.91632    0.04380
    787.00000    7.92000    0.04570   39.89196    0.05914
    790.00000    8.38801    0.03316   37.88132    0.03846
    793.00000    8.76752    0.03871   37.71633    0.04210
    796.00000    8.54384    0.01950   36.03125    0.07093
    799.00000    8.26726    0.09583   38.46445    0.05821
    802.00000    8.03852    0.04579   38.24525    0.05297
    805.00000    7.60494    0.06580   36.67767    0.07386
    808.00000    7.62816    0.04355   38.32979    0.05098
    811.00000    7.83226    0.05576   36.77872    0.04122
    814.00000    6.99977    0.04510   36.45793    0.05756
    817.00000    6.65271    0.04342   34.34599    0.03856
    820.00000    6.27887    0.07310   34.45512    0.05393
    823.00000    6.55525    0.04002   40.61151    0.06574
    826.00000    6.85596    0.05229   41.02555    0.03327
    829.00000    6.50658    0.08281   39.16196    0.03799
    832.00000    6.78712    0.07033   40.48163    0.04543
    835.00000    6.84986    0.02068   40.79949    0.05354
    838.00000    6.89012    0.05683   39.95466    0.05153
    841.00000    7.16834    0.05043   40.68276    0.04839
    844.00000    6.97653    0.03772   39.86090    0.05268
    847.00000    6.35958    0.06833   39.02946    0.01370
   1096.00000    7.69412    0.08273   48.97445    0.03529
   1099.00000    7.73889    0.04932   45.43372    0.02924
   1102.00000    7.84695    0.03958   43.49530    0.03610
   1105.00000    8.08195    0.08316   44.78232    0.05387
   1108.00000    8.12669    0.06990   46.42865    0.02735
   1111.00000    7.73151    0.04862   43.00543    0.03371
   1114.00000    7.68554    0.04939   42.40447    0.06362
   1117.00000    7.26005    0.05786   45.41621    0.04369
   1120.00000    7.26084    0.07685   45.31222    0.05092
   1123.00000    7.64493    0.05635   45.88230    0.03746
   1126.00000    7.18765    0.06856   46.98502    0.01183
   1129.00000    6.75299    0.03193   46.50658    0.07375
   1132.00000    6.17449    0.06737   47.06109    0.03506
   1135.00000    5.66569    0.04866   47.33322    0.05026
   1138.00000    5.34102    0.05534   45.36565    0.07057
   1141.00000    5.35764    0.05015   44.08529    0.03753
   1144.00000    5.22301    0.05620   42.72099    0.06446
   1147.00000    5.35248    0.03857   38.26779    0.08765
   1150.00000    5.72646    0.01806   40.05565    0.06875
   1153.00000    5.95622    0.05538   39.91126    0.06549
   1156.00000    5.91728    0.08089   42.94143    0.08481
   1159.00000    5.89064    0.04345   39.70708    0.03342
   1162.00000    5.61973    0.06956   40.83931    0.03674
   1165.00000    5.70898    0.07658   41.42271    0.04140
   1168.00000    5.40649    0.09144   42.48890    0.03384
   1171.00000    5.14185    0.04996   38.22615    0.04643
   1174.00000    5.54228    0.07115   37.87398    0.05542
   1177.00000    6.11173    0.06176   38.53029    0.04656
   1180.00000    6.18530    0.01968   37.21053    0.06613
   1183.00000    6.11135    0.04037   36.75808    0.03864
   1186.00000    6.50793    0.03826   39.27193    0.06156
   1189.00000    6.08951    0.04177   39.33470    0.05290
   1192.00000    6.11452    0.02020   35.47811    0.04722
   1195.00000    5.45804    0.03518   34.54912    0.04275
   1198.00000    5.77274    0.05598   32.94424    0.05460
   1201.00000    5.60867    0.06892   33.71039    0.04749
   1204.00000    5.73317    0.07677   32.65736    0.06931
   1207.00000    5.76059    0.06237   35.27323    0.08533
   1210.00000    5.48273    0.04477   33.46684    0.05287
   1213.00000    5.01115    0.05827   32.34059    0.06797
   1462.00000    5.67649    0.07577   35.25221    0.07959
   1465.00000    5.77641    0.02702   33.77126    0.05591
   1468.00000    6.21106    0.07754   33.83982    0.05230
   1471.00000    5.59943    0.04335   33.13643    0.05837
   1474.00000    5.25020    0.03235   33.77844    0.07745
   1477.00000    5.65605    0.03424   32.92071    0.08084
   1480.00000    5.49717    0.02073   32.77690    0.05245
   1483.00000    5.64913    0.04364   36.18490    0.04530
   1486.00000    6.02402    0.10602   38.05925    0.05072
   1489.00000    5.98525    0.03626   37.87914    0.04377
   1492.00000    6.05469    0.03063   36.63707    0.04346
   1495.00000    6.09451    0.05849   37.62544    0.02604
   1498.00000    6.25629    0.01919   42.60699    0.03998
   1501.00000    6.42579    0.05551   41.87141    0.05976
   1504.00000    6.44095    0.04150   42.04576    0.03487
   1507.00000    6.22854    0.03531   39.69479    0.04502
   1510.00000    6.83837    0.05957   39.75202    0.02941
   1513.00000    6.32464    0.05376   38.78745    0.03142
   1516.00000    6.08078    0.06183   38.94614    0.06571
   1519.00000    6.07307    0.06723   42.45143    0.06989
   1522.00000    6.45331    0.06835   39.74537    0.07458
   1525.00000    6.38602    0.02753   39.59241    0.05800
   1528.00000    6.25493    0.04263   35.62256    0.03318
   1531.00000    6.03745    0.04220   37.69087    0.07007
   1534.00000    5.62254    0.06200   34.68318    0.03752
   1537.00000    5.60099    0.05087   33.11868    0.06738
   1540.00000    5.44713    0.04895   32.59543    0.02410
   1543.00000    5.28442    0.04749   32.83651    0.03055
   1546.00000    5.53569    0.05134   35.89748    0.04870
   1549.00000    5.35956    0.03069   35.35123    0.05074
   1552.00000    5.35960    0.05930   35.08631    0.04060
   1555.00000    5.73139    0.03163   31.41369    0.07286
   1558.00000    5.55479    0.05092   33.55714    0.04850
   1561.00000    5.41143    0.07326   33.52552    0.05558
   1564.00000    5.57583    0.05809   32.98983    0.05951
   1567.00000    5.12600    0.04733   32.83741    0.03508
   1570.00000    4.56745    0.04991   31.95581    0.06276
   1573.00000    4.08600    0.04393   33.80149    0.07406
   1576.00000    4.03320    0.01993   35.59825    0.06023
   1579.00000    4.00893    0.05125   37.59501    0.03366
