## Time Delay Challenge light curves
##
## [time]=days, [lc]=[err]=flux in nanomaggies
##
##       time       lc_A      err_A       lc_B      err_B
##-------------------------------------------------------
      1.00000    1.27290    0.07809    0.61213    0.05551
      4.00000    1.27684    0.02934    0.62185    0.03611
      7.00000    1.22074    0.05110    0.63219    0.04194
     10.00000    1.26020    0.05136    0.57719    0.05288
     13.00000    1.16653    0.05533    0.64007    0.03410
     16.00000    1.16620    0.04269    0.71021    0.04551
     19.00000    1.17217    0.06328    0.66756    0.02406
     22.00000    1.24118    0.05029    0.58186    0.05583
     25.00000    1.17545    0.05495    0.65447    0.03928
     28.00000    1.17132    0.04121    0.67385    0.04222
     31.00000    1.25137    0.06156    0.61335    0.06617
     34.00000    1.17887    0.06331    0.62058    0.04639
     37.00000    1.28266    0.05125    0.68180    0.03784
     40.00000    1.36668    0.05519    0.67037    0.05400
     43.00000    1.54631    0.06476    0.62322    0.04807
     46.00000    1.30555    0.06117    0.66585    0.04107
     49.00000    1.41395    0.03220    0.68232    0.03605
     52.00000    1.45745    0.05402    0.70186    0.04640
     55.00000    1.44985    0.04204    0.86132    0.08280
     58.00000    1.44531    0.06548    0.73163    0.04688
     61.00000    1.31693    0.05174    0.77283    0.04008
     64.00000    1.49384    0.04663    0.80424    0.04664
     67.00000    1.40996    0.07206    0.69634    0.03965
     70.00000    1.40589    0.04200    0.73834    0.06914
     73.00000    1.33517    0.04731    0.66586    0.05227
     76.00000    1.41777    0.05571    0.74126    0.04247
     79.00000    1.35801    0.06063    0.70701    0.04861
     82.00000    1.30444    0.03953    0.77568    0.05357
     85.00000    1.36393    0.05105    0.74978    0.02989
     88.00000    1.39243    0.05572    0.77550    0.06041
     91.00000    1.26109    0.06683    0.82893    0.07926
     94.00000    1.35648    0.05557    0.79545    0.04804
     97.00000    1.25136    0.04413    0.75479    0.03965
    100.00000    1.09745    0.07415    0.59955    0.06614
    103.00000    1.13333    0.03264    0.70215    0.02749
    106.00000    1.10228    0.04097    0.66524    0.05000
    109.00000    1.13248    0.06365    0.66383    0.05478
    112.00000    1.17815    0.05311    0.64062    0.04926
    115.00000    1.13184    0.04643    0.62705    0.03965
    118.00000    1.31779    0.07335    0.63342    0.03440
    367.00000    1.10328    0.04690    0.58372    0.03733
    370.00000    1.00461    0.03547    0.57342    0.03715
    373.00000    1.06274    0.02459    0.51176    0.08375
    376.00000    0.94329    0.02156    0.52583    0.07198
    379.00000    0.83549    0.07341    0.47110    0.07097
    382.00000    1.00645    0.06425    0.47095    0.02279
    385.00000    0.90719    0.03532    0.54496    0.04433
    388.00000    0.90949    0.02975    0.45094    0.04183
    391.00000    0.93698    0.07229    0.36203    0.07186
    394.00000    1.01030    0.05780    0.48188    0.07127
    397.00000    1.05275    0.05705    0.48576    0.05431
    400.00000    0.91071    0.06521    0.41554    0.06559
    403.00000    0.88279    0.06051    0.48664    0.05045
    406.00000    0.86028    0.03979    0.47268    0.04940
    409.00000    0.91486    0.03445    0.47885    0.07646
    412.00000    0.94842    0.03716    0.24658    0.06964
    415.00000    0.97630    0.05579    0.43972    0.04394
    418.00000    0.91926    0.04834    0.44029    0.03740
    421.00000    0.84549    0.03002    0.44932    0.06861
    424.00000    0.99898    0.05340    0.50593    0.05694
    427.00000    0.84587    0.02808    0.40714    0.05628
    430.00000    0.89872    0.04779    0.42572    0.03549
    433.00000    0.90774    0.07731    0.45274    0.05654
    436.00000    0.96321    0.04336    0.40642    0.02376
    439.00000    0.99450    0.05363    0.46929    0.07093
    442.00000    0.89352    0.02699    0.50152    0.06293
    445.00000    0.91500    0.03473    0.46714    0.04101
    448.00000    0.91320    0.05626    0.27754    0.07659
    451.00000    0.92977    0.04033    0.44095    0.06332
    454.00000    0.92938    0.07349    0.43697    0.05729
    457.00000    0.99811    0.08320    0.38679    0.04633
    460.00000    1.00896    0.08240    0.47518    0.03249
    463.00000    0.94915    0.05284    0.44424    0.05203
    466.00000    0.94342    0.04731    0.47747    0.04609
    469.00000    1.03122    0.07999    0.46113    0.04082
    472.00000    0.97028    0.04157    0.46338    0.04991
    475.00000    0.96401    0.03515    0.46779    0.06045
    478.00000    1.10855    0.05755    0.50915    0.05391
    481.00000    1.04391    0.02102    0.45337    0.03772
    484.00000    1.00534    0.05502    0.52392    0.05566
    733.00000    1.16695    0.02118    0.55039    0.05627
    736.00000    1.22194    0.04769    0.46059    0.06531
    739.00000    1.20318    0.04012    0.57453    0.11252
    742.00000    1.22947    0.04017    0.43901    0.04032
    745.00000    1.14729    0.05253    0.46726    0.03786
    748.00000    1.19009    0.06198    0.50664    0.03359
    751.00000    1.13841    0.05195    0.48447    0.05313
    754.00000    1.28233    0.07369    0.61190    0.05480
    757.00000    1.28131    0.05188    0.47508    0.04793
    760.00000    1.35079    0.04759    0.46873    0.04047
    763.00000    1.15606    0.03239    0.52677    0.03672
    766.00000    1.13695    0.05756    0.52905    0.06863
    769.00000    1.06461    0.05697    0.57809    0.06052
    772.00000    1.19086    0.05340    0.48707    0.05518
    775.00000    1.09725    0.04000    0.50124    0.05477
    778.00000    1.11241    0.03467    0.47876    0.04516
    781.00000    1.03139    0.04661    0.60914    0.09822
    784.00000    1.10555    0.07943    0.55537    0.07713
    787.00000    1.35155    0.10083    0.41795    0.05772
    790.00000    1.18268    0.06985    0.46853    0.05935
    793.00000    1.14640    0.05077    0.48156    0.04611
    796.00000    1.11870    0.04430    0.58472    0.05639
    799.00000    1.18467    0.05564    0.51985    0.06413
    802.00000    1.10063    0.05863    0.51474    0.04095
    805.00000    1.11863    0.09652    0.45522    0.06617
    808.00000    1.12378    0.06031    0.48470    0.01993
    811.00000    1.12919    0.01799    0.50385    0.03550
    814.00000    1.20030    0.07056    0.49513    0.04745
    817.00000    1.08782    0.05299    0.32621    0.06933
    820.00000    1.09111    0.06443    0.41935    0.03593
    823.00000    1.06318    0.05646    0.53048    0.08087
    826.00000    1.06004    0.05856    0.53487    0.06778
    829.00000    1.08451    0.05229    0.35666    0.05001
    832.00000    0.91257    0.04612    0.39340    0.04640
    835.00000    0.90709    0.04141    0.46342    0.04398
    838.00000    0.96484    0.04350    0.42680    0.02917
    841.00000    1.03143    0.05180    0.44807    0.04831
    844.00000    1.05728    0.05102    0.43695    0.04516
    847.00000    1.02150    0.05959    0.41730    0.02331
   1096.00000    0.89863    0.10311    0.34840    0.05976
   1099.00000    0.93793    0.04394    0.27126    0.04608
   1102.00000    0.90352    0.06644    0.37042    0.06371
   1105.00000    0.95484    0.07545    0.31813    0.04397
   1108.00000    0.94306    0.05320    0.34184    0.05753
   1111.00000    0.77505    0.07019    0.36030    0.04841
   1114.00000    1.07776    0.08065    0.37571    0.05524
   1117.00000    0.87376    0.08859    0.22084    0.05350
   1120.00000    0.84018    0.04176    0.25605    0.05520
   1123.00000    0.96262    0.03022    0.27056    0.06014
   1126.00000    1.02941    0.05793    0.39290    0.05763
   1129.00000    1.04604    0.03522    0.39409    0.04014
   1132.00000    1.08713    0.02408    0.32922    0.07646
   1135.00000    0.98802    0.05343    0.33588    0.05241
   1138.00000    1.10779    0.06368    0.34632    0.05849
   1141.00000    1.11044    0.04523    0.36402    0.04185
   1144.00000    0.97830    0.05614    0.37590    0.05197
   1147.00000    1.12688    0.06314    0.44298    0.05125
   1150.00000    1.13577    0.04460    0.34222    0.02765
   1153.00000    1.12100    0.05542    0.41208    0.06281
   1156.00000    1.14328    0.08090    0.44160    0.08339
   1159.00000    1.12524    0.04848    0.42592    0.02696
   1162.00000    1.23459    0.07058    0.50005    0.06372
   1165.00000    0.91853    0.06331    0.35304    0.06831
   1168.00000    1.09915    0.05356    0.42368    0.05816
   1171.00000    1.09120    0.04575    0.35744    0.05654
   1174.00000    1.10956    0.04575    0.31741    0.07749
   1177.00000    1.07876    0.03259    0.47495    0.06851
   1180.00000    1.18048    0.07155    0.33538    0.03723
   1183.00000    1.16900    0.05822    0.36989    0.05770
   1186.00000    1.08595    0.05436    0.44896    0.05935
   1189.00000    1.01716    0.06827    0.42433    0.03567
   1192.00000    1.02378    0.02382    0.43042    0.04839
   1195.00000    1.10634    0.05326    0.33718    0.06073
   1198.00000    1.00274    0.04333    0.47319    0.03306
   1201.00000    0.99004    0.05124    0.40267    0.05294
   1204.00000    0.98300    0.06214    0.38157    0.03996
   1207.00000    1.04202    0.04576    0.31470    0.04005
   1210.00000    1.09141    0.04972    0.41489    0.04559
   1213.00000    1.09993    0.05634    0.30705    0.03770
   1462.00000    1.08550    0.03880    0.35696    0.03684
   1465.00000    1.08192    0.03638    0.27085    0.03818
   1468.00000    1.08032    0.06254    0.26976    0.05172
   1471.00000    1.06879    0.06849    0.17959    0.07547
   1474.00000    1.13011    0.04414    0.37437    0.04820
   1477.00000    1.09106    0.02383    0.35812    0.03366
   1480.00000    1.26815    0.04077    0.36341    0.09089
   1483.00000    1.09913    0.04722    0.43157    0.06134
   1486.00000    1.14992    0.01282    0.28982    0.06193
   1489.00000    1.21412    0.03465    0.34882    0.02729
   1492.00000    1.07717    0.05108    0.40021    0.03942
   1495.00000    1.03301    0.05903    0.36767    0.05153
   1498.00000    1.14565    0.04982    0.29233    0.06502
   1501.00000    1.25501    0.04971    0.40234    0.05335
   1504.00000    1.15414    0.07321    0.37109    0.04509
   1507.00000    1.15125    0.06705    0.31302    0.09067
   1510.00000    1.15276    0.07295    0.37104    0.04977
   1513.00000    1.11982    0.06392    0.31851    0.05121
   1516.00000    1.12462    0.03535    0.30062    0.07809
   1519.00000    1.13948    0.03317    0.36922    0.04924
   1522.00000    1.19588    0.05720    0.39486    0.05212
   1525.00000    1.05010    0.07202    0.38600    0.03422
   1528.00000    1.33656    0.04913    0.37705    0.05119
   1531.00000    1.31228    0.04782    0.36406    0.07742
   1534.00000    1.21560    0.07675    0.41917    0.05296
   1537.00000    1.37439    0.06217    0.35737    0.07850
   1540.00000    1.28733    0.04965    0.45812    0.05601
   1543.00000    1.37369    0.06274    0.39608    0.05144
   1546.00000    1.46285    0.06162    0.37781    0.02861
   1549.00000    1.44691    0.04595    0.42533    0.04030
   1552.00000    1.48106    0.04027    0.43457    0.03978
   1555.00000    1.53888    0.02646    0.52318    0.06229
   1558.00000    1.41588    0.05587    0.44440    0.04898
   1561.00000    1.39537    0.05355    0.50280    0.07068
   1564.00000    1.39024    0.04191    0.41845    0.06415
   1567.00000    1.51444    0.05299    0.44104    0.05103
   1570.00000    1.48769    0.06387    0.44012    0.05998
   1573.00000    1.36135    0.04619    0.38149    0.06643
   1576.00000    1.24471    0.07677    0.48761    0.02704
   1579.00000    1.17926    0.05543    0.55360    0.07727
