## Time Delay Challenge light curves
##
## [time]=days, [lc]=[err]=flux in nanomaggies
##
##       time       lc_A      err_A       lc_B      err_B
##-------------------------------------------------------
      1.00000    0.58033    0.04798    3.14183    0.08267
      4.00000    0.56453    0.03793    3.16317    0.07981
      7.00000    0.76665    0.05738    3.24237    0.04420
     10.00000    0.66147    0.03103    3.31678    0.04880
     13.00000    0.57634    0.04394    3.38467    0.07310
     16.00000    0.59476    0.02711    3.13151    0.05675
     19.00000    0.63549    0.05139    3.30005    0.04158
     22.00000    0.62989    0.04431    3.12358    0.05121
     25.00000    0.66273    0.04872    3.07540    0.04838
     28.00000    0.58824    0.02710    3.00150    0.04311
     31.00000    0.56113    0.02517    2.98990    0.05408
     34.00000    0.54535    0.05234    2.92537    0.08149
     37.00000    0.59997    0.05163    2.94618    0.03141
     40.00000    0.67820    0.06523    2.98563    0.07224
     43.00000    0.60905    0.06981    2.71481    0.06154
     46.00000    0.57485    0.05191    2.93480    0.05076
     49.00000    0.62675    0.04186    2.88386    0.04263
     52.00000    0.58452    0.04880    2.93800    0.04386
     55.00000    0.65659    0.09057    2.81293    0.03433
     58.00000    0.54516    0.03058    2.91239    0.07008
     61.00000    0.58730    0.04360    2.82482    0.06465
     64.00000    0.56409    0.06058    2.84537    0.04170
     67.00000    0.71232    0.06795    2.77396    0.06247
     70.00000    0.57333    0.04581    2.73562    0.02880
     73.00000    0.51416    0.02746    2.84619    0.02601
     76.00000    0.52118    0.06252    2.75587    0.00685
     79.00000    0.47252    0.08249    2.77185    0.04328
     82.00000    0.66117    0.07022    2.84587    0.07559
     85.00000    0.61221    0.04601    2.83866    0.03186
     88.00000    0.53262    0.05009    2.70384    0.04181
     91.00000    0.45092    0.06102    2.62530    0.07698
     94.00000    0.41964    0.06485    2.53527    0.02838
     97.00000    0.59086    0.03356    2.38147    0.05486
    100.00000    0.48257    0.04772    2.43550    0.04877
    103.00000    0.55906    0.04165    2.41215    0.07481
    106.00000    0.46670    0.06827    2.41099    0.04589
    109.00000    0.55324    0.04027    2.54073    0.05889
    112.00000    0.56463    0.04630    2.48244    0.02628
    115.00000    0.41622    0.06271    2.51421    0.04928
    118.00000    0.60218    0.04820    2.49339    0.03271
    367.00000    0.53239    0.03269    2.91804    0.06995
    370.00000    0.56894    0.03484    2.93179    0.07915
    373.00000    0.48762    0.02197    2.98571    0.04290
    376.00000    0.53254    0.03454    2.92682    0.07804
    379.00000    0.39590    0.09520    3.11185    0.07019
    382.00000    0.55505    0.06663    2.95139    0.03762
    385.00000    0.42555    0.04840    2.99767    0.05407
    388.00000    0.69716    0.07660    2.83156    0.07070
    391.00000    0.61888    0.07354    2.90346    0.05844
    394.00000    0.58943    0.03821    2.77310    0.03783
    397.00000    0.61036    0.03126    2.71488    0.04051
    400.00000    0.56292    0.03483    2.91511    0.06464
    403.00000    0.48793    0.06846    2.74529    0.04955
    406.00000    0.57282    0.05294    2.89648    0.03626
    409.00000    0.58713    0.04740    2.89212    0.07338
    412.00000    0.67919    0.03614    2.70959    0.05279
    415.00000    0.61681    0.06646    2.68717    0.05411
    418.00000    0.56053    0.05970    2.70038    0.03831
    421.00000    0.58813    0.03976    2.66963    0.04104
    424.00000    0.35082    0.06607    2.51420    0.08243
    427.00000    0.52172    0.07904    2.68014    0.05158
    430.00000    0.45251    0.06125    2.81331    0.02815
    433.00000    0.59633    0.06669    2.93835    0.04650
    436.00000    0.55675    0.03243    2.92504    0.08040
    439.00000    0.54002    0.07730    2.93462    0.06401
    442.00000    0.53661    0.03021    2.89693    0.03880
    445.00000    0.57910    0.06290    2.99221    0.06859
    448.00000    0.57021    0.03340    2.89774    0.03004
    451.00000    0.48967    0.06196    2.71213    0.05446
    454.00000    0.41539    0.06345    2.90162    0.06716
    457.00000    0.55785    0.02312    2.97014    0.06914
    460.00000    0.59431    0.07731    2.82948    0.06432
    463.00000    0.57219    0.03708    2.87513    0.07232
    466.00000    0.52469    0.05697    2.77638    0.07539
    469.00000    0.58378    0.06286    2.84245    0.05007
    472.00000    0.55611    0.04222    2.94337    0.06094
    475.00000    0.53975    0.05708    3.04344    0.08197
    478.00000    0.58225    0.04281    3.01786    0.06302
    481.00000    0.59220    0.07168    2.89827    0.07610
    484.00000    0.55378    0.06797    2.76147    0.05851
    733.00000    0.60296    0.07831    2.98054    0.03644
    736.00000    0.47936    0.03788    3.00500    0.05045
    739.00000    0.51267    0.03729    2.82034    0.05109
    742.00000    0.46791    0.05780    3.06157    0.03400
    745.00000    0.47920    0.07018    3.00898    0.03393
    748.00000    0.63012    0.07307    3.12738    0.05550
    751.00000    0.54349    0.03524    2.94919    0.03245
    754.00000    0.43783    0.07646    3.08045    0.04210
    757.00000    0.51917    0.06485    3.18135    0.05373
    760.00000    0.52174    0.04472    3.10006    0.02339
    763.00000    0.52819    0.03248    2.99560    0.06313
    766.00000    0.67606    0.09258    2.92976    0.06846
    769.00000    0.53515    0.06493    2.96111    0.04132
    772.00000    0.55991    0.05735    3.14706    0.05743
    775.00000    0.57253    0.03262    3.17553    0.03984
    778.00000    0.57492    0.03903    3.02953    0.05692
    781.00000    0.54115    0.05815    2.95516    0.05525
    784.00000    0.60688    0.03841    2.83413    0.06398
    787.00000    0.66656    0.06746    2.80828    0.05190
    790.00000    0.54414    0.04922    2.68459    0.04580
    793.00000    0.55812    0.02807    2.73961    0.07088
    796.00000    0.60537    0.06487    2.80705    0.03157
    799.00000    0.60468    0.02994    2.81848    0.04544
    802.00000    0.68867    0.06577    2.86540    0.04940
    805.00000    0.59762    0.02652    2.71330    0.06222
    808.00000    0.53362    0.05222    2.90256    0.05586
    811.00000    0.60462    0.06251    2.93900    0.04261
    814.00000    0.43394    0.07903    2.86202    0.03814
    817.00000    0.44256    0.04834    2.85619    0.03638
    820.00000    0.43476    0.06695    2.99173    0.05142
    823.00000    0.54821    0.03378    3.08957    0.04840
    826.00000    0.58035    0.03415    3.16066    0.04952
    829.00000    0.58859    0.05572    3.16661    0.05182
    832.00000    0.52434    0.05992    3.36522    0.06390
    835.00000    0.52626    0.06546    3.26545    0.07107
    838.00000    0.57983    0.03693    3.10613    0.04880
    841.00000    0.56040    0.03659    3.18451    0.04484
    844.00000    0.63187    0.05474    3.17962    0.04410
    847.00000    0.51953    0.06139    2.95327    0.04981
   1096.00000    0.73440    0.04025    4.08669    0.04926
   1099.00000    0.87288    0.08834    3.91962    0.06371
   1102.00000    0.74122    0.02721    4.00233    0.02577
   1105.00000    0.68825    0.03511    3.98580    0.03537
   1108.00000    0.62796    0.05840    3.97148    0.06773
   1111.00000    0.64790    0.04619    4.09967    0.05825
   1114.00000    0.67990    0.04603    4.20382    0.05262
   1117.00000    0.76577    0.05604    4.09289    0.05981
   1120.00000    0.83314    0.04451    4.05296    0.02861
   1123.00000    0.77390    0.04370    3.89946    0.04929
   1126.00000    0.74568    0.02995    4.21036    0.06948
   1129.00000    0.77022    0.01532    4.07071    0.08183
   1132.00000    0.83178    0.04909    4.02996    0.03706
   1135.00000    0.77420    0.06166    4.11324    0.04452
   1138.00000    0.81203    0.05692    4.07215    0.02892
   1141.00000    0.78962    0.02496    4.02658    0.05865
   1144.00000    0.72457    0.05497    3.92698    0.02500
   1147.00000    0.78484    0.03693    3.92350    0.06193
   1150.00000    0.74121    0.06704    4.07622    0.06440
   1153.00000    0.75790    0.03222    4.04325    0.04841
   1156.00000    0.75189    0.05771    3.80273    0.06605
   1159.00000    0.68636    0.06787    3.64774    0.04760
   1162.00000    0.80606    0.04736    3.54366    0.05733
   1165.00000    0.85074    0.06960    3.49813    0.06811
   1168.00000    0.82320    0.06330    3.52426    0.04702
   1171.00000    0.81094    0.08167    3.47486    0.05569
   1174.00000    0.79187    0.05038    3.57236    0.05270
   1177.00000    0.77406    0.03481    3.88698    0.07680
   1180.00000    0.83489    0.08032    3.88375    0.02136
   1183.00000    0.76199    0.00310    4.03156    0.05665
   1186.00000    0.67046    0.03076    4.03318    0.04163
   1189.00000    0.77045    0.06043    3.96782    0.07768
   1192.00000    0.69417    0.04281    3.87223    0.05428
   1195.00000    0.71023    0.04206    3.81642    0.09329
   1198.00000    0.60911    0.07716    3.82321    0.03425
   1201.00000    0.61263    0.09198    3.99103    0.03833
   1204.00000    0.71424    0.06387    4.07259    0.02953
   1207.00000    0.73552    0.05364    4.01917    0.04281
   1210.00000    0.75199    0.06059    4.01474    0.06721
   1213.00000    0.75431    0.04391    3.89561    0.03219
   1462.00000    0.81732    0.06780    4.11011    0.01272
   1465.00000    0.80542    0.03604    3.89905    0.01470
   1468.00000    0.84715    0.05654    4.00335    0.06067
   1471.00000    0.90018    0.06874    3.96010    0.04962
   1474.00000    0.80973    0.06529    4.00682    0.07920
   1477.00000    0.93374    0.05551    4.01958    0.02929
   1480.00000    0.88368    0.06286    3.84000    0.01951
   1483.00000    0.91091    0.06200    3.77386    0.06300
   1486.00000    0.79153    0.01636    3.81097    0.03522
   1489.00000    0.84450    0.03690    3.52654    0.04758
   1492.00000    0.76971    0.04177    3.44131    0.03049
   1495.00000    0.69442    0.04558    3.65207    0.04309
   1498.00000    0.76663    0.02197    3.60239    0.07881
   1501.00000    0.78248    0.07088    3.39549    0.07137
   1504.00000    0.85411    0.05972    3.19904    0.05224
   1507.00000    0.81834    0.05058    2.95104    0.08099
   1510.00000    0.77319    0.03824    3.10967    0.04935
   1513.00000    0.78098    0.04786    3.15975    0.04126
   1516.00000    0.73665    0.04243    3.36919    0.07334
   1519.00000    0.66386    0.03424    3.32433    0.08871
   1522.00000    0.74135    0.05015    3.48154    0.03730
   1525.00000    0.69070    0.03806    3.27581    0.05941
   1528.00000    0.71906    0.04778    3.36356    0.02869
   1531.00000    0.65671    0.08224    3.28410    0.07489
   1534.00000    0.59789    0.04522    3.12587    0.05977
   1537.00000    0.67403    0.05136    2.97247    0.06977
   1540.00000    0.60553    0.04826    2.90231    0.05641
   1543.00000    0.69229    0.06505    3.15483    0.06540
   1546.00000    0.67901    0.05018    3.14111    0.06138
   1549.00000    0.58221    0.04404    3.15839    0.02937
   1552.00000    0.61958    0.05174    3.29506    0.08199
   1555.00000    0.60328    0.04465    3.20846    0.03736
   1558.00000    0.64752    0.02242    3.16438    0.09821
   1561.00000    0.67092    0.04801    3.38279    0.02911
   1564.00000    0.55113    0.06271    3.20517    0.06441
   1567.00000    0.63575    0.06550    3.33954    0.04516
   1570.00000    0.51437    0.08194    3.15647    0.04830
   1573.00000    0.64877    0.05756    3.30896    0.06737
   1576.00000    0.59732    0.04843    3.35148    0.01835
   1579.00000    0.57963    0.06287    3.68204    0.02223
