## Time Delay Challenge light curves
##
## [time]=days, [lc]=[err]=flux in nanomaggies
##
##       time       lc_A      err_A       lc_B      err_B
##-------------------------------------------------------
      1.00000    5.46490    0.07289    4.53550    0.06534
      4.00000    4.96993    0.01895    4.79700    0.04549
      7.00000    4.99163    0.04411    5.02838    0.02631
     10.00000    4.61584    0.04526    4.91557    0.07275
     13.00000    4.59623    0.04727    4.81828    0.06652
     16.00000    4.01971    0.03692    4.82829    0.05066
     19.00000    3.81709    0.06883    4.51766    0.03331
     22.00000    4.07785    0.07641    4.78882    0.05514
     25.00000    4.12637    0.05150    4.61752    0.07547
     28.00000    4.00144    0.04863    4.37715    0.05995
     31.00000    4.52316    0.05249    3.72849    0.03941
     34.00000    4.97181    0.04402    4.10298    0.07776
     37.00000    4.61054    0.06369    3.65775    0.03825
     40.00000    4.77742    0.03153    3.88808    0.03900
     43.00000    4.11445    0.05292    3.61861    0.04031
     46.00000    3.76260    0.03220    4.12845    0.05699
     49.00000    3.70439    0.05976    4.25942    0.04065
     52.00000    3.73709    0.06027    4.26453    0.04987
     55.00000    3.24829    0.04610    4.48926    0.04855
     58.00000    2.93773    0.04610    4.26777    0.05845
     61.00000    3.37083    0.04386    3.58624    0.06895
     64.00000    3.26778    0.02153    3.65597    0.03658
     67.00000    3.81938    0.09659    3.56059    0.07059
     70.00000    3.67909    0.07030    3.03156    0.06152
     73.00000    3.85027    0.03771    2.83038    0.06272
     76.00000    4.16800    0.06249    2.89805    0.03743
     79.00000    3.74160    0.06138    3.18665    0.06296
     82.00000    3.81846    0.06013    3.61980    0.06275
     85.00000    3.86141    0.04254    3.43579    0.06664
     88.00000    4.02508    0.06426    3.47041    0.02204
     91.00000    3.17090    0.06867    3.59252    0.05044
     94.00000    3.70764    0.08860    3.64658    0.03842
     97.00000    3.55316    0.06323    3.46096    0.06156
    100.00000    4.33465    0.06251    3.59980    0.04542
    103.00000    4.40822    0.09748    3.61332    0.08614
    106.00000    4.75479    0.06960    3.32157    0.04013
    109.00000    4.92559    0.06415    3.08626    0.02041
    112.00000    4.68944    0.05411    3.12523    0.03624
    115.00000    4.82600    0.04622    3.99342    0.08662
    118.00000    5.59649    0.06433    4.16300    0.06365
    367.00000    5.56273    0.06741    4.90880    0.06576
    370.00000    5.53534    0.05931    4.54610    0.03743
    373.00000    5.43904    0.06147    4.33296    0.06490
    376.00000    5.24510    0.03022    4.89586    0.04765
    379.00000    4.80894    0.04756    5.30168    0.04555
    382.00000    4.23677    0.05327    4.82713    0.04969
    385.00000    4.11895    0.03980    4.69674    0.04684
    388.00000    4.25771    0.03951    5.34466    0.05661
    391.00000    3.84868    0.04664    4.63723    0.06264
    394.00000    4.55635    0.03798    4.42478    0.08608
    397.00000    4.71946    0.03994    3.59413    0.04848
    400.00000    4.85335    0.07032    4.05334    0.06984
    403.00000    4.97740    0.07120    3.81596    0.05173
    406.00000    5.53209    0.04216    3.73639    0.06641
    409.00000    5.94488    0.05690    4.00311    0.06868
    412.00000    5.87944    0.01975    4.42434    0.05174
    415.00000    5.99763    0.04053    4.33245    0.05099
    418.00000    6.19222    0.05171    4.47195    0.06927
    421.00000    5.65832    0.06402    5.04197    0.05350
    424.00000    5.53020    0.05626    5.43973    0.04596
    427.00000    5.74815    0.04265    5.62903    0.05146
    430.00000    5.03870    0.09336    5.67014    0.05686
    433.00000    6.27319    0.06558    6.19920    0.05422
    436.00000    5.53644    0.09035    5.07023    0.05947
    439.00000    5.93097    0.08088    4.93895    0.04749
    442.00000    5.69068    0.03952    5.33815    0.05005
    445.00000    6.09874    0.04468    5.04933    0.03200
    448.00000    6.46647    0.03978    5.86405    0.07683
    451.00000    6.87688    0.02727    5.64022    0.05122
    454.00000    7.24814    0.04225    5.39428    0.06011
    457.00000    6.82719    0.07495    5.26659    0.04716
    460.00000    7.03365    0.08645    5.21610    0.08119
    463.00000    5.19637    0.03049    5.86181    0.05262
    466.00000    4.87732    0.05633    6.17798    0.04677
    469.00000    5.27966    0.04594    6.75031    0.08948
    472.00000    5.71965    0.04413    6.55523    0.05299
    475.00000    5.28907    0.03023    6.40804    0.05977
    478.00000    5.52770    0.05504    5.43036    0.05868
    481.00000    6.39165    0.02229    4.64929    0.04302
    484.00000    5.37683    0.02189    4.91119    0.05615
    733.00000    6.59371    0.06011    4.49894    0.06725
    736.00000    6.79146    0.05758    4.96166    0.07134
    739.00000    7.13691    0.06710    5.09085    0.05695
    742.00000    7.23947    0.01640    6.51110    0.02575
    745.00000    6.55692    0.06158    6.09777    0.03693
    748.00000    5.50008    0.05338    6.04092    0.01363
    751.00000    4.82645    0.04302    5.97451    0.03362
    754.00000    5.52775    0.05777    5.99771    0.05806
    757.00000    5.10033    0.07561    6.87723    0.06064
    760.00000    5.98530    0.06643    6.73306    0.04577
    763.00000    6.40933    0.04403    5.78785    0.05244
    766.00000    5.55110    0.03387    4.59678    0.05877
    769.00000    5.33111    0.03846    4.66255    0.03147
    772.00000    4.63369    0.04315    4.85374    0.07579
    775.00000    4.56975    0.04373    5.58542    0.04545
    778.00000    4.08079    0.03287    6.05956    0.04729
    781.00000    5.15088    0.05975    5.19562    0.05131
    784.00000    5.34760    0.02442    5.18201    0.05486
    787.00000    5.25077    0.05685    4.40851    0.05221
    790.00000    5.34950    0.05267    4.06546    0.03665
    793.00000    6.03160    0.05008    3.81320    0.03354
    796.00000    6.25946    0.05427    4.11825    0.05961
    799.00000    6.11835    0.02835    5.35364    0.04648
    802.00000    5.42695    0.06453    4.95535    0.01873
    805.00000    5.82350    0.06205    4.77561    0.04682
    808.00000    5.98451    0.06418    4.84757    0.06553
    811.00000    6.23402    0.05701    5.54014    0.04349
    814.00000    5.99170    0.05954    5.46056    0.02789
    817.00000    5.58426    0.05175    5.60850    0.06499
    820.00000    4.65590    0.04570    5.22338    0.06635
    823.00000    4.39845    0.03137    5.89854    0.07182
    826.00000    4.21879    0.05482    6.27053    0.03093
    829.00000    4.22890    0.05373    5.39973    0.08008
    832.00000    4.25019    0.02427    5.09648    0.07577
    835.00000    4.46774    0.04826    4.55860    0.03724
    838.00000    4.97195    0.06297    4.18034    0.05852
    841.00000    4.98421    0.05044    3.88903    0.03058
    844.00000    5.28646    0.04886    4.17335    0.06036
    847.00000    5.31013    0.04197    3.94765    0.04525
   1096.00000    6.20521    0.05236    5.19806    0.04537
   1099.00000    6.58627    0.04206    5.24223    0.06171
   1102.00000    7.04041    0.04447    4.60959    0.03758
   1105.00000    6.81980    0.05634    5.27037    0.05564
   1108.00000    6.69707    0.03203    5.75752    0.06295
   1111.00000    7.03912    0.04247    5.70665    0.05400
   1114.00000    7.62579    0.04073    5.91958    0.03901
   1117.00000    8.37940    0.05328    6.26360    0.04715
   1120.00000    8.62570    0.05439    6.20557    0.03731
   1123.00000    6.84724    0.06124    6.37408    0.05951
   1126.00000    6.76181    0.04221    6.57475    0.07126
   1129.00000    6.49000    0.06647    6.65153    0.05376
   1132.00000    7.26739    0.04176    7.07405    0.04917
   1135.00000    7.69952    0.02638    7.39222    0.04361
   1138.00000    6.57661    0.02226    6.53561    0.06222
   1141.00000    5.53953    0.07264    5.80415    0.04987
   1144.00000    6.53837    0.04233    6.12220    0.05802
   1147.00000    5.49136    0.06262    5.72206    0.03007
   1150.00000    5.10877    0.04758    6.44906    0.05003
   1153.00000    4.73495    0.05633    6.25678    0.05948
   1156.00000    4.78837    0.07798    5.40162    0.04689
   1159.00000    4.94972    0.06632    5.37734    0.04531
   1162.00000    5.73610    0.04137    5.24342    0.07095
   1165.00000    6.84783    0.04035    4.69064    0.05030
   1168.00000    6.40263    0.02891    4.44026    0.04875
   1171.00000    6.24492    0.04655    4.32649    0.04343
   1174.00000    6.22103    0.06150    4.34602    0.08116
   1177.00000    6.53097    0.04063    5.14471    0.06822
   1180.00000    5.56453    0.05867    6.07547    0.07291
   1183.00000    5.93584    0.03689    6.08730    0.07776
   1186.00000    5.69386    0.04081    5.56552    0.02907
   1189.00000    5.67501    0.04743    5.61530    0.04808
   1192.00000    6.09996    0.06461    5.76106    0.05801
   1195.00000    5.64157    0.04855    5.33490    0.02751
   1198.00000    5.78611    0.06429    5.12508    0.06517
   1201.00000    5.68108    0.07153    5.73555    0.05968
   1204.00000    5.24527    0.06879    5.60175    0.06571
   1207.00000    5.41647    0.06907    5.32230    0.05808
   1210.00000    4.73818    0.07699    5.07519    0.05520
   1213.00000    5.08305    0.08293    5.21469    0.04855
   1462.00000    4.87831    0.06257    3.53641    0.05987
   1465.00000    4.61695    0.06374    3.70046    0.07088
   1468.00000    4.63000    0.03367    4.13927    0.04104
   1471.00000    4.72593    0.02564    3.55029    0.07050
   1474.00000    4.05844    0.03922    4.00399    0.03769
   1477.00000    4.30103    0.03449    4.39908    0.03861
   1480.00000    4.00783    0.06046    3.95948    0.07075
   1483.00000    3.81949    0.04313    3.55009    0.07917
   1486.00000    4.84407    0.07861    4.30741    0.02745
   1489.00000    4.97219    0.06410    3.72888    0.05848
   1492.00000    5.36596    0.07197    3.97302    0.04329
   1495.00000    5.25311    0.06382    3.54047    0.03032
   1498.00000    4.41406    0.03683    3.32803    0.04120
   1501.00000    4.01305    0.03500    3.62563    0.06891
   1504.00000    4.42483    0.04282    4.62006    0.07084
   1507.00000    3.68245    0.04704    4.28799    0.07090
   1510.00000    4.04011    0.05916    4.51873    0.05725
   1513.00000    4.02154    0.06780    4.20784    0.05472
   1516.00000    4.67883    0.05985    3.74705    0.06411
   1519.00000    4.29740    0.03295    3.55415    0.07019
   1522.00000    5.00332    0.04549    3.12062    0.06750
   1525.00000    5.32620    0.04941    3.49129    0.08221
   1528.00000    5.20086    0.05390    3.43418    0.06698
   1531.00000    5.17884    0.03879    3.55827    0.05636
   1534.00000    5.37239    0.08580    4.01089    0.04192
   1537.00000    5.76754    0.04844    4.08517    0.03574
   1540.00000    5.64860    0.05908    4.47669    0.04224
   1543.00000    5.48337    0.02579    4.61151    0.06507
   1546.00000    6.23466    0.06249    4.54406    0.05549
   1549.00000    5.98727    0.03617    4.77188    0.08188
   1552.00000    5.38821    0.00809    4.60868    0.08404
   1555.00000    5.52560    0.05949    4.83033    0.04118
   1558.00000    6.09355    0.07997    5.30857    0.04657
   1561.00000    5.72013    0.04430    5.40858    0.03938
   1564.00000    5.33809    0.07220    5.37917    0.09668
   1567.00000    4.88945    0.03633    4.77009    0.05835
   1570.00000    4.85895    0.04858    4.80469    0.05374
   1573.00000    5.25141    0.03507    5.20917    0.07847
   1576.00000    5.68357    0.06544    4.99741    0.08273
   1579.00000    5.18997    0.04562    4.18867    0.04108
