## Time Delay Challenge light curves
##
## [time]=days, [lc]=[err]=flux in nanomaggies
##
##       time       lc_A      err_A       lc_B      err_B
##-------------------------------------------------------
      1.00000    7.29977    0.03853    3.44835    0.07617
      4.00000    7.22558    0.06027    3.54296    0.03983
      7.00000    7.23548    0.05232    3.85280    0.06740
     10.00000    7.14983    0.05707    3.88715    0.05574
     13.00000    7.24319    0.05190    3.77502    0.06252
     16.00000    7.10034    0.06696    3.91875    0.07305
     19.00000    6.93151    0.06912    3.75557    0.08932
     22.00000    6.98289    0.04565    3.42289    0.06547
     25.00000    7.15154    0.03386    3.62450    0.06569
     28.00000    7.68090    0.06493    3.67633    0.03874
     31.00000    7.84227    0.05888    3.55323    0.02993
     34.00000    8.07715    0.06769    3.62650    0.02496
     37.00000    8.37014    0.06874    3.65496    0.07436
     40.00000    8.27504    0.05348    3.73695    0.04338
     43.00000    8.52161    0.05671    3.74537    0.05784
     46.00000    8.48502    0.04333    3.81902    0.05736
     49.00000    8.30751    0.05020    3.85014    0.05662
     52.00000    8.62484    0.07095    3.87409    0.03620
     55.00000    8.55624    0.03199    3.84647    0.02293
     58.00000    8.26044    0.04794    3.94442    0.05393
     61.00000    8.52323    0.06193    3.89980    0.06487
     64.00000    8.61408    0.06827    3.72293    0.05645
     67.00000    8.82911    0.06712    3.69540    0.04915
     70.00000    8.76898    0.02024    3.77059    0.06202
     73.00000    8.87024    0.08636    3.98214    0.06277
     76.00000    9.06219    0.04849    4.08976    0.06960
     79.00000    9.16430    0.05691    4.04764    0.08160
     82.00000    9.44261    0.08928    4.33176    0.04835
     85.00000    9.88165    0.04858    4.25925    0.06323
     88.00000    9.61808    0.05341    4.50863    0.05060
     91.00000    9.71582    0.05640    4.54892    0.04517
     94.00000    9.37446    0.04665    4.28839    0.06325
     97.00000    9.47039    0.07848    4.35566    0.04620
    100.00000    9.38854    0.04236    4.47693    0.04628
    103.00000    9.55176    0.06795    4.41383    0.05792
    106.00000    9.43535    0.05608    4.30859    0.03275
    109.00000    9.41207    0.08657    4.49375    0.05680
    112.00000    9.45712    0.07377    4.46568    0.05379
    115.00000    9.49802    0.04035    4.56954    0.04513
    118.00000    9.40883    0.06205    4.56776    0.06944
    367.00000    8.36120    0.07216    4.46923    0.03182
    370.00000    8.47484    0.08312    4.28861    0.05516
    373.00000    8.27870    0.04947    4.31207    0.08034
    376.00000    8.48898    0.05680    4.26177    0.05137
    379.00000    8.57739    0.05119    4.24550    0.04262
    382.00000    8.64965    0.06818    4.39774    0.05284
    385.00000    8.52378    0.05745    4.43870    0.04669
    388.00000    8.77163    0.04168    4.35405    0.02636
    391.00000    8.84299    0.04542    4.38346    0.06845
    394.00000    8.96303    0.04922    4.40713    0.06015
    397.00000    8.89473    0.02640    4.28372    0.04294
    400.00000    9.47643    0.04547    4.23591    0.04048
    403.00000    9.35674    0.07255    4.21721    0.04278
    406.00000    9.45102    0.04992    4.41591    0.05530
    409.00000    8.87597    0.04953    4.64431    0.04747
    412.00000    8.53152    0.02698    4.53133    0.03349
    415.00000    8.49292    0.06372    4.70245    0.05270
    418.00000    8.49026    0.05066    4.60453    0.04705
    421.00000    8.35108    0.06810    4.55050    0.02205
    424.00000    8.20868    0.06194    4.74155    0.04563
    427.00000    8.37002    0.07588    4.64306    0.00100
    430.00000    8.29443    0.05274    4.68266    0.07432
    433.00000    8.33331    0.06054    4.72420    0.06030
    436.00000    8.37920    0.05360    4.70360    0.04789
    439.00000    8.45249    0.04405    4.68216    0.03664
    442.00000    8.34653    0.04602    4.91916    0.05493
    445.00000    8.50420    0.04066    4.81792    0.04413
    448.00000    8.60018    0.05265    5.24543    0.05375
    451.00000    8.53632    0.03867    5.10660    0.04775
    454.00000    8.47382    0.08262    4.92241    0.04738
    457.00000    8.58027    0.04638    4.66060    0.07528
    460.00000    8.34554    0.03277    4.59048    0.03098
    463.00000    8.11807    0.05410    4.69829    0.03278
    466.00000    7.83711    0.04628    4.64887    0.04021
    469.00000    7.98095    0.04942    4.49890    0.03518
    472.00000    8.00995    0.04333    4.74809    0.08906
    475.00000    7.73448    0.02975    4.66148    0.03799
    478.00000    7.88895    0.05620    4.33209    0.07893
    481.00000    7.66532    0.04810    4.68680    0.05527
    484.00000    7.79610    0.05817    4.51077    0.08903
    733.00000    8.12899    0.04177    3.63239    0.05259
    736.00000    7.90175    0.04370    3.56454    0.04100
    739.00000    7.62717    0.04155    3.87494    0.03692
    742.00000    7.89483    0.03695    3.79207    0.06628
    745.00000    7.96305    0.01875    3.75989    0.04702
    748.00000    8.12388    0.06332    3.70855    0.07056
    751.00000    7.72414    0.07958    3.77456    0.05185
    754.00000    7.70068    0.03271    3.93708    0.03114
    757.00000    7.65126    0.05999    4.03477    0.01680
    760.00000    8.09713    0.06344    3.89365    0.06566
    763.00000    7.92024    0.05733    4.01127    0.03097
    766.00000    7.96121    0.01869    4.00050    0.05705
    769.00000    7.89096    0.07444    4.10923    0.06395
    772.00000    8.10082    0.01933    3.96330    0.04690
    775.00000    8.20665    0.02114    4.13795    0.05369
    778.00000    7.98271    0.05927    4.02716    0.06257
    781.00000    8.36201    0.03672    3.84338    0.05102
    784.00000    8.39522    0.06320    3.94498    0.07662
    787.00000    8.14807    0.07356    3.74256    0.07332
    790.00000    8.37009    0.05196    3.77401    0.02020
    793.00000    8.46823    0.04051    3.92079    0.03627
    796.00000    8.39562    0.04667    3.82460    0.02755
    799.00000    7.98613    0.05445    3.66112    0.03827
    802.00000    7.88220    0.03322    3.67018    0.07026
    805.00000    7.76982    0.03436    3.74093    0.05289
    808.00000    7.66443    0.06183    3.63816    0.04097
    811.00000    7.64807    0.04585    3.63471    0.03295
    814.00000    7.80123    0.05777    3.74441    0.07339
    817.00000    8.01294    0.06378    3.71104    0.04723
    820.00000    7.65257    0.04375    3.80816    0.03972
    823.00000    8.00568    0.05867    3.75952    0.07567
    826.00000    7.77518    0.05577    3.85749    0.06592
    829.00000    7.78735    0.05748    3.95334    0.06776
    832.00000    8.07506    0.04709    3.85330    0.04447
    835.00000    8.11464    0.03013    3.89020    0.03565
    838.00000    8.15733    0.06370    3.95105    0.03867
    841.00000    8.16351    0.05379    3.86914    0.04739
    844.00000    8.19820    0.05571    3.74612    0.05752
    847.00000    8.41806    0.05024    3.75536    0.04484
   1096.00000    7.75637    0.02318    3.65978    0.06820
   1099.00000    7.84888    0.03608    3.64315    0.05727
   1102.00000    7.91083    0.07158    3.77036    0.03139
   1105.00000    8.29175    0.02924    3.71866    0.03987
   1108.00000    8.66895    0.07638    3.94315    0.05140
   1111.00000    8.70618    0.03080    3.75272    0.06602
   1114.00000    8.89948    0.05273    3.61302    0.03928
   1117.00000    8.96764    0.05191    3.60088    0.04135
   1120.00000    8.78031    0.05556    3.60119    0.03531
   1123.00000    8.48943    0.04232    3.59044    0.08090
   1126.00000    8.63924    0.07135    3.51678    0.05364
   1129.00000    8.55537    0.04534    3.46157    0.04846
   1132.00000    8.52249    0.03680    3.52955    0.05617
   1135.00000    8.71850    0.04970    3.35985    0.06909
   1138.00000    8.86101    0.06047    3.63260    0.04123
   1141.00000    8.68242    0.03568    3.74779    0.07653
   1144.00000    8.44358    0.04491    3.84316    0.03731
   1147.00000    8.53491    0.07626    3.88103    0.04670
   1150.00000    8.38431    0.06417    3.96757    0.04645
   1153.00000    8.67059    0.06733    4.06879    0.04811
   1156.00000    8.09866    0.07658    4.22129    0.06179
   1159.00000    8.03627    0.07702    4.23406    0.05122
   1162.00000    7.67116    0.06000    4.36089    0.05985
   1165.00000    7.88075    0.03889    4.35782    0.07052
   1168.00000    7.94000    0.05329    4.25874    0.07760
   1171.00000    7.76547    0.07446    4.18573    0.03478
   1174.00000    8.05456    0.06682    4.05166    0.09760
   1177.00000    7.90374    0.04653    4.20068    0.02332
   1180.00000    7.72383    0.07658    4.32192    0.08237
   1183.00000    7.81024    0.03137    4.38440    0.06890
   1186.00000    7.63312    0.04690    4.25129    0.05398
   1189.00000    7.27717    0.05515    4.17263    0.02482
   1192.00000    7.23656    0.06487    4.04475    0.05571
   1195.00000    7.39658    0.02923    3.97803    0.03563
   1198.00000    7.67464    0.04750    4.06631    0.04380
   1201.00000    7.73421    0.02741    4.00657    0.06785
   1204.00000    7.92526    0.05671    3.82276    0.06574
   1207.00000    7.82485    0.05145    3.76136    0.05755
   1210.00000    7.84926    0.07369    3.77934    0.05947
   1213.00000    7.96011    0.01501    3.86134    0.04587
   1462.00000    7.16121    0.05174    3.15800    0.05776
   1465.00000    6.94869    0.05484    3.27376    0.07504
   1468.00000    7.08472    0.04772    3.29141    0.05184
   1471.00000    7.15937    0.03740    3.15702    0.05089
   1474.00000    6.59076    0.08729    3.18819    0.04925
   1477.00000    6.49560    0.03602    3.20561    0.06301
   1480.00000    6.33446    0.06930    3.14005    0.06233
   1483.00000    6.48165    0.05771    3.21086    0.04470
   1486.00000    6.32110    0.06382    3.13694    0.06529
   1489.00000    6.55769    0.04767    3.19982    0.03702
   1492.00000    6.78933    0.02675    3.14631    0.04548
   1495.00000    7.01956    0.04274    3.10592    0.05120
   1498.00000    7.04261    0.03857    3.02026    0.03923
   1501.00000    6.86737    0.03311    2.96330    0.05201
   1504.00000    6.75120    0.04979    3.11187    0.06044
   1507.00000    6.86710    0.06909    3.12193    0.03898
   1510.00000    6.90678    0.04092    3.16809    0.05102
   1513.00000    7.06682    0.03712    3.15361    0.03552
   1516.00000    7.32143    0.06852    3.14224    0.05092
   1519.00000    7.27349    0.07268    3.17419    0.04798
   1522.00000    7.05621    0.07952    3.05042    0.06095
   1525.00000    6.95914    0.09012    2.86708    0.03124
   1528.00000    7.15218    0.03565    2.81407    0.06211
   1531.00000    6.87005    0.06097    2.92369    0.04542
   1534.00000    7.18944    0.08381    2.92204    0.05165
   1537.00000    7.03309    0.07144    3.05005    0.04777
   1540.00000    7.26655    0.09491    3.10429    0.07837
   1543.00000    7.29625    0.04247    3.18643    0.06591
   1546.00000    7.44520    0.03159    3.20572    0.03536
   1549.00000    7.27485    0.03774    3.17261    0.03974
   1552.00000    7.15295    0.04154    3.18397    0.06570
   1555.00000    7.01560    0.04763    3.14379    0.03809
   1558.00000    7.14680    0.07778    3.22267    0.06875
   1561.00000    7.43871    0.04398    3.26971    0.05560
   1564.00000    7.35251    0.06470    3.26843    0.05008
   1567.00000    7.31541    0.07309    3.21677    0.04893
   1570.00000    7.24627    0.07154    3.26238    0.03300
   1573.00000    7.42864    0.06959    3.24657    0.03879
   1576.00000    7.27194    0.04366    3.20961    0.04870
   1579.00000    7.49839    0.06526    3.19597    0.04489
