## Time Delay Challenge light curves
##
## [time]=days, [lc]=[err]=flux in nanomaggies
##
##       time       lc_A      err_A       lc_B      err_B
##-------------------------------------------------------
      1.00000    4.92769    0.05017    2.27949    0.03546
      4.00000    5.29878    0.04777    2.26136    0.06496
      7.00000    5.06208    0.04598    2.30977    0.06416
     10.00000    5.11209    0.06884    2.31050    0.03773
     13.00000    4.84174    0.06233    2.36898    0.00583
     16.00000    5.15234    0.06887    2.28166    0.06427
     19.00000    5.47285    0.05559    2.26842    0.04771
     22.00000    5.17007    0.06379    2.21683    0.06258
     25.00000    5.03436    0.06426    2.29511    0.04171
     28.00000    4.58430    0.06832    2.60474    0.03631
     31.00000    4.65807    0.04032    2.67000    0.01885
     34.00000    4.74477    0.06014    2.57814    0.03649
     37.00000    4.90213    0.04606    2.55838    0.05929
     40.00000    4.97405    0.02716    2.56762    0.05883
     43.00000    5.10987    0.02528    2.40520    0.04235
     46.00000    5.00330    0.03606    2.36864    0.02928
     49.00000    5.11535    0.03916    2.41798    0.06287
     52.00000    5.21692    0.01877    2.52141    0.06571
     55.00000    5.56041    0.03717    2.64180    0.04656
     58.00000    5.78520    0.04232    2.54669    0.06587
     61.00000    5.70306    0.05477    2.60427    0.00817
     64.00000    5.89081    0.04293    2.54482    0.01650
     67.00000    6.47444    0.05367    2.43451    0.07023
     70.00000    6.61568    0.03854    2.60414    0.05758
     73.00000    6.38611    0.04795    2.58274    0.06944
     76.00000    6.17496    0.06064    2.67689    0.04197
     79.00000    6.37386    0.07129    2.45405    0.03095
     82.00000    6.83544    0.04353    2.26701    0.07920
     85.00000    6.68694    0.05876    2.45150    0.05228
     88.00000    6.51653    0.05284    2.45026    0.05671
     91.00000    6.76124    0.07798    2.57320    0.05632
     94.00000    6.57535    0.03993    2.57806    0.04430
     97.00000    6.49145    0.04257    2.66392    0.05879
    100.00000    6.40884    0.07175    2.61486    0.06176
    103.00000    6.28643    0.08560    2.66474    0.04154
    106.00000    6.17760    0.09375    2.77206    0.03610
    109.00000    6.00551    0.06819    3.20358    0.06741
    112.00000    6.04294    0.04901    2.94157    0.06015
    115.00000    5.62049    0.02096    2.91074    0.07617
    118.00000    5.47115    0.06443    3.14402    0.03919
    367.00000    6.44050    0.06852    2.74237    0.03677
    370.00000    6.23918    0.04542    3.10393    0.05527
    373.00000    6.14160    0.07149    3.20187    0.04916
    376.00000    5.92941    0.05324    3.23902    0.02257
    379.00000    5.88373    0.04963    3.30371    0.03796
    382.00000    5.59544    0.07130    3.23201    0.04418
    385.00000    5.30243    0.05124    3.31961    0.06550
    388.00000    5.32185    0.03380    3.35805    0.04258
    391.00000    5.38839    0.06195    3.56465    0.04027
    394.00000    5.65576    0.04425    3.55202    0.04070
    397.00000    5.60617    0.05297    3.45053    0.03851
    400.00000    5.53798    0.06063    3.31815    0.06057
    403.00000    5.56818    0.04356    3.25768    0.06760
    406.00000    5.11008    0.02489    3.44368    0.04912
    409.00000    5.06360    0.05350    3.46760    0.06770
    412.00000    5.04055    0.04933    3.63550    0.05400
    415.00000    5.13644    0.04672    3.61444    0.07454
    418.00000    4.88486    0.04179    3.59219    0.04865
    421.00000    4.79256    0.07476    3.71430    0.01547
    424.00000    4.84813    0.06010    3.59509    0.05827
    427.00000    4.90877    0.07756    3.54120    0.06337
    430.00000    5.23090    0.07398    3.34494    0.04411
    433.00000    5.49666    0.03420    3.43752    0.02569
    436.00000    5.84323    0.07668    3.20445    0.07967
    439.00000    5.89472    0.06799    3.25269    0.04292
    442.00000    6.05612    0.04399    3.27681    0.05433
    445.00000    5.92935    0.06164    3.19306    0.04732
    448.00000    5.96673    0.03168    3.34369    0.03200
    451.00000    6.43455    0.02893    3.35697    0.04638
    454.00000    6.59690    0.03980    3.44819    0.05969
    457.00000    6.46706    0.04794    3.15070    0.06520
    460.00000    6.28842    0.04687    3.07434    0.02379
    463.00000    6.37293    0.05650    3.11872    0.04882
    466.00000    6.26817    0.02814    3.04665    0.03665
    469.00000    6.13081    0.09063    2.97097    0.02577
    472.00000    6.05495    0.06584    2.77522    0.05613
    475.00000    6.20288    0.05499    2.99158    0.04731
    478.00000    6.06018    0.06391    3.01886    0.08901
    481.00000    6.09631    0.04231    2.99056    0.02944
    484.00000    6.04675    0.06943    3.15641    0.06656
    733.00000    8.58737    0.06196    6.45787    0.04720
    736.00000    8.51477    0.03641    6.65188    0.05285
    739.00000    8.02328    0.04880    6.65824    0.04695
    742.00000    7.86732    0.04537    6.83400    0.06297
    745.00000    8.09505    0.09300    6.74769    0.06975
    748.00000    7.95533    0.06378    7.07195    0.07585
    751.00000    7.90473    0.05147    6.91037    0.01848
    754.00000    8.20811    0.07904    6.64735    0.09117
    757.00000    7.69326    0.03008    6.67356    0.06573
    760.00000    7.69754    0.02516    6.61970    0.04572
    763.00000    7.57979    0.07450    6.25914    0.07395
    766.00000    7.55995    0.04586    6.42889    0.04286
    769.00000    7.73412    0.05603    6.64985    0.04479
    772.00000    7.79513    0.04793    6.78057    0.06994
    775.00000    7.59819    0.04572    6.52361    0.05817
    778.00000    7.64258    0.05435    6.93705    0.04439
    781.00000    8.01612    0.04686    6.92118    0.05929
    784.00000    7.97961    0.06092    7.21998    0.05288
    787.00000    7.68269    0.05993    7.38281    0.05370
    790.00000    7.90221    0.04105    6.88764    0.05675
    793.00000    8.05312    0.04752    6.51778    0.06752
    796.00000    8.34881    0.03494    6.78168    0.04466
    799.00000    8.21580    0.04520    6.52588    0.07313
    802.00000    8.43022    0.02975    6.52126    0.03733
    805.00000    8.91963    0.05357    7.16222    0.06299
    808.00000    9.04950    0.07149    6.94159    0.04317
    811.00000    9.58487    0.06401    6.84846    0.03957
    814.00000    9.81116    0.04523    6.59075    0.02002
    817.00000    9.51825    0.06211    6.75600    0.04786
    820.00000    9.30221    0.04644    6.83995    0.04326
    823.00000    9.80445    0.05817    7.09469    0.06004
    826.00000    9.84122    0.04195    6.98841    0.05099
    829.00000    9.84388    0.06607    6.94908    0.05131
    832.00000    9.88020    0.05084    7.13951    0.04633
    835.00000    9.87977    0.05701    7.35709    0.04377
    838.00000   11.06563    0.08030    7.37852    0.08776
    841.00000   10.81388    0.06667    7.21787    0.03630
    844.00000   10.03654    0.06493    7.30302    0.04005
    847.00000   10.36944    0.05069    7.50389    0.06038
   1096.00000    7.99242    0.04619   11.27451    0.06923
   1099.00000    8.27850    0.02838   12.02313    0.03731
   1102.00000    8.27470    0.02660   12.33271    0.05639
   1105.00000    8.19892    0.04735   12.09453    0.02250
   1108.00000    8.55350    0.06914   12.41610    0.04742
   1111.00000    8.80288    0.05668   11.70446    0.01944
   1114.00000    8.30610    0.05561   12.22374    0.06641
   1117.00000    8.04356    0.04530   11.94901    0.08139
   1120.00000    8.14440    0.05519   12.07880    0.02095
   1123.00000    8.73041    0.02511   11.91234    0.06193
   1126.00000    8.95057    0.06861   12.33655    0.03375
   1129.00000    8.64788    0.06053   12.93959    0.05895
   1132.00000    8.34931    0.04313   13.20665    0.04286
   1135.00000    8.62909    0.02106   14.32644    0.02519
   1138.00000    8.48181    0.07131   14.49654    0.05445
   1141.00000    8.34878    0.04543   13.70683    0.05834
   1144.00000    8.70773    0.04357   14.31911    0.07586
   1147.00000    8.82199    0.01787   14.30453    0.09475
   1150.00000    9.54482    0.04487   14.76082    0.06158
   1153.00000    8.92349    0.08090   15.94467    0.04318
   1156.00000    8.35256    0.05371   15.14271    0.03998
   1159.00000    8.11389    0.05350   15.78666    0.05224
   1162.00000    8.28378    0.08309   16.22638    0.05517
   1165.00000    8.46356    0.04726   16.15128    0.06871
   1168.00000    8.68973    0.03990   14.95865    0.06148
   1171.00000    8.72556    0.06520   15.60964    0.04700
   1174.00000    9.53453    0.06470   15.61485    0.04879
   1177.00000    9.69862    0.03597   16.68255    0.04802
   1180.00000    9.80015    0.09336   16.83995    0.04959
   1183.00000    9.68774    0.04576   16.36769    0.05828
   1186.00000   10.09123    0.08097   16.13379    0.05146
   1189.00000    9.72382    0.06036   16.66123    0.04123
   1192.00000    9.79945    0.02445   16.55316    0.06520
   1195.00000    9.30452    0.06300   16.63646    0.04623
   1198.00000    9.84951    0.07050   16.87710    0.04531
   1201.00000    9.39734    0.06708   18.50675    0.03723
   1204.00000    9.22726    0.02409   17.55788    0.03725
   1207.00000    9.68494    0.04048   16.70181    0.06751
   1210.00000    9.62782    0.05904   16.31480    0.06899
   1213.00000   11.22687    0.04172   16.20215    0.03748
   1462.00000    7.34119    0.04894   15.19786    0.06546
   1465.00000    7.22082    0.04739   14.54866    0.04193
   1468.00000    7.08590    0.05366   14.31626    0.05084
   1471.00000    7.09655    0.06075   14.45718    0.02628
   1474.00000    7.02218    0.06994   14.44568    0.03504
   1477.00000    7.13134    0.04230   14.15439    0.04698
   1480.00000    7.09221    0.08021   14.81731    0.04999
   1483.00000    7.05136    0.06382   13.94506    0.04925
   1486.00000    7.18725    0.07853   13.84036    0.02902
   1489.00000    7.38522    0.06688   13.51737    0.06746
   1492.00000    7.15329    0.05110   13.94489    0.04133
   1495.00000    7.35646    0.04518   12.85267    0.04809
   1498.00000    7.29013    0.04427   13.50698    0.06708
   1501.00000    6.98539    0.04887   13.92397    0.09238
   1504.00000    6.82378    0.06169   13.29320    0.07398
   1507.00000    7.02398    0.04458   11.86018    0.02521
   1510.00000    7.34567    0.05181   11.67450    0.04455
   1513.00000    7.42103    0.06941   11.13518    0.05885
   1516.00000    7.74932    0.05207   11.56453    0.04312
   1519.00000    7.85495    0.07801   10.98949    0.02744
   1522.00000    7.79502    0.06705   10.68833    0.04519
   1525.00000    8.13698    0.03608   11.17432    0.04337
   1528.00000    8.07800    0.03188   11.04912    0.05488
   1531.00000    7.51765    0.05609   11.18216    0.05730
   1534.00000    7.86443    0.05394   10.77564    0.06239
   1537.00000    7.56215    0.04171   10.53933    0.08048
   1540.00000    7.55934    0.06114   10.76570    0.06572
   1543.00000    7.28334    0.04340   10.86899    0.04103
   1546.00000    7.47358    0.07877   10.33263    0.06803
   1549.00000    7.25732    0.04920   11.07807    0.04187
   1552.00000    7.66881    0.04502   10.64265    0.06977
   1555.00000    7.76538    0.06528   10.07639    0.06232
   1558.00000    8.13294    0.05146    9.78343    0.04123
   1561.00000    7.94105    0.06806   10.42440    0.06100
   1564.00000    7.55872    0.03506   10.24282    0.06046
   1567.00000    7.27884    0.01759   10.90087    0.03994
   1570.00000    7.47202    0.07873   11.03938    0.05820
   1573.00000    7.38883    0.01356   11.05656    0.09668
   1576.00000    7.52492    0.04305   10.62043    0.06713
   1579.00000    7.83642    0.05672   11.23782    0.03082
