## Time Delay Challenge light curves
##
## [time]=days, [lc]=[err]=flux in nanomaggies
##
##       time       lc_A      err_A       lc_B      err_B
##-------------------------------------------------------
      1.00000    0.35431    0.05853    2.04533    0.03483
      4.00000    0.36861    0.06074    2.05960    0.07418
      7.00000    0.44578    0.04930    2.04761    0.02187
     10.00000    0.55646    0.05889    2.00125    0.05992
     13.00000    0.50563    0.06463    1.96237    0.06057
     16.00000    0.48459    0.02750    1.93714    0.04511
     19.00000    0.38111    0.05099    2.08253    0.06112
     22.00000    0.50955    0.03288    1.99110    0.04088
     25.00000    0.42258    0.05473    1.79330    0.02772
     28.00000    0.42966    0.03954    1.85132    0.04822
     31.00000    0.47562    0.04042    1.81710    0.07801
     34.00000    0.45039    0.06439    1.84221    0.06876
     37.00000    0.51218    0.06558    1.78780    0.06636
     40.00000    0.52832    0.04040    1.80878    0.03909
     43.00000    0.45569    0.02944    1.99535    0.03662
     46.00000    0.38942    0.02687    2.02583    0.04111
     49.00000    0.39134    0.03020    1.86187    0.06813
     52.00000    0.40403    0.05317    1.90425    0.02674
     55.00000    0.56613    0.06960    1.96799    0.03437
     58.00000    0.40994    0.01658    1.86959    0.04181
     61.00000    0.43246    0.04419    2.01887    0.05124
     64.00000    0.45754    0.07009    1.93331    0.06853
     67.00000    0.44713    0.04352    1.96317    0.07097
     70.00000    0.39240    0.04658    1.83964    0.02607
     73.00000    0.44936    0.03567    1.86722    0.07641
     76.00000    0.43064    0.04767    2.02131    0.06023
     79.00000    0.43428    0.03201    2.08100    0.05502
     82.00000    0.30002    0.06509    1.96547    0.06150
     85.00000    0.47545    0.07645    1.91886    0.05712
     88.00000    0.36463    0.04397    1.87058    0.05998
     91.00000    0.45478    0.03867    1.93203    0.07394
     94.00000    0.34015    0.04187    1.90378    0.04271
     97.00000    0.33437    0.05935    2.01530    0.03717
    100.00000    0.44625    0.03879    2.14367    0.07088
    103.00000    0.42502    0.04315    2.25007    0.04561
    106.00000    0.46566    0.04220    2.02211    0.08082
    109.00000    0.39887    0.05187    2.23453    0.08140
    112.00000    0.49680    0.05906    2.23439    0.05569
    115.00000    0.40753    0.05726    2.14544    0.05075
    118.00000    0.31614    0.03168    2.11651    0.04110
    367.00000    0.69178    0.08273    2.76795    0.04431
    370.00000    0.56110    0.05620    2.61517    0.06608
    373.00000    0.59028    0.04042    2.69574    0.06850
    376.00000    0.60773    0.03629    2.60762    0.07378
    379.00000    0.65033    0.04986    2.50025    0.06410
    382.00000    0.54606    0.02393    2.50361    0.04602
    385.00000    0.60549    0.07577    2.56106    0.03114
    388.00000    0.55558    0.05463    2.49184    0.05385
    391.00000    0.57619    0.03925    2.44594    0.05148
    394.00000    0.50902    0.06171    2.36137    0.06396
    397.00000    0.55198    0.04971    2.39281    0.04108
    400.00000    0.58821    0.06067    2.27147    0.04009
    403.00000    0.60526    0.05579    2.18772    0.05239
    406.00000    0.49712    0.07844    2.38763    0.05591
    409.00000    0.46043    0.04528    2.33717    0.05256
    412.00000    0.45585    0.07146    2.45011    0.05754
    415.00000    0.43919    0.05618    2.18533    0.03364
    418.00000    0.49850    0.06553    2.17763    0.06951
    421.00000    0.53873    0.05174    2.18828    0.01454
    424.00000    0.40439    0.09822    2.15520    0.04039
    427.00000    0.46236    0.02952    2.16139    0.06300
    430.00000    0.62125    0.05731    2.14631    0.06049
    433.00000    0.54982    0.05456    2.02080    0.02770
    436.00000    0.46528    0.02976    1.89981    0.04729
    439.00000    0.35209    0.07236    1.92049    0.05808
    442.00000    0.33576    0.05065    1.82904    0.04705
    445.00000    0.43631    0.03670    1.97302    0.05238
    448.00000    0.43613    0.04977    1.71733    0.03743
    451.00000    0.40917    0.06512    1.79830    0.07411
    454.00000    0.54221    0.06422    1.95172    0.06247
    457.00000    0.50977    0.01550    1.97392    0.07687
    460.00000    0.48986    0.04220    1.89980    0.05090
    463.00000    0.53368    0.05062    1.93030    0.08490
    466.00000    0.47111    0.04156    1.85023    0.05309
    469.00000    0.54574    0.05339    2.16674    0.05570
    472.00000    0.45889    0.03401    2.10740    0.03015
    475.00000    0.50205    0.03346    2.04046    0.03429
    478.00000    0.42672    0.04206    2.05119    0.05723
    481.00000    0.42675    0.01485    1.96640    0.03354
    484.00000    0.47250    0.03093    2.03224    0.06910
    733.00000    0.53193    0.05433    2.30787    0.05510
    736.00000    0.39185    0.05902    2.36568    0.06361
    739.00000    0.54680    0.04408    2.24982    0.03217
    742.00000    0.53561    0.07229    2.19940    0.04342
    745.00000    0.45522    0.05328    2.34658    0.05728
    748.00000    0.48977    0.05867    2.13979    0.05449
    751.00000    0.58910    0.08743    2.23474    0.05671
    754.00000    0.52242    0.02447    2.17832    0.04321
    757.00000    0.62220    0.04947    2.36903    0.04925
    760.00000    0.39771    0.04837    2.33367    0.03919
    763.00000    0.59816    0.05620    2.21247    0.02059
    766.00000    0.51687    0.04716    2.09672    0.06888
    769.00000    0.41385    0.05171    2.11229    0.04838
    772.00000    0.49301    0.05951    1.91856    0.06504
    775.00000    0.57763    0.04979    1.97955    0.06308
    778.00000    0.58526    0.05336    2.18851    0.04440
    781.00000    0.51745    0.01480    2.05796    0.05317
    784.00000    0.51232    0.02468    2.17713    0.07031
    787.00000    0.54149    0.03690    2.17764    0.04156
    790.00000    0.59313    0.08662    1.92157    0.05161
    793.00000    0.52336    0.05041    2.02522    0.02301
    796.00000    0.44318    0.03372    1.78877    0.06728
    799.00000    0.27083    0.06873    1.98380    0.06219
    802.00000    0.57275    0.06218    1.90182    0.05781
    805.00000    0.44923    0.06284    1.88052    0.05739
    808.00000    0.64809    0.08966    1.76298    0.04275
    811.00000    0.59242    0.04930    1.80921    0.05422
    814.00000    0.43360    0.05652    1.90585    0.06189
    817.00000    0.51309    0.05133    1.77562    0.03695
    820.00000    0.44736    0.07470    1.73119    0.04916
    823.00000    0.46498    0.06029    1.76185    0.08026
    826.00000    0.37143    0.04118    1.78003    0.02773
    829.00000    0.53707    0.06373    1.77237    0.05527
    832.00000    0.42006    0.03096    1.73111    0.02863
    835.00000    0.55102    0.05409    1.71423    0.04681
    838.00000    0.48397    0.05263    1.69667    0.04634
    841.00000    0.47472    0.06431    1.96151    0.05717
    844.00000    0.45904    0.04106    1.89707    0.08871
    847.00000    0.52278    0.04009    1.86640    0.03871
   1096.00000    0.34797    0.07251    2.76055    0.04809
   1099.00000    0.55806    0.07375    2.94337    0.05353
   1102.00000    0.43825    0.05396    2.79118    0.01900
   1105.00000    0.51789    0.03619    2.90023    0.08125
   1108.00000    0.62322    0.07445    2.66486    0.07222
   1111.00000    0.52402    0.03997    2.79807    0.06462
   1114.00000    0.40756    0.05771    2.82964    0.03789
   1117.00000    0.53077    0.05777    2.80831    0.04914
   1120.00000    0.57396    0.04851    2.85316    0.06063
   1123.00000    0.56750    0.02553    2.86712    0.04809
   1126.00000    0.47011    0.05462    3.04199    0.04687
   1129.00000    0.52368    0.05100    2.91665    0.04889
   1132.00000    0.46884    0.04684    2.64110    0.06841
   1135.00000    0.47743    0.02674    2.77271    0.05923
   1138.00000    0.47100    0.02263    2.87532    0.01802
   1141.00000    0.59128    0.04627    2.80548    0.05510
   1144.00000    0.49156    0.04671    2.82587    0.06601
   1147.00000    0.50199    0.03655    2.63684    0.05511
   1150.00000    0.53602    0.05033    2.74847    0.06512
   1153.00000    0.41993    0.05749    2.59819    0.07350
   1156.00000    0.52294    0.04934    2.79721    0.03609
   1159.00000    0.50066    0.03954    2.67495    0.05068
   1162.00000    0.46331    0.04077    2.86483    0.04714
   1165.00000    0.48128    0.04001    2.90398    0.03249
   1168.00000    0.50629    0.04780    3.07379    0.06207
   1171.00000    0.47801    0.04182    2.98602    0.03636
   1174.00000    0.49304    0.04235    3.08308    0.05581
   1177.00000    0.51459    0.01928    2.82323    0.03772
   1180.00000    0.56284    0.06105    2.86854    0.03247
   1183.00000    0.58073    0.04921    2.95053    0.02596
   1186.00000    0.51099    0.05277    3.17392    0.04507
   1189.00000    0.57844    0.03052    3.14727    0.03371
   1192.00000    0.56806    0.07042    3.01998    0.04874
   1195.00000    0.47232    0.03061    3.17768    0.02759
   1198.00000    0.54361    0.06007    3.42111    0.06835
   1201.00000    0.49836    0.07013    3.32005    0.04992
   1204.00000    0.56622    0.03466    3.36943    0.06466
   1207.00000    0.56308    0.07243    3.35184    0.07647
   1210.00000    0.49801    0.04289    3.28556    0.04087
   1213.00000    0.50376    0.03528    3.15388    0.06025
   1462.00000    0.50180    0.07941    2.41789    0.03722
   1465.00000    0.37851    0.04547    2.38356    0.04491
   1468.00000    0.46017    0.05253    2.44182    0.06333
   1471.00000    0.46525    0.06640    2.38958    0.05718
   1474.00000    0.39240    0.05701    2.60359    0.06091
   1477.00000    0.28835    0.10466    2.66133    0.03539
   1480.00000    0.33205    0.05573    2.83350    0.06142
   1483.00000    0.33745    0.01616    2.93205    0.03212
   1486.00000    0.30218    0.05974    2.86675    0.08203
   1489.00000    0.40160    0.04235    3.07794    0.03685
   1492.00000    0.28982    0.05619    3.02546    0.06701
   1495.00000    0.43609    0.05244    2.75382    0.05459
   1498.00000    0.34242    0.07173    2.78763    0.04862
   1501.00000    0.32884    0.06171    2.75952    0.04861
   1504.00000    0.30093    0.08019    2.33463    0.07890
   1507.00000    0.43537    0.08428    2.46989    0.04594
   1510.00000    0.37282    0.04707    2.28856    0.02964
   1513.00000    0.30084    0.05298    2.34110    0.05871
   1516.00000    0.48869    0.07592    2.48877    0.06690
   1519.00000    0.48885    0.07393    2.52545    0.07581
   1522.00000    0.32446    0.06607    2.47572    0.07791
   1525.00000    0.39544    0.04103    2.57658    0.04823
   1528.00000    0.46132    0.03218    2.65502    0.08669
   1531.00000    0.45997    0.05620    2.58911    0.04923
   1534.00000    0.47182    0.02251    2.72116    0.06082
   1537.00000    0.53012    0.08162    2.83412    0.06083
   1540.00000    0.43332    0.06799    2.56233    0.03906
   1543.00000    0.53953    0.08842    2.61108    0.04883
   1546.00000    0.44998    0.05234    2.57815    0.05043
   1549.00000    0.43781    0.04491    2.53967    0.04034
   1552.00000    0.46440    0.04450    2.72373    0.05034
   1555.00000    0.39577    0.08709    2.48389    0.05537
   1558.00000    0.31415    0.06343    2.62754    0.07957
   1561.00000    0.44543    0.08730    2.72363    0.04378
   1564.00000    0.54548    0.04746    2.42816    0.05949
   1567.00000    0.45578    0.04877    2.20150    0.04198
   1570.00000    0.48311    0.04478    2.31706    0.06660
   1573.00000    0.54335    0.06427    2.29929    0.06530
   1576.00000    0.52966    0.04129    1.96876    0.07483
   1579.00000    0.52738    0.06888    2.37342    0.06771
