## Time Delay Challenge light curves
##
## [time]=days, [lc]=[err]=flux in nanomaggies
##
##       time       lc_A      err_A       lc_B      err_B
##-------------------------------------------------------
      1.00000    3.11771    0.04616    0.62328    0.06136
      4.00000    3.11048    0.05350    0.45896    0.05073
      7.00000    3.07911    0.04937    0.49942    0.01677
     10.00000    3.10965    0.05885    0.51906    0.05400
     13.00000    3.11518    0.07178    0.42900    0.08238
     16.00000    3.07034    0.05127    0.49037    0.02816
     19.00000    3.08447    0.05372    0.53115    0.02689
     22.00000    3.13167    0.07485    0.46897    0.04468
     25.00000    2.99879    0.08788    0.52095    0.05029
     28.00000    3.00566    0.03168    0.51890    0.03434
     31.00000    3.15920    0.08205    0.52908    0.06547
     34.00000    2.97135    0.06684    0.49605    0.05243
     37.00000    2.91215    0.05582    0.51722    0.03241
     40.00000    3.05996    0.07792    0.46315    0.07162
     43.00000    2.76118    0.06990    0.40941    0.06613
     46.00000    2.93095    0.05999    0.45095    0.03949
     49.00000    2.76072    0.06204    0.58163    0.06052
     52.00000    2.87576    0.03764    0.54035    0.07158
     55.00000    2.89565    0.03657    0.49340    0.04525
     58.00000    2.92885    0.03923    0.53360    0.05240
     61.00000    2.77788    0.06238    0.48499    0.07418
     64.00000    2.86328    0.04501    0.48782    0.04679
     67.00000    2.77501    0.04715    0.44008    0.09524
     70.00000    2.94361    0.05226    0.60002    0.06398
     73.00000    2.67039    0.03989    0.48977    0.04776
     76.00000    2.75320    0.06002    0.46888    0.04782
     79.00000    2.87473    0.05230    0.49970    0.04811
     82.00000    2.89468    0.07411    0.48738    0.10713
     85.00000    2.68917    0.06679    0.45280    0.06064
     88.00000    2.72727    0.06450    0.46546    0.03223
     91.00000    2.91449    0.05067    0.43040    0.06016
     94.00000    2.89587    0.06997    0.43717    0.02787
     97.00000    2.99883    0.05154    0.46968    0.07031
    100.00000    3.09848    0.07157    0.52757    0.06558
    103.00000    2.98818    0.05403    0.46572    0.06090
    106.00000    3.01357    0.05493    0.53910    0.02223
    109.00000    3.02640    0.05159    0.44195    0.04702
    112.00000    2.86994    0.04562    0.59589    0.07628
    115.00000    2.85919    0.04070    0.47382    0.03749
    118.00000    2.69454    0.07504    0.47165    0.05466
    367.00000    3.72874    0.05273    0.66126    0.06616
    370.00000    3.65994    0.05263    0.52160    0.04145
    373.00000    3.74382    0.04829    0.52767    0.06274
    376.00000    3.69912    0.03442    0.68888    0.06688
    379.00000    3.74623    0.04933    0.54637    0.04494
    382.00000    3.89558    0.06219    0.59712    0.04712
    385.00000    3.94440    0.06934    0.46281    0.06313
    388.00000    3.81683    0.03487    0.56069    0.01690
    391.00000    3.86057    0.06173    0.54797    0.08008
    394.00000    3.67615    0.04646    0.53190    0.05164
    397.00000    3.60738    0.01826    0.59206    0.06208
    400.00000    3.77165    0.05676    0.63970    0.05302
    403.00000    3.80877    0.04255    0.50100    0.07115
    406.00000    3.73583    0.06347    0.52788    0.02349
    409.00000    3.74785    0.03332    0.66359    0.05342
    412.00000    3.88928    0.04328    0.42611    0.07045
    415.00000    3.68520    0.05102    0.48216    0.03272
    418.00000    3.60911    0.07588    0.39304    0.08449
    421.00000    3.65778    0.07018    0.54501    0.06519
    424.00000    3.60343    0.03592    0.53247    0.04694
    427.00000    3.66834    0.04471    0.50655    0.04008
    430.00000    3.82527    0.05563    0.60449    0.07724
    433.00000    3.77570    0.05839    0.51138    0.05501
    436.00000    3.73220    0.07043    0.63728    0.04089
    439.00000    3.74910    0.05072    0.59769    0.06412
    442.00000    3.81446    0.06984    0.57943    0.02905
    445.00000    3.82124    0.06902    0.54937    0.05059
    448.00000    3.92617    0.05046    0.63511    0.08099
    451.00000    3.97576    0.05687    0.57732    0.02440
    454.00000    3.94637    0.06499    0.59574    0.03950
    457.00000    4.02137    0.04093    0.53996    0.05508
    460.00000    4.01806    0.06026    0.63958    0.04993
    463.00000    4.04987    0.05245    0.62781    0.05993
    466.00000    3.91597    0.03584    0.63002    0.04703
    469.00000    3.96248    0.09162    0.54656    0.06348
    472.00000    3.94488    0.03077    0.54435    0.02894
    475.00000    3.79577    0.06588    0.60302    0.01741
    478.00000    3.69284    0.02022    0.57560    0.06723
    481.00000    3.79079    0.07021    0.64154    0.03692
    484.00000    3.72312    0.06835    0.52165    0.02498
    733.00000    5.00002    0.04788    0.77230    0.05133
    736.00000    4.93385    0.06782    0.82797    0.03962
    739.00000    4.73797    0.06520    0.90316    0.06451
    742.00000    4.66196    0.06233    0.82196    0.02551
    745.00000    4.73010    0.04655    0.80532    0.07424
    748.00000    4.60500    0.07558    0.70601    0.05688
    751.00000    4.64422    0.03195    0.74189    0.05182
    754.00000    4.50374    0.06180    0.66816    0.03411
    757.00000    4.45737    0.04351    0.72013    0.05788
    760.00000    4.39902    0.06274    0.70970    0.03774
    763.00000    4.48242    0.06668    0.70869    0.05635
    766.00000    4.50525    0.05445    0.72587    0.06631
    769.00000    4.51718    0.07300    0.75743    0.07287
    772.00000    4.50101    0.04059    0.67838    0.05905
    775.00000    4.49804    0.04865    0.73165    0.02020
    778.00000    4.30147    0.06970    0.71267    0.06361
    781.00000    4.25997    0.05257    0.69006    0.03862
    784.00000    4.11553    0.04371    0.61854    0.05718
    787.00000    4.17320    0.05010    0.75009    0.06253
    790.00000    3.88526    0.06227    0.64874    0.03541
    793.00000    3.82193    0.03107    0.64243    0.04998
    796.00000    3.72845    0.05276    0.64334    0.04960
    799.00000    3.78625    0.05484    0.65543    0.04896
    802.00000    3.81594    0.04622    0.68942    0.05414
    805.00000    3.85149    0.03236    0.60600    0.06559
    808.00000    3.80853    0.03312    0.66681    0.08248
    811.00000    3.92108    0.07093    0.67319    0.04724
    814.00000    3.80673    0.06855    0.70383    0.06594
    817.00000    3.82670    0.08174    0.71682    0.08468
    820.00000    3.98835    0.02712    0.62051    0.07133
    823.00000    4.06371    0.08796    0.60504    0.02695
    826.00000    4.02257    0.05422    0.66118    0.03833
    829.00000    3.83468    0.05612    0.53142    0.05192
    832.00000    4.01533    0.06316    0.62805    0.07205
    835.00000    4.25711    0.03957    0.72931    0.05396
    838.00000    4.36611    0.03985    0.68135    0.06595
    841.00000    4.16425    0.02128    0.80422    0.07036
    844.00000    4.16944    0.02865    0.77306    0.05912
    847.00000    4.18117    0.08382    0.71710    0.03651
   1096.00000    4.89252    0.05416    0.83117    0.06815
   1099.00000    4.69509    0.03296    0.76582    0.04558
   1102.00000    5.04569    0.04918    0.86565    0.02259
   1105.00000    5.16768    0.07136    0.76513    0.07467
   1108.00000    5.04639    0.03845    0.79341    0.06368
   1111.00000    5.05359    0.04055    0.88140    0.07179
   1114.00000    5.16131    0.02148    0.96975    0.07277
   1117.00000    4.92526    0.06524    0.75140    0.08211
   1120.00000    4.82016    0.05777    0.84134    0.05369
   1123.00000    5.02789    0.06504    0.82035    0.03524
   1126.00000    4.78293    0.07948    0.84724    0.04216
   1129.00000    4.95486    0.06531    0.79267    0.07263
   1132.00000    5.11827    0.03068    0.79254    0.06489
   1135.00000    4.97503    0.04334    0.79882    0.07669
   1138.00000    5.13740    0.05755    0.80120    0.04010
   1141.00000    5.26158    0.05462    0.89770    0.05092
   1144.00000    5.44323    0.06123    0.86323    0.06109
   1147.00000    5.22855    0.06744    0.81912    0.03368
   1150.00000    5.15277    0.06513    0.94401    0.05845
   1153.00000    5.21586    0.05210    0.94438    0.07213
   1156.00000    5.44383    0.03735    0.87336    0.01565
   1159.00000    5.54527    0.07010    0.78952    0.05069
   1162.00000    5.59950    0.05585    0.97930    0.05399
   1165.00000    5.60484    0.08929    0.89787    0.02915
   1168.00000    5.58607    0.08100    0.93347    0.05547
   1171.00000    5.52446    0.04259    1.05738    0.04642
   1174.00000    5.55769    0.02663    0.91852    0.06751
   1177.00000    5.44891    0.06399    0.96240    0.06713
   1180.00000    5.56777    0.06572    0.79290    0.06412
   1183.00000    5.64983    0.05620    0.88911    0.05685
   1186.00000    5.67522    0.03866    0.90378    0.04256
   1189.00000    5.69091    0.04411    0.87608    0.04959
   1192.00000    5.42898    0.05286    0.92011    0.03499
   1195.00000    5.28048    0.06175    0.90887    0.05670
   1198.00000    5.34759    0.07779    0.99126    0.04344
   1201.00000    5.42058    0.02980    0.88634    0.00615
   1204.00000    5.56123    0.05593    0.80765    0.06443
   1207.00000    5.55240    0.03461    0.92883    0.05010
   1210.00000    5.46307    0.06021    0.90636    0.06902
   1213.00000    5.41354    0.03834    1.04703    0.07792
   1462.00000    4.27264    0.05947    0.67067    0.06012
   1465.00000    4.15625    0.07190    0.58288    0.05357
   1468.00000    4.21074    0.05236    0.55425    0.08989
   1471.00000    4.25516    0.04912    0.59057    0.04796
   1474.00000    4.04631    0.04423    0.78904    0.07818
   1477.00000    3.95104    0.06759    0.59796    0.07101
   1480.00000    4.04886    0.07362    0.60642    0.06543
   1483.00000    3.99774    0.05111    0.68165    0.05839
   1486.00000    4.10831    0.05725    0.62050    0.05489
   1489.00000    3.82710    0.07744    0.60597    0.04385
   1492.00000    3.95666    0.06941    0.62445    0.05835
   1495.00000    3.98954    0.05290    0.68124    0.07021
   1498.00000    3.92819    0.03185    0.64692    0.04599
   1501.00000    3.97996    0.04153    0.60326    0.04605
   1504.00000    3.84904    0.05766    0.67891    0.03694
   1507.00000    3.68458    0.04652    0.60397    0.07401
   1510.00000    3.76748    0.02832    0.52945    0.04709
   1513.00000    3.84106    0.07029    0.52932    0.04427
   1516.00000    3.71528    0.05364    0.63042    0.06328
   1519.00000    3.77917    0.04818    0.64954    0.05102
   1522.00000    3.74115    0.07163    0.54520    0.06938
   1525.00000    3.46178    0.02975    0.60598    0.03952
   1528.00000    3.27163    0.01862    0.60813    0.04844
   1531.00000    3.34694    0.04625    0.55910    0.07189
   1534.00000    3.31927    0.04866    0.61330    0.06554
   1537.00000    3.19348    0.05550    0.44476    0.06291
   1540.00000    3.12808    0.04566    0.56809    0.05080
   1543.00000    3.07980    0.05993    0.47048    0.08684
   1546.00000    3.00560    0.06571    0.44605    0.06111
   1549.00000    2.84689    0.07790    0.57616    0.07372
   1552.00000    2.88465    0.03740    0.44947    0.04726
   1555.00000    2.97816    0.09973    0.36567    0.07013
   1558.00000    3.02476    0.05987    0.47683    0.04225
   1561.00000    3.05049    0.07109    0.55927    0.04913
   1564.00000    3.00579    0.04388    0.48983    0.05162
   1567.00000    2.97023    0.02435    0.47455    0.04955
   1570.00000    2.92674    0.04296    0.35736    0.05742
   1573.00000    2.77991    0.08182    0.45381    0.00987
   1576.00000    3.02758    0.03313    0.42894    0.04616
   1579.00000    2.83660    0.03324    0.46177    0.01223
