## Time Delay Challenge light curves
##
## [time]=days, [lc]=[err]=flux in nanomaggies
##
##       time       lc_A      err_A       lc_B      err_B
##-------------------------------------------------------
      1.00000    6.90435    0.04627    2.51876    0.05503
      4.00000    7.00617    0.03768    2.64599    0.03621
      7.00000    7.61720    0.06129    2.47111    0.08268
     10.00000    5.96832    0.06783    2.41193    0.07389
     13.00000    5.57581    0.05613    2.38322    0.06130
     16.00000    6.06926    0.03466    2.30783    0.06077
     19.00000    6.92200    0.04010    2.52337    0.03017
     22.00000    6.68377    0.05775    2.56163    0.03251
     25.00000    6.21424    0.03130    2.68329    0.04739
     28.00000    6.31629    0.07226    2.46090    0.04793
     31.00000    5.74747    0.02366    2.20449    0.05367
     34.00000    6.20757    0.06110    2.20320    0.04471
     37.00000    6.31443    0.04193    2.12444    0.05254
     40.00000    6.85273    0.05693    1.92396    0.03390
     43.00000    6.51650    0.05081    1.83775    0.07452
     46.00000    6.44421    0.04754    1.72360    0.04810
     49.00000    6.29777    0.05326    1.75456    0.05754
     52.00000    7.21909    0.05906    2.20172    0.05947
     55.00000    6.36124    0.06065    2.65974    0.04099
     58.00000    6.10888    0.04803    2.79132    0.05453
     61.00000    6.29803    0.04156    2.70366    0.06000
     64.00000    6.60258    0.05522    3.38173    0.04809
     67.00000    7.60870    0.05723    3.29982    0.05289
     70.00000    7.13609    0.06002    3.31041    0.06164
     73.00000    7.80735    0.04430    3.23717    0.05478
     76.00000    6.70207    0.02265    3.12563    0.04245
     79.00000    5.90251    0.05434    2.94472    0.05822
     82.00000    5.74320    0.02394    2.77954    0.03545
     85.00000    5.78411    0.05050    2.72391    0.05517
     88.00000    5.83851    0.06224    2.91118    0.05700
     91.00000    5.83225    0.04497    3.34234    0.04473
     94.00000    5.60754    0.04714    2.69357    0.03973
     97.00000    5.71785    0.08405    2.20873    0.02547
    100.00000    5.72866    0.06891    2.46719    0.09841
    103.00000    5.16512    0.07400    2.77692    0.04316
    106.00000    3.71038    0.05130    2.82528    0.05606
    109.00000    4.14849    0.04989    2.83652    0.06713
    112.00000    4.83209    0.05127    2.56927    0.06275
    115.00000    4.54106    0.06499    2.35713    0.02734
    118.00000    5.30568    0.03976    2.53956    0.03152
    367.00000    8.73323    0.03613    2.95683    0.04207
    370.00000    8.89606    0.07023    2.89635    0.06523
    373.00000    7.56427    0.04611    2.88217    0.05804
    376.00000    7.50250    0.04934    2.84743    0.07638
    379.00000    7.30117    0.03962    3.20184    0.07101
    382.00000    7.07116    0.03347    3.07622    0.06581
    385.00000    6.83500    0.04512    2.70248    0.04040
    388.00000    7.13093    0.05851    3.05728    0.02851
    391.00000    6.54155    0.05005    2.70988    0.02458
    394.00000    5.67241    0.04302    2.57113    0.07118
    397.00000    5.50154    0.06928    2.18190    0.04143
    400.00000    5.30484    0.06575    2.29270    0.02248
    403.00000    5.23136    0.03845    2.16767    0.03465
    406.00000    5.02422    0.05379    2.13074    0.03244
    409.00000    5.34698    0.06208    2.32779    0.02382
    412.00000    5.29148    0.06374    2.70379    0.07064
    415.00000    5.36016    0.03789    2.45511    0.07561
    418.00000    6.22815    0.05335    2.42128    0.06459
    421.00000    6.30088    0.04648    2.27979    0.00833
    424.00000    6.58560    0.05744    2.33603    0.04277
    427.00000    6.36419    0.05870    2.44795    0.06327
    430.00000    6.38571    0.04223    2.35043    0.01732
    433.00000    6.33889    0.07172    2.73420    0.04228
    436.00000    5.91220    0.07445    3.11009    0.06791
    439.00000    6.33672    0.07103    3.30862    0.04553
    442.00000    6.11545    0.06017    3.23921    0.06284
    445.00000    6.71113    0.05142    3.23941    0.07385
    448.00000    6.40685    0.02224    3.50034    0.05021
    451.00000    7.43812    0.04680    3.19873    0.05724
    454.00000    6.73570    0.04907    3.71351    0.04050
    457.00000    6.27344    0.02725    3.23429    0.07863
    460.00000    6.67874    0.04417    3.11970    0.04175
    463.00000    6.34516    0.05004    3.04089    0.04482
    466.00000    6.13307    0.05117    2.89587    0.03445
    469.00000    6.80280    0.04303    2.93458    0.06045
    472.00000    6.11215    0.05062    3.03843    0.04101
    475.00000    6.25613    0.04190    2.81075    0.04422
    478.00000    5.88696    0.05395    2.32728    0.06455
    481.00000    5.86241    0.07161    2.47277    0.05379
    484.00000    6.55348    0.06463    2.06726    0.05296
    733.00000    6.46120    0.06181    3.18730    0.04409
    736.00000    5.57539    0.04399    3.11553    0.04889
    739.00000    5.98638    0.05523    2.90831    0.05688
    742.00000    4.96662    0.07141    2.94056    0.04725
    745.00000    5.15261    0.07590    2.53125    0.06375
    748.00000    5.81177    0.07164    2.64964    0.05197
    751.00000    6.05145    0.03840    2.69033    0.05860
    754.00000    6.10874    0.04805    2.77179    0.04340
    757.00000    5.75230    0.04740    2.82558    0.03878
    760.00000    5.42741    0.04758    2.55559    0.03942
    763.00000    5.27079    0.02243    2.86394    0.04491
    766.00000    5.42368    0.04727    2.57882    0.06810
    769.00000    5.35986    0.05138    2.61882    0.03972
    772.00000    5.24466    0.00694    2.39532    0.03548
    775.00000    5.21639    0.08478    2.52884    0.03652
    778.00000    5.51437    0.05457    2.74479    0.03307
    781.00000    5.44179    0.02053    2.85345    0.04560
    784.00000    5.78484    0.07511    3.07730    0.05087
    787.00000    5.31294    0.04778    2.80115    0.05223
    790.00000    5.47300    0.06158    3.02660    0.04779
    793.00000    6.33577    0.04835    2.67606    0.06862
    796.00000    6.81683    0.05936    2.88918    0.05448
    799.00000    5.98692    0.05906    2.55295    0.04402
    802.00000    5.12750    0.07577    2.63294    0.04744
    805.00000    4.74882    0.05626    2.78726    0.06098
    808.00000    4.72023    0.04196    2.22204    0.05904
    811.00000    4.54105    0.05139    2.41065    0.06922
    814.00000    4.72389    0.08661    2.54104    0.04819
    817.00000    4.59676    0.07471    2.70155    0.07062
    820.00000    5.21046    0.04217    2.45531    0.04337
    823.00000    6.09140    0.06081    2.48102    0.07443
    826.00000    6.25163    0.04012    2.13445    0.05605
    829.00000    6.54071    0.04282    2.16371    0.06931
    832.00000    6.13439    0.06240    2.26803    0.05060
    835.00000    5.57828    0.03632    2.56416    0.04970
    838.00000    6.59147    0.05670    2.57352    0.03914
    841.00000    7.07908    0.06923    2.51938    0.07207
    844.00000    6.65890    0.05948    2.25280    0.03293
    847.00000    6.50625    0.07938    2.18513    0.07339
   1096.00000    8.19028    0.02366    2.93454    0.06798
   1099.00000    9.69280    0.06060    2.71141    0.04207
   1102.00000    8.74189    0.02427    2.72812    0.05667
   1105.00000    9.71516    0.04405    2.85122    0.03423
   1108.00000   10.12147    0.05239    3.02114    0.04741
   1111.00000   11.53687    0.04514    3.01563    0.07103
   1114.00000   10.46789    0.06121    2.97834    0.06987
   1117.00000   10.19385    0.05217    3.47394    0.05712
   1120.00000    9.85142    0.04579    3.34841    0.06709
   1123.00000   10.46690    0.04383    3.18410    0.04350
   1126.00000    9.78752    0.07548    3.78271    0.02357
   1129.00000    8.94000    0.03071    3.84947    0.05371
   1132.00000    7.47339    0.08938    3.95506    0.08576
   1135.00000    7.09873    0.03285    3.70053    0.07533
   1138.00000    6.48406    0.04761    3.43365    0.02775
   1141.00000    6.95889    0.05670    3.26191    0.04775
   1144.00000    7.22818    0.03333    3.24474    0.07751
   1147.00000    7.11932    0.04105    3.12024    0.04356
   1150.00000    7.05848    0.06558    3.67443    0.07280
   1153.00000    6.18869    0.04329    3.28350    0.06258
   1156.00000    5.95781    0.03908    2.76332    0.04468
   1159.00000    5.44845    0.05309    2.56262    0.05149
   1162.00000    5.93291    0.04613    2.99601    0.03434
   1165.00000    6.11365    0.06340    3.39355    0.08436
   1168.00000    5.63967    0.06844    3.21760    0.05965
   1171.00000    4.56955    0.04965    3.11158    0.06568
   1174.00000    4.78785    0.07440    2.72248    0.03904
   1177.00000    5.05120    0.04742    3.02512    0.05671
   1180.00000    4.92465    0.05252    3.28199    0.03722
   1183.00000    4.91864    0.04586    3.49110    0.02680
   1186.00000    4.94550    0.05059    4.01525    0.03191
   1189.00000    4.98820    0.03477    3.87648    0.06235
   1192.00000    5.14659    0.07271    4.40460    0.06871
   1195.00000    5.78274    0.05266    4.88655    0.06461
   1198.00000    5.66476    0.05490    4.50145    0.05770
   1201.00000    6.49807    0.05716    4.61018    0.05774
   1204.00000    5.99662    0.05259    3.92456    0.06731
   1207.00000    6.10853    0.03226    4.34081    0.04870
   1210.00000    6.49911    0.04976    3.92947    0.04473
   1213.00000    6.37226    0.04340    3.92077    0.05796
   1462.00000    5.49318    0.09348    2.68548    0.06101
   1465.00000    4.79821    0.04901    2.63802    0.09725
   1468.00000    4.70023    0.06151    2.48010    0.07114
   1471.00000    4.94037    0.07200    2.38110    0.09855
   1474.00000    3.82959    0.06357    2.27704    0.05082
   1477.00000    4.40375    0.05883    2.18387    0.06625
   1480.00000    4.31471    0.07080    2.40112    0.04824
   1483.00000    4.24585    0.04943    2.22867    0.06300
   1486.00000    4.62438    0.06269    2.63299    0.04488
   1489.00000    4.86350    0.06959    2.48537    0.04641
   1492.00000    5.25457    0.03946    2.53997    0.07597
   1495.00000    4.73586    0.08518    2.97047    0.05111
   1498.00000    4.65369    0.03113    2.97329    0.05108
   1501.00000    4.87600    0.03337    3.03649    0.06941
   1504.00000    4.65479    0.06135    3.10498    0.06480
   1507.00000    5.53083    0.07986    2.99554    0.07082
   1510.00000    5.29013    0.06402    2.70824    0.05224
   1513.00000    5.55486    0.04416    2.76275    0.07563
   1516.00000    6.54874    0.03962    2.64634    0.04249
   1519.00000    6.08833    0.06286    2.82051    0.02517
   1522.00000    6.29717    0.04462    2.45709    0.06262
   1525.00000    6.55402    0.07353    2.31763    0.04374
   1528.00000    7.05980    0.08191    2.29071    0.03786
   1531.00000    6.97426    0.06115    2.35852    0.02371
   1534.00000    6.42177    0.03108    2.29376    0.07632
   1537.00000    6.85661    0.05265    2.13061    0.05419
   1540.00000    6.21702    0.04222    2.65786    0.05013
   1543.00000    6.36773    0.06135    2.45116    0.07354
   1546.00000    6.70547    0.05651    2.29532    0.04549
   1549.00000    7.03353    0.06317    2.15867    0.08148
   1552.00000    7.04445    0.05734    2.08038    0.04959
   1555.00000    6.52089    0.05628    2.06073    0.05847
   1558.00000    7.45855    0.03864    1.78690    0.03390
   1561.00000    6.47903    0.04595    1.70425    0.04866
   1564.00000    5.91167    0.03979    1.61409    0.05769
   1567.00000    5.67936    0.04335    1.75248    0.05321
   1570.00000    6.05816    0.06586    1.74974    0.06151
   1573.00000    6.02070    0.05500    1.98319    0.03980
   1576.00000    6.53790    0.03973    1.95420    0.04517
   1579.00000    7.37102    0.03627    2.02339    0.05650
