## Time Delay Challenge light curves
##
## [time]=days, [lc]=[err]=flux in nanomaggies
##
##       time       lc_A      err_A       lc_B      err_B
##-------------------------------------------------------
      1.00000    9.25786    0.05387    6.83307    0.05446
      4.00000    9.07708    0.06244    6.76444    0.05310
      7.00000    9.26991    0.03469    6.42705    0.03414
     10.00000    9.41858    0.03137    6.27224    0.04004
     13.00000    9.59229    0.05735    6.75957    0.05818
     16.00000    9.02653    0.06057    7.17668    0.03972
     19.00000    8.28160    0.02666    6.99137    0.05960
     22.00000    8.44936    0.05360    6.79593    0.03466
     25.00000    8.58623    0.06579    7.00004    0.05111
     28.00000    8.82299    0.03818    6.96347    0.04233
     31.00000    8.68686    0.05355    7.20869    0.03147
     34.00000    9.25932    0.05256    7.24162    0.04312
     37.00000    9.42152    0.04819    6.89745    0.07647
     40.00000    9.37812    0.07115    7.51801    0.04946
     43.00000    9.21685    0.04127    6.83438    0.05786
     46.00000    9.42880    0.05569    6.87714    0.03146
     49.00000    9.36909    0.04293    6.85921    0.06054
     52.00000    9.00080    0.05155    7.14374    0.05763
     55.00000    9.19546    0.02351    7.24341    0.05086
     58.00000    9.63047    0.05387    7.15875    0.04532
     61.00000    9.30287    0.02506    7.69597    0.05065
     64.00000    8.38767    0.08357    7.33837    0.05410
     67.00000    9.57399    0.05176    6.66468    0.04842
     70.00000    9.05217    0.07528    6.53495    0.03697
     73.00000    8.86614    0.08362    6.34475    0.03686
     76.00000    9.02353    0.05560    6.86413    0.06930
     79.00000    8.79139    0.03187    7.16161    0.03108
     82.00000    9.07696    0.03057    7.18926    0.02347
     85.00000    9.58741    0.06348    7.67755    0.05328
     88.00000   10.04110    0.02992    7.26672    0.02083
     91.00000    9.52240    0.04053    7.46874    0.02172
     94.00000    9.14934    0.05777    7.38981    0.06107
     97.00000    9.31723    0.05095    7.57024    0.03112
    100.00000    8.65583    0.04549    7.56712    0.05535
    103.00000    9.42996    0.04555    7.10248    0.05495
    106.00000   10.03540    0.06743    7.48914    0.06374
    109.00000    9.99808    0.05789    7.61621    0.05413
    112.00000   10.56173    0.06101    6.77142    0.05182
    115.00000   10.12068    0.06440    7.04273    0.04646
    118.00000   10.23387    0.02551    7.30222    0.05317
    367.00000    8.57438    0.08248    8.55918    0.04130
    370.00000    8.92828    0.02807    8.32929    0.05489
    373.00000    8.50978    0.04447    7.91117    0.03927
    376.00000    8.77190    0.06203    8.30331    0.06749
    379.00000    8.91163    0.08674    7.89469    0.03055
    382.00000    9.18999    0.03362    7.82717    0.04827
    385.00000    8.52145    0.05947    7.80635    0.06322
    388.00000    8.72808    0.04318    7.29276    0.05468
    391.00000    8.29579    0.07248    6.95594    0.08925
    394.00000    8.03297    0.04699    7.11204    0.03658
    397.00000    7.48581    0.04851    6.91956    0.03268
    400.00000    7.62900    0.07024    7.05167    0.02237
    403.00000    7.87344    0.05076    6.95001    0.06647
    406.00000    8.43287    0.05086    7.12532    0.06956
    409.00000    7.48856    0.01809    6.91813    0.06259
    412.00000    7.06433    0.04414    6.58636    0.06268
    415.00000    6.99598    0.06420    6.43152    0.06272
    418.00000    6.79273    0.06885    6.83123    0.05435
    421.00000    6.56320    0.04645    6.43889    0.04046
    424.00000    7.11636    0.01961    6.89949    0.04272
    427.00000    7.53008    0.04838    6.50833    0.07899
    430.00000    7.58052    0.03611    7.00411    0.02436
    433.00000    7.67934    0.03101    7.01138    0.05346
    436.00000    7.71533    0.05333    6.48104    0.04825
    439.00000    7.63144    0.05918    6.53204    0.04275
    442.00000    7.43373    0.07157    6.37847    0.07289
    445.00000    7.13832    0.03958    6.05727    0.05071
    448.00000    7.42452    0.04651    5.74857    0.06134
    451.00000    7.02732    0.02638    5.73609    0.06912
    454.00000    7.05262    0.06085    6.53245    0.07410
    457.00000    7.66457    0.05678    6.54523    0.08807
    460.00000    7.19023    0.03115    5.94147    0.03509
    463.00000    6.95305    0.04236    5.74618    0.05378
    466.00000    7.01741    0.07053    5.43523    0.05468
    469.00000    6.96452    0.07959    5.36656    0.04542
    472.00000    6.92488    0.05643    5.59171    0.03585
    475.00000    7.30392    0.04407    5.82452    0.04583
    478.00000    7.34329    0.05918    6.04831    0.04442
    481.00000    7.02754    0.07265    6.09009    0.04177
    484.00000    7.22982    0.07074    6.44861    0.06969
    733.00000    8.21904    0.01532    5.26319    0.03547
    736.00000    8.09279    0.07487    5.12769    0.05011
    739.00000    7.78025    0.05624    5.30149    0.05564
    742.00000    7.61876    0.08823    5.13308    0.05285
    745.00000    8.11922    0.04821    5.35398    0.08207
    748.00000    7.94728    0.05324    5.43856    0.06279
    751.00000    7.79475    0.03227    5.33335    0.05624
    754.00000    7.63080    0.04944    5.25222    0.04183
    757.00000    7.80457    0.05299    5.00190    0.04379
    760.00000    7.42433    0.04346    5.06257    0.07064
    763.00000    7.20193    0.05207    4.94381    0.05221
    766.00000    7.65107    0.06675    5.35362    0.04586
    769.00000    7.37917    0.05737    5.50562    0.05474
    772.00000    6.41105    0.01700    5.89600    0.02598
    775.00000    6.24689    0.06545    5.79126    0.04052
    778.00000    6.55971    0.06436    5.82213    0.05051
    781.00000    6.82753    0.05550    6.29056    0.07266
    784.00000    6.90436    0.04836    6.38064    0.00635
    787.00000    6.76655    0.02167    5.75433    0.05338
    790.00000    6.77463    0.07385    6.01314    0.05603
    793.00000    6.44203    0.05397    5.93756    0.04342
    796.00000    6.68480    0.04110    6.23076    0.05778
    799.00000    6.85667    0.02891    6.11651    0.05212
    802.00000    6.75327    0.04718    6.16556    0.04850
    805.00000    7.09210    0.02982    5.72822    0.07795
    808.00000    7.34862    0.06491    5.67903    0.05723
    811.00000    7.76770    0.05947    5.78570    0.06066
    814.00000    7.73128    0.06004    6.05991    0.04248
    817.00000    7.91075    0.06049    5.96164    0.05952
    820.00000    8.09391    0.05003    5.44180    0.09399
    823.00000    7.89418    0.04892    4.68568    0.05590
    826.00000    7.45939    0.03357    4.98599    0.09594
    829.00000    7.42753    0.05219    5.22908    0.03470
    832.00000    7.42757    0.06939    5.33951    0.03034
    835.00000    7.34478    0.05331    5.23300    0.02458
    838.00000    7.45800    0.03456    5.49449    0.01268
    841.00000    7.21493    0.05250    5.03466    0.04454
    844.00000    7.00284    0.04742    5.03771    0.04536
    847.00000    7.72734    0.04142    5.41682    0.05964
   1096.00000    7.40422    0.04099    6.70225    0.06546
   1099.00000    7.64435    0.03420    6.92098    0.05680
   1102.00000    7.53902    0.05147    6.67367    0.05635
   1105.00000    7.46191    0.02702    6.62375    0.09080
   1108.00000    7.58706    0.05172    6.32243    0.06537
   1111.00000    7.98184    0.04625    6.13871    0.07167
   1114.00000    7.78799    0.04699    5.90705    0.03893
   1117.00000    7.93913    0.05497    5.83482    0.03360
   1120.00000    8.20443    0.06279    5.75514    0.05631
   1123.00000    7.75778    0.03567    6.09378    0.08247
   1126.00000    7.98142    0.04595    5.82935    0.06326
   1129.00000    8.52083    0.04318    5.64330    0.04850
   1132.00000    8.57280    0.05639    5.63596    0.06057
   1135.00000    8.49024    0.06592    5.91319    0.07301
   1138.00000    8.60176    0.04422    5.53252    0.04638
   1141.00000    8.96152    0.04619    5.30336    0.04990
   1144.00000    9.80117    0.03967    5.32446    0.06017
   1147.00000    9.90786    0.05625    5.51254    0.05839
   1150.00000   10.20494    0.04702    5.56008    0.06532
   1153.00000    9.45572    0.04360    5.33987    0.04213
   1156.00000    9.24679    0.06847    5.35899    0.08452
   1159.00000   10.05071    0.05180    5.41943    0.07208
   1162.00000   10.26509    0.05308    5.47347    0.04283
   1165.00000   10.34061    0.07159    5.47056    0.06137
   1168.00000    9.25410    0.07267    5.87408    0.05306
   1171.00000    8.68116    0.06403    5.77461    0.01785
   1174.00000    8.36877    0.03563    5.45341    0.05597
   1177.00000    8.37656    0.05494    5.66859    0.10258
   1180.00000    8.51588    0.05274    6.07389    0.06501
   1183.00000    8.85211    0.04787    5.98064    0.05237
   1186.00000    8.60868    0.05596    5.98371    0.06560
   1189.00000    8.97280    0.02950    6.25489    0.04555
   1192.00000    8.77021    0.04287    6.37262    0.03701
   1195.00000    9.05525    0.04705    7.06362    0.04029
   1198.00000    8.43800    0.04594    7.32009    0.04829
   1201.00000    8.20062    0.04182    6.97264    0.05173
   1204.00000    8.21195    0.03933    6.59737    0.05227
   1207.00000    7.72935    0.05054    7.05831    0.05638
   1210.00000    7.92930    0.05940    7.08866    0.06897
   1213.00000    7.57631    0.07506    7.39191    0.06338
   1462.00000   11.83210    0.04952    6.59753    0.06142
   1465.00000   11.94748    0.02174    6.70956    0.05092
   1468.00000   11.87577    0.03125    6.92829    0.06671
   1471.00000   11.46248    0.05664    6.89906    0.04981
   1474.00000   12.00261    0.04866    7.47855    0.06424
   1477.00000   11.42036    0.05197    7.24152    0.06104
   1480.00000   11.35926    0.04637    7.71283    0.06726
   1483.00000   10.88446    0.06574    7.58895    0.04583
   1486.00000   10.76118    0.05944    7.51114    0.05396
   1489.00000   10.89070    0.04229    8.05888    0.04109
   1492.00000   10.98118    0.05745    8.15574    0.06683
   1495.00000   10.92008    0.03738    7.64026    0.04040
   1498.00000   10.62917    0.06087    7.94552    0.03467
   1501.00000   10.44264    0.04259    8.58675    0.07229
   1504.00000   10.25299    0.05401    8.73934    0.03814
   1507.00000   10.19130    0.02841    9.04129    0.08461
   1510.00000   11.07459    0.07109    8.89506    0.04297
   1513.00000   10.11322    0.03126    8.85326    0.04075
   1516.00000   10.16607    0.04933    9.06492    0.04942
   1519.00000   10.39132    0.04635    9.05414    0.03724
   1522.00000   10.99467    0.02867    9.03402    0.06759
   1525.00000   11.24885    0.04047    9.24045    0.02068
   1528.00000   11.26999    0.08143    8.80768    0.06402
   1531.00000   10.63801    0.02085    8.40675    0.05274
   1534.00000   10.52899    0.06221    8.38594    0.04941
   1537.00000   10.00377    0.05830    8.72055    0.04418
   1540.00000   10.46080    0.05236    8.59750    0.04822
   1543.00000   10.55563    0.06828    9.03375    0.08569
   1546.00000   10.14649    0.06622    8.36266    0.02278
   1549.00000   10.17118    0.07886    8.29159    0.03694
   1552.00000   10.13873    0.04750    8.12341    0.04064
   1555.00000   10.81718    0.07371    8.29869    0.04499
   1558.00000   10.04302    0.02934    8.62105    0.02021
   1561.00000   10.28351    0.03263    8.88806    0.09542
   1564.00000   10.36657    0.05253    8.10936    0.04336
   1567.00000   10.06044    0.05111    8.43722    0.06116
   1570.00000   10.24607    0.04745    8.48016    0.06184
   1573.00000    9.88640    0.06498    8.90376    0.04902
   1576.00000    9.71300    0.06356    9.04747    0.05793
   1579.00000    9.85760    0.05675    8.75997    0.08491
