## Time Delay Challenge light curves
##
## [time]=days, [lc]=[err]=flux in nanomaggies
##
##       time       lc_A      err_A       lc_B      err_B
##-------------------------------------------------------
      1.00000    4.60162    0.03315    0.80184    0.05436
      4.00000    4.79788    0.06513    0.80466    0.06106
      7.00000    4.81082    0.03954    0.68828    0.04105
     10.00000    4.59964    0.05635    0.77017    0.06367
     13.00000    4.52447    0.02856    0.77486    0.03325
     16.00000    4.42717    0.06019    0.63706    0.06877
     19.00000    4.34529    0.05335    0.80149    0.05066
     22.00000    4.38219    0.05692    0.75784    0.05060
     25.00000    4.24417    0.06431    0.79319    0.05479
     28.00000    4.42830    0.03551    0.79775    0.03482
     31.00000    4.21272    0.04460    0.87017    0.06966
     34.00000    4.37460    0.06010    0.89199    0.03903
     37.00000    4.22939    0.04801    0.80328    0.06437
     40.00000    4.18215    0.05215    0.72427    0.06268
     43.00000    4.24927    0.12235    0.75933    0.09815
     46.00000    4.36209    0.05123    0.77681    0.06229
     49.00000    4.32677    0.04377    0.79538    0.04320
     52.00000    4.60304    0.05067    0.56605    0.06744
     55.00000    4.60292    0.06045    0.76899    0.03820
     58.00000    4.61865    0.04940    0.77402    0.03063
     61.00000    4.34100    0.06495    0.71945    0.02499
     64.00000    4.32768    0.03151    0.68475    0.05259
     67.00000    4.64417    0.03751    0.76334    0.02072
     70.00000    4.52099    0.05428    0.73957    0.05229
     73.00000    4.49313    0.07701    0.75205    0.05918
     76.00000    4.46315    0.05195    0.72481    0.04807
     79.00000    4.34019    0.06973    0.80343    0.03871
     82.00000    4.24485    0.06318    0.76291    0.04619
     85.00000    4.09381    0.07740    0.75346    0.06242
     88.00000    4.24037    0.04355    0.76431    0.07169
     91.00000    4.24866    0.05046    0.67892    0.06139
     94.00000    4.52514    0.08800    0.79269    0.09285
     97.00000    4.43743    0.05947    0.84200    0.04185
    100.00000    4.23197    0.03816    0.80027    0.03806
    103.00000    4.37545    0.08346    0.67169    0.07842
    106.00000    4.50728    0.05530    0.78562    0.03572
    109.00000    4.37962    0.06477    0.79224    0.06347
    112.00000    4.37028    0.06473    0.73722    0.04510
    115.00000    4.49828    0.05456    0.70960    0.02397
    118.00000    4.38211    0.06280    0.70888    0.04756
    367.00000    3.96817    0.06462    0.99921    0.06546
    370.00000    3.96332    0.04301    0.85818    0.03817
    373.00000    3.86343    0.07470    0.88933    0.05238
    376.00000    4.19263    0.05408    0.87316    0.03046
    379.00000    4.10332    0.04562    0.87817    0.06447
    382.00000    4.19337    0.04619    0.89853    0.02622
    385.00000    3.98606    0.07216    0.69476    0.06103
    388.00000    4.39512    0.06347    0.86255    0.03182
    391.00000    4.27902    0.03722    0.89714    0.07329
    394.00000    4.21423    0.07227    0.86390    0.03765
    397.00000    4.01316    0.03640    0.82817    0.03646
    400.00000    4.39439    0.05726    0.87590    0.08016
    403.00000    4.34076    0.03714    0.96096    0.05542
    406.00000    4.54484    0.07054    0.87734    0.05761
    409.00000    4.65060    0.05400    0.78700    0.04560
    412.00000    4.55627    0.06233    0.78185    0.04013
    415.00000    4.80112    0.05424    0.93754    0.07586
    418.00000    4.78319    0.09340    0.97257    0.07662
    421.00000    4.90917    0.05057    0.75001    0.04713
    424.00000    5.21146    0.03237    0.81276    0.02156
    427.00000    5.23552    0.09718    0.84039    0.07171
    430.00000    5.42853    0.06388    0.83271    0.04145
    433.00000    5.03070    0.04611    0.87158    0.03390
    436.00000    4.99368    0.07106    0.87113    0.05355
    439.00000    4.78355    0.06790    0.91972    0.04309
    442.00000    4.71671    0.04073    0.96631    0.06165
    445.00000    4.71503    0.04109    0.86540    0.04478
    448.00000    4.70900    0.05455    0.94424    0.03853
    451.00000    4.67909    0.05001    0.81953    0.05079
    454.00000    4.41384    0.04182    1.11571    0.04352
    457.00000    4.32282    0.06144    1.06028    0.04513
    460.00000    4.47123    0.05755    0.96752    0.03856
    463.00000    4.63649    0.07191    0.92025    0.05904
    466.00000    4.21992    0.08004    0.98219    0.06094
    469.00000    4.26313    0.05708    0.97215    0.07226
    472.00000    4.28684    0.03017    0.91803    0.06231
    475.00000    4.40259    0.04679    0.88664    0.04817
    478.00000    4.44767    0.03372    0.86070    0.05069
    481.00000    4.37160    0.04908    0.93286    0.06421
    484.00000    4.51284    0.06340    0.82282    0.05963
    733.00000    4.30748    0.02665    0.67375    0.04127
    736.00000    4.45265    0.06692    0.78896    0.04562
    739.00000    4.42238    0.05004    0.74841    0.03672
    742.00000    4.22681    0.04559    0.70515    0.03183
    745.00000    4.32698    0.05418    0.63718    0.04819
    748.00000    4.40243    0.03045    0.62497    0.05321
    751.00000    4.43790    0.05356    0.61764    0.05047
    754.00000    4.40237    0.08910    0.76952    0.05329
    757.00000    4.41994    0.03727    0.89916    0.07437
    760.00000    4.28636    0.02645    0.82873    0.03614
    763.00000    4.65829    0.04183    0.83713    0.05041
    766.00000    4.54763    0.05672    1.02553    0.07493
    769.00000    4.67279    0.05721    0.87197    0.04757
    772.00000    4.59246    0.04268    0.79237    0.03033
    775.00000    4.54483    0.04860    0.87933    0.05940
    778.00000    4.53425    0.08288    0.86251    0.05197
    781.00000    4.66043    0.07253    0.85115    0.05968
    784.00000    4.54161    0.05856    0.84211    0.06064
    787.00000    4.53927    0.07318    0.80224    0.05841
    790.00000    4.37314    0.04202    0.91759    0.04385
    793.00000    4.28027    0.02300    0.85551    0.06445
    796.00000    4.49291    0.05149    0.86242    0.04575
    799.00000    4.40102    0.03786    0.86965    0.04333
    802.00000    4.55685    0.04390    0.95825    0.03283
    805.00000    4.49236    0.02431    0.90666    0.03607
    808.00000    4.36448    0.04642    1.03896    0.07399
    811.00000    4.39129    0.03865    0.93463    0.03002
    814.00000    4.41696    0.04498    0.88505    0.06419
    817.00000    4.55039    0.06347    0.99809    0.06896
    820.00000    4.72078    0.07194    0.82800    0.05362
    823.00000    4.71819    0.03847    0.89339    0.07023
    826.00000    4.51100    0.06356    0.94771    0.07014
    829.00000    4.52100    0.07214    0.92979    0.07340
    832.00000    4.28867    0.04980    0.89701    0.01799
    835.00000    4.01737    0.06207    0.85445    0.03928
    838.00000    3.90479    0.04683    0.79525    0.07534
    841.00000    4.23247    0.03138    0.84129    0.06275
    844.00000    4.25479    0.06196    0.88652    0.03183
    847.00000    4.08009    0.07207    0.89149    0.03833
   1096.00000    3.76076    0.05674    0.87087    0.07372
   1099.00000    3.97570    0.07483    0.66219    0.05694
   1102.00000    3.91606    0.06667    0.77552    0.04478
   1105.00000    4.00961    0.03125    0.74846    0.05290
   1108.00000    4.09813    0.04033    0.65990    0.05769
   1111.00000    3.97998    0.05430    0.70034    0.06278
   1114.00000    4.08273    0.05487    0.68838    0.04504
   1117.00000    4.09578    0.04970    0.73990    0.03464
   1120.00000    4.09671    0.03145    0.70124    0.06752
   1123.00000    4.02726    0.03840    0.63650    0.05199
   1126.00000    4.09788    0.06048    0.78142    0.04430
   1129.00000    3.78697    0.05026    0.66939    0.04550
   1132.00000    3.70879    0.03878    0.66160    0.06255
   1135.00000    3.67039    0.06491    0.72489    0.04927
   1138.00000    3.70950    0.02783    0.75610    0.03835
   1141.00000    3.67896    0.07897    0.79801    0.06872
   1144.00000    3.67145    0.04585    0.73053    0.05016
   1147.00000    3.74775    0.02893    0.73119    0.04383
   1150.00000    3.86998    0.04304    0.70359    0.04408
   1153.00000    4.00388    0.04174    0.74142    0.06880
   1156.00000    3.87026    0.03993    0.70564    0.02766
   1159.00000    3.78262    0.04730    0.57812    0.04545
   1162.00000    3.83986    0.07551    0.76946    0.04711
   1165.00000    3.94367    0.06400    0.75917    0.05446
   1168.00000    4.06534    0.02676    0.93272    0.08218
   1171.00000    4.13194    0.05338    0.71730    0.03236
   1174.00000    4.29668    0.05001    0.70869    0.04761
   1177.00000    3.97415    0.04553    0.74537    0.03152
   1180.00000    3.99459    0.06712    0.73720    0.05956
   1183.00000    4.20459    0.10692    0.77679    0.06686
   1186.00000    4.16002    0.05756    0.58339    0.06932
   1189.00000    4.07705    0.01809    0.85611    0.06491
   1192.00000    4.13204    0.04465    0.77858    0.05150
   1195.00000    4.04952    0.07561    0.76742    0.07167
   1198.00000    4.09345    0.03206    0.71901    0.07573
   1201.00000    4.07370    0.07544    0.86563    0.06481
   1204.00000    4.41643    0.04365    0.74851    0.03873
   1207.00000    4.32534    0.05361    0.83222    0.06039
   1210.00000    4.17293    0.04999    0.92197    0.08784
   1213.00000    4.00328    0.06939    0.77809    0.03805
   1462.00000    4.42240    0.04626    0.84201    0.06595
   1465.00000    4.15041    0.05271    0.74047    0.07700
   1468.00000    4.12636    0.05623    0.72711    0.04265
   1471.00000    4.32793    0.05402    0.69413    0.05669
   1474.00000    4.16066    0.03284    0.70986    0.06158
   1477.00000    4.16903    0.06171    0.77107    0.07069
   1480.00000    4.09961    0.06474    0.72008    0.05191
   1483.00000    4.17528    0.05821    0.75978    0.07072
   1486.00000    4.05717    0.05354    0.74276    0.03851
   1489.00000    4.22635    0.06056    0.71751    0.05298
   1492.00000    4.44142    0.06652    0.77975    0.04197
   1495.00000    4.40744    0.05335    0.61459    0.04687
   1498.00000    4.57307    0.08046    0.70917    0.06576
   1501.00000    4.61041    0.06030    0.71583    0.06340
   1504.00000    4.50062    0.05319    0.71349    0.04516
   1507.00000    4.89436    0.06302    0.74710    0.07096
   1510.00000    4.90446    0.05621    0.71884    0.06340
   1513.00000    4.61652    0.04873    0.72524    0.05730
   1516.00000    4.58468    0.04284    0.78767    0.04009
   1519.00000    4.72420    0.04828    0.71425    0.03088
   1522.00000    4.46056    0.03402    0.73198    0.03920
   1525.00000    4.25146    0.03008    0.77262    0.04531
   1528.00000    4.22345    0.07445    0.79726    0.05023
   1531.00000    4.08926    0.03420    0.88340    0.04552
   1534.00000    3.92196    0.01494    0.82434    0.07508
   1537.00000    4.19673    0.04224    0.76926    0.07282
   1540.00000    4.27936    0.05028    0.83372    0.03095
   1543.00000    4.36012    0.04764    0.78559    0.05129
   1546.00000    4.40043    0.07038    0.78862    0.07326
   1549.00000    4.45373    0.06576    0.73426    0.05443
   1552.00000    4.45289    0.04612    0.70052    0.04465
   1555.00000    4.24739    0.01885    0.63018    0.07646
   1558.00000    4.02335    0.06268    0.72440    0.02487
   1561.00000    4.04418    0.03338    0.69718    0.05875
   1564.00000    4.00062    0.08553    0.76088    0.07420
   1567.00000    4.10837    0.06158    0.82383    0.06079
   1570.00000    4.28356    0.03225    0.73170    0.05872
   1573.00000    4.44367    0.05966    0.75123    0.05076
   1576.00000    4.57785    0.05998    0.81578    0.05171
   1579.00000    4.02944    0.07886    0.81905    0.04203
