## Time Delay Challenge light curves
##
## [time]=days, [lc]=[err]=flux in nanomaggies
##
##       time       lc_A      err_A       lc_B      err_B
##-------------------------------------------------------
      1.00000    1.85869    0.06737    3.04126    0.01768
      4.00000    2.00770    0.05952    2.77414    0.05423
      7.00000    2.05413    0.04488    3.56199    0.05533
     10.00000    1.93188    0.06126    3.10965    0.05068
     13.00000    1.57532    0.06319    3.41252    0.03851
     16.00000    1.53332    0.03328    3.45653    0.05825
     19.00000    1.66555    0.06813    3.80518    0.05461
     22.00000    1.53750    0.06202    4.08009    0.05089
     25.00000    1.41458    0.06451    3.66496    0.07084
     28.00000    1.70064    0.04838    3.60665    0.05782
     31.00000    1.66959    0.03721    3.60085    0.06689
     34.00000    1.45526    0.08642    3.36471    0.04310
     37.00000    1.74671    0.05315    3.11203    0.02609
     40.00000    1.82308    0.04092    3.13020    0.07587
     43.00000    1.80337    0.05120    3.22769    0.05899
     46.00000    1.96748    0.05422    3.52795    0.06401
     49.00000    1.94642    0.06888    3.03255    0.04123
     52.00000    2.10156    0.06548    2.89676    0.05415
     55.00000    2.02528    0.06317    2.66769    0.05576
     58.00000    2.02307    0.04330    2.54110    0.03848
     61.00000    1.80591    0.07440    2.69330    0.06144
     64.00000    1.68106    0.05761    2.55532    0.07212
     67.00000    1.91387    0.05737    2.26716    0.07720
     70.00000    1.86550    0.06239    2.22703    0.05910
     73.00000    1.80141    0.05399    2.13088    0.07627
     76.00000    1.90224    0.05113    2.30488    0.05698
     79.00000    1.99127    0.03932    2.10903    0.04820
     82.00000    1.82630    0.06109    2.20253    0.04590
     85.00000    1.94060    0.07557    2.30925    0.03760
     88.00000    1.62405    0.06800    2.36676    0.06440
     91.00000    2.11058    0.02830    2.46274    0.03923
     94.00000    2.05707    0.04565    2.23296    0.06391
     97.00000    1.83954    0.07899    2.31264    0.05502
    100.00000    1.88906    0.06850    1.99904    0.07276
    103.00000    2.03320    0.06020    2.00502    0.06093
    106.00000    1.82816    0.05805    2.03572    0.05012
    109.00000    1.95637    0.05349    1.99348    0.06041
    112.00000    2.25055    0.03674    2.02939    0.05502
    115.00000    2.09398    0.04790    1.94823    0.05605
    118.00000    2.39326    0.04113    2.29779    0.05384
    367.00000    2.27541    0.02081    2.27014    0.06896
    370.00000    2.34764    0.06170    2.02870    0.05000
    373.00000    2.28185    0.08113    2.06698    0.05151
    376.00000    2.10771    0.03538    1.91101    0.03572
    379.00000    1.87538    0.03592    1.70940    0.05002
    382.00000    1.74609    0.04041    1.56971    0.08214
    385.00000    2.01123    0.06204    1.39087    0.04324
    388.00000    2.25706    0.05370    1.27063    0.08296
    391.00000    2.55403    0.03005    1.28450    0.05436
    394.00000    2.72148    0.06799    1.55929    0.02663
    397.00000    2.56333    0.06213    1.55631    0.03754
    400.00000    2.70778    0.04595    1.61973    0.05098
    403.00000    2.75453    0.04664    1.53231    0.05221
    406.00000    2.80365    0.07208    1.42944    0.03279
    409.00000    2.58546    0.05330    1.21325    0.06653
    412.00000    2.87836    0.04372    1.41885    0.03307
    415.00000    3.06968    0.04448    1.71937    0.05810
    418.00000    2.25423    0.06486    1.49457    0.05597
    421.00000    2.28634    0.04368    1.96851    0.05106
    424.00000    2.23772    0.08466    1.83146    0.05227
    427.00000    2.34608    0.04255    1.84528    0.06589
    430.00000    2.33995    0.04482    1.86826    0.03869
    433.00000    2.20453    0.06081    2.04597    0.02650
    436.00000    2.06095    0.04806    1.91254    0.05446
    439.00000    2.19845    0.03784    1.77992    0.06231
    442.00000    2.09638    0.06894    1.69213    0.08215
    445.00000    2.12756    0.05002    1.39825    0.06787
    448.00000    2.14447    0.05285    1.64860    0.06338
    451.00000    1.86667    0.04507    1.67388    0.04903
    454.00000    1.75750    0.04715    1.68647    0.04150
    457.00000    1.58848    0.04680    1.75069    0.05478
    460.00000    1.42588    0.05460    1.82845    0.06816
    463.00000    1.32886    0.05875    1.70147    0.06094
    466.00000    1.35097    0.04315    1.78267    0.07099
    469.00000    1.41550    0.03059    1.75861    0.05682
    472.00000    1.47561    0.01200    1.88760    0.05544
    475.00000    1.32570    0.05135    1.97737    0.08102
    478.00000    1.42462    0.06010    2.05726    0.06149
    481.00000    1.20507    0.05781    2.32378    0.03964
    484.00000    1.01216    0.07218    2.20804    0.05859
    733.00000    2.35249    0.02825    4.84593    0.05687
    736.00000    3.04656    0.05921    4.88478    0.06056
    739.00000    2.90983    0.05717    4.14464    0.07046
    742.00000    2.88495    0.07142    4.61867    0.07352
    745.00000    2.78751    0.05214    4.15540    0.05961
    748.00000    2.47775    0.07051    4.20129    0.03062
    751.00000    2.86089    0.05744    4.13842    0.03532
    754.00000    2.92118    0.05914    4.31048    0.07898
    757.00000    2.73634    0.08067    4.34436    0.04199
    760.00000    2.76837    0.02055    3.66174    0.04337
    763.00000    2.59338    0.04268    3.57557    0.05941
    766.00000    2.57657    0.09366    3.87835    0.06102
    769.00000    2.62349    0.06971    3.86169    0.03571
    772.00000    2.62046    0.06196    4.11159    0.04000
    775.00000    2.94838    0.02370    3.80134    0.07912
    778.00000    3.31043    0.03247    3.72836    0.07815
    781.00000    3.08583    0.07190    3.31573    0.05555
    784.00000    3.02309    0.09601    3.44859    0.05452
    787.00000    3.09753    0.02255    3.18279    0.06506
    790.00000    2.82910    0.06593    2.92246    0.05304
    793.00000    2.92549    0.05561    2.59830    0.08133
    796.00000    2.82483    0.02381    2.49099    0.06159
    799.00000    2.82540    0.07423    2.45383    0.05160
    802.00000    3.21786    0.05110    2.68110    0.05395
    805.00000    3.00632    0.04479    2.76924    0.07271
    808.00000    3.20647    0.06195    2.93497    0.03974
    811.00000    2.97458    0.06972    3.03795    0.06977
    814.00000    3.05180    0.06612    2.64366    0.06657
    817.00000    2.60517    0.04408    3.20604    0.03500
    820.00000    2.61223    0.03253    3.40188    0.06405
    823.00000    2.37194    0.05095    3.88627    0.05383
    826.00000    2.31570    0.04155    3.71060    0.05857
    829.00000    2.47011    0.06613    3.80187    0.05567
    832.00000    2.50081    0.06241    3.57862    0.05339
    835.00000    2.93026    0.05472    4.06442    0.03433
    838.00000    3.14647    0.02509    3.95512    0.07081
    841.00000    2.91200    0.05678    3.53886    0.03258
    844.00000    2.69262    0.06110    3.57152    0.03030
    847.00000    2.80360    0.04261    4.04764    0.04526
   1096.00000    2.02874    0.04652    2.60025    0.04910
   1099.00000    2.21581    0.03952    2.66360    0.04795
   1102.00000    2.19799    0.03692    2.33975    0.05595
   1105.00000    2.33662    0.04955    2.30253    0.04025
   1108.00000    2.30187    0.05053    2.54964    0.04891
   1111.00000    2.24864    0.05355    2.66765    0.06178
   1114.00000    2.43636    0.06426    2.91338    0.04947
   1117.00000    2.25106    0.05023    2.57358    0.04009
   1120.00000    1.99451    0.05301    2.85543    0.04351
   1123.00000    2.16686    0.04323    3.05876    0.06103
   1126.00000    2.08842    0.04502    3.45632    0.06301
   1129.00000    2.16845    0.02442    3.47813    0.05934
   1132.00000    2.23231    0.06311    3.70315    0.07353
   1135.00000    2.14080    0.05864    3.81460    0.02452
   1138.00000    1.89235    0.06257    3.61437    0.08040
   1141.00000    1.91609    0.03944    3.89407    0.06595
   1144.00000    1.83504    0.07061    3.73062    0.03908
   1147.00000    1.78964    0.04829    4.10964    0.04726
   1150.00000    1.73039    0.06852    3.61862    0.07378
   1153.00000    1.77032    0.03876    3.61350    0.04166
   1156.00000    1.42254    0.07582    3.30324    0.05786
   1159.00000    1.29344    0.06441    3.20052    0.02453
   1162.00000    1.17021    0.03114    3.33505    0.05178
   1165.00000    1.31074    0.06321    2.67565    0.02349
   1168.00000    1.64191    0.07370    2.81151    0.04895
   1171.00000    1.61192    0.03526    2.61520    0.04318
   1174.00000    1.59919    0.03661    2.53589    0.04695
   1177.00000    1.68154    0.04132    2.65770    0.05096
   1180.00000    1.75973    0.07660    2.67745    0.05347
   1183.00000    1.61093    0.06081    2.68469    0.05866
   1186.00000    1.63747    0.06338    2.80255    0.05903
   1189.00000    1.69861    0.04188    2.84318    0.02430
   1192.00000    1.58499    0.07663    2.91649    0.05142
   1195.00000    1.52324    0.07632    2.93255    0.03303
   1198.00000    1.58135    0.04470    2.99235    0.03982
   1201.00000    1.68614    0.03476    3.08076    0.06720
   1204.00000    1.56459    0.03363    3.05968    0.04720
   1207.00000    1.47059    0.03588    3.34536    0.06513
   1210.00000    1.32003    0.03517    3.16690    0.04310
   1213.00000    1.52678    0.05217    3.27574    0.04770
   1462.00000    2.68765    0.06650    4.39999    0.05992
   1465.00000    2.77543    0.06631    4.88956    0.04837
   1468.00000    2.73605    0.02168    5.29096    0.05412
   1471.00000    2.43730    0.01626    5.71689    0.04178
   1474.00000    2.58407    0.06589    5.53424    0.04300
   1477.00000    2.30501    0.04419    5.03946    0.01876
   1480.00000    2.18134    0.02513    5.33542    0.06208
   1483.00000    2.35042    0.04883    5.48598    0.07108
   1486.00000    2.27838    0.07292    5.43321    0.02318
   1489.00000    2.25851    0.03548    6.31973    0.05130
   1492.00000    2.27368    0.04876    6.43670    0.04648
   1495.00000    2.30922    0.03130    6.20383    0.03588
   1498.00000    2.24547    0.05257    5.36264    0.03718
   1501.00000    2.31786    0.05246    5.33824    0.02986
   1504.00000    2.43075    0.07088    5.72678    0.03569
   1507.00000    2.32653    0.06010    5.34314    0.03816
   1510.00000    2.69016    0.04331    5.17211    0.03986
   1513.00000    2.39552    0.02331    4.99444    0.06464
   1516.00000    2.19256    0.07003    5.16764    0.05565
   1519.00000    1.94524    0.02463    4.91293    0.07991
   1522.00000    2.03663    0.07705    5.52009    0.05175
   1525.00000    1.94594    0.02849    5.33693    0.08187
   1528.00000    1.93657    0.05125    5.64107    0.04043
   1531.00000    2.15850    0.07527    6.18423    0.03431
   1534.00000    2.37076    0.04182    5.65328    0.06380
   1537.00000    2.55856    0.07273    5.79751    0.04955
   1540.00000    2.61053    0.05691    5.40299    0.05017
   1543.00000    2.56583    0.03444    5.46753    0.04911
   1546.00000    2.96450    0.05658    5.12859    0.04565
   1549.00000    3.12343    0.02422    5.63238    0.08775
   1552.00000    2.69862    0.05565    5.35663    0.07575
   1555.00000    2.56071    0.03999    5.93402    0.07033
   1558.00000    2.81791    0.04349    5.91074    0.08516
   1561.00000    2.95261    0.04700    6.34426    0.07024
   1564.00000    2.76243    0.04793    5.87507    0.05311
   1567.00000    2.74083    0.03060    5.13274    0.05807
   1570.00000    3.21887    0.05662    5.04239    0.03721
   1573.00000    3.41891    0.05067    5.19576    0.04780
   1576.00000    3.54868    0.06173    4.54245    0.07273
   1579.00000    3.46086    0.04421    4.10225    0.03979
