## Time Delay Challenge light curves
##
## [time]=days, [lc]=[err]=flux in nanomaggies
##
##       time       lc_A      err_A       lc_B      err_B
##-------------------------------------------------------
      1.00000    1.04837    0.04993    7.78039    0.03870
      4.00000    1.03181    0.03350    7.75948    0.04720
      7.00000    1.13682    0.05386    7.49320    0.06487
     10.00000    1.24823    0.06910    7.53920    0.04127
     13.00000    1.07720    0.04958    7.71561    0.05218
     16.00000    1.11508    0.01944    7.66206    0.08078
     19.00000    1.06478    0.06048    7.34983    0.05740
     22.00000    1.06873    0.04382    7.47051    0.05652
     25.00000    1.18985    0.05950    7.04739    0.07135
     28.00000    1.17969    0.05113    7.02287    0.07468
     31.00000    1.29838    0.08267    6.97462    0.05926
     34.00000    1.08708    0.01527    7.13203    0.03106
     37.00000    1.06969    0.05330    7.45433    0.06026
     40.00000    1.09485    0.03055    7.59751    0.02350
     43.00000    1.09970    0.04771    7.74305    0.05431
     46.00000    1.01564    0.04998    7.91292    0.05263
     49.00000    1.07504    0.04318    7.98217    0.08508
     52.00000    0.95581    0.04070    8.31688    0.05280
     55.00000    0.97107    0.06710    7.94840    0.04740
     58.00000    0.90005    0.07560    7.88188    0.05833
     61.00000    1.03359    0.02913    7.92373    0.04270
     64.00000    1.09965    0.03258    7.88056    0.08447
     67.00000    1.09887    0.03707    7.69585    0.06466
     70.00000    1.12758    0.03286    7.62396    0.07518
     73.00000    1.17941    0.02880    7.47766    0.05799
     76.00000    1.19472    0.08292    7.35617    0.06855
     79.00000    1.22475    0.03685    7.39798    0.04778
     82.00000    1.16347    0.06538    7.40502    0.06546
     85.00000    1.14350    0.08486    7.67557    0.05505
     88.00000    1.11320    0.01437    7.55599    0.02837
     91.00000    1.16224    0.05044    7.37526    0.06175
     94.00000    1.12828    0.04652    7.27321    0.04668
     97.00000    1.05709    0.04571    7.13328    0.02051
    100.00000    1.09056    0.03855    7.40621    0.05663
    103.00000    1.05245    0.03681    7.42299    0.04162
    106.00000    0.98066    0.05413    6.89000    0.02857
    109.00000    1.05214    0.04530    6.77256    0.05070
    112.00000    1.11746    0.04213    6.75155    0.05981
    115.00000    1.09051    0.01043    6.41911    0.07085
    118.00000    1.05781    0.04082    6.79650    0.03722
    367.00000    0.92321    0.04207    6.31377    0.04859
    370.00000    0.94929    0.03620    6.30884    0.05877
    373.00000    0.89942    0.03884    6.33013    0.05362
    376.00000    0.83499    0.05879    6.52744    0.03941
    379.00000    0.93950    0.04757    6.56673    0.06153
    382.00000    0.84392    0.04557    6.64823    0.03086
    385.00000    0.94920    0.03963    6.94181    0.04179
    388.00000    0.97687    0.06457    7.08995    0.04483
    391.00000    0.86925    0.04499    6.74219    0.05900
    394.00000    0.96538    0.07070    6.48225    0.04471
    397.00000    0.90469    0.03802    6.37996    0.05823
    400.00000    0.99756    0.06254    6.46089    0.06530
    403.00000    0.89403    0.06842    6.73411    0.03010
    406.00000    0.92606    0.06921    6.66552    0.05691
    409.00000    1.00084    0.02281    6.87301    0.04599
    412.00000    0.96036    0.03877    6.77467    0.04015
    415.00000    1.01774    0.05990    6.61416    0.04335
    418.00000    0.97635    0.03442    6.63101    0.03430
    421.00000    0.92033    0.05326    6.63226    0.05441
    424.00000    0.90339    0.04256    6.43719    0.05383
    427.00000    0.93506    0.04165    6.55409    0.07671
    430.00000    1.00982    0.06158    6.57912    0.01533
    433.00000    1.01215    0.07676    6.62134    0.05586
    436.00000    1.04181    0.07802    6.51380    0.04945
    439.00000    1.04265    0.04830    6.63152    0.08445
    442.00000    1.02412    0.05327    6.49682    0.05747
    445.00000    0.91151    0.06138    6.53758    0.07407
    448.00000    0.95151    0.06884    6.44243    0.03387
    451.00000    0.97778    0.08155    6.36879    0.04633
    454.00000    0.90553    0.07374    6.31198    0.02830
    457.00000    0.93658    0.02160    6.13593    0.05489
    460.00000    0.83153    0.04407    5.92352    0.05178
    463.00000    0.91797    0.04878    5.90706    0.04917
    466.00000    0.97364    0.04014    6.16838    0.03510
    469.00000    0.95198    0.05550    6.34547    0.04595
    472.00000    0.95400    0.05100    6.26716    0.06057
    475.00000    0.90566    0.04072    6.36861    0.04772
    478.00000    1.03099    0.07839    6.48437    0.07581
    481.00000    0.86485    0.02418    6.78212    0.06930
    484.00000    0.84366    0.05481    6.77556    0.06029
    733.00000    1.07807    0.03875    7.72357    0.05597
    736.00000    1.11442    0.03133    7.90583    0.04418
    739.00000    1.15003    0.03093    7.56648    0.04013
    742.00000    1.18308    0.07011    7.32153    0.03757
    745.00000    1.13989    0.05613    7.21792    0.07514
    748.00000    1.05002    0.07048    6.98818    0.02291
    751.00000    1.07382    0.06085    6.86379    0.04759
    754.00000    1.07546    0.04258    6.92954    0.03421
    757.00000    1.08660    0.03892    7.09244    0.03088
    760.00000    1.05611    0.06761    7.22854    0.07379
    763.00000    1.08343    0.04906    7.19755    0.06901
    766.00000    1.17140    0.05144    7.50157    0.06052
    769.00000    1.08127    0.02735    7.29885    0.05160
    772.00000    0.99964    0.06239    7.09236    0.04751
    775.00000    0.95049    0.04392    7.23195    0.07238
    778.00000    0.96582    0.06793    7.45835    0.07006
    781.00000    0.95306    0.07305    7.27847    0.01405
    784.00000    1.02575    0.02341    7.37816    0.07976
    787.00000    1.02419    0.04879    7.40251    0.02822
    790.00000    1.06742    0.02409    7.26200    0.07257
    793.00000    1.02546    0.02522    7.20498    0.04925
    796.00000    1.09237    0.05594    7.28583    0.06428
    799.00000    0.87891    0.06108    7.64719    0.04491
    802.00000    1.02152    0.05009    7.53031    0.05813
    805.00000    1.05865    0.06278    7.59728    0.03379
    808.00000    0.98262    0.06809    7.76972    0.07724
    811.00000    1.06006    0.06116    8.05650    0.05163
    814.00000    1.02769    0.05342    7.86234    0.02750
    817.00000    1.00427    0.03327    7.72200    0.07187
    820.00000    1.07973    0.05324    7.36747    0.08661
    823.00000    1.04908    0.05867    7.51226    0.03387
    826.00000    1.06820    0.03853    7.37069    0.05394
    829.00000    1.05197    0.05456    7.40357    0.03232
    832.00000    1.09333    0.05503    7.47462    0.06825
    835.00000    1.09357    0.02999    7.28647    0.05761
    838.00000    1.14969    0.03174    7.35955    0.03576
    841.00000    1.07125    0.04532    7.52108    0.05028
    844.00000    1.17116    0.06122    7.60231    0.06166
    847.00000    0.99807    0.03687    7.62550    0.03823
   1096.00000    0.93912    0.03103    6.36714    0.07293
   1099.00000    0.99559    0.04442    5.91456    0.05643
   1102.00000    0.83938    0.03156    6.09070    0.07395
   1105.00000    0.90887    0.05832    5.94877    0.05369
   1108.00000    0.87918    0.08316    6.04647    0.05087
   1111.00000    0.89920    0.03940    6.12776    0.06278
   1114.00000    0.92661    0.06291    5.94347    0.05815
   1117.00000    0.85364    0.05453    6.16829    0.04028
   1120.00000    0.84301    0.04747    6.21282    0.05377
   1123.00000    0.87549    0.04434    6.62010    0.05584
   1126.00000    0.96858    0.05102    6.36790    0.03893
   1129.00000    0.89345    0.06534    6.25438    0.05761
   1132.00000    0.89475    0.05637    6.23418    0.04798
   1135.00000    0.89019    0.04238    6.23074    0.06050
   1138.00000    0.94256    0.08079    6.29708    0.05206
   1141.00000    0.83397    0.06153    6.22969    0.03591
   1144.00000    0.83423    0.06255    6.39002    0.05767
   1147.00000    0.88759    0.05953    6.27523    0.03346
   1150.00000    1.01346    0.03699    6.36343    0.06191
   1153.00000    0.89607    0.08213    6.29909    0.04647
   1156.00000    0.84426    0.08061    6.43980    0.07329
   1159.00000    0.80163    0.03831    6.49961    0.05305
   1162.00000    0.84535    0.06212    6.74963    0.05418
   1165.00000    1.00662    0.05278    6.59628    0.05260
   1168.00000    0.85790    0.03600    6.77544    0.06413
   1171.00000    0.97003    0.05421    6.96288    0.03758
   1174.00000    0.83606    0.05445    6.85330    0.07335
   1177.00000    0.74283    0.07467    6.61964    0.05528
   1180.00000    0.97134    0.04204    6.47920    0.03550
   1183.00000    0.95619    0.05112    6.62582    0.04799
   1186.00000    0.94654    0.04189    6.31005    0.04857
   1189.00000    0.97972    0.04494    6.51216    0.06674
   1192.00000    0.93661    0.05302    6.76536    0.03836
   1195.00000    1.00876    0.04345    6.58012    0.07367
   1198.00000    0.95646    0.03151    6.74088    0.06483
   1201.00000    0.98740    0.04210    6.62717    0.03371
   1204.00000    0.90452    0.05420    6.27637    0.07783
   1207.00000    0.84950    0.04077    6.54010    0.03622
   1210.00000    0.87477    0.06418    6.29534    0.05004
   1213.00000    0.86860    0.04740    6.39716    0.03758
   1462.00000    0.95593    0.05397    6.89015    0.05038
   1465.00000    0.89468    0.07808    6.79954    0.07493
   1468.00000    0.95476    0.05354    6.68184    0.03388
   1471.00000    0.91828    0.05336    6.85872    0.07274
   1474.00000    0.94089    0.05267    6.82421    0.05854
   1477.00000    0.83549    0.07248    6.78630    0.05161
   1480.00000    0.85827    0.06186    6.77275    0.07434
   1483.00000    0.93717    0.05345    6.54147    0.01901
   1486.00000    0.92221    0.04953    6.57772    0.06168
   1489.00000    0.93139    0.07952    6.45954    0.04210
   1492.00000    0.91904    0.02038    6.54874    0.06332
   1495.00000    0.94921    0.04646    6.47238    0.05343
   1498.00000    0.96536    0.04686    6.44878    0.02280
   1501.00000    0.93605    0.04127    6.88055    0.07621
   1504.00000    0.96511    0.05897    6.69994    0.04499
   1507.00000    0.95949    0.05721    6.81259    0.01063
   1510.00000    1.00798    0.07564    6.79923    0.03788
   1513.00000    0.87923    0.02369    6.47155    0.06444
   1516.00000    1.03803    0.07436    6.48708    0.05394
   1519.00000    0.92593    0.04715    6.41552    0.03508
   1522.00000    0.93453    0.04633    6.27991    0.04510
   1525.00000    1.01386    0.05197    6.36310    0.05769
   1528.00000    1.02119    0.04387    6.32356    0.05876
   1531.00000    0.95433    0.04635    6.31557    0.03546
   1534.00000    0.94605    0.03803    6.60935    0.05790
   1537.00000    0.96337    0.05805    6.54840    0.05725
   1540.00000    0.85212    0.05840    6.68391    0.04806
   1543.00000    0.96331    0.04728    6.81125    0.05233
   1546.00000    0.74183    0.05744    6.86130    0.04534
   1549.00000    0.86135    0.05687    6.74385    0.05180
   1552.00000    0.80815    0.06904    6.40581    0.06877
   1555.00000    1.00960    0.08055    6.80691    0.02266
   1558.00000    0.93582    0.04386    6.67110    0.02316
   1561.00000    0.96227    0.04168    6.66736    0.04541
   1564.00000    0.86642    0.05606    6.81475    0.03543
   1567.00000    0.98192    0.04353    6.67631    0.09215
   1570.00000    0.81406    0.07157    6.69997    0.05300
   1573.00000    0.93281    0.07527    6.74314    0.04617
   1576.00000    0.88239    0.06464    6.96358    0.05393
   1579.00000    0.81766    0.05583    6.83933    0.07154
