## Time Delay Challenge light curves
##
## [time]=days, [lc]=[err]=flux in nanomaggies
##
##       time       lc_A      err_A       lc_B      err_B
##-------------------------------------------------------
      1.00000    1.61644    0.05400    0.63966    0.04200
      4.00000    1.53986    0.06521    0.63223    0.05984
      7.00000    1.55710    0.04195    0.78110    0.07985
     10.00000    1.51994    0.07519    0.64695    0.04435
     13.00000    1.49139    0.05116    0.66481    0.05778
     16.00000    1.22360    0.08581    0.63027    0.04114
     19.00000    1.33023    0.06812    0.65120    0.05458
     22.00000    1.42015    0.00814    0.62121    0.03756
     25.00000    1.44701    0.01453    0.66371    0.05844
     28.00000    1.44922    0.06319    0.62905    0.08125
     31.00000    1.41613    0.08367    0.63952    0.03986
     34.00000    1.41791    0.05755    0.56448    0.03393
     37.00000    1.43371    0.04127    0.55307    0.06371
     40.00000    1.46320    0.06989    0.44749    0.06855
     43.00000    1.37723    0.03729    0.55491    0.04984
     46.00000    1.42484    0.01839    0.54333    0.03693
     49.00000    1.48235    0.05402    0.51311    0.05684
     52.00000    1.40801    0.03750    0.49463    0.03212
     55.00000    1.49097    0.07200    0.47108    0.06172
     58.00000    1.48699    0.02374    0.50137    0.05299
     61.00000    1.51735    0.02590    0.55301    0.03374
     64.00000    1.59812    0.06469    0.55383    0.04925
     67.00000    1.38788    0.07001    0.44452    0.06113
     70.00000    1.57620    0.03264    0.57310    0.06576
     73.00000    1.45101    0.05220    0.54241    0.06755
     76.00000    1.41424    0.02737    0.54047    0.05337
     79.00000    1.40286    0.05323    0.51966    0.03905
     82.00000    1.56524    0.06638    0.56637    0.05401
     85.00000    1.52595    0.06984    0.49222    0.04030
     88.00000    1.45613    0.05227    0.48708    0.04763
     91.00000    1.45378    0.03175    0.48147    0.03612
     94.00000    1.50604    0.04097    0.48127    0.04640
     97.00000    1.48223    0.03229    0.54213    0.05470
    100.00000    1.38531    0.07099    0.57512    0.07637
    103.00000    1.31769    0.05648    0.43031    0.05907
    106.00000    1.41774    0.05655    0.43786    0.07471
    109.00000    1.48584    0.04187    0.45685    0.06447
    112.00000    1.47395    0.07954    0.42676    0.03953
    115.00000    1.55453    0.06343    0.59250    0.05006
    118.00000    1.57235    0.05657    0.34231    0.07304
    367.00000    1.64829    0.06473    0.50160    0.06004
    370.00000    1.58877    0.04473    0.40213    0.07892
    373.00000    1.54763    0.03985    0.48463    0.02943
    376.00000    1.47029    0.06065    0.51706    0.04221
    379.00000    1.56359    0.03691    0.53679    0.07678
    382.00000    1.51944    0.06491    0.45003    0.05080
    385.00000    1.53585    0.02731    0.43574    0.07152
    388.00000    1.65852    0.04364    0.54621    0.07977
    391.00000    1.62726    0.05956    0.49693    0.02955
    394.00000    1.57459    0.04774    0.58955    0.03962
    397.00000    1.61101    0.06697    0.58831    0.06689
    400.00000    1.73604    0.05391    0.50897    0.04346
    403.00000    1.70853    0.05558    0.52114    0.02974
    406.00000    1.67190    0.04648    0.50323    0.02960
    409.00000    1.73881    0.04207    0.50326    0.02024
    412.00000    1.76228    0.04025    0.53820    0.05349
    415.00000    1.86715    0.06338    0.49755    0.02966
    418.00000    1.77021    0.05518    0.56388    0.07373
    421.00000    1.78994    0.04798    0.52798    0.04223
    424.00000    1.72221    0.04443    0.50865    0.05221
    427.00000    1.74947    0.04614    0.65856    0.06667
    430.00000    1.78886    0.03339    0.60005    0.05587
    433.00000    1.77332    0.03959    0.52290    0.05497
    436.00000    1.62803    0.06346    0.57846    0.04033
    439.00000    1.68337    0.05885    0.49703    0.04673
    442.00000    1.72802    0.07884    0.61416    0.03482
    445.00000    1.69091    0.06546    0.51317    0.06382
    448.00000    1.71096    0.05874    0.62781    0.04954
    451.00000    1.79270    0.06315    0.60146    0.03956
    454.00000    1.80030    0.06133    0.63101    0.03051
    457.00000    1.83392    0.05926    0.56215    0.03575
    460.00000    1.73386    0.04544    0.61995    0.02359
    463.00000    1.69399    0.02483    0.60746    0.01632
    466.00000    1.76164    0.03330    0.61017    0.02435
    469.00000    1.86139    0.07403    0.62082    0.04348
    472.00000    1.83025    0.05644    0.55542    0.04192
    475.00000    1.79743    0.06884    0.55525    0.03611
    478.00000    1.69176    0.06787    0.58455    0.04976
    481.00000    1.70894    0.07673    0.61558    0.10447
    484.00000    1.71037    0.02668    0.58894    0.04198
    733.00000    1.54337    0.06184    0.59560    0.06692
    736.00000    1.38825    0.05545    0.56316    0.05997
    739.00000    1.38315    0.03655    0.46012    0.06404
    742.00000    1.50144    0.05083    0.48669    0.04880
    745.00000    1.50250    0.06186    0.53151    0.05911
    748.00000    1.45855    0.03581    0.48077    0.06867
    751.00000    1.44683    0.06188    0.50777    0.05085
    754.00000    1.36915    0.04804    0.48661    0.03940
    757.00000    1.36431    0.05632    0.56368    0.04162
    760.00000    1.47353    0.04717    0.53393    0.07187
    763.00000    1.37076    0.05416    0.49233    0.04560
    766.00000    1.23744    0.06508    0.39099    0.07348
    769.00000    1.41111    0.06284    0.54169    0.05921
    772.00000    1.47052    0.05930    0.44595    0.05819
    775.00000    1.40087    0.01856    0.54393    0.04849
    778.00000    1.22111    0.07148    0.51010    0.05882
    781.00000    1.28301    0.06759    0.48185    0.05302
    784.00000    1.26189    0.07291    0.57064    0.06600
    787.00000    1.38384    0.04108    0.45584    0.06495
    790.00000    1.26300    0.03682    0.46494    0.05287
    793.00000    1.35481    0.04655    0.46539    0.04940
    796.00000    1.33189    0.04805    0.41518    0.06761
    799.00000    1.23565    0.07606    0.41465    0.08875
    802.00000    1.30382    0.03848    0.43944    0.03004
    805.00000    1.28533    0.07970    0.40666    0.05397
    808.00000    1.34825    0.05639    0.53604    0.06876
    811.00000    1.30489    0.04696    0.39497    0.06163
    814.00000    1.33999    0.06337    0.51950    0.06821
    817.00000    1.32878    0.04693    0.40693    0.05162
    820.00000    1.29049    0.04198    0.44616    0.04685
    823.00000    1.37280    0.05553    0.42970    0.08710
    826.00000    1.39132    0.03485    0.37789    0.07173
    829.00000    1.40885    0.03431    0.41566    0.04049
    832.00000    1.34654    0.03614    0.43921    0.05999
    835.00000    1.44880    0.02553    0.43363    0.06714
    838.00000    1.48667    0.07164    0.40096    0.03112
    841.00000    1.53860    0.09561    0.37725    0.04015
    844.00000    1.46931    0.05543    0.41971    0.02097
    847.00000    1.34717    0.07337    0.49133    0.04997
   1096.00000    1.65731    0.07009    0.43586    0.07215
   1099.00000    1.67912    0.07173    0.55930    0.05942
   1102.00000    1.69312    0.04248    0.55966    0.05323
   1105.00000    1.57890    0.04879    0.53298    0.04434
   1108.00000    1.74752    0.08911    0.51441    0.04326
   1111.00000    1.63586    0.02434    0.62455    0.07342
   1114.00000    1.64278    0.05734    0.48499    0.07539
   1117.00000    1.61378    0.08640    0.56420    0.04456
   1120.00000    1.65698    0.04453    0.49020    0.05864
   1123.00000    1.81076    0.07060    0.56330    0.05439
   1126.00000    1.71861    0.02927    0.47667    0.05451
   1129.00000    1.72035    0.03236    0.50178    0.04747
   1132.00000    1.69965    0.06084    0.56071    0.02898
   1135.00000    1.61942    0.06208    0.53816    0.07646
   1138.00000    1.75553    0.06173    0.67433    0.05239
   1141.00000    1.78724    0.05410    0.53260    0.05081
   1144.00000    1.83913    0.03812    0.49992    0.02939
   1147.00000    1.78330    0.08468    0.54438    0.02956
   1150.00000    1.63839    0.06348    0.55756    0.02784
   1153.00000    1.82883    0.05162    0.55029    0.04130
   1156.00000    1.85397    0.06635    0.58109    0.03757
   1159.00000    1.74344    0.05904    0.59785    0.03269
   1162.00000    1.79914    0.04246    0.60041    0.06252
   1165.00000    1.73793    0.05558    0.58943    0.07535
   1168.00000    1.71270    0.05386    0.60024    0.06604
   1171.00000    1.75515    0.04591    0.60643    0.05091
   1174.00000    1.72337    0.05456    0.62670    0.04770
   1177.00000    1.71259    0.06923    0.59959    0.06526
   1180.00000    1.78056    0.05300    0.67667    0.08462
   1183.00000    1.67916    0.01743    0.52828    0.05003
   1186.00000    1.61574    0.04689    0.49960    0.06579
   1189.00000    1.58871    0.02132    0.51867    0.05683
   1192.00000    1.53965    0.01944    0.48324    0.07973
   1195.00000    1.49817    0.04195    0.58234    0.03444
   1198.00000    1.54562    0.04571    0.50246    0.07604
   1201.00000    1.54967    0.06673    0.57326    0.02449
   1204.00000    1.48085    0.02046    0.58478    0.02252
   1207.00000    1.49564    0.02415    0.52693    0.07478
   1210.00000    1.53590    0.03052    0.47739    0.06693
   1213.00000    1.52161    0.04980    0.55171    0.07389
   1462.00000    1.01261    0.05539    0.32888    0.05809
   1465.00000    1.07981    0.08767    0.46872    0.05635
   1468.00000    1.11527    0.08486    0.37699    0.06208
   1471.00000    0.97881    0.07790    0.40078    0.03173
   1474.00000    1.15011    0.05193    0.38340    0.07096
   1477.00000    1.13621    0.06116    0.31516    0.03083
   1480.00000    1.04401    0.06086    0.29564    0.08822
   1483.00000    1.15618    0.04895    0.42628    0.03743
   1486.00000    1.05599    0.04967    0.38289    0.05076
   1489.00000    1.11287    0.02181    0.33785    0.04747
   1492.00000    0.96759    0.05203    0.41812    0.07398
   1495.00000    1.01642    0.05353    0.29218    0.03743
   1498.00000    1.07385    0.03665    0.34947    0.03279
   1501.00000    1.04627    0.05876    0.30724    0.08447
   1504.00000    1.03138    0.03468    0.31554    0.06068
   1507.00000    1.10326    0.04518    0.27673    0.09265
   1510.00000    1.02389    0.03890    0.35386    0.05309
   1513.00000    1.04039    0.05299    0.27681    0.02785
   1516.00000    1.14324    0.04924    0.52353    0.04157
   1519.00000    1.10834    0.05095    0.36575    0.07550
   1522.00000    1.12168    0.03189    0.36332    0.06334
   1525.00000    1.10758    0.07964    0.34415    0.05707
   1528.00000    1.23541    0.05680    0.29875    0.03988
   1531.00000    1.09156    0.06244    0.46743    0.07187
   1534.00000    1.03017    0.06142    0.28189    0.04768
   1537.00000    1.10837    0.03536    0.36034    0.04947
   1540.00000    1.06757    0.06220    0.32644    0.06785
   1543.00000    1.18070    0.03350    0.30166    0.06141
   1546.00000    1.13557    0.03077    0.32450    0.03486
   1549.00000    1.21163    0.05129    0.28476    0.05163
   1552.00000    1.13143    0.07249    0.25800    0.06931
   1555.00000    1.22241    0.06767    0.37856    0.04410
   1558.00000    1.35772    0.05581    0.34025    0.05430
   1561.00000    1.29533    0.06015    0.44464    0.05121
   1564.00000    1.31577    0.04407    0.32926    0.05145
   1567.00000    1.33264    0.04888    0.39967    0.02537
   1570.00000    1.28909    0.03538    0.38908    0.04745
   1573.00000    1.22672    0.02564    0.43468    0.04401
   1576.00000    1.21517    0.04509    0.37017    0.06271
   1579.00000    1.29939    0.01971    0.40034    0.05920
