## Time Delay Challenge light curves
##
## [time]=days, [lc]=[err]=flux in nanomaggies
##
##       time       lc_A      err_A       lc_B      err_B
##-------------------------------------------------------
      1.00000    1.35384    0.05581    0.18404    0.08149
      4.00000    1.46297    0.06874    0.07123    0.05157
      7.00000    1.29587    0.06056    0.11498    0.04180
     10.00000    1.42936    0.04650    0.08318    0.05531
     13.00000    1.45632    0.04995    0.07430    0.03178
     16.00000    1.37579    0.05769    0.07323    0.04976
     19.00000    1.41263    0.06390    0.12833    0.06757
     22.00000    1.46225    0.06685    0.06707    0.07549
     25.00000    1.38155    0.05497    0.12529    0.07747
     28.00000    1.39993    0.06198    0.08369    0.05504
     31.00000    1.52202    0.05477    0.12773    0.04399
     34.00000    1.45311    0.05665    0.12766    0.03404
     37.00000    1.53132    0.04551    0.10700    0.03277
     40.00000    1.39661    0.06075    0.05519    0.05053
     43.00000    1.43534    0.03364    0.14107    0.04017
     46.00000    1.29005    0.08082    0.15513    0.02438
     49.00000    1.48951    0.07827    0.10766    0.04605
     52.00000    1.47573    0.04793    0.06382    0.04965
     55.00000    1.49421    0.08715    0.17520    0.05923
     58.00000    1.60030    0.07456    0.06215    0.04438
     61.00000    1.53355    0.06883    0.23559    0.04783
     64.00000    1.51365    0.03406    0.08835    0.04584
     67.00000    1.48875    0.05658    0.10638    0.06689
     70.00000    1.53399    0.06238    0.14034    0.03070
     73.00000    1.31403    0.06224   -0.03015    0.06045
     76.00000    1.42632    0.04458    0.19423    0.06503
     79.00000    1.46611    0.03095    0.14482    0.03034
     82.00000    1.47645    0.05951    0.12607    0.03435
     85.00000    1.58981    0.05275    0.05834    0.04249
     88.00000    1.48285    0.03714    0.14833    0.06373
     91.00000    1.45501    0.05239    0.12385    0.04421
     94.00000    1.49583    0.05776    0.04999    0.06815
     97.00000    1.48499    0.04997    0.10799    0.04644
    100.00000    1.38288    0.08186    0.05064    0.03809
    103.00000    1.48744    0.05318    0.05238    0.05143
    106.00000    1.52335    0.03212    0.15731    0.06752
    109.00000    1.49143    0.07170    0.22854    0.05615
    112.00000    1.43508    0.06009    0.09250    0.03951
    115.00000    1.46067    0.05518    0.19420    0.05417
    118.00000    1.43845    0.05607    0.17209    0.05823
    367.00000    1.47152    0.04683    0.09783    0.05314
    370.00000    1.55971    0.05855   -0.00321    0.06155
    373.00000    1.46344    0.07367    0.05050    0.04785
    376.00000    1.50625    0.04209    0.11339    0.03526
    379.00000    1.51888    0.07637    0.08950    0.07164
    382.00000    1.42337    0.08614    0.10582    0.04351
    385.00000    1.38323    0.04704    0.04626    0.07684
    388.00000    1.63041    0.06386    0.15113    0.05919
    391.00000    1.56466    0.02063    0.11723    0.04671
    394.00000    1.48190    0.07520   -0.09842    0.06588
    397.00000    1.57193    0.05418    0.07766    0.04146
    400.00000    1.44940    0.04460    0.07869    0.04774
    403.00000    1.38636    0.06873    0.09426    0.04349
    406.00000    1.48671    0.03932    0.08852    0.05880
    409.00000    1.40883    0.05834    0.05178    0.05542
    412.00000    1.53856    0.05702    0.12483    0.03121
    415.00000    1.48002    0.04683    0.08273    0.04701
    418.00000    1.48391    0.04396    0.15205    0.07393
    421.00000    1.55359    0.06459    0.07907    0.05374
    424.00000    1.52002    0.05494    0.05614    0.09042
    427.00000    1.51412    0.05450    0.15959    0.06462
    430.00000    1.38125    0.04213    0.05875    0.07047
    433.00000    1.47023    0.03086    0.04831    0.02653
    436.00000    1.53828    0.03611    0.17223    0.07462
    439.00000    1.51904    0.03967    0.15654    0.06269
    442.00000    1.59953    0.04712   -0.06909    0.06477
    445.00000    1.59079    0.04665    0.05072    0.04323
    448.00000    1.47650    0.01676    0.10043    0.02842
    451.00000    1.55683    0.03796    0.08347    0.04330
    454.00000    1.51348    0.06202    0.07036    0.06765
    457.00000    1.53569    0.06140    0.16836    0.06108
    460.00000    1.50431    0.03937    0.13268    0.05251
    463.00000    1.49720    0.04652    0.08368    0.05055
    466.00000    1.47545    0.01695    0.16494    0.05127
    469.00000    1.44081    0.05426    0.15036    0.04958
    472.00000    1.46006    0.03648    0.19251    0.08346
    475.00000    1.44176    0.06288    0.07476    0.02243
    478.00000    1.46037    0.08313    0.05846    0.05642
    481.00000    1.48018    0.05179    0.10595    0.04642
    484.00000    1.41051    0.04026    0.04470    0.06517
    733.00000    1.58400    0.03312    0.12385    0.04368
    736.00000    1.50336    0.06643    0.12653    0.05073
    739.00000    1.39124    0.04552    0.16584    0.04751
    742.00000    1.57315    0.05294    0.10406    0.05294
    745.00000    1.44969    0.04253    0.01780    0.03655
    748.00000    1.43514    0.07330    0.07478    0.01837
    751.00000    1.48640    0.06305    0.10625    0.02424
    754.00000    1.54356    0.04328    0.04383    0.05424
    757.00000    1.52557    0.06789    0.11011    0.02564
    760.00000    1.51640    0.03645    0.13993    0.09959
    763.00000    1.46583    0.06558    0.03976    0.06288
    766.00000    1.41918    0.05096    0.09652    0.03520
    769.00000    1.55105    0.06009    0.13316    0.05151
    772.00000    1.51592    0.07878    0.09114    0.04478
    775.00000    1.52681    0.02669    0.09201    0.04173
    778.00000    1.60856    0.07451    0.06849    0.04271
    781.00000    1.66384    0.08268    0.11560    0.04836
    784.00000    1.47156    0.05754    0.06850    0.05373
    787.00000    1.55152    0.06102    0.10445    0.06520
    790.00000    1.56114    0.05648    0.05165    0.02855
    793.00000    1.56540    0.04350    0.13760    0.05107
    796.00000    1.50795    0.02463    0.06260    0.07785
    799.00000    1.48919    0.04237    0.09913    0.05283
    802.00000    1.42007    0.06715    0.14300    0.04053
    805.00000    1.46300    0.05053    0.10409    0.03610
    808.00000    1.45845    0.04651    0.15982    0.04664
    811.00000    1.48665    0.05244   -0.02225    0.05257
    814.00000    1.52504    0.07634    0.07494    0.04757
    817.00000    1.53413    0.04818    0.12744    0.05342
    820.00000    1.46354    0.06113    0.22155    0.04925
    823.00000    1.47661    0.05142    0.10672    0.05206
    826.00000    1.51200    0.06070    0.08357    0.04746
    829.00000    1.49410    0.05825    0.02646    0.06303
    832.00000    1.49777    0.04415    0.05639    0.05261
    835.00000    1.45589    0.03555    0.04679    0.05689
    838.00000    1.49352    0.03975    0.08658    0.05179
    841.00000    1.56426    0.04558   -0.03437    0.06884
    844.00000    1.45379    0.06869    0.04323    0.04823
    847.00000    1.49998    0.04236    0.15208    0.03537
   1096.00000    1.38048    0.04292    0.23694    0.05937
   1099.00000    1.41836    0.06386    0.23898    0.07744
   1102.00000    1.43244    0.02892    0.06772    0.04755
   1105.00000    1.31335    0.07001    0.21333    0.06589
   1108.00000    1.39255    0.03871    0.11722    0.05416
   1111.00000    1.47736    0.05385    0.12986    0.04769
   1114.00000    1.50871    0.05530   -0.00082    0.06436
   1117.00000    1.36190    0.03075    0.07037    0.04663
   1120.00000    1.43069    0.05492    0.12286    0.06291
   1123.00000    1.38094    0.07180    0.09574    0.03869
   1126.00000    1.42371    0.06261    0.14578    0.03721
   1129.00000    1.35840    0.03554    0.16805    0.04277
   1132.00000    1.44990    0.01226    0.12148    0.04073
   1135.00000    1.31971    0.07741    0.14598    0.04700
   1138.00000    1.32616    0.06516    0.09669    0.04954
   1141.00000    1.47617    0.05577    0.14131    0.07588
   1144.00000    1.50523    0.02692   -0.01407    0.08389
   1147.00000    1.44424    0.03487    0.12685    0.06475
   1150.00000    1.44705    0.04209    0.10343    0.04978
   1153.00000    1.47313    0.06012    0.11092    0.04556
   1156.00000    1.38847    0.07557    0.10527    0.02445
   1159.00000    1.48466    0.05285    0.05115    0.06421
   1162.00000    1.47646    0.05025    0.10820    0.03271
   1165.00000    1.55954    0.04734    0.17060    0.08710
   1168.00000    1.51818    0.00454    0.07530    0.03159
   1171.00000    1.56333    0.03451    0.19178    0.04859
   1174.00000    1.52114    0.07051    0.08037    0.02730
   1177.00000    1.50132    0.03524    0.09913    0.03174
   1180.00000    1.52247    0.05787    0.11403    0.04599
   1183.00000    1.50591    0.03510    0.11592    0.06405
   1186.00000    1.58010    0.05635    0.07415    0.04857
   1189.00000    1.52730    0.04382    0.18613    0.06096
   1192.00000    1.42919    0.09630    0.14199    0.02173
   1195.00000    1.51167    0.01830    0.08131    0.02218
   1198.00000    1.34861    0.05945    0.06688    0.06514
   1201.00000    1.46095    0.07116    0.17426    0.04028
   1204.00000    1.42565    0.08290    0.08256    0.03880
   1207.00000    1.47188    0.07250    0.23224    0.05709
   1210.00000    1.53998    0.04406    0.06951    0.06451
   1213.00000    1.44087    0.05425    0.03846    0.06229
   1462.00000    1.48104    0.04700    0.21280    0.07528
   1465.00000    1.47494    0.05707    0.20585    0.06684
   1468.00000    1.40464    0.04875    0.20251    0.06464
   1471.00000    1.43281    0.03003    0.18491    0.03877
   1474.00000    1.39962    0.05233    0.26729    0.06511
   1477.00000    1.45374    0.03751    0.14723    0.02742
   1480.00000    1.26024    0.06542    0.14539    0.04021
   1483.00000    1.37719    0.07945    0.16269    0.05259
   1486.00000    1.30223    0.04666    0.09466    0.02616
   1489.00000    1.33408    0.05813    0.09020    0.06707
   1492.00000    1.31902    0.05305    0.17176    0.03700
   1495.00000    1.22006    0.05639    0.13539    0.05710
   1498.00000    1.34365    0.05333    0.09658    0.05499
   1501.00000    1.28534    0.05925    0.10666    0.03864
   1504.00000    1.36954    0.04201    0.01757    0.09210
   1507.00000    1.26834    0.05247    0.15730    0.03716
   1510.00000    1.22859    0.03270    0.06543    0.08280
   1513.00000    1.20838    0.03669    0.11878    0.05592
   1516.00000    1.33454    0.03639    0.10126    0.03350
   1519.00000    1.22407    0.06501    0.10509    0.07256
   1522.00000    1.37257    0.04633    0.10379    0.05733
   1525.00000    1.27096    0.01243    0.01777    0.03664
   1528.00000    1.31767    0.05824    0.17358    0.05808
   1531.00000    1.22298    0.01800    0.14069    0.04150
   1534.00000    1.23080    0.02965    0.01283    0.07114
   1537.00000    1.20792    0.07066    0.14304    0.07033
   1540.00000    1.15253    0.03176    0.14049    0.04351
   1543.00000    1.12930    0.04642    0.17251    0.05434
   1546.00000    1.14668    0.04637    0.17286    0.05641
   1549.00000    1.19293    0.05918    0.13250    0.03566
   1552.00000    1.10276    0.04153    0.12093    0.05203
   1555.00000    1.23586    0.04890    0.07005    0.07594
   1558.00000    1.17846    0.05873    0.11698    0.02126
   1561.00000    1.20369    0.02421    0.10815    0.05538
   1564.00000    1.19766    0.03762   -0.00626    0.07022
   1567.00000    1.24927    0.06718    0.09350    0.07725
   1570.00000    1.22597    0.05184    0.01592    0.09046
   1573.00000    1.24312    0.05679   -0.05238    0.06341
   1576.00000    1.18542    0.05666    0.05134    0.05792
   1579.00000    1.20038    0.03815    0.13151    0.05605
