## Time Delay Challenge light curves
##
## [time]=days, [lc]=[err]=flux in nanomaggies
##
##       time       lc_A      err_A       lc_B      err_B
##-------------------------------------------------------
      1.00000    0.74460    0.04664    1.16864    0.04452
      4.00000    0.73793    0.08132    1.07062    0.02740
      7.00000    0.64664    0.06564    0.98729    0.05300
     10.00000    0.70937    0.04239    1.17651    0.04932
     13.00000    0.67228    0.08072    0.93706    0.05464
     16.00000    0.72726    0.07381    1.01510    0.04384
     19.00000    0.68375    0.05772    1.01362    0.07383
     22.00000    0.70264    0.05879    0.98681    0.06348
     25.00000    0.71562    0.04451    1.01856    0.06320
     28.00000    0.68028    0.03843    1.03622    0.04175
     31.00000    0.64964    0.03953    1.10904    0.05698
     34.00000    0.66304    0.04559    0.98519    0.04796
     37.00000    0.68566    0.02995    1.15590    0.06240
     40.00000    0.76145    0.06253    1.02672    0.05721
     43.00000    0.67768    0.03848    1.00813    0.04800
     46.00000    0.66998    0.05689    1.10398    0.04427
     49.00000    0.64194    0.04291    1.14062    0.06338
     52.00000    0.61337    0.04483    1.03206    0.04035
     55.00000    0.65872    0.05876    1.02057    0.05579
     58.00000    0.63109    0.03614    0.93862    0.03944
     61.00000    0.63912    0.08706    0.89643    0.04699
     64.00000    0.58962    0.04695    0.87038    0.07313
     67.00000    0.70309    0.06338    0.91957    0.02950
     70.00000    0.65859    0.05982    0.90286    0.06051
     73.00000    0.58262    0.04926    1.01665    0.06049
     76.00000    0.63759    0.04973    0.99071    0.04405
     79.00000    0.70423    0.04087    1.00379    0.06904
     82.00000    0.50478    0.06124    0.97563    0.05814
     85.00000    0.53343    0.05727    0.89918    0.05229
     88.00000    0.67485    0.07109    1.01406    0.05142
     91.00000    0.53314    0.06966    0.95087    0.03552
     94.00000    0.59221    0.03465    0.96991    0.06154
     97.00000    0.63093    0.01930    0.84970    0.05145
    100.00000    0.46598    0.06861    1.01554    0.07571
    103.00000    0.69088    0.07705    0.93273    0.07006
    106.00000    0.57425    0.05801    0.92082    0.06523
    109.00000    0.58593    0.01851    0.96025    0.02854
    112.00000    0.66330    0.04715    0.93664    0.03318
    115.00000    0.74440    0.06028    1.01782    0.01988
    118.00000    0.58292    0.04189    1.17817    0.08050
    367.00000    0.62318    0.04674    0.71934    0.07437
    370.00000    0.48612    0.06368    0.73831    0.05925
    373.00000    0.45074    0.05974    0.79058    0.05629
    376.00000    0.53998    0.05993    0.80682    0.05698
    379.00000    0.40919    0.07224    0.80161    0.04970
    382.00000    0.52859    0.05606    0.74794    0.04654
    385.00000    0.41112    0.06885    0.72154    0.07502
    388.00000    0.39472    0.05372    0.62263    0.06475
    391.00000    0.51577    0.04903    0.68848    0.02104
    394.00000    0.45716    0.04731    0.77273    0.03881
    397.00000    0.55699    0.03035    0.69626    0.05989
    400.00000    0.52586    0.05669    0.75388    0.05514
    403.00000    0.41148    0.05578    0.80705    0.09068
    406.00000    0.55200    0.05659    0.77904    0.04826
    409.00000    0.49191    0.04687    0.74560    0.03643
    412.00000    0.48210    0.05518    0.72550    0.03547
    415.00000    0.52631    0.04097    0.71367    0.04041
    418.00000    0.59423    0.06118    0.82112    0.05244
    421.00000    0.53456    0.05416    0.68388    0.04849
    424.00000    0.54126    0.04823    0.84057    0.04902
    427.00000    0.47588    0.05701    0.75916    0.06122
    430.00000    0.52243    0.05467    0.73077    0.04930
    433.00000    0.55435    0.05482    0.84760    0.06582
    436.00000    0.48298    0.05956    0.81073    0.05004
    439.00000    0.50126    0.05091    0.75994    0.06319
    442.00000    0.51388    0.03608    0.81276    0.04366
    445.00000    0.39195    0.07788    0.75704    0.05452
    448.00000    0.49954    0.05128    0.71668    0.08579
    451.00000    0.47040    0.05580    0.81580    0.04843
    454.00000    0.60686    0.04453    0.82457    0.06501
    457.00000    0.46105    0.08190    0.78065    0.05580
    460.00000    0.61981    0.05901    0.82217    0.07844
    463.00000    0.57637    0.08235    0.83507    0.04290
    466.00000    0.57238    0.03676    0.92452    0.04349
    469.00000    0.60743    0.06282    0.90829    0.05354
    472.00000    0.60929    0.07020    0.84050    0.05909
    475.00000    0.52941    0.04665    0.89740    0.05469
    478.00000    0.50328    0.06476    0.79351    0.08961
    481.00000    0.54436    0.05395    0.73917    0.07473
    484.00000    0.53451    0.02711    0.88564    0.04846
    733.00000    0.39612    0.05432    0.68917    0.05983
    736.00000    0.55912    0.05693    0.68370    0.05811
    739.00000    0.43779    0.07076    0.74908    0.05845
    742.00000    0.53605    0.06251    0.67140    0.08143
    745.00000    0.52239    0.04278    0.56830    0.05160
    748.00000    0.54302    0.05329    0.71884    0.05163
    751.00000    0.47715    0.04578    0.75398    0.07860
    754.00000    0.46004    0.03994    0.72678    0.06690
    757.00000    0.52152    0.05732    0.72504    0.04192
    760.00000    0.35024    0.06187    0.76725    0.06946
    763.00000    0.46170    0.02976    0.78700    0.06241
    766.00000    0.48702    0.05231    0.73273    0.03535
    769.00000    0.55933    0.05667    0.72932    0.06839
    772.00000    0.61185    0.06816    0.94092    0.06725
    775.00000    0.48974    0.02712    0.71614    0.05896
    778.00000    0.51436    0.07200    0.74538    0.06416
    781.00000    0.51353    0.01906    0.79194    0.02959
    784.00000    0.48388    0.06978    0.87852    0.06220
    787.00000    0.39458    0.04501    0.72533    0.08358
    790.00000    0.34696    0.05196    0.70547    0.07192
    793.00000    0.39447    0.05270    0.76241    0.04276
    796.00000    0.43011    0.08458    0.68316    0.05016
    799.00000    0.49426    0.04791    0.64186    0.08214
    802.00000    0.48048    0.04366    0.75880    0.05187
    805.00000    0.45607    0.05670    0.73035    0.04884
    808.00000    0.47442    0.06723    0.75047    0.06145
    811.00000    0.42633    0.03913    0.73271    0.03506
    814.00000    0.41890    0.04416    0.68550    0.04709
    817.00000    0.50698    0.06860    0.68412    0.02316
    820.00000    0.47910    0.05222    0.71288    0.04561
    823.00000    0.40625    0.05205    0.77672    0.03745
    826.00000    0.42283    0.04806    0.69440    0.04621
    829.00000    0.38617    0.06530    0.70408    0.04682
    832.00000    0.38547    0.06786    0.69425    0.03841
    835.00000    0.40826    0.03917    0.56979    0.05372
    838.00000    0.56557    0.06625    0.67069    0.03643
    841.00000    0.37743    0.07522    0.67214    0.07313
    844.00000    0.48103    0.05887    0.52291    0.07688
    847.00000    0.42491    0.04414    0.60897    0.04660
   1096.00000    0.73218    0.02919    1.15993    0.06007
   1099.00000    0.78018    0.06458    1.14204    0.04314
   1102.00000    0.67962    0.03823    0.95942    0.09028
   1105.00000    0.71744    0.07364    1.00156    0.02222
   1108.00000    0.69652    0.04447    1.05406    0.04562
   1111.00000    0.64290    0.04043    1.03463    0.05284
   1114.00000    0.72308    0.05801    0.93665    0.09493
   1117.00000    0.69379    0.07165    1.08449    0.07583
   1120.00000    0.65665    0.06405    1.11781    0.04673
   1123.00000    0.76433    0.06382    1.09410    0.06114
   1126.00000    0.70792    0.03916    1.17352    0.03766
   1129.00000    0.71421    0.03979    1.04662    0.06440
   1132.00000    0.66771    0.07193    1.01421    0.03572
   1135.00000    0.68452    0.05714    0.98662    0.05109
   1138.00000    0.77041    0.07975    1.18103    0.07267
   1141.00000    0.65768    0.05149    1.09761    0.03837
   1144.00000    0.69483    0.06671    1.15923    0.03009
   1147.00000    0.72402    0.07197    1.16924    0.06771
   1150.00000    0.70068    0.02134    1.31896    0.06765
   1153.00000    0.77735    0.03141    1.17358    0.03618
   1156.00000    0.67937    0.04207    1.16670    0.04150
   1159.00000    0.71245    0.02702    1.12519    0.07075
   1162.00000    0.71340    0.04462    1.09417    0.07345
   1165.00000    0.63143    0.05332    1.15252    0.06599
   1168.00000    0.70621    0.07892    1.07699    0.03803
   1171.00000    0.67348    0.04002    1.13179    0.05233
   1174.00000    0.78939    0.06902    1.12012    0.06676
   1177.00000    0.69196    0.06052    1.14780    0.06007
   1180.00000    0.81032    0.06491    1.12230    0.02650
   1183.00000    0.69196    0.04036    1.20243    0.05969
   1186.00000    0.72150    0.05291    1.12267    0.05017
   1189.00000    0.66644    0.03951    1.19268    0.03704
   1192.00000    0.69898    0.08139    1.22634    0.06180
   1195.00000    0.77992    0.06388    1.15194    0.04746
   1198.00000    0.67617    0.02327    1.11185    0.04734
   1201.00000    0.69451    0.01821    1.13782    0.04124
   1204.00000    0.71922    0.05105    1.13254    0.06973
   1207.00000    0.68507    0.02075    1.02203    0.04643
   1210.00000    0.62485    0.05076    1.12276    0.04297
   1213.00000    0.72219    0.04009    1.14161    0.06326
   1462.00000    0.66106    0.05456    0.95686    0.06389
   1465.00000    0.77631    0.04693    1.09879    0.04218
   1468.00000    0.79098    0.06790    1.15439    0.06075
   1471.00000    0.83839    0.03917    1.16519    0.02508
   1474.00000    0.77254    0.06456    1.18515    0.04880
   1477.00000    0.79059    0.04030    1.21476    0.03543
   1480.00000    0.78613    0.07957    1.15261    0.04819
   1483.00000    0.84236    0.02551    1.17720    0.05921
   1486.00000    0.85486    0.03743    1.06959    0.07242
   1489.00000    0.79820    0.04738    1.18834    0.06666
   1492.00000    0.67387    0.08022    1.06016    0.08201
   1495.00000    0.73658    0.04188    1.02873    0.06158
   1498.00000    0.78764    0.02925    1.16999    0.05586
   1501.00000    0.97476    0.07393    1.11451    0.03897
   1504.00000    0.84624    0.07778    1.12595    0.02240
   1507.00000    0.78050    0.03801    1.11071    0.03991
   1510.00000    0.81588    0.05817    1.22156    0.05574
   1513.00000    0.73851    0.05936    1.10160    0.03340
   1516.00000    0.71196    0.05816    1.10174    0.00510
   1519.00000    0.72534    0.04584    1.17999    0.06593
   1522.00000    0.63329    0.06415    1.08764    0.03393
   1525.00000    0.74841    0.04340    0.99531    0.05700
   1528.00000    0.77659    0.05036    0.94628    0.06232
   1531.00000    0.63714    0.04349    1.02623    0.05120
   1534.00000    0.70800    0.03230    0.89127    0.10093
   1537.00000    0.72040    0.04742    0.91917    0.07018
   1540.00000    0.57780    0.07760    0.95927    0.05612
   1543.00000    0.62069    0.05008    1.06800    0.06019
   1546.00000    0.71574    0.05439    1.05841    0.04860
   1549.00000    0.71589    0.05994    1.02455    0.05597
   1552.00000    0.67917    0.05279    1.06226    0.02277
   1555.00000    0.68949    0.05826    1.04240    0.05502
   1558.00000    0.66163    0.06283    0.97853    0.03535
   1561.00000    0.71612    0.05916    1.00787    0.05221
   1564.00000    0.71843    0.07423    1.04935    0.04188
   1567.00000    0.71806    0.06846    1.14096    0.05181
   1570.00000    0.63068    0.05309    1.09593    0.06468
   1573.00000    0.71438    0.04824    1.09182    0.07819
   1576.00000    0.71914    0.05456    1.13930    0.05830
   1579.00000    0.70577    0.05703    1.06624    0.03538
