## Time Delay Challenge light curves
##
## [time]=days, [lc]=[err]=flux in nanomaggies
##
##       time       lc_A      err_A       lc_B      err_B
##-------------------------------------------------------
      1.00000   10.32691    0.04736    1.12809    0.06003
      4.00000   10.51120    0.05039    1.23662    0.04462
      7.00000   10.59650    0.06170    1.17471    0.07066
     10.00000   10.80725    0.05328    1.23222    0.05285
     13.00000   10.75153    0.05730    1.24762    0.04567
     16.00000   10.95921    0.04309    1.23773    0.04177
     19.00000   11.74408    0.05995    1.15959    0.05804
     22.00000   10.68855    0.04431    1.04170    0.06205
     25.00000   11.14671    0.01785    0.98512    0.06448
     28.00000   11.08558    0.05627    1.06125    0.06136
     31.00000   11.18664    0.06587    0.98441    0.06034
     34.00000   10.64096    0.06496    0.97572    0.07142
     37.00000    9.82097    0.08298    0.87852    0.05887
     40.00000    9.75335    0.07011    1.06628    0.05513
     43.00000    9.81581    0.04437    1.06762    0.05458
     46.00000   10.49824    0.03284    1.06964    0.03236
     49.00000    9.81674    0.04291    1.10441    0.07422
     52.00000    9.87218    0.05665    1.08524    0.06564
     55.00000    9.65124    0.04403    1.17143    0.03446
     58.00000    9.65619    0.03835    1.03916    0.05111
     61.00000   10.27716    0.04988    1.07417    0.04581
     64.00000   10.54595    0.01900    1.13932    0.03142
     67.00000   10.95915    0.04989    0.96492    0.05447
     70.00000   11.09772    0.07019    1.05880    0.07085
     73.00000   10.81267    0.04656    1.02347    0.04316
     76.00000   10.95088    0.01467    1.07707    0.02407
     79.00000   11.25676    0.06339    0.97722    0.06974
     82.00000   11.15312    0.03662    1.09579    0.03895
     85.00000   11.10470    0.04465    1.05867    0.04949
     88.00000   10.02956    0.03459    1.00143    0.05092
     91.00000   10.51293    0.06020    1.12596    0.04113
     94.00000   10.28872    0.06752    1.02992    0.06398
     97.00000   10.25615    0.04675    1.07281    0.05244
    100.00000    9.93340    0.05633    1.13527    0.05309
    103.00000   10.25900    0.06530    1.32956    0.08526
    106.00000   10.39911    0.03815    1.20912    0.03254
    109.00000   10.39728    0.06192    1.12851    0.06078
    112.00000   10.94584    0.02618    1.18485    0.05070
    115.00000   11.19067    0.05177    1.17027    0.02960
    118.00000   10.87940    0.04094    1.14571    0.03688
    367.00000    8.52063    0.04875    1.19589    0.06733
    370.00000    7.91154    0.06639    1.21816    0.05942
    373.00000    7.62686    0.04851    1.29561    0.04788
    376.00000    7.94994    0.05962    1.30896    0.05318
    379.00000    7.45267    0.07178    1.22458    0.05840
    382.00000    7.38720    0.04851    1.21241    0.03112
    385.00000    7.53764    0.09354    1.19971    0.03285
    388.00000    7.43558    0.03471    1.21938    0.07867
    391.00000    7.16887    0.04655    1.20812    0.06471
    394.00000    7.46831    0.05335    1.14887    0.05109
    397.00000    7.59453    0.02746    1.22861    0.05591
    400.00000    7.63816    0.05239    1.17550    0.03272
    403.00000    7.75195    0.04378    1.18115    0.06609
    406.00000    7.31306    0.06910    1.21258    0.05162
    409.00000    7.06821    0.05432    1.24287    0.03682
    412.00000    6.87824    0.05106    1.24043    0.03526
    415.00000    6.67037    0.07084    1.06293    0.04791
    418.00000    7.27851    0.05403    1.11687    0.04747
    421.00000    6.80438    0.08625    1.22176    0.04346
    424.00000    7.26251    0.03952    1.17196    0.05141
    427.00000    7.18234    0.03142    1.16625    0.04013
    430.00000    7.20395    0.06607    1.15764    0.01752
    433.00000    7.28348    0.04848    1.04063    0.04450
    436.00000    7.05311    0.06142    0.94256    0.06050
    439.00000    7.60231    0.06329    1.10807    0.05833
    442.00000    8.10806    0.05252    1.07924    0.05653
    445.00000    8.09091    0.04891    0.99326    0.03853
    448.00000    7.84473    0.06398    0.92005    0.07618
    451.00000    7.27152    0.05771    0.90279    0.03882
    454.00000    7.37125    0.08546    0.90814    0.07284
    457.00000    7.14581    0.07484    0.88049    0.04181
    460.00000    7.45169    0.04029    0.91350    0.07327
    463.00000    7.76786    0.03790    0.80876    0.03665
    466.00000    7.26308    0.05677    0.86139    0.07644
    469.00000    7.28681    0.04466    0.82968    0.02776
    472.00000    7.06634    0.03258    0.89906    0.06265
    475.00000    7.58995    0.06687    0.78079    0.06245
    478.00000    7.16107    0.05996    0.79582    0.03983
    481.00000    6.84621    0.04749    0.65788    0.04388
    484.00000    7.03162    0.04460    0.83418    0.03157
    733.00000   10.00609    0.06475    0.84226    0.05523
    736.00000   10.27197    0.05227    0.96191    0.07130
    739.00000   10.37628    0.03232    0.95763    0.04668
    742.00000   10.26599    0.03033    0.96985    0.04100
    745.00000   10.41387    0.05870    1.07434    0.04254
    748.00000   10.22311    0.06975    1.10502    0.05684
    751.00000    9.74162    0.06007    1.01559    0.04795
    754.00000    9.00674    0.02985    1.07138    0.05255
    757.00000    9.82850    0.06740    1.23128    0.06810
    760.00000   10.08234    0.04419    1.00350    0.08691
    763.00000    9.80979    0.04073    0.98193    0.06640
    766.00000    9.41422    0.04458    0.98129    0.06250
    769.00000    9.55750    0.06191    1.00401    0.06057
    772.00000    8.99510    0.02391    0.88794    0.05901
    775.00000    9.42025    0.03247    0.95541    0.08333
    778.00000    9.39884    0.06184    0.96493    0.05251
    781.00000    9.24281    0.04113    0.98494    0.04833
    784.00000    9.98458    0.04850    0.92653    0.02833
    787.00000   10.45624    0.02762    0.97542    0.06660
    790.00000   10.70902    0.05295    0.93041    0.06085
    793.00000   10.54381    0.05315    0.92053    0.05403
    796.00000   11.28654    0.07675    0.87040    0.05203
    799.00000   11.43415    0.04521    0.94048    0.09134
    802.00000   11.58049    0.02036    1.00141    0.07292
    805.00000   10.99550    0.06236    0.89336    0.08548
    808.00000   11.45545    0.03730    1.06563    0.06279
    811.00000   11.76258    0.02332    1.05343    0.07640
    814.00000   11.56616    0.08519    0.95283    0.05273
    817.00000   11.21994    0.05028    1.06932    0.03276
    820.00000   10.37790    0.03904    1.04632    0.04367
    823.00000   10.04726    0.03122    1.09678    0.07177
    826.00000    9.53502    0.05861    1.03068    0.05761
    829.00000    9.17975    0.03205    1.11843    0.06490
    832.00000    9.05896    0.06369    1.02530    0.03528
    835.00000    9.84410    0.03998    1.17036    0.06306
    838.00000   10.05236    0.05644    1.09094    0.05679
    841.00000   10.35504    0.04817    1.02642    0.08427
    844.00000   11.00438    0.06031    0.97761    0.04939
    847.00000   11.06612    0.05392    1.06598    0.08458
   1096.00000   10.68644    0.04359    0.95890    0.04163
   1099.00000   10.76798    0.04936    0.91114    0.06908
   1102.00000   11.45995    0.06033    0.95467    0.03902
   1105.00000   10.81282    0.06263    0.97428    0.07837
   1108.00000   10.66340    0.04836    0.88806    0.07963
   1111.00000   10.48683    0.02909    0.90844    0.04233
   1114.00000   10.69213    0.08199    0.86377    0.06305
   1117.00000   11.15729    0.04433    0.88878    0.05568
   1120.00000    9.85116    0.05835    0.83867    0.05307
   1123.00000    9.79674    0.01625    0.82793    0.03660
   1126.00000    9.05274    0.07832    0.79918    0.03481
   1129.00000    9.46885    0.02930    0.93713    0.03536
   1132.00000    9.89980    0.08037    1.00020    0.07447
   1135.00000    9.75864    0.07002    0.96577    0.04320
   1138.00000    9.74292    0.05701    0.84466    0.04488
   1141.00000    9.84947    0.04968    0.96756    0.07480
   1144.00000    9.75093    0.05685    0.88403    0.07222
   1147.00000    9.76348    0.06872    0.79037    0.05790
   1150.00000   10.89013    0.05418    0.86868    0.02881
   1153.00000   10.53330    0.04752    0.97845    0.07454
   1156.00000   11.03027    0.07382    0.89245    0.04105
   1159.00000   10.82271    0.05716    0.80456    0.03338
   1162.00000   10.17874    0.02009    0.86321    0.02885
   1165.00000   10.69448    0.03823    0.82308    0.05448
   1168.00000   10.77948    0.05681    0.94863    0.06570
   1171.00000   11.40886    0.05091    0.92222    0.06353
   1174.00000   11.14448    0.05534    0.93907    0.06182
   1177.00000   10.82674    0.05440    0.98878    0.04301
   1180.00000   10.65250    0.02253    1.07566    0.07292
   1183.00000   10.29701    0.06737    1.07479    0.04778
   1186.00000   10.12704    0.06575    1.14316    0.02914
   1189.00000    9.66050    0.05463    1.14144    0.03456
   1192.00000    8.80611    0.05831    1.19240    0.05837
   1195.00000    8.42217    0.05248    1.13105    0.03370
   1198.00000    8.42373    0.06377    1.12635    0.04215
   1201.00000    8.12617    0.07184    1.02654    0.04311
   1204.00000    8.00112    0.04492    1.06289    0.04570
   1207.00000    8.46864    0.06193    1.10742    0.02316
   1210.00000    8.55913    0.04525    0.93502    0.06863
   1213.00000    7.94122    0.06433    0.88621    0.08865
   1462.00000   10.03209    0.04706    1.05219    0.03805
   1465.00000    9.67848    0.05764    1.08413    0.04197
   1468.00000    9.90093    0.08432    1.08578    0.05458
   1471.00000    9.84108    0.07075    1.12605    0.06831
   1474.00000    9.49212    0.07097    1.03669    0.01517
   1477.00000    9.08280    0.05260    1.06169    0.05663
   1480.00000    9.24299    0.05682    0.96415    0.04047
   1483.00000    9.93540    0.03294    0.93144    0.07060
   1486.00000    9.81504    0.03897    1.00247    0.05462
   1489.00000   10.40160    0.04119    0.98963    0.05187
   1492.00000   10.59340    0.05254    0.95544    0.06974
   1495.00000   10.62271    0.04292    1.03444    0.04937
   1498.00000   11.12442    0.05363    1.05090    0.02473
   1501.00000   11.86754    0.05897    1.03039    0.04743
   1504.00000   11.78346    0.03993    0.95044    0.06451
   1507.00000   12.06856    0.06030    0.98173    0.03660
   1510.00000   11.91581    0.02879    0.92464    0.04862
   1513.00000   11.87546    0.02646    0.96207    0.03086
   1516.00000   11.19870    0.05295    1.06397    0.06681
   1519.00000   11.64553    0.04302    0.89289    0.05385
   1522.00000   12.00989    0.04394    0.91520    0.08013
   1525.00000   10.68690    0.07201    0.83851    0.02445
   1528.00000   11.02732    0.02814    0.93448    0.04570
   1531.00000   11.32544    0.06031    0.87373    0.05073
   1534.00000   11.71841    0.07213    0.96115    0.07904
   1537.00000   11.10529    0.01180    0.97401    0.06608
   1540.00000   11.49861    0.05093    0.90627    0.05094
   1543.00000   12.13986    0.06184    0.94724    0.05448
   1546.00000   12.46242    0.06838    0.95117    0.07314
   1549.00000   12.01703    0.05472    0.94695    0.04912
   1552.00000   12.01895    0.03202    0.99972    0.02588
   1555.00000   12.99550    0.01754    0.94296    0.02427
   1558.00000   13.54508    0.04347    0.98187    0.04327
   1561.00000   13.52647    0.05463    1.03291    0.03785
   1564.00000   12.86711    0.03937    0.96766    0.06797
   1567.00000   13.29153    0.06427    0.96793    0.05556
   1570.00000   12.62410    0.09769    0.91108    0.05811
   1573.00000   11.72579    0.05181    1.05376    0.06232
   1576.00000   12.04224    0.05990    1.06589    0.04651
   1579.00000   11.81776    0.05471    1.02333    0.01215
