## Time Delay Challenge light curves
##
## [time]=days, [lc]=[err]=flux in nanomaggies
##
##       time       lc_A      err_A       lc_B      err_B
##-------------------------------------------------------
      1.00000    1.24776    0.06700    0.44103    0.06212
      4.00000    1.38796    0.05540    0.49528    0.04362
      7.00000    1.37624    0.05608    0.44904    0.03486
     10.00000    1.31022    0.05432    0.45891    0.07162
     13.00000    1.29050    0.04593    0.45034    0.05468
     16.00000    1.34187    0.04797    0.27697    0.07804
     19.00000    1.30923    0.05274    0.48070    0.05237
     22.00000    1.39802    0.02154    0.43143    0.06573
     25.00000    1.42140    0.05162    0.44281    0.06391
     28.00000    1.48307    0.07340    0.39935    0.05390
     31.00000    1.39699    0.06691    0.37330    0.07632
     34.00000    1.39157    0.05009    0.60217    0.07664
     37.00000    1.38757    0.05244    0.48522    0.02826
     40.00000    1.43560    0.04282    0.42383    0.04453
     43.00000    1.55576    0.06962    0.48596    0.05166
     46.00000    1.44332    0.01971    0.47059    0.04545
     49.00000    1.45438    0.05906    0.54559    0.04385
     52.00000    1.46154    0.02360    0.44483    0.04521
     55.00000    1.51799    0.04762    0.42100    0.05464
     58.00000    1.49766    0.03756    0.47680    0.06634
     61.00000    1.48194    0.03505    0.47737    0.07155
     64.00000    1.56291    0.06517    0.50334    0.02388
     67.00000    1.44690    0.02635    0.51234    0.04222
     70.00000    1.54722    0.05401    0.59080    0.04387
     73.00000    1.15084    0.06316    0.42016    0.06282
     76.00000    1.23007    0.02122    0.58368    0.05801
     79.00000    1.34451    0.06758    0.64882    0.06211
     82.00000    1.19223    0.06632    0.54873    0.03720
     85.00000    1.19613    0.05371    0.49777    0.08566
     88.00000    1.30920    0.04217    0.47129    0.05683
     91.00000    1.20499    0.05403    0.54328    0.06324
     94.00000    1.13182    0.06545    0.50507    0.05825
     97.00000    1.13187    0.05574    0.48041    0.07280
    100.00000    1.41162    0.04910    0.41608    0.05225
    103.00000    1.31106    0.07330    0.52529    0.06720
    106.00000    1.20023    0.07435    0.54753    0.04038
    109.00000    1.32363    0.06553    0.56111    0.04620
    112.00000    1.37368    0.05461    0.48752    0.03773
    115.00000    1.46028    0.06114    0.63712    0.05404
    118.00000    1.50264    0.05891    0.55757    0.06281
    367.00000    1.18350    0.07169    0.46461    0.09258
    370.00000    1.04938    0.05059    0.35736    0.06436
    373.00000    1.05240    0.05002    0.58827    0.06843
    376.00000    0.95315    0.08117    0.47004    0.05258
    379.00000    1.13009    0.04913    0.45763    0.05852
    382.00000    1.15368    0.03937    0.40757    0.04198
    385.00000    1.28463    0.07534    0.51192    0.03493
    388.00000    1.23360    0.05527    0.50204    0.03807
    391.00000    1.42150    0.07804    0.52172    0.06688
    394.00000    1.26955    0.07935    0.42486    0.04325
    397.00000    1.04285    0.08302    0.56067    0.05054
    400.00000    1.21405    0.08173    0.49665    0.06764
    403.00000    1.22756    0.03765    0.40033    0.04925
    406.00000    1.40137    0.02254    0.43209    0.06722
    409.00000    1.27565    0.05799    0.45727    0.05095
    412.00000    1.34500    0.05385    0.29272    0.06809
    415.00000    1.36709    0.05447    0.37691    0.02957
    418.00000    1.47008    0.06800    0.37986    0.04004
    421.00000    1.40421    0.04644    0.41157    0.07484
    424.00000    1.35801    0.05722    0.40113    0.05188
    427.00000    1.33729    0.04175    0.39135    0.02943
    430.00000    1.28273    0.05412    0.40476    0.01871
    433.00000    1.16592    0.04505    0.46023    0.01702
    436.00000    1.16865    0.05705    0.43638    0.04876
    439.00000    1.00286    0.07332    0.48802    0.04478
    442.00000    1.35275    0.05310    0.44746    0.03638
    445.00000    1.31184    0.04127    0.48327    0.05379
    448.00000    1.30455    0.07860    0.38551    0.08705
    451.00000    1.32541    0.05936    0.38124    0.06095
    454.00000    1.34362    0.05148    0.44589    0.04386
    457.00000    1.47410    0.03343    0.42454    0.02760
    460.00000    1.42009    0.03610    0.46196    0.04349
    463.00000    1.44343    0.04846    0.39115    0.05494
    466.00000    1.33302    0.03964    0.50853    0.07581
    469.00000    1.35578    0.03935    0.40890    0.05973
    472.00000    1.12313    0.06600    0.46774    0.02716
    475.00000    1.31493    0.06426    0.59657    0.08165
    478.00000    1.32715    0.03564    0.52586    0.06063
    481.00000    1.54009    0.07138    0.43036    0.06036
    484.00000    1.47127    0.07460    0.44161    0.04394
    733.00000    1.00477    0.05455    0.36869    0.05849
    736.00000    1.15603    0.05024    0.47532    0.06006
    739.00000    1.16316    0.03069    0.39306    0.06901
    742.00000    1.23079    0.06021    0.41131    0.06025
    745.00000    1.10331    0.07134    0.50542    0.07126
    748.00000    1.19793    0.06330    0.47955    0.04013
    751.00000    1.20711    0.05032    0.53232    0.07298
    754.00000    1.25478    0.06595    0.33152    0.02018
    757.00000    1.27036    0.04778    0.45439    0.07516
    760.00000    1.44911    0.02800    0.36911    0.04686
    763.00000    1.55166    0.06107    0.27995    0.05952
    766.00000    1.44594    0.07244    0.25376    0.05120
    769.00000    1.53166    0.07018    0.26368    0.06261
    772.00000    1.40445    0.06514    0.35431    0.04540
    775.00000    1.43649    0.04156    0.25740    0.04587
    778.00000    1.35400    0.04231    0.36578    0.07482
    781.00000    1.35018    0.06248    0.38064    0.06854
    784.00000    1.48641    0.04433    0.32800    0.06937
    787.00000    1.42644    0.04526    0.42823    0.05038
    790.00000    1.43545    0.07445    0.30663    0.02295
    793.00000    1.45998    0.05891    0.25489    0.07085
    796.00000    1.44618    0.05971    0.42091    0.05918
    799.00000    1.38672    0.05854    0.39499    0.03965
    802.00000    1.32529    0.06108    0.35304    0.02885
    805.00000    1.49851    0.01865    0.42950    0.07204
    808.00000    1.37962    0.04426    0.34054    0.06235
    811.00000    1.26681    0.04751    0.36889    0.03322
    814.00000    1.43723    0.09091    0.38902    0.05696
    817.00000    1.42367    0.03175    0.37448    0.02016
    820.00000    1.41480    0.05347    0.37646    0.04893
    823.00000    1.27184    0.07231    0.33470    0.06058
    826.00000    1.13017    0.06119    0.30288    0.06998
    829.00000    1.28611    0.05564    0.35850    0.04403
    832.00000    1.15262    0.06847    0.43178    0.03943
    835.00000    1.10190    0.02973    0.36844    0.03896
    838.00000    1.16074    0.03971    0.47720    0.07086
    841.00000    1.23444    0.07013    0.40980    0.05166
    844.00000    1.32711    0.06478    0.49820    0.05456
    847.00000    1.30301    0.05867    0.44559    0.02256
   1096.00000    1.17566    0.04066    0.40522    0.06882
   1099.00000    1.14799    0.04693    0.31248    0.03785
   1102.00000    1.12191    0.03303    0.40311    0.04968
   1105.00000    0.98837    0.07387    0.34612    0.05790
   1108.00000    0.99672    0.04544    0.34180    0.03581
   1111.00000    0.97228    0.03314    0.33818    0.03520
   1114.00000    0.91694    0.04983    0.38510    0.04470
   1117.00000    0.98026    0.03760    0.30441    0.04512
   1120.00000    1.02131    0.06720    0.41796    0.03066
   1123.00000    0.96544    0.04608    0.31208    0.03524
   1126.00000    1.01144    0.03704    0.48670    0.05434
   1129.00000    1.02103    0.04044    0.33680    0.03429
   1132.00000    0.90059    0.04078    0.32453    0.06394
   1135.00000    1.01145    0.03912    0.26248    0.05503
   1138.00000    0.97274    0.03203    0.46042    0.06878
   1141.00000    0.93176    0.05787    0.35990    0.05713
   1144.00000    0.89130    0.04619    0.46823    0.01879
   1147.00000    0.84857    0.06702    0.42692    0.05428
   1150.00000    0.81594    0.04746    0.50194    0.06263
   1153.00000    0.95032    0.05525    0.39336    0.06558
   1156.00000    0.93083    0.05724    0.36964    0.04394
   1159.00000    0.83448    0.06734    0.48690    0.05772
   1162.00000    0.94195    0.04788    0.32882    0.05190
   1165.00000    0.89906    0.06998    0.49162    0.05045
   1168.00000    0.84670    0.03849    0.39592    0.02580
   1171.00000    0.91541    0.02220    0.33785    0.04628
   1174.00000    0.93019    0.03862    0.37590    0.06256
   1177.00000    0.80236    0.05612    0.33089    0.03792
   1180.00000    0.78262    0.04535    0.47360    0.04421
   1183.00000    0.82300    0.02817    0.36410    0.02807
   1186.00000    0.93307    0.07677    0.41967    0.02406
   1189.00000    0.98817    0.04542    0.44342    0.07489
   1192.00000    1.03462    0.05320    0.43094    0.06962
   1195.00000    0.97365    0.05748    0.47483    0.07740
   1198.00000    0.86535    0.03060    0.33115    0.03803
   1201.00000    0.94962    0.04771    0.32311    0.08516
   1204.00000    1.29157    0.09145    0.32395    0.03352
   1207.00000    1.05354    0.06691    0.28627    0.07733
   1210.00000    1.10239    0.05943    0.31195    0.06060
   1213.00000    1.14679    0.06461    0.33383    0.03172
   1462.00000    1.74367    0.05180    0.42077    0.05070
   1465.00000    1.89880    0.05198    0.43017    0.05914
   1468.00000    2.16781    0.04895    0.48994    0.04367
   1471.00000    2.18111    0.04466    0.50007    0.06479
   1474.00000    2.45652    0.04944    0.32560    0.04228
   1477.00000    2.40287    0.02223    0.47010    0.05480
   1480.00000    2.02446    0.07952    0.39420    0.04543
   1483.00000    2.07297    0.03124    0.45811    0.04596
   1486.00000    2.22982    0.06143    0.44989    0.03540
   1489.00000    2.22027    0.05336    0.45469    0.04624
   1492.00000    2.13544    0.07055    0.45853    0.05538
   1495.00000    1.99675    0.04017    0.50126    0.06460
   1498.00000    2.16323    0.07098    0.45282    0.05176
   1501.00000    1.97295    0.02890    0.50552    0.03831
   1504.00000    2.04954    0.05865    0.54956    0.04249
   1507.00000    1.96437    0.04910    0.51515    0.02923
   1510.00000    1.88025    0.05841    0.37801    0.05136
   1513.00000    1.99189    0.04347    0.35882    0.08069
   1516.00000    2.07978    0.04264    0.42372    0.04099
   1519.00000    2.19386    0.07088    0.45965    0.05685
   1522.00000    1.94576    0.06879    0.27018    0.04426
   1525.00000    1.96168    0.06713    0.37459    0.04889
   1528.00000    1.75928    0.06023    0.42526    0.07807
   1531.00000    1.93441    0.06984    0.56634    0.07843
   1534.00000    1.83646    0.05116    0.52589    0.05559
   1537.00000    1.83772    0.05178    0.49122    0.05807
   1540.00000    1.78019    0.02827    0.56715    0.03270
   1543.00000    1.71825    0.06163    0.54650    0.04976
   1546.00000    1.68052    0.07308    0.52175    0.06552
   1549.00000    1.73955    0.06830    0.54571    0.02543
   1552.00000    1.74261    0.04237    0.53057    0.06639
   1555.00000    1.53544    0.03762    0.59271    0.03907
   1558.00000    1.57456    0.02955    0.70651    0.04653
   1561.00000    1.43933    0.07958    0.75444    0.07188
   1564.00000    1.56210    0.05061    0.69899    0.08320
   1567.00000    1.43022    0.05162    0.74565    0.05316
   1570.00000    1.68321    0.07032    0.70735    0.02618
   1573.00000    1.71964    0.06701    0.71653    0.04429
   1576.00000    1.55731    0.06151    0.69872    0.07102
   1579.00000    1.76046    0.05289    0.80259    0.04525
