## Time Delay Challenge light curves
##
## [time]=days, [lc]=[err]=flux in nanomaggies
##
##       time       lc_A      err_A       lc_B      err_B
##-------------------------------------------------------
      1.00000    5.72579    0.06132    3.74186    0.04555
      4.00000    6.03000    0.04279    3.95159    0.07759
      7.00000    5.97907    0.03836    4.38995    0.06146
     10.00000    6.00590    0.04108    4.36086    0.04994
     13.00000    5.92327    0.05215    4.38602    0.05467
     16.00000    5.87302    0.03555    4.68499    0.04353
     19.00000    5.66886    0.06351    4.62547    0.06174
     22.00000    5.97991    0.04791    4.28352    0.05110
     25.00000    5.94879    0.06197    4.44458    0.05997
     28.00000    5.92215    0.04786    4.49885    0.03478
     31.00000    6.29756    0.05770    4.42818    0.04043
     34.00000    6.55621    0.03004    4.46075    0.04917
     37.00000    6.63015    0.08100    4.61074    0.03190
     40.00000    7.18685    0.03582    4.48830    0.04030
     43.00000    7.17913    0.03889    4.79107    0.06993
     46.00000    6.88765    0.08557    5.08906    0.05544
     49.00000    6.62010    0.02660    5.24144    0.05094
     52.00000    6.57720    0.03760    5.54645    0.04758
     55.00000    6.38687    0.05201    5.38274    0.06924
     58.00000    6.05283    0.01904    5.26669    0.03910
     61.00000    6.18092    0.06604    5.03630    0.05141
     64.00000    6.33980    0.07610    4.96952    0.06711
     67.00000    5.86684    0.04681    4.86358    0.05830
     70.00000    6.24050    0.06537    4.69364    0.07147
     73.00000    6.29339    0.07090    4.71619    0.04161
     76.00000    6.59525    0.03513    4.65765    0.04752
     79.00000    6.70164    0.04943    4.55742    0.03292
     82.00000    6.41125    0.05138    4.70258    0.06091
     85.00000    6.32105    0.03065    4.89876    0.02852
     88.00000    6.44142    0.07019    5.05739    0.04058
     91.00000    6.02775    0.06446    5.03873    0.04750
     94.00000    5.41330    0.03940    4.87448    0.07134
     97.00000    5.54825    0.01479    4.71328    0.03182
    100.00000    5.59127    0.06034    4.77033    0.07191
    103.00000    5.61205    0.07293    4.51945    0.06093
    106.00000    5.33377    0.06648    4.26723    0.04938
    109.00000    5.67535    0.05896    4.23110    0.03381
    112.00000    5.93294    0.05992    4.41161    0.07355
    115.00000    5.67780    0.08296    4.35887    0.05928
    118.00000    5.64318    0.02946    4.10869    0.06651
    367.00000    6.26785    0.03785    4.19221    0.06888
    370.00000    6.20031    0.08947    4.32224    0.06606
    373.00000    6.27225    0.06951    4.77841    0.07269
    376.00000    6.96181    0.03706    4.58309    0.03593
    379.00000    6.11916    0.04045    4.66620    0.06020
    382.00000    6.06221    0.06208    4.79966    0.05074
    385.00000    6.17840    0.04749    4.92256    0.08561
    388.00000    6.17672    0.06490    5.08969    0.02676
    391.00000    6.19535    0.02437    4.58919    0.05510
    394.00000    5.97010    0.06714    4.58389    0.03264
    397.00000    5.92955    0.05072    4.71695    0.03676
    400.00000    5.89074    0.06739    4.70750    0.06167
    403.00000    5.62330    0.05852    4.86040    0.07239
    406.00000    5.48506    0.08199    4.78501    0.05146
    409.00000    5.65003    0.07218    4.51557    0.03797
    412.00000    5.51903    0.04965    4.27288    0.07735
    415.00000    5.99065    0.07803    4.14424    0.04005
    418.00000    5.69647    0.06939    4.10102    0.04229
    421.00000    5.71975    0.03720    4.28899    0.06537
    424.00000    5.68018    0.07522    4.41405    0.04495
    427.00000    5.64054    0.04954    4.49232    0.05107
    430.00000    5.43015    0.06774    4.46262    0.05964
    433.00000    5.43652    0.04428    4.41469    0.05285
    436.00000    5.25806    0.06190    4.16037    0.05061
    439.00000    5.71503    0.04824    4.32588    0.05120
    442.00000    5.76574    0.05061    4.20673    0.04571
    445.00000    5.46701    0.06088    4.01984    0.05576
    448.00000    5.53772    0.03509    4.27460    0.06358
    451.00000    6.01288    0.04893    4.63438    0.06324
    454.00000    5.92618    0.04969    4.39129    0.07137
    457.00000    5.54991    0.04037    4.08807    0.05328
    460.00000    5.59598    0.06715    4.19624    0.04601
    463.00000    5.89315    0.06431    4.64051    0.04896
    466.00000    5.91536    0.05540    4.58790    0.03382
    469.00000    6.06565    0.05490    4.19739    0.03059
    472.00000    5.98752    0.06105    4.37655    0.05564
    475.00000    5.93917    0.07711    4.57650    0.05107
    478.00000    5.87863    0.05778    4.64199    0.04486
    481.00000    6.20863    0.06671    4.65933    0.07780
    484.00000    5.85732    0.02471    4.70299    0.06557
    733.00000    5.51239    0.04719    4.06385    0.05145
    736.00000    5.57846    0.06938    4.17470    0.03414
    739.00000    5.75774    0.03780    4.13513    0.05496
    742.00000    5.73672    0.05795    4.28177    0.06702
    745.00000    5.67442    0.03756    4.09277    0.04814
    748.00000    5.72211    0.05977    4.28890    0.03600
    751.00000    5.46426    0.01855    4.54138    0.04021
    754.00000    5.77056    0.05102    4.31180    0.05644
    757.00000    5.40174    0.07489    4.30276    0.02841
    760.00000    5.22547    0.05048    4.22109    0.07746
    763.00000    5.05276    0.06869    4.32850    0.08164
    766.00000    4.77765    0.07329    4.25346    0.05951
    769.00000    4.98110    0.04474    4.13717    0.06072
    772.00000    4.75497    0.01540    4.13735    0.06090
    775.00000    4.89463    0.06458    3.85021    0.03898
    778.00000    4.77945    0.05997    3.68715    0.06722
    781.00000    4.76939    0.03128    3.66141    0.04622
    784.00000    4.59843    0.04591    3.69964    0.03391
    787.00000    4.88033    0.05647    3.74525    0.06154
    790.00000    4.81437    0.02739    3.75901    0.06188
    793.00000    4.90589    0.02312    3.59331    0.06431
    796.00000    5.18828    0.04066    3.52481    0.04839
    799.00000    5.41822    0.07318    3.73869    0.08229
    802.00000    5.02780    0.06468    3.70628    0.05421
    805.00000    5.20861    0.03882    3.76052    0.05065
    808.00000    5.09004    0.04217    3.97509    0.03667
    811.00000    4.78984    0.05496    4.01788    0.05212
    814.00000    4.48349    0.03066    3.96662    0.08250
    817.00000    4.94706    0.03742    3.90560    0.03078
    820.00000    5.06243    0.06188    3.75688    0.06956
    823.00000    4.82222    0.03524    3.45594    0.02734
    826.00000    4.80148    0.07335    3.41173    0.04860
    829.00000    4.81862    0.05486    3.72753    0.05302
    832.00000    4.84207    0.05824    3.79916    0.05433
    835.00000    4.66757    0.03453    3.69326    0.06567
    838.00000    4.90056    0.06068    3.54197    0.06983
    841.00000    4.62275    0.05859    3.63846    0.04100
    844.00000    4.69812    0.01816    3.67845    0.06151
    847.00000    4.62845    0.07257    3.55074    0.09354
   1096.00000    6.65982    0.04176    4.78738    0.05868
   1099.00000    6.22520    0.05361    4.88124    0.06988
   1102.00000    6.11468    0.05736    4.78221    0.08346
   1105.00000    6.08274    0.07860    4.78927    0.04596
   1108.00000    6.76260    0.04891    4.92204    0.02708
   1111.00000    7.33961    0.03753    4.49822    0.03889
   1114.00000    7.13396    0.05897    4.65668    0.02405
   1117.00000    6.95096    0.06808    4.75849    0.04631
   1120.00000    7.25669    0.03860    5.26813    0.08240
   1123.00000    6.88506    0.04612    5.61568    0.06197
   1126.00000    6.98659    0.06967    5.35682    0.09238
   1129.00000    7.12609    0.05187    5.31766    0.03921
   1132.00000    6.78186    0.06618    5.39707    0.04050
   1135.00000    6.71217    0.05619    5.36827    0.06195
   1138.00000    6.81048    0.04648    5.25163    0.02458
   1141.00000    6.91607    0.06952    5.27504    0.03922
   1144.00000    6.61292    0.06892    5.10120    0.03728
   1147.00000    6.94049    0.06675    5.07917    0.07121
   1150.00000    6.76178    0.06885    5.24336    0.04376
   1153.00000    6.98775    0.05544    5.16908    0.03536
   1156.00000    6.75482    0.04318    4.92670    0.04997
   1159.00000    6.53982    0.02759    5.16511    0.02908
   1162.00000    6.53752    0.08626    5.27376    0.04483
   1165.00000    6.11440    0.05989    5.12424    0.03231
   1168.00000    6.26310    0.04422    5.06962    0.04989
   1171.00000    6.57946    0.05912    4.79508    0.02772
   1174.00000    6.63234    0.02204    4.80918    0.04277
   1177.00000    6.37358    0.07491    4.72388    0.01957
   1180.00000    6.46564    0.04767    4.54025    0.06734
   1183.00000    6.09483    0.04596    5.06233    0.06432
   1186.00000    6.06495    0.05904    5.05643    0.08922
   1189.00000    6.08386    0.05569    5.21720    0.04943
   1192.00000    5.79502    0.02412    4.83177    0.06391
   1195.00000    5.85472    0.06371    4.53487    0.03841
   1198.00000    6.20416    0.06650    4.34238    0.05814
   1201.00000    6.38549    0.04350    4.64121    0.06778
   1204.00000    6.00468    0.05365    4.31650    0.05792
   1207.00000    6.12418    0.07073    4.64192    0.07289
   1210.00000    5.71294    0.06147    4.46312    0.03679
   1213.00000    5.62144    0.05897    4.67657    0.05022
   1462.00000    4.02744    0.05795    3.21055    0.05865
   1465.00000    3.95439    0.05219    3.05536    0.06763
   1468.00000    3.88303    0.08772    3.08435    0.04167
   1471.00000    3.90604    0.03840    3.07178    0.06560
   1474.00000    4.13151    0.08065    2.99314    0.07382
   1477.00000    3.86514    0.04911    2.92204    0.06121
   1480.00000    3.77626    0.06302    3.00372    0.02887
   1483.00000    3.94361    0.04444    3.05918    0.04705
   1486.00000    4.39911    0.06848    2.95945    0.03911
   1489.00000    4.51233    0.03825    2.88703    0.03228
   1492.00000    4.72772    0.06032    2.96383    0.05337
   1495.00000    4.68344    0.07723    3.04637    0.02912
   1498.00000    4.64334    0.04457    3.18398    0.06166
   1501.00000    4.90594    0.06140    3.53035    0.08291
   1504.00000    4.97579    0.06130    3.53902    0.03374
   1507.00000    4.86857    0.07311    3.48700    0.04292
   1510.00000    4.66224    0.04065    3.62843    0.05826
   1513.00000    4.60394    0.07427    3.77704    0.04991
   1516.00000    4.59576    0.04825    3.67723    0.05756
   1519.00000    4.38538    0.05716    3.59575    0.02741
   1522.00000    4.48307    0.05097    3.49600    0.05800
   1525.00000    4.42304    0.07397    3.44752    0.06616
   1528.00000    4.15905    0.05073    3.39170    0.05676
   1531.00000    4.20077    0.02238    3.38457    0.04109
   1534.00000    3.97106    0.05283    3.34167    0.07530
   1537.00000    3.96114    0.03073    3.29168    0.06427
   1540.00000    4.30222    0.06224    2.98744    0.08364
   1543.00000    4.07849    0.03070    3.13784    0.08930
   1546.00000    4.00583    0.03930    2.91192    0.05033
   1549.00000    3.97525    0.04851    2.92728    0.06107
   1552.00000    3.95810    0.07234    3.14601    0.02089
   1555.00000    3.99418    0.07378    3.22865    0.05201
   1558.00000    3.97464    0.05788    3.06784    0.05161
   1561.00000    3.81023    0.05483    2.99732    0.06079
   1564.00000    3.72929    0.06684    3.14169    0.03814
   1567.00000    3.77623    0.04352    3.05398    0.05369
   1570.00000    3.77371    0.04853    3.04020    0.06180
   1573.00000    3.86507    0.03724    2.83051    0.03972
   1576.00000    3.84430    0.05174    2.68804    0.07521
   1579.00000    3.95626    0.06337    2.80138    0.05824
