## Time Delay Challenge light curves
##
## [time]=days, [lc]=[err]=flux in nanomaggies
##
##       time       lc_A      err_A       lc_B      err_B
##-------------------------------------------------------
      1.00000    8.77060    0.03739    4.36033    0.04954
      4.00000    9.08524    0.07037    4.20094    0.05984
      7.00000    9.19208    0.05281    4.07439    0.03999
     10.00000    9.59627    0.08308    3.95743    0.03721
     13.00000    9.85228    0.04048    4.00875    0.04538
     16.00000    9.45670    0.05757    4.18207    0.05276
     19.00000    9.46820    0.07470    3.88140    0.09096
     22.00000    9.11766    0.02502    3.97465    0.05765
     25.00000    9.25593    0.06486    3.81924    0.05930
     28.00000    8.89073    0.05180    3.89472    0.05905
     31.00000    8.31644    0.07025    3.97859    0.04930
     34.00000    8.07144    0.07047    4.18968    0.04930
     37.00000    7.81633    0.01454    3.95614    0.05500
     40.00000    8.24167    0.06020    4.05328    0.02081
     43.00000    8.30179    0.04503    4.28212    0.04490
     46.00000    8.73330    0.04257    4.09243    0.06146
     49.00000    9.01972    0.02512    3.92377    0.05476
     52.00000    9.47618    0.04946    3.76283    0.07157
     55.00000    9.60662    0.06383    3.86770    0.03697
     58.00000    9.57723    0.03099    3.73857    0.07639
     61.00000   10.15550    0.05057    3.98090    0.05161
     64.00000   10.31191    0.03439    4.03687    0.04680
     67.00000    9.96222    0.05398    3.93417    0.03511
     70.00000   11.03452    0.03106    3.78029    0.04203
     73.00000   11.30494    0.03560    3.75429    0.03689
     76.00000   11.38502    0.08111    3.92167    0.03970
     79.00000   11.78485    0.05357    4.08078    0.02535
     82.00000   11.53352    0.06443    4.33911    0.03304
     85.00000   11.94254    0.08803    4.31956    0.07876
     88.00000   11.62521    0.03964    4.27630    0.03864
     91.00000   11.20948    0.05283    4.27137    0.04501
     94.00000   11.15275    0.07726    4.03295    0.08546
     97.00000   11.83389    0.04047    4.09220    0.05151
    100.00000   11.06243    0.05518    4.02905    0.05529
    103.00000   11.18486    0.05399    3.70240    0.01684
    106.00000   11.08914    0.05929    3.50984    0.07014
    109.00000   11.72707    0.05149    3.43812    0.03783
    112.00000   11.43949    0.06619    3.47634    0.03595
    115.00000   11.05107    0.06044    3.67439    0.07170
    118.00000   11.30048    0.06965    3.97241    0.06599
    367.00000    8.64161    0.03873    5.69731    0.07153
    370.00000    8.32339    0.06254    6.06643    0.05107
    373.00000    8.69543    0.08749    6.15837    0.06594
    376.00000    8.93115    0.08507    6.24332    0.04986
    379.00000    9.01190    0.05645    5.76004    0.04846
    382.00000    8.97717    0.06381    5.76136    0.05372
    385.00000    8.95592    0.08850    5.72144    0.04573
    388.00000    8.93719    0.06469    5.71758    0.04568
    391.00000    9.17656    0.01974    5.50282    0.03423
    394.00000    8.98603    0.05260    5.22562    0.02093
    397.00000    9.63832    0.06026    5.55190    0.04615
    400.00000   10.00146    0.06403    5.38459    0.03856
    403.00000    9.86238    0.04869    4.95774    0.05867
    406.00000   10.11308    0.04926    4.87636    0.05699
    409.00000    9.56647    0.03599    4.93301    0.07661
    412.00000    9.71638    0.05502    4.37923    0.03780
    415.00000    9.51683    0.05778    4.19764    0.03205
    418.00000    9.53455    0.01747    4.07654    0.04760
    421.00000   10.03235    0.07772    4.06825    0.03287
    424.00000    9.85539    0.04902    4.00740    0.03808
    427.00000    9.72351    0.05197    3.97674    0.05347
    430.00000    9.78028    0.06621    3.98122    0.03654
    433.00000    9.79023    0.07158    3.89345    0.05606
    436.00000    9.85359    0.01971    3.90462    0.02500
    439.00000    9.88300    0.06794    3.91156    0.05523
    442.00000    9.59847    0.00214    3.84769    0.05574
    445.00000    9.64005    0.04797    3.72328    0.07909
    448.00000    9.89585    0.08344    4.00706    0.03865
    451.00000   10.11395    0.10871    3.93867    0.05005
    454.00000   10.29392    0.08688    3.99170    0.03128
    457.00000    9.77412    0.05742    4.10565    0.04912
    460.00000    9.87839    0.04954    3.95051    0.06058
    463.00000    9.69049    0.02047    4.09415    0.03822
    466.00000    9.87880    0.06870    4.17957    0.02369
    469.00000   10.69933    0.07631    4.35522    0.03690
    472.00000   11.10501    0.07428    4.45189    0.06782
    475.00000   10.67117    0.06225    4.28452    0.05287
    478.00000   11.19620    0.03551    4.64270    0.04546
    481.00000   11.13266    0.04668    4.52993    0.04063
    484.00000   11.43661    0.03991    4.31419    0.04133
    733.00000    7.85288    0.06447    3.66459    0.03902
    736.00000    7.82405    0.08249    3.23325    0.07453
    739.00000    7.80329    0.03276    3.36254    0.05467
    742.00000    7.80052    0.06891    3.87879    0.05074
    745.00000    7.78223    0.07535    3.87592    0.06921
    748.00000    7.84213    0.03003    3.77147    0.03994
    751.00000    7.51667    0.06657    3.78511    0.08796
    754.00000    7.54845    0.02884    3.62319    0.04518
    757.00000    7.16950    0.06573    3.49922    0.07853
    760.00000    6.83470    0.06683    3.59414    0.04746
    763.00000    6.86041    0.07810    3.76669    0.07277
    766.00000    6.89224    0.05984    3.75705    0.08294
    769.00000    6.94159    0.03181    3.81292    0.05809
    772.00000    6.86970    0.04658    3.75854    0.04831
    775.00000    6.98159    0.01998    3.82750    0.05013
    778.00000    6.97305    0.07300    3.62036    0.08568
    781.00000    7.70117    0.05342    3.35231    0.04535
    784.00000    7.79475    0.05010    3.30559    0.04349
    787.00000    7.96115    0.05339    3.50721    0.05581
    790.00000    7.88092    0.03702    3.36272    0.05098
    793.00000    8.46199    0.02612    3.41890    0.03735
    796.00000    8.46156    0.07832    3.49547    0.04153
    799.00000    8.40960    0.04565    3.60386    0.06881
    802.00000    8.13945    0.04459    3.47923    0.06643
    805.00000    8.25864    0.03463    3.55102    0.05437
    808.00000    8.09248    0.05392    3.43766    0.05239
    811.00000    8.17670    0.06666    3.44579    0.04424
    814.00000    8.17476    0.05961    3.62320    0.06435
    817.00000    7.97333    0.04008    3.56810    0.05500
    820.00000    7.94748    0.05084    3.49432    0.04713
    823.00000    8.21728    0.07951    3.60809    0.07864
    826.00000    8.13099    0.06239    3.30594    0.04575
    829.00000    8.28819    0.07144    3.19589    0.06825
    832.00000    9.15756    0.03056    3.07495    0.07764
    835.00000    9.23227    0.07789    3.07884    0.05548
    838.00000    9.75180    0.06415    3.34840    0.06082
    841.00000    9.63635    0.04454    3.13272    0.04837
    844.00000    9.62340    0.04539    3.24670    0.06813
    847.00000    9.24903    0.04574    3.11706    0.06400
   1096.00000    6.96411    0.01728    2.74501    0.03515
   1099.00000    7.27969    0.07587    2.94756    0.05629
   1102.00000    7.33968    0.03759    2.87839    0.07742
   1105.00000    7.54891    0.03149    3.15585    0.08930
   1108.00000    7.92179    0.03532    2.99159    0.05053
   1111.00000    8.04561    0.05678    2.91345    0.05842
   1114.00000    8.00019    0.03115    2.79561    0.06492
   1117.00000    8.01421    0.06888    2.92021    0.06378
   1120.00000    8.07960    0.02652    2.85950    0.07851
   1123.00000    8.33684    0.04645    3.09182    0.06898
   1126.00000    8.35162    0.05033    2.96228    0.04791
   1129.00000    9.19644    0.05539    2.80607    0.02942
   1132.00000    9.59086    0.04251    2.78669    0.04904
   1135.00000    9.52281    0.05946    2.75163    0.06797
   1138.00000    9.94391    0.04466    2.52964    0.04987
   1141.00000    9.44743    0.03836    2.61676    0.05488
   1144.00000    9.53051    0.03859    2.61719    0.04535
   1147.00000    9.32701    0.04526    2.79515    0.06626
   1150.00000    9.17739    0.05852    2.72689    0.05441
   1153.00000    9.31112    0.05346    2.64050    0.03804
   1156.00000    8.89938    0.06143    2.72840    0.04102
   1159.00000    9.16651    0.07152    2.78087    0.04765
   1162.00000    9.36428    0.06183    3.01863    0.06264
   1165.00000    9.29765    0.05599    3.14152    0.06746
   1168.00000    9.15904    0.03655    3.12200    0.03326
   1171.00000    8.63627    0.06408    3.19095    0.06469
   1174.00000    8.77699    0.05459    3.27391    0.07954
   1177.00000    9.36901    0.02967    3.24500    0.06970
   1180.00000    9.52330    0.06957    3.43877    0.03551
   1183.00000    9.72746    0.07014    3.57746    0.04708
   1186.00000    9.45469    0.04844    3.45812    0.05410
   1189.00000    9.86970    0.04227    3.55125    0.05208
   1192.00000    9.85931    0.05158    3.48074    0.04699
   1195.00000    9.63496    0.08429    3.47020    0.06511
   1198.00000    9.77567    0.03727    3.41533    0.05846
   1201.00000   10.01502    0.05319    3.73209    0.06829
   1204.00000    9.96031    0.04150    4.11349    0.04814
   1207.00000   10.31857    0.02813    4.04033    0.04436
   1210.00000   10.22124    0.06918    4.27881    0.08783
   1213.00000   10.68442    0.05033    4.05558    0.04293
   1462.00000   36.02595    0.06918    3.61311    0.06532
   1465.00000   35.28896    0.08176    3.73641    0.06703
   1468.00000   35.57811    0.07122    3.69568    0.06640
   1471.00000   34.21010    0.03284    3.77714    0.05379
   1474.00000   31.79768    0.06621    3.79273    0.06372
   1477.00000   31.76179    0.05350    3.72694    0.02748
   1480.00000   31.01990    0.07526    3.77272    0.05525
   1483.00000   31.11978    0.06072    3.88482    0.03637
   1486.00000   32.43569    0.07356    3.89546    0.07018
   1489.00000   33.28110    0.07241    3.71233    0.03418
   1492.00000   34.55006    0.04584    3.77059    0.06286
   1495.00000   32.75907    0.06604    3.94245    0.05787
   1498.00000   32.14481    0.04712    4.02238    0.05130
   1501.00000   34.20823    0.05374    3.96357    0.05778
   1504.00000   33.18990    0.03651    4.01038    0.07147
   1507.00000   32.91304    0.03189    4.00650    0.06152
   1510.00000   33.49523    0.04863    4.02737    0.04149
   1513.00000   35.42964    0.04845    3.95633    0.07067
   1516.00000   36.99964    0.07480    3.84756    0.07942
   1519.00000   35.94856    0.07482    4.01527    0.05658
   1522.00000   34.42480    0.05126    3.96047    0.05548
   1525.00000   35.42433    0.05670    3.82704    0.04087
   1528.00000   34.94806    0.05310    3.77558    0.05555
   1531.00000   35.57072    0.04896    3.60928    0.07043
   1534.00000   33.92650    0.07822    3.69437    0.04751
   1537.00000   35.62709    0.02705    3.47352    0.04571
   1540.00000   36.28490    0.05442    3.40708    0.06951
   1543.00000   35.94163    0.09008    3.46403    0.04049
   1546.00000   35.99403    0.06819    3.05977    0.05999
   1549.00000   33.36955    0.05261    3.09811    0.03889
   1552.00000   33.61116    0.04843    2.94180    0.04174
   1555.00000   34.25119    0.04188    3.06229    0.06173
   1558.00000   35.94998    0.01377    3.03587    0.05347
   1561.00000   34.81093    0.04050    3.23142    0.03402
   1564.00000   35.02761    0.05771    3.20294    0.01286
   1567.00000   36.08069    0.07635    3.27149    0.02383
   1570.00000   36.70076    0.06341    3.15783    0.05364
   1573.00000   38.15744    0.07394    3.23404    0.05763
   1576.00000   36.39832    0.03432    3.13815    0.06110
   1579.00000   37.59662    0.07652    3.18109    0.04098
