## Time Delay Challenge light curves
##
## [time]=days, [lc]=[err]=flux in nanomaggies
##
##       time       lc_A      err_A       lc_B      err_B
##-------------------------------------------------------
      1.00000    1.04948    0.04978    3.19346    0.04394
      4.00000    1.03392    0.05785    3.13324    0.04235
      7.00000    0.92234    0.05736    3.05386    0.07624
     10.00000    1.17363    0.05932    3.28000    0.09299
     13.00000    1.08435    0.04603    3.24864    0.05906
     16.00000    1.05173    0.04128    3.25162    0.04467
     19.00000    1.02960    0.06424    3.21253    0.03560
     22.00000    1.04808    0.04641    3.26013    0.04237
     25.00000    0.96762    0.04237    3.30286    0.03366
     28.00000    1.03557    0.05797    3.13128    0.03824
     31.00000    1.08058    0.05242    3.29696    0.07488
     34.00000    1.04627    0.08956    3.20324    0.06784
     37.00000    1.03699    0.06283    3.28263    0.08291
     40.00000    1.06547    0.03633    3.25925    0.03047
     43.00000    1.06976    0.06851    3.19536    0.06831
     46.00000    1.07106    0.05180    3.12572    0.03688
     49.00000    1.12322    0.04129    3.10312    0.06480
     52.00000    1.08918    0.03473    3.05820    0.06315
     55.00000    1.03794    0.05863    3.01444    0.02477
     58.00000    1.02275    0.03172    3.13504    0.06603
     61.00000    1.10890    0.02499    3.11829    0.05951
     64.00000    0.92823    0.08263    3.05794    0.08172
     67.00000    1.01880    0.08004    3.09743    0.05476
     70.00000    1.14982    0.11134    3.15189    0.05203
     73.00000    1.00176    0.06033    3.05150    0.04101
     76.00000    1.14501    0.03196    3.10823    0.03415
     79.00000    1.00013    0.07016    3.09548    0.04784
     82.00000    1.08156    0.04441    3.10932    0.05621
     85.00000    1.05684    0.05221    3.11020    0.03122
     88.00000    1.08534    0.06065    3.16036    0.03388
     91.00000    1.11753    0.04825    3.08694    0.07793
     94.00000    1.09684    0.03714    3.00129    0.03516
     97.00000    1.00595    0.05063    3.08640    0.05195
    100.00000    1.00409    0.07447    3.12090    0.07034
    103.00000    1.10121    0.06897    2.98003    0.04981
    106.00000    0.99164    0.06147    3.05101    0.08870
    109.00000    0.94937    0.04018    3.02883    0.05989
    112.00000    1.06171    0.04025    3.03804    0.05844
    115.00000    0.97992    0.05072    3.15783    0.05383
    118.00000    0.89903    0.06821    3.08069    0.06191
    367.00000    0.90719    0.06409    2.77560    0.04822
    370.00000    0.89910    0.08530    2.76474    0.07791
    373.00000    0.86949    0.06431    2.72776    0.03837
    376.00000    0.83051    0.06886    2.86825    0.04052
    379.00000    0.97963    0.06085    2.87414    0.03958
    382.00000    0.88654    0.05063    2.95282    0.03822
    385.00000    0.83091    0.06158    2.87459    0.05895
    388.00000    0.84794    0.07095    3.03724    0.06052
    391.00000    0.89243    0.02904    2.81104    0.07558
    394.00000    0.87895    0.02855    2.91548    0.05078
    397.00000    0.98744    0.06532    2.85182    0.05717
    400.00000    0.87702    0.04631    2.86310    0.06145
    403.00000    0.84460    0.04163    2.83143    0.05580
    406.00000    0.87527    0.04150    2.85283    0.04611
    409.00000    0.84752    0.06445    3.00749    0.03696
    412.00000    1.00917    0.03938    3.00047    0.06390
    415.00000    0.86820    0.02922    3.01675    0.03604
    418.00000    0.93744    0.05113    3.02912    0.08137
    421.00000    0.93139    0.04729    3.06488    0.06372
    424.00000    0.94453    0.02935    3.23607    0.06906
    427.00000    0.93242    0.07492    3.08483    0.03740
    430.00000    0.88962    0.06132    3.16434    0.05580
    433.00000    0.99659    0.08133    3.20903    0.05111
    436.00000    0.93837    0.05687    3.28767    0.06710
    439.00000    0.97542    0.04825    3.36774    0.08670
    442.00000    0.95971    0.06232    3.17214    0.05501
    445.00000    0.96883    0.06361    3.18426    0.05388
    448.00000    0.80346    0.05887    3.06351    0.08218
    451.00000    0.96730    0.05107    3.21849    0.04911
    454.00000    1.04586    0.05042    3.21293    0.07259
    457.00000    1.01842    0.09468    3.32361    0.04551
    460.00000    1.01810    0.07092    3.33178    0.05696
    463.00000    1.02206    0.05912    3.40055    0.06995
    466.00000    0.99531    0.02503    3.32079    0.07381
    469.00000    1.00408    0.07534    3.22512    0.07125
    472.00000    1.07999    0.07564    3.25770    0.03805
    475.00000    0.99015    0.04992    3.16073    0.05370
    478.00000    0.92396    0.06973    3.27522    0.02994
    481.00000    1.08904    0.06172    3.28019    0.06601
    484.00000    1.12764    0.04919    3.30719    0.03399
    733.00000    1.07961    0.03695    3.84138    0.06132
    736.00000    1.01097    0.05268    3.67770    0.07984
    739.00000    1.04925    0.05243    3.74322    0.05085
    742.00000    1.07730    0.06425    3.60072    0.06741
    745.00000    1.04723    0.02219    3.85416    0.04583
    748.00000    1.08809    0.04788    3.95779    0.04758
    751.00000    0.97360    0.06610    3.97052    0.08002
    754.00000    1.00038    0.05784    3.90920    0.07117
    757.00000    1.15092    0.05097    3.72444    0.03838
    760.00000    0.92136    0.07885    3.67159    0.05097
    763.00000    1.12071    0.03730    3.48592    0.04667
    766.00000    1.12969    0.05078    3.63378    0.04968
    769.00000    1.15800    0.02596    3.61686    0.04620
    772.00000    1.19114    0.05094    3.66644    0.03402
    775.00000    1.16868    0.05017    3.64410    0.05753
    778.00000    1.20482    0.05330    3.74306    0.06148
    781.00000    1.20299    0.07476    3.66434    0.05178
    784.00000    1.25360    0.07281    3.89119    0.07105
    787.00000    1.19540    0.04584    3.86860    0.02564
    790.00000    1.21771    0.05127    3.71002    0.05934
    793.00000    1.18019    0.04464    3.63703    0.06158
    796.00000    1.21602    0.08759    3.60160    0.04388
    799.00000    1.17601    0.05606    3.64296    0.07563
    802.00000    1.24389    0.05393    3.71167    0.04431
    805.00000    1.28036    0.07323    3.73494    0.04908
    808.00000    1.31253    0.03736    3.63254    0.06859
    811.00000    1.18717    0.05359    3.59985    0.05687
    814.00000    1.24841    0.06576    3.44821    0.04865
    817.00000    1.14451    0.05115    3.57800    0.04167
    820.00000    1.24450    0.07961    3.68592    0.05674
    823.00000    1.13286    0.04276    3.77705    0.06138
    826.00000    1.26129    0.06048    3.63169    0.03298
    829.00000    1.13058    0.04248    3.56255    0.05421
    832.00000    1.13718    0.05352    3.62562    0.06711
    835.00000    1.24944    0.06321    3.54057    0.05540
    838.00000    1.19879    0.04995    3.55925    0.06878
    841.00000    1.29791    0.04806    3.52681    0.02480
    844.00000    1.33156    0.06829    3.47768    0.04291
    847.00000    1.13934    0.03247    3.48026    0.04967
   1096.00000    0.87572    0.06297    2.76166    0.01305
   1099.00000    0.97463    0.04826    2.61521    0.05453
   1102.00000    0.99902    0.03564    2.68470    0.06868
   1105.00000    0.95663    0.03513    2.58482    0.04496
   1108.00000    0.87478    0.06103    2.52189    0.02212
   1111.00000    0.90820    0.04694    2.47273    0.04080
   1114.00000    1.04218    0.05227    2.43983    0.05464
   1117.00000    0.95242    0.01713    2.28588    0.06557
   1120.00000    0.90861    0.03579    2.44349    0.05327
   1123.00000    1.00058    0.03092    2.40029    0.03194
   1126.00000    0.89578    0.05908    2.60836    0.08451
   1129.00000    0.89392    0.04011    2.50325    0.04690
   1132.00000    0.89709    0.06975    2.54325    0.02637
   1135.00000    0.87007    0.03564    2.54820    0.01205
   1138.00000    0.80454    0.05829    2.58253    0.05819
   1141.00000    0.82460    0.06963    2.61954    0.05916
   1144.00000    0.90011    0.02926    2.54427    0.07348
   1147.00000    0.90287    0.04156    2.60054    0.07317
   1150.00000    0.85151    0.06007    2.70932    0.03982
   1153.00000    0.86579    0.05056    2.75495    0.05255
   1156.00000    0.84309    0.05335    2.82173    0.06062
   1159.00000    0.79351    0.04857    2.80133    0.05350
   1162.00000    0.68882    0.07231    2.87279    0.03711
   1165.00000    0.72101    0.07349    2.82156    0.03018
   1168.00000    0.78970    0.09429    2.80334    0.04716
   1171.00000    0.77232    0.02970    2.78579    0.07021
   1174.00000    0.80212    0.08103    2.72000    0.05993
   1177.00000    0.77192    0.02226    2.77996    0.03586
   1180.00000    0.71459    0.06015    2.77292    0.06702
   1183.00000    0.85476    0.06129    2.81338    0.05030
   1186.00000    0.75373    0.07061    2.86115    0.05659
   1189.00000    0.87200    0.05911    2.74498    0.09527
   1192.00000    0.85791    0.04740    2.83203    0.05412
   1195.00000    0.93423    0.06422    2.79665    0.05105
   1198.00000    0.86326    0.05279    2.59898    0.06417
   1201.00000    0.76685    0.08601    2.70106    0.00176
   1204.00000    0.82261    0.03950    2.76083    0.03557
   1207.00000    0.81149    0.05250    2.84970    0.04136
   1210.00000    0.90697    0.05545    2.69661    0.05243
   1213.00000    0.86415    0.07571    2.81950    0.05964
   1462.00000    0.97862    0.05747    3.27479    0.06920
   1465.00000    0.98042    0.07914    3.37710    0.06547
   1468.00000    0.99202    0.03684    3.34523    0.04304
   1471.00000    0.92719    0.05864    3.34655    0.04419
   1474.00000    1.04776    0.06534    3.26967    0.06803
   1477.00000    1.02261    0.04416    3.20037    0.00868
   1480.00000    0.99168    0.02279    3.23134    0.05433
   1483.00000    1.06286    0.05573    3.11710    0.05986
   1486.00000    1.09130    0.05375    3.15984    0.03668
   1489.00000    1.00864    0.04448    3.11356    0.06206
   1492.00000    0.99723    0.02408    2.95958    0.07417
   1495.00000    0.92594    0.06638    2.85307    0.07601
   1498.00000    1.01054    0.06227    3.00958    0.06766
   1501.00000    0.96285    0.06663    2.93922    0.03509
   1504.00000    1.06435    0.06329    2.84674    0.03615
   1507.00000    1.04313    0.07754    2.90292    0.03595
   1510.00000    1.07222    0.05177    2.96349    0.06201
   1513.00000    0.99834    0.07905    2.93155    0.06872
   1516.00000    1.14884    0.07108    2.90198    0.03453
   1519.00000    1.03684    0.06647    2.88565    0.08666
   1522.00000    1.02631    0.09433    3.10906    0.06342
   1525.00000    1.09844    0.03069    2.90035    0.07075
   1528.00000    1.04406    0.06449    2.84164    0.06688
   1531.00000    1.14119    0.06635    2.83010    0.04479
   1534.00000    1.01111    0.03777    2.82290    0.04815
   1537.00000    1.09880    0.03643    2.82856    0.05716
   1540.00000    1.05232    0.06732    2.81671    0.05721
   1543.00000    0.94817    0.05972    2.93962    0.07194
   1546.00000    0.90270    0.05805    2.89722    0.02637
   1549.00000    0.92589    0.07091    2.96868    0.03230
   1552.00000    0.95700    0.03086    2.81423    0.07459
   1555.00000    0.97937    0.04783    3.03733    0.02578
   1558.00000    0.91734    0.04801    2.95630    0.05693
   1561.00000    0.93453    0.05048    2.99786    0.04961
   1564.00000    0.81329    0.07180    3.02764    0.03576
   1567.00000    0.93788    0.05408    3.04464    0.06136
   1570.00000    1.00290    0.05445    3.17467    0.05803
   1573.00000    1.00945    0.06039    3.17535    0.06983
   1576.00000    0.97729    0.04363    3.09476    0.03162
   1579.00000    0.98429    0.05230    3.21986    0.04664
