## Time Delay Challenge light curves
##
## [time]=days, [lc]=[err]=flux in nanomaggies
##
##       time       lc_A      err_A       lc_B      err_B
##-------------------------------------------------------
      1.00000    4.99804    0.05928    4.17300    0.07231
      4.00000    4.98033    0.05298    4.08684    0.04522
      7.00000    4.86214    0.03234    3.97895    0.04599
     10.00000    4.87029    0.04081    3.88293    0.02286
     13.00000    4.72729    0.07337    4.04088    0.03796
     16.00000    4.92184    0.05514    4.05622    0.05049
     19.00000    4.81256    0.04149    4.12788    0.06110
     22.00000    4.68223    0.05286    4.19955    0.06036
     25.00000    4.58168    0.04408    4.54789    0.04966
     28.00000    4.87005    0.03033    4.40212    0.03572
     31.00000    4.85500    0.04814    4.36999    0.04551
     34.00000    5.23591    0.05135    4.09541    0.07417
     37.00000    5.36327    0.08576    4.20281    0.07611
     40.00000    5.62364    0.05611    3.94551    0.05266
     43.00000    5.65855    0.05422    3.71554    0.05261
     46.00000    5.50931    0.07973    3.89484    0.07493
     49.00000    5.38096    0.04213    3.75704    0.04977
     52.00000    5.10189    0.04262    3.89476    0.04284
     55.00000    5.07661    0.02788    3.87385    0.04526
     58.00000    5.21856    0.03790    3.64671    0.02525
     61.00000    5.42648    0.02787    3.64347    0.05571
     64.00000    5.41363    0.03984    3.81141    0.06477
     67.00000    5.17527    0.05950    3.84613    0.06589
     70.00000    4.88235    0.05970    3.89936    0.04920
     73.00000    4.73650    0.07107    3.95803    0.04550
     76.00000    4.49620    0.03287    3.86122    0.06126
     79.00000    4.59319    0.05444    4.04375    0.05022
     82.00000    4.41283    0.05757    4.11165    0.02683
     85.00000    4.49971    0.06842    4.08354    0.05781
     88.00000    4.43485    0.07736    3.86328    0.03580
     91.00000    4.45962    0.04723    4.01266    0.05762
     94.00000    4.19043    0.05994    4.24922    0.05871
     97.00000    4.07461    0.05792    4.24567    0.07124
    100.00000    4.20705    0.04140    4.10749    0.06390
    103.00000    4.27965    0.06739    3.99782    0.05232
    106.00000    4.37001    0.04536    4.59088    0.06642
    109.00000    4.44688    0.03380    4.58764    0.04790
    112.00000    4.67082    0.05686    4.73526    0.05924
    115.00000    4.62558    0.05628    4.51424    0.03587
    118.00000    4.74388    0.07406    4.25476    0.06657
    367.00000    4.26207    0.06865    3.83682    0.06146
    370.00000    4.43379    0.05049    3.64254    0.05444
    373.00000    4.38733    0.04566    3.91991    0.07249
    376.00000    4.29461    0.04772    3.84245    0.04967
    379.00000    4.12923    0.06783    3.99573    0.05652
    382.00000    4.19115    0.03299    3.85728    0.05805
    385.00000    4.14307    0.05058    3.81609    0.04654
    388.00000    4.16409    0.06028    4.06674    0.07273
    391.00000    4.17322    0.03653    3.90308    0.04793
    394.00000    4.10928    0.07597    3.75023    0.06506
    397.00000    4.03539    0.04784    4.09537    0.05826
    400.00000    3.98916    0.05573    3.92898    0.06164
    403.00000    3.86706    0.05016    3.81794    0.06166
    406.00000    3.86425    0.07724    3.98265    0.05269
    409.00000    4.01797    0.02994    3.92942    0.03241
    412.00000    3.95923    0.06216    4.00171    0.07686
    415.00000    3.79451    0.06157    4.06768    0.07194
    418.00000    3.88658    0.03724    4.07266    0.05253
    421.00000    3.89578    0.02611    3.90271    0.02001
    424.00000    4.09466    0.08637    3.87208    0.05740
    427.00000    3.87487    0.06269    3.90838    0.03531
    430.00000    3.92228    0.04506    3.84674    0.05736
    433.00000    3.88552    0.05400    3.87928    0.04039
    436.00000    4.01791    0.04815    3.77663    0.03619
    439.00000    3.90954    0.04003    3.75240    0.04229
    442.00000    3.99484    0.04589    3.79197    0.03313
    445.00000    3.89755    0.07150    3.80654    0.03021
    448.00000    3.90260    0.05800    3.97309    0.08154
    451.00000    4.01564    0.05948    3.84367    0.06550
    454.00000    3.95638    0.05376    4.02147    0.04524
    457.00000    4.01746    0.02379    3.98447    0.07773
    460.00000    4.18789    0.06522    3.98757    0.08067
    463.00000    4.22251    0.06878    3.98505    0.05020
    466.00000    4.26183    0.04371    3.95637    0.06932
    469.00000    4.05424    0.05180    4.06094    0.05091
    472.00000    4.10435    0.05934    4.00938    0.06309
    475.00000    4.22918    0.03736    4.07935    0.06037
    478.00000    4.19241    0.05353    3.94062    0.01805
    481.00000    4.21947    0.07652    3.77482    0.02583
    484.00000    4.27813    0.04850    3.63236    0.02842
    733.00000    4.17845    0.03923    3.76782    0.04877
    736.00000    4.18440    0.04889    3.81182    0.05487
    739.00000    4.25909    0.02076    3.67218    0.04861
    742.00000    4.05915    0.04857    3.61499    0.04921
    745.00000    4.10687    0.05058    3.60750    0.02593
    748.00000    4.11871    0.06815    3.54458    0.03787
    751.00000    4.32554    0.03193    3.54428    0.05653
    754.00000    4.27313    0.07291    3.72407    0.05150
    757.00000    4.07385    0.04702    3.73036    0.07894
    760.00000    4.28118    0.05560    3.99049    0.04658
    763.00000    4.10540    0.06040    3.93503    0.05571
    766.00000    4.30025    0.03791    3.90635    0.07593
    769.00000    4.09299    0.05192    4.01073    0.06389
    772.00000    4.02245    0.03192    4.05719    0.03391
    775.00000    3.99365    0.08821    4.09865    0.03568
    778.00000    3.88052    0.07041    4.10707    0.02571
    781.00000    3.85832    0.03591    4.04079    0.07924
    784.00000    3.81750    0.06465    3.93682    0.03961
    787.00000    3.91795    0.06212    4.11091    0.05259
    790.00000    3.86578    0.06264    3.93950    0.06355
    793.00000    4.04570    0.08586    4.04721    0.05377
    796.00000    3.87117    0.04148    4.10450    0.04569
    799.00000    3.83943    0.01172    4.18413    0.06881
    802.00000    4.05083    0.04468    4.19974    0.04033
    805.00000    4.05417    0.04077    4.44646    0.04930
    808.00000    4.13292    0.05908    4.45446    0.05259
    811.00000    4.21079    0.01622    4.61427    0.03334
    814.00000    4.28408    0.06880    4.66653    0.05906
    817.00000    4.08047    0.08567    4.29660    0.04613
    820.00000    4.12459    0.04950    4.37854    0.04291
    823.00000    4.04408    0.04692    4.57653    0.06145
    826.00000    3.86100    0.04401    4.34880    0.06785
    829.00000    3.91894    0.03520    4.25469    0.04026
    832.00000    3.87554    0.06636    4.27971    0.05928
    835.00000    3.81707    0.03748    4.28470    0.04416
    838.00000    3.88799    0.07730    4.22276    0.09567
    841.00000    4.04287    0.06295    4.18888    0.02904
    844.00000    4.01562    0.03989    4.15518    0.03994
    847.00000    4.13867    0.05368    3.93566    0.05331
   1096.00000    4.55898    0.03380    4.39148    0.03331
   1099.00000    4.49150    0.08222    4.42565    0.05135
   1102.00000    4.45578    0.05187    4.37396    0.03136
   1105.00000    4.35900    0.05399    4.34865    0.03329
   1108.00000    4.37420    0.03937    4.30585    0.03370
   1111.00000    4.26692    0.06433    4.31049    0.06898
   1114.00000    3.81164    0.05781    4.44815    0.05620
   1117.00000    3.83979    0.03784    4.50464    0.04742
   1120.00000    4.00425    0.02593    4.85850    0.03119
   1123.00000    3.84679    0.06213    4.75453    0.05400
   1126.00000    4.09231    0.03247    4.77867    0.05124
   1129.00000    4.04196    0.03251    4.88156    0.04441
   1132.00000    4.15327    0.04682    4.77263    0.05270
   1135.00000    4.09880    0.03937    4.69392    0.04801
   1138.00000    4.07635    0.04224    4.73786    0.02153
   1141.00000    4.06715    0.05742    4.78899    0.05110
   1144.00000    4.17967    0.05091    4.58166    0.06332
   1147.00000    4.13422    0.07995    4.34363    0.06960
   1150.00000    4.26932    0.03368    4.26556    0.04992
   1153.00000    4.26165    0.03186    4.26045    0.07000
   1156.00000    4.31542    0.05533    4.21560    0.06154
   1159.00000    4.23266    0.06004    4.14217    0.05095
   1162.00000    4.33362    0.07460    4.30029    0.05843
   1165.00000    4.37448    0.08378    4.14563    0.07439
   1168.00000    4.80556    0.05272    4.28920    0.06837
   1171.00000    4.92058    0.03782    4.11375    0.04261
   1174.00000    4.93806    0.04396    4.40329    0.00166
   1177.00000    4.80915    0.05365    4.43480    0.04240
   1180.00000    4.82167    0.06961    4.12804    0.05093
   1183.00000    4.77747    0.07022    4.27546    0.06616
   1186.00000    4.78266    0.02530    4.46410    0.07897
   1189.00000    4.79440    0.06318    4.42737    0.03921
   1192.00000    4.48231    0.06435    4.53252    0.05064
   1195.00000    4.69386    0.06342    4.46816    0.07958
   1198.00000    4.57638    0.05267    4.52662    0.06762
   1201.00000    4.72575    0.04163    4.48626    0.04791
   1204.00000    4.70141    0.05359    4.48368    0.08391
   1207.00000    5.00435    0.03484    4.66596    0.03464
   1210.00000    5.14555    0.02893    4.74387    0.08230
   1213.00000    5.29456    0.03290    4.39349    0.07160
   1462.00000    4.21583    0.05110    4.33576    0.06536
   1465.00000    4.31739    0.06856    4.00374    0.04846
   1468.00000    4.06993    0.05826    4.12440    0.05436
   1471.00000    4.37278    0.05314    4.27119    0.06214
   1474.00000    4.38706    0.04496    4.40179    0.03440
   1477.00000    4.09895    0.03206    4.51843    0.03259
   1480.00000    4.19682    0.03415    4.60010    0.04636
   1483.00000    4.12771    0.05161    4.72259    0.07446
   1486.00000    4.00931    0.05402    4.76804    0.05229
   1489.00000    3.97719    0.05312    4.57780    0.05795
   1492.00000    3.87513    0.05423    4.69002    0.04895
   1495.00000    4.00170    0.05273    4.57161    0.06086
   1498.00000    3.91990    0.01793    4.46215    0.03707
   1501.00000    3.96144    0.04319    4.71048    0.04591
   1504.00000    3.97323    0.03671    4.78393    0.03568
   1507.00000    3.96210    0.03776    4.72068    0.06522
   1510.00000    4.21625    0.05591    5.04271    0.06633
   1513.00000    4.45916    0.04560    5.04804    0.09440
   1516.00000    4.61033    0.03359    4.96143    0.02841
   1519.00000    4.45665    0.05101    4.97963    0.05450
   1522.00000    4.34094    0.03056    4.88723    0.08865
   1525.00000    4.53667    0.03721    4.91088    0.01498
   1528.00000    4.29931    0.04657    4.80151    0.04768
   1531.00000    4.44050    0.07542    4.51132    0.04845
   1534.00000    4.42216    0.07628    4.48564    0.06944
   1537.00000    4.27238    0.04827    4.75957    0.05067
   1540.00000    4.31637    0.07070    4.68019    0.09862
   1543.00000    4.33068    0.04924    4.61710    0.04647
   1546.00000    4.30487    0.06555    4.34119    0.04056
   1549.00000    4.64179    0.03475    4.20865    0.07208
   1552.00000    4.52807    0.05469    4.17190    0.05754
   1555.00000    4.30671    0.03283    4.24172    0.06371
   1558.00000    4.71293    0.06058    4.13842    0.06813
   1561.00000    4.66245    0.05289    3.89085    0.04706
   1564.00000    4.78637    0.06923    3.90058    0.03560
   1567.00000    4.88005    0.05866    3.87549    0.04068
   1570.00000    4.90887    0.06786    4.11502    0.04295
   1573.00000    5.03835    0.03744    4.09302    0.07389
   1576.00000    5.07335    0.04277    4.15853    0.04041
   1579.00000    5.02726    0.06111    4.19305    0.06753
