## Time Delay Challenge light curves
##
## [time]=days, [lc]=[err]=flux in nanomaggies
##
##       time       lc_A      err_A       lc_B      err_B
##-------------------------------------------------------
      1.98000    6.93197    0.05686    1.03698    0.05929
      6.83000    7.24188    0.06721    0.93304    0.05766
      9.46000    7.73378    0.06444    0.94121    0.03504
     13.13000    8.03293    0.04796    1.00586    0.04288
     17.08000    8.31529    0.07920    1.08280    0.05865
     18.14000    8.58483    0.06859    1.03006    0.05626
     20.07000    8.28359    0.05686    1.00334    0.06132
     22.33000    8.09931    0.07194    1.05715    0.04930
     25.91000    8.45561    0.04384    1.26716    0.05401
     27.18000    8.70614    0.01705    1.24948    0.06669
     29.87000    8.68778    0.06822    1.12129    0.08475
     31.45000    9.14635    0.08718    1.22405    0.07236
     34.20000    7.88762    0.07151    1.16096    0.05462
     35.66000    8.28678    0.06071    1.09314    0.07125
     37.73000    9.13521    0.04585    1.19234    0.05512
     40.94000    8.07359    0.03687    1.19664    0.07617
     43.40000    7.74338    0.05753    1.19182    0.03849
     46.06000    7.45092    0.07880    1.14129    0.05102
     48.64000    7.46350    0.03009    1.31869    0.05190
     52.59000    7.99560    0.06783    1.20273    0.06586
     55.21000    7.67611    0.07098    0.93041    0.08885
     57.57000    7.72575    0.05038    1.03428    0.03739
     59.24000    7.88054    0.05728    1.11231    0.04068
     63.63000    8.61109    0.03598    1.14094    0.03675
     67.65000    8.23833    0.04005    1.16890    0.07474
     71.96000    9.30484    0.08408    1.15943    0.06019
     73.89000    9.37028    0.06856    1.21206    0.04851
     77.68000    9.24209    0.05018    1.31989    0.08503
     79.55000    8.74165    0.04841    1.08263    0.04789
     84.35000    9.00464    0.07782    1.21444    0.05052
     88.36000    8.30048    0.05325    1.26171    0.07025
     92.37000    8.97922    0.06645    1.37004    0.05666
     95.52000    9.55589    0.06357    1.12509    0.05298
     98.01000    9.21438    0.07248    1.17268    0.06779
    100.87000    9.71774    0.08280    1.11245    0.05474
    104.92000   10.52736    0.06595    1.35890    0.03614
    107.85000    9.60544    0.04390    1.35926    0.03685
    110.46000    9.58147    0.03985    1.29641    0.03028
    113.34000   10.71479    0.04923    1.34680    0.03489
    116.63000   10.87703    0.04096    1.43875    0.05435
    119.77000   10.69552    0.06052    1.20500    0.04704
    366.89000    9.59017    0.06012    1.47699    0.04448
    369.21000    9.93004    0.06496    1.56774    0.04621
    373.35000    9.84778    0.06957    1.37212    0.03780
    376.18000   10.69827    0.06036    1.33843    0.03488
    380.07000   11.94263    0.05333    1.32077    0.07606
    383.90000   10.35305    0.04459    1.29390    0.06199
    387.63000    9.00591    0.04689    1.53625    0.04716
    390.62000    9.97262    0.07771    1.63998    0.05961
    393.07000   10.26255    0.05589    1.43233    0.05770
    397.72000   10.10734    0.02727    1.35326    0.06039
    400.66000    9.43905    0.05738    1.26186    0.05110
    404.42000   10.61303    0.02114    1.52235    0.06391
    406.85000    9.44130    0.04455    1.33354    0.06756
    409.87000   10.12130    0.05298    1.32244    0.06381
    413.08000    9.56453    0.05052    1.27382    0.00761
    414.74000    9.16402    0.04378    1.35347    0.04124
    418.19000   10.02242    0.06286    1.25153    0.05210
    419.52000   10.33052    0.03958    1.36702    0.04451
    420.65000    9.94907    0.02051    1.36824    0.06114
    423.57000   10.17149    0.06609    1.40849    0.04519
    427.91000   11.13108    0.04585    1.34209    0.03766
    431.83000   12.57839    0.05000    1.24135    0.07599
    433.12000   12.91624    0.07011    1.32386    0.05571
    437.20000   12.57511    0.07761    1.43232    0.06740
    440.76000   10.89523    0.04617    1.61211    0.02035
    442.28000   10.81250    0.06328    1.70920    0.04206
    445.68000    9.98984    0.03136    1.76590    0.05557
    447.38000    9.84194    0.06574    1.70553    0.05709
    450.94000    9.62094    0.02733    1.59489    0.07579
    454.10000   10.02348    0.05950    1.43995    0.04780
    456.31000    9.96872    0.08077    1.42292    0.06524
    458.31000    9.96692    0.06601    1.29453    0.06188
    461.17000   10.15725    0.05165    1.30428    0.03016
    463.96000    9.22462    0.04559    1.31441    0.07071
    466.31000    8.50898    0.05161    1.28455    0.04228
    467.44000    8.61826    0.04771    1.36456    0.07973
    467.80000    8.76576    0.05981    1.36666    0.07436
    469.92000    9.00405    0.02878    1.28492    0.08813
    471.17000    8.77658    0.06644    1.28310    0.05640
    473.58000    8.18321    0.04983    1.23645    0.06256
    475.62000    8.14705    0.05327    1.12606    0.03981
    478.47000    8.00163    0.03368    1.20005    0.05470
    481.20000    7.95882    0.03753    1.17717    0.05110
    482.56000    7.97281    0.03829    1.13186    0.06199
    732.82000    6.61166    0.06258    0.97859    0.05700
    734.46000    6.44076    0.03827    0.93139    0.04284
    737.39000    5.86273    0.07745    0.97773    0.07207
    740.73000    5.81390    0.04019    0.91404    0.05928
    743.44000    6.53369    0.06529    1.08198    0.07991
    746.96000    6.42337    0.05866    0.75833    0.08266
    749.70000    6.27054    0.05296    0.85018    0.04156
    750.50000    6.37219    0.06594    0.87189    0.07664
    752.61000    6.20440    0.04798    0.82575    0.06383
    755.03000    6.17581    0.02885    0.89615    0.03951
    756.37000    6.93114    0.05052    0.88806    0.03733
    759.12000    6.79765    0.05891    0.86335    0.04642
    761.20000    7.51211    0.06093    0.81638    0.06049
    764.83000    7.78543    0.04980    0.81679    0.04080
    768.33000    8.00008    0.04101    0.97096    0.03993
    771.01000    8.08996    0.05771    0.97113    0.07838
    773.61000    7.48666    0.05433    1.08193    0.03310
    776.21000    7.48356    0.04923    1.06461    0.03772
    777.97000    7.71081    0.04193    0.96806    0.06760
    782.28000    7.43487    0.06710    1.10133    0.05147
    785.34000    7.24128    0.06572    1.16456    0.07527
    787.18000    7.16584    0.06381    0.86812    0.05777
    790.50000    7.22818    0.06479    1.09662    0.05098
    792.61000    6.99295    0.02501    1.02126    0.04027
    794.88000    7.42074    0.03150    0.95097    0.03938
    799.00000    7.28573    0.05798    0.91531    0.06584
    801.09000    6.71154    0.04919    0.90336    0.07068
    803.12000    8.00405    0.03902    0.99424    0.04552
    806.10000    7.73476    0.03059    1.02410    0.05797
    809.11000    7.71873    0.01484    0.93980    0.05256
    812.07000    7.77297    0.02355    0.92813    0.04971
    815.23000    7.24862    0.09235    1.03233    0.06479
    818.76000    6.70013    0.04539    1.12585    0.05200
    824.53000    6.63939    0.02839    1.04451    0.06476
    828.45000    7.47958    0.07410    0.97918    0.06509
    833.35000    6.77704    0.06494    0.79957    0.05263
    836.49000    7.76896    0.05026    0.91356    0.06026
    842.18000    8.28612    0.02622    0.98046    0.05885
    846.36000    8.46418    0.07220    0.99893    0.05350
   1095.46000    5.42853    0.07798    0.66632    0.08185
   1098.35000    6.27128    0.04924    0.77763    0.06941
   1100.25000    6.29760    0.05692    0.79989    0.07904
   1103.84000    7.12440    0.03692    0.79924    0.04700
   1108.01000    7.14679    0.06662    0.78762    0.04487
   1113.33000    8.31444    0.05791    1.02868    0.03266
   1114.68000    8.20779    0.03342    0.98295    0.05011
   1118.11000    8.41288    0.06070    0.85043    0.05421
   1120.91000    8.83554    0.06919    0.81356    0.06832
   1123.31000    9.60740    0.06512    1.10063    0.02646
   1127.29000    8.37535    0.06160    1.04596    0.04157
   1127.48000    8.38117    0.05908    0.87427    0.05996
   1131.48000    7.35832    0.02557    1.17023    0.05612
   1134.34000    6.96973    0.06435    1.22795    0.04620
   1138.28000    8.15254    0.03627    1.00444    0.04226
   1141.04000    7.83217    0.07370    0.93903    0.07714
   1144.17000    8.76226    0.03827    0.80983    0.06996
   1146.21000    9.27326    0.04539    0.99270    0.04704
   1150.52000    9.79997    0.05039    0.99166    0.03753
   1153.63000    9.53456    0.02568    1.12244    0.07254
   1156.38000   10.09293    0.03779    1.13857    0.04315
   1160.15000   10.56287    0.03371    1.35035    0.06444
   1163.79000   10.97420    0.07954    1.16234    0.05668
   1166.14000   10.23909    0.04036    1.30871    0.06607
   1170.16000   11.11941    0.02218    1.25028    0.05249
   1172.09000   11.76054    0.05918    1.39965    0.05560
   1174.40000   10.59526    0.08074    1.40045    0.05441
   1177.41000   10.18804    0.09187    1.31426    0.09039
   1178.45000    9.74602    0.04416    1.37188    0.07325
   1182.23000    8.29364    0.05215    1.51253    0.06414
   1185.57000    8.11035    0.06580    1.40537    0.06710
   1190.63000    8.01763    0.05779    1.14603    0.03576
   1192.88000    8.41647    0.05930    1.03884    0.03882
   1193.86000    8.46566    0.04998    0.97608    0.06434
   1195.96000    8.46192    0.06843    0.93778    0.05774
   1200.33000    7.20755    0.04771    1.02851    0.04084
   1204.47000    7.21616    0.07208    0.98397    0.04822
   1207.73000    6.72383    0.08175    0.90732    0.05286
   1210.64000    7.37071    0.07247    1.00193    0.05822
   1213.14000    7.57178    0.05904    0.96482    0.07897
   1214.47000    7.86249    0.05878    0.94751    0.06037
   1460.06000    5.74012    0.05333    0.76419    0.05213
   1464.24000    6.08932    0.03729    0.82696    0.07611
   1466.00000    6.09705    0.05041    0.69982    0.04276
   1470.04000    6.77899    0.04506    0.73641    0.03830
   1474.37000    6.89399    0.07132    0.74494    0.06022
   1478.71000    6.25412    0.05726    0.88434    0.03531
   1480.69000    6.79295    0.00771    0.85651    0.07126
   1484.47000    6.79541    0.09445    0.90518    0.06650
   1486.41000    6.78333    0.06741    0.85405    0.03822
   1489.93000    6.00422    0.04361    0.78669    0.06370
   1494.92000    6.21377    0.05626    0.82264    0.02010
   1496.81000    6.09653    0.01990    0.83712    0.06005
   1498.82000    6.19988    0.05212    0.84231    0.06441
   1501.71000    6.04352    0.04953    0.78055    0.06077
   1503.45000    5.83955    0.07067    0.67956    0.04263
   1506.08000    5.41229    0.04948    0.81551    0.08237
   1508.96000    5.19429    0.04006    0.78383    0.08105
   1512.58000    5.15988    0.05377    0.70183    0.04134
   1514.97000    4.83318    0.05294    0.68583    0.02254
   1517.68000    4.84063    0.03516    0.63916    0.04819
   1520.15000    4.83064    0.07365    0.67273    0.03575
   1523.85000    5.42805    0.02765    0.72724    0.04513
   1528.40000    5.45673    0.04566    0.48899    0.06596
   1531.32000    5.36528    0.05269    0.61623    0.07462
   1532.98000    5.16029    0.05131    0.70072    0.04700
   1536.04000    5.41266    0.04432    0.67575    0.04541
   1539.17000    4.76377    0.06531    0.69078    0.06201
   1542.07000    5.11950    0.05418    0.63948    0.06111
   1545.55000    4.68908    0.04964    0.66977    0.02716
   1548.39000    5.19182    0.06417    0.54723    0.04336
   1552.20000    5.74889    0.07607    0.69430    0.05343
   1556.27000    5.89250    0.07372    0.61244    0.06840
   1559.57000    5.51762    0.04984    0.60126    0.06770
   1561.60000    5.63304    0.05596    0.81806    0.05691
   1564.22000    5.70512    0.07855    0.67595    0.02999
   1567.53000    5.37639    0.02002    0.74478    0.03911
   1570.77000    5.38360    0.05921    0.71794    0.04380
   1573.68000    6.13340    0.04973    0.77157    0.04347
   1578.79000    6.07121    0.06838    0.70206    0.07009
   1827.76000    7.27476    0.04621    0.87615    0.06971
   1830.08000    6.85371    0.06971    0.96419    0.04918
   1833.58000    7.24640    0.05478    0.81438    0.04748
   1838.56000    8.23384    0.04608    0.86459    0.03848
   1840.57000    8.54927    0.03731    0.85443    0.06551
   1842.12000    8.38968    0.04142    0.79719    0.06564
   1844.45000    7.49172    0.06426    0.84955    0.02561
   1849.09000    7.27189    0.06508    1.07529    0.05530
   1851.85000    7.88948    0.06619    0.89400    0.05236
   1853.41000    7.90230    0.05654    1.00700    0.06335
   1857.01000    9.16469    0.03037    0.90467    0.04879
   1859.33000    8.35175    0.04261    0.86206    0.04768
   1863.07000    7.76396    0.05743    0.98589    0.06255
   1866.81000    7.59316    0.05246    1.01257    0.04117
   1869.02000    7.90239    0.06323    0.99346    0.02334
   1871.16000    7.81587    0.05213    0.98575    0.06111
   1874.57000    9.39081    0.05298    0.97937    0.05016
   1877.67000    9.54368    0.03029    0.88812    0.07241
   1880.41000    9.60652    0.04694    0.91110    0.05775
   1882.30000    9.28654    0.04157    0.82548    0.08072
   1883.62000    9.32487    0.06283    1.04320    0.08015
   1888.20000    7.55935    0.06883    1.10544    0.04285
   1891.31000    7.54856    0.08508    1.11168    0.03455
   1893.15000    7.25437    0.03210    1.06795    0.02043
   1895.91000    7.52595    0.05255    1.07017    0.05606
   1899.94000    7.26494    0.05888    0.86042    0.04812
   1904.27000    7.34280    0.04463    0.77975    0.04876
   1905.79000    7.59620    0.07863    1.00627    0.06900
   1909.82000    7.71231    0.06858    0.80759    0.07339
   1913.28000    8.31452    0.09191    0.85720    0.05009
   1916.64000    8.49780    0.05074    0.79835    0.05298
   1919.32000    8.46106    0.03834    0.90340    0.06717
   1925.54000    9.56852    0.05103    0.98642    0.06041
   1928.47000    8.50402    0.05372    0.94956    0.06877
   1932.09000    8.33188    0.03465    0.86874    0.03685
   1935.89000    8.66589    0.06791    1.04565    0.03544
   1937.96000    9.37399    0.05893    1.02739    0.04167
   1940.82000    9.62026    0.02524    0.96216    0.06706
   1942.48000    9.78640    0.04926    1.00498    0.06963
   1944.62000   10.24147    0.05905    0.94818    0.07184
   2190.42000    8.42690    0.07238    0.89181    0.04157
   2193.81000    8.07844    0.01944    0.75471    0.06769
   2195.53000    8.01677    0.04102    0.76947    0.01833
   2197.55000    8.32017    0.04871    0.73212    0.06146
   2200.73000    8.43492    0.03155    0.96397    0.05620
   2204.49000    8.70675    0.05592    0.87250    0.04692
   2206.77000    8.77445    0.03354    0.77359    0.05600
   2208.91000    9.38622    0.05261    0.89331    0.01540
   2212.64000    9.58614    0.06658    0.92598    0.05617
   2216.20000   10.72085    0.02547    0.77509    0.07642
   2217.86000   11.31513    0.06916    0.90483    0.03105
   2219.75000   10.39473    0.06722    0.97079    0.05880
   2223.90000    9.95913    0.06780    1.02272    0.05708
   2227.58000    9.76305    0.05162    1.20827    0.04534
   2230.87000    9.59874    0.03548    1.05501    0.02670
   2232.80000    9.65632    0.06908    1.13428    0.04431
   2235.89000    9.80267    0.06371    1.12199    0.05487
   2238.86000    8.90912    0.04618    1.06132    0.07246
   2243.13000    8.10117    0.04133    0.97781    0.04037
   2246.67000    8.76508    0.03792    0.91302    0.05951
   2249.59000    7.66949    0.07024    0.91948    0.05743
   2252.20000    7.08836    0.04662    0.77065    0.06638
   2256.49000    6.77853    0.06318    0.90429    0.05063
   2257.80000    7.25315    0.06683    0.87104    0.05285
   2261.30000    7.66540    0.06524    0.77899    0.03959
   2264.72000    7.82023    0.06686    0.67597    0.05132
   2267.28000    9.29694    0.05938    0.63768    0.04643
   2270.65000   10.06532    0.03834    0.81750    0.04351
   2274.21000   11.08791    0.06505    0.70775    0.06278
   2278.80000   10.63138    0.05970    0.92888    0.04901
   2283.35000    8.98729    0.04959    1.07621    0.06139
   2286.60000    9.51285    0.06067    1.04213    0.02847
   2290.11000    9.45209    0.06284    1.12509    0.04705
   2292.77000    8.70960    0.04073    0.91469    0.05191
   2295.19000    8.75632    0.05168    0.98806    0.05228
   2297.88000    9.14420    0.00879    0.99794    0.02086
   2300.65000    9.58484    0.05614    0.91285    0.07750
   2303.89000    9.21794    0.03722    0.84496    0.07140
   2305.81000   10.46613    0.05310    0.89842    0.02855
   2308.56000    9.97889    0.06759    0.89453    0.06951
   2557.26000   13.37820    0.06045    1.02796    0.06967
   2559.70000   11.92510    0.05369    1.10375    0.03472
   2563.00000   11.76800    0.04769    1.14336    0.06886
   2565.67000   10.39591    0.05214    1.32285    0.05603
   2569.76000    9.40934    0.08268    1.05956    0.03480
   2573.95000    8.33760    0.04288    1.09312    0.04371
   2576.91000    9.70044    0.05319    0.85100    0.06660
   2579.53000   10.33586    0.05334    0.89572    0.06631
   2580.22000   10.34977    0.04375    0.87959    0.06339
   2582.89000   11.49985    0.06547    0.73161    0.02691
   2585.88000   12.74388    0.02390    0.81190    0.06004
   2589.17000   12.93090    0.05707    0.89312    0.05215
   2592.28000   14.66479    0.04745    0.90062    0.03338
   2595.69000   13.29614    0.04985    1.11166    0.03996
   2599.40000   12.85775    0.05516    1.17005    0.02934
   2602.79000   12.92797    0.06463    1.16243    0.04978
   2605.93000   13.81733    0.08003    1.23864    0.06324
   2607.66000   13.64060    0.04052    1.07847    0.05309
   2611.30000   13.55451    0.08394    1.13163    0.04312
   2614.19000   13.51610    0.02258    1.08490    0.03507
   2618.55000   15.79536    0.07848    1.18157    0.05148
   2621.70000   16.12290    0.07140    1.16827    0.02963
   2624.29000   16.18340    0.01605    1.20694    0.05356
   2626.77000   16.63080    0.06391    1.20244    0.07274
   2629.28000   15.93352    0.04040    1.35900    0.07974
   2632.21000   15.76786    0.06683    1.33954    0.07696
   2634.52000   14.49755    0.04697    1.36485    0.01494
   2637.73000   14.97983    0.05657    1.38045    0.03153
   2640.62000   15.11408    0.06799    1.36275    0.04830
   2642.46000   14.30975    0.02520    1.33922    0.03044
   2644.01000   14.06478    0.07768    1.31497    0.05562
   2646.05000   13.63485    0.05593    1.28455    0.05691
   2646.99000   13.81136    0.05607    1.31776    0.07336
   2649.40000   13.25458    0.05945    1.32543    0.07255
   2652.54000   14.01536    0.03941    1.17389    0.06040
   2655.98000   12.76769    0.04706    1.11195    0.03541
   2657.22000   13.01750    0.03594    1.18622    0.05815
   2660.75000   14.48155    0.05127    1.08061    0.05076
   2664.37000   15.33089    0.03936    1.13715    0.01976
   2667.91000   16.49949    0.07047    1.25544    0.06369
   2669.94000   15.38988    0.03221    1.19522    0.04146
   2672.41000   16.38658    0.04629    1.31640    0.03420
   2923.25000    8.37729    0.06014    0.70652    0.03896
   2924.57000    8.27634    0.03868    0.70021    0.05223
   2926.81000    8.85345    0.07323    0.80325    0.03647
   2929.89000    7.68085    0.05171    0.74633    0.05176
   2933.77000    8.13048    0.07399    0.79573    0.05649
   2936.30000    7.70280    0.02761    0.74949    0.06071
   2938.65000    7.87251    0.03834    0.71680    0.07564
   2942.34000    7.94031    0.05025    0.68472    0.06031
   2943.94000    8.30882    0.04667    0.72127    0.06427
   2948.28000    9.41751    0.05960    0.64646    0.05348
   2949.58000    9.72564    0.07695    0.74602    0.04436
   2954.31000    9.81855    0.05700    0.64762    0.05729
   2958.50000   10.66802    0.02763    0.74485    0.03822
   2960.81000   11.31490    0.06379    0.85200    0.03634
   2965.77000   11.37256    0.03195    0.82988    0.07154
   2966.72000   10.63743    0.04559    0.89695    0.08213
   2969.06000   11.22905    0.05518    0.94347    0.04493
   2971.05000   12.31529    0.03838    0.91006    0.04429
   2974.06000   12.52688    0.02670    0.89850    0.03503
   2977.39000   11.68217    0.04684    0.95481    0.04323
   2980.40000   10.66334    0.06422    1.03906    0.03950
   2982.68000   10.22082    0.03523    1.14235    0.06217
   2985.50000   10.01844    0.04358    1.07613    0.05625
   2988.52000    9.67341    0.04921    0.95279    0.06426
   2993.76000    9.13106    0.03978    0.97972    0.06658
   2996.20000   10.06817    0.04290    0.83065    0.06789
   2997.32000    9.77650    0.04312    0.86425    0.03058
   3000.66000    9.42721    0.05258    0.92228    0.06888
   3004.32000    8.69898    0.04032    0.74970    0.05241
   3006.57000    8.30560    0.06733    0.93351    0.06206
   3009.18000    8.22465    0.06574    0.89263    0.04745
   3011.91000    8.39766    0.04928    0.76695    0.04421
   3016.17000    8.56611    0.04558    0.75785    0.05181
   3022.37000    9.68549    0.08862    0.78810    0.05388
   3025.07000    9.66059    0.03256    0.74904    0.05611
   3026.73000    8.91173    0.04501    0.67246    0.04518
   3029.14000    9.28468    0.04698    0.78846    0.05613
   3032.14000    8.77402    0.04896    0.85457    0.05455
   3035.16000    8.20992    0.04756    0.86471    0.06228
   3036.94000    8.74015    0.03451    0.78371    0.03379
   3285.48000   15.73671    0.08937    1.30888    0.05510
   3289.45000   14.26019    0.04801    1.39813    0.07625
   3293.26000   13.71421    0.04882    1.77094    0.06467
   3295.60000   14.11211    0.07182    1.78589    0.04544
   3299.95000   12.77055    0.04620    1.66611    0.06802
   3302.92000   11.83395    0.05168    1.55244    0.05140
   3307.90000   14.75167    0.03352    1.47294    0.03610
   3310.61000   16.20598    0.04301    1.42494    0.03602
   3312.24000   15.29246    0.04807    1.36204    0.03448
   3315.27000   15.36941    0.06810    1.45108    0.06822
   3319.02000   16.24850    0.03439    1.67389    0.03090
   3322.80000   17.68502    0.03933    1.65186    0.04876
   3325.80000   18.11677    0.04559    1.76843    0.05370
   3328.95000   17.03739    0.02853    1.76522    0.03749
   3332.56000   19.79325    0.07198    2.05582    0.04002
   3334.67000   18.33294    0.05348    1.93140    0.04665
   3338.41000   16.97534    0.03907    2.07061    0.03644
   3341.32000   15.69028    0.05429    2.15340    0.04018
   3344.30000   14.76364    0.06900    2.24810    0.02826
   3346.45000   15.10321    0.02980    2.06100    0.05188
   3348.69000   14.35743    0.04165    2.09783    0.06690
   3350.88000   14.09722    0.06580    1.96992    0.03906
   3355.01000   12.92508    0.06424    1.90002    0.08794
   3358.91000   11.74268    0.04013    1.71591    0.03436
   3363.27000   12.38057    0.03722    1.49047    0.06156
   3366.75000   11.44035    0.04702    1.45828    0.06121
   3370.22000   10.66500    0.06464    1.32025    0.05936
   3371.41000   10.62147    0.05604    1.42057    0.05542
   3374.04000   10.48615    0.06440    1.64280    0.07402
   3377.44000   11.90416    0.07677    1.40644    0.08277
   3379.12000   12.41897    0.05652    1.30672    0.06895
   3383.02000   12.27293    0.06630    1.28446    0.06038
   3387.12000   11.88211    0.03162    1.36288    0.07085
   3388.48000   11.58400    0.06215    1.47448    0.05428
   3391.35000   12.38016    0.06569    1.52688    0.05322
   3395.38000   11.97495    0.06282    1.36599    0.05211
   3399.17000   11.29704    0.06147    1.43445    0.06702
   3403.07000   11.16666    0.04745    1.44395    0.06451
