## Time Delay Challenge light curves
##
## [time]=days, [lc]=[err]=flux in nanomaggies
##
##       time       lc_A      err_A       lc_B      err_B
##-------------------------------------------------------
      1.70000    0.98631    0.08264    1.18617    0.06305
      4.64000    1.09442    0.01471    1.03160    0.04331
      8.44000    1.11454    0.06160    1.10230    0.06411
     10.97000    1.06468    0.04282    1.10913    0.04925
     15.72000    0.94073    0.04920    1.08845    0.09826
     18.11000    1.05755    0.06529    1.09897    0.05292
     22.99000    1.01769    0.02006    1.00492    0.07238
     25.71000    0.99460    0.03640    1.04128    0.01475
     28.78000    0.98375    0.04755    1.14060    0.06644
     31.08000    1.02527    0.05407    1.02993    0.06093
     35.86000    0.97031    0.04215    0.99660    0.06185
     39.14000    1.09509    0.07828    1.00596    0.07266
     42.38000    1.18680    0.06068    0.99829    0.03603
     45.44000    1.09316    0.06098    0.90539    0.07156
     48.12000    1.04386    0.04448    0.96212    0.06195
     51.40000    0.97066    0.05540    0.96906    0.05858
     53.88000    1.09616    0.05148    1.03379    0.05897
     57.01000    1.01047    0.05590    1.04000    0.05632
     59.60000    0.93572    0.03429    0.94182    0.07354
     63.07000    1.02142    0.04272    0.94860    0.07574
     64.82000    1.01977    0.06094    1.02403    0.06046
     67.94000    1.03931    0.02448    1.01998    0.02166
     68.61000    0.91131    0.05816    1.00076    0.04069
     72.44000    0.98015    0.03909    1.12206    0.06639
     76.11000    1.02805    0.04033    1.15937    0.06083
     78.91000    1.07991    0.06291    1.02325    0.05933
     82.14000    1.04549    0.03394    0.99556    0.02646
     85.27000    1.11849    0.05615    0.93168    0.05195
     89.49000    0.96663    0.06417    1.13027    0.09378
     95.47000    1.08425    0.02949    1.07978    0.02702
     98.36000    1.14222    0.06055    1.06942    0.06928
    103.43000    1.16843    0.06127    1.01921    0.06140
    108.23000    0.98059    0.04272    0.92810    0.07785
    111.34000    1.13553    0.06997    1.01573    0.04068
    113.16000    1.21476    0.06283    1.09206    0.03472
    115.30000    1.18755    0.04180    0.99532    0.03723
    117.08000    1.20452    0.04873    0.98921    0.05198
    119.81000    1.20765    0.05437    0.95567    0.05191
    365.15000    1.28444    0.06124    1.17534    0.05686
    367.72000    1.20822    0.04050    1.14276    0.06430
    369.75000    1.42684    0.08885    1.14271    0.05856
    372.22000    1.30237    0.06372    1.18493    0.03158
    374.81000    1.33805    0.06418    1.13018    0.06794
    377.78000    1.56296    0.04737    1.36668    0.04907
    380.92000    1.36095    0.03748    1.21479    0.06440
    384.26000    1.42477    0.06439    1.16399    0.05938
    388.16000    1.41081    0.02483    1.21814    0.04515
    390.09000    1.37625    0.07523    1.34119    0.05250
    393.41000    1.39050    0.04158    1.19660    0.05258
    395.66000    1.51370    0.05107    1.29492    0.06852
    399.29000    1.41282    0.06935    1.23926    0.06186
    402.92000    1.49443    0.04890    1.15359    0.06494
    405.41000    1.42800    0.05028    1.22706    0.03935
    409.28000    1.46756    0.08091    1.28019    0.05582
    410.61000    1.76637    0.06845    1.50296    0.04536
    412.63000    1.27340    0.06365    1.19097    0.04911
    413.55000    1.29040    0.07098    1.28828    0.05023
    416.35000    1.40712    0.04573    1.20235    0.03436
    417.06000    1.43960    0.05944    1.24506    0.05340
    421.78000    1.32708    0.06607    1.20203    0.05817
    424.65000    1.42727    0.05921    1.33363    0.05482
    427.30000    1.37266    0.03559    1.30284    0.03553
    431.90000    1.43871    0.04233    1.19410    0.07101
    435.42000    1.40258    0.05696    1.45207    0.05935
    439.46000    1.36526    0.05865    1.35943    0.05293
    442.92000    1.30158    0.07321    1.32747    0.04174
    446.16000    1.28182    0.07982    1.35049    0.03429
    449.40000    1.27144    0.04137    1.42356    0.05420
    451.33000    1.34621    0.05953    1.42966    0.04611
    453.24000    1.27503    0.04936    1.37441    0.06229
    455.75000    1.26951    0.04506    1.43582    0.03495
    458.08000    1.39561    0.07064    1.37326    0.04029
    460.53000    1.25985    0.02794    1.47670    0.06532
    464.58000    1.24829    0.03586    1.38947    0.01003
    466.91000    1.57765    0.06139    1.53511    0.03689
    471.52000    1.18643    0.03589    1.37362    0.04326
    473.79000    1.24500    0.08556    1.41081    0.03580
    475.83000    1.20395    0.04494    1.35505    0.05817
    478.23000    1.11755    0.05852    1.38591    0.03609
    481.48000    1.37242    0.05747    1.44715    0.06374
    484.15000    1.16662    0.03941    1.41554    0.05142
    732.52000    1.15490    0.08539    1.14769    0.03481
    734.46000    1.16482    0.06129    1.17864    0.03339
    738.70000    1.16573    0.03619    1.06036    0.04875
    743.91000    1.13499    0.04819    1.30106    0.06584
    747.20000    1.19314    0.04709    1.17734    0.05214
    749.64000    1.12487    0.04173    1.13033    0.04666
    753.69000    1.22932    0.07744    1.21869    0.04235
    756.43000    1.14103    0.02725    1.21190    0.07177
    759.08000    1.08818    0.06618    1.17946    0.04585
    761.01000    0.67063    0.05389    0.71687    0.05676
    762.88000    1.08354    0.05420    1.22497    0.04899
    765.45000    1.14114    0.05149    1.24068    0.05369
    766.13000    1.12041    0.06070    1.11107    0.06121
    769.07000    1.07558    0.03190    1.24034    0.04910
    771.90000    1.06331    0.07998    1.19277    0.02323
    775.75000    1.22568    0.04304    1.17720    0.06526
    778.25000    1.10603    0.04616    1.19385    0.05684
    782.00000    1.10409    0.02305    1.18218    0.07212
    784.62000    1.07201    0.03136    1.14850    0.02640
    789.36000    1.03902    0.07307    1.10618    0.06950
    792.01000    1.08419    0.07702    1.10837    0.08162
    794.75000    1.09127    0.07044    1.20747    0.05252
    798.39000    1.11370    0.06509    1.10817    0.05098
    802.75000    1.17935    0.03926    1.19920    0.04422
    805.43000    1.23441    0.04343    1.15204    0.07154
    808.91000    1.28147    0.06219    1.06828    0.04679
    813.16000    1.14187    0.05438    1.21568    0.04158
    815.88000    1.19940    0.03308    1.28177    0.05951
    817.76000    1.24000    0.04914    1.21087    0.08184
    820.69000    1.14350    0.03260    1.16242    0.05199
    824.40000    1.09648    0.07212    1.13043    0.07327
    828.37000    1.19389    0.04413    1.15797    0.01384
    832.35000    1.25125    0.05879    1.15145    0.07335
    835.30000    1.15372    0.06600    1.13647    0.02857
    836.76000    1.12278    0.04886    1.09827    0.07287
    840.33000    1.14461    0.05605    1.24333    0.07198
    844.06000    1.12098    0.04477    1.01276    0.06594
    848.05000    1.20441    0.07938    1.05956    0.04101
    849.69000    1.04713    0.04845    1.20055    0.05203
   1099.22000    1.15360    0.06931    1.19049    0.06157
   1102.40000    1.25835    0.04608    1.25762    0.02948
   1104.74000    1.21553    0.03851    1.16591    0.11307
   1107.38000    1.25330    0.03952    1.22056    0.03977
   1110.99000    1.35408    0.04752    1.18519    0.04907
   1114.49000    0.75299    0.06466    0.91180    0.03615
   1117.08000    1.37964    0.04859    1.19772    0.06775
   1120.38000    1.27694    0.05273    1.29339    0.03913
   1122.88000    1.29356    0.02004    1.16225    0.07199
   1124.66000    1.55094    0.07849    1.00493    0.08453
   1126.11000    1.30807    0.05027    1.12551    0.06499
   1128.07000    1.24614    0.05517    1.13662    0.02903
   1131.36000    1.20468    0.06235    1.17969    0.05691
   1133.26000    1.26887    0.02579    1.14121    0.05737
   1136.91000    1.08909    0.04455    1.05205    0.04579
   1139.65000    1.27130    0.04742    1.17117    0.05384
   1142.12000    1.25322    0.06100    1.17229    0.07731
   1145.47000    1.24895    0.07833    1.20264    0.04494
   1145.82000    1.35044    0.07414    1.28951    0.07894
   1148.81000    1.32437    0.04594    1.19754    0.05992
   1150.97000    1.38236    0.04717    1.12069    0.06253
   1153.93000    1.40978    0.04596    1.09974    0.06297
   1156.95000    1.26912    0.05399    1.21813    0.03670
   1159.63000    1.40047    0.05127    1.30654    0.05079
   1161.26000    1.45310    0.03742    1.21352    0.06041
   1164.63000    1.41650    0.04259    1.34830    0.07085
   1166.44000    1.49005    0.05469    1.28860    0.04202
   1170.26000    1.47573    0.08553    1.27635    0.04834
   1174.89000    1.39239    0.06090    1.23551    0.05184
   1176.77000    1.36951    0.07494    1.30464    0.03791
   1179.75000    1.56625    0.06484    1.26448    0.03835
   1181.78000    1.48243    0.07672    1.24092    0.05112
   1184.73000    1.35287    0.07980    1.28575    0.04767
   1187.65000    1.23047    0.08351    1.26381    0.05359
   1191.91000    1.40644    0.06809    1.33844    0.05807
   1193.67000    1.42363    0.06929    1.28239    0.05346
   1195.77000    1.23320    0.07011    1.38652    0.03633
   1197.87000    1.34535    0.02832    1.37843    0.02253
   1201.43000    1.33818    0.05719    1.24496    0.05781
   1204.05000    1.33880    0.05728    1.35297    0.05418
   1205.44000    1.34885    0.03065    1.34412    0.04113
   1206.72000    1.32705    0.03396    1.37780    0.03580
   1210.30000    1.22150    0.06681    1.41774    0.03706
   1214.54000    1.37349    0.05117    1.41549    0.04429
   1461.95000    1.27378    0.02642    1.24234    0.04397
   1464.14000    1.41821    0.06626    1.28482    0.04737
   1464.57000    1.29878    0.06208    1.28290    0.07081
   1466.77000    1.29927    0.04089    1.19763    0.05356
   1469.84000    1.27758    0.04899    1.21451    0.01365
   1472.93000    1.45922    0.04688    1.29578    0.04854
   1476.94000    1.24842    0.04005    1.12622    0.04685
   1480.87000    1.28445    0.05109    1.14687    0.06778
   1484.17000    1.21075    0.04786    1.13264    0.07184
   1487.00000    1.25126    0.03783    1.23040    0.02786
   1489.41000    1.22140    0.08096    1.12824    0.06005
   1490.87000    1.27558    0.06542    1.15533    0.05728
   1495.53000    1.25092    0.06386    1.28615    0.05164
   1497.97000    1.27247    0.03737    1.38208    0.05853
   1501.03000    1.22663    0.06203    1.20650    0.06701
   1504.14000    1.15513    0.03355    1.03735    0.07850
   1505.70000    1.18413    0.04252    1.21884    0.03776
   1509.69000    1.12735    0.05125    1.26965    0.05293
   1511.42000    1.20308    0.05632    1.33248    0.04120
   1513.48000    1.12795    0.03337    1.33921    0.05742
   1516.41000    1.15751    0.04892    1.21759    0.05550
   1519.31000    1.08230    0.03305    1.34599    0.08590
   1521.97000    1.23843    0.04640    1.24444    0.05467
   1525.53000    1.04416    0.04676    1.34368    0.05439
   1528.56000    1.05077    0.08697    1.28020    0.06492
   1532.47000    1.09880    0.03094    1.34588    0.06052
   1533.17000    1.09923    0.08178    1.30875    0.05232
   1536.91000    1.11348    0.06508    1.37949    0.04699
   1540.80000    1.15540    0.04979    1.23720    0.05449
   1545.21000    1.13188    0.03647    1.22897    0.03525
   1547.62000    1.12969    0.06944    1.30289    0.05668
   1551.21000    1.15270    0.03513    1.20890    0.06108
   1554.63000    1.19058    0.05465    1.13917    0.04498
   1558.01000    1.86143    0.08767    1.53657    0.06907
   1562.12000    1.17487    0.04384    1.17035    0.04227
   1564.42000    1.17550    0.03192    1.14931    0.04951
   1568.13000    1.07793    0.04703    1.11686    0.02739
   1570.38000    1.23356    0.05358    1.16262    0.04959
   1573.26000    1.36576    0.04739    0.95145    0.07132
   1576.66000    1.37207    0.07128    1.04947    0.05187
   1826.48000    0.95846    0.03031    0.99319    0.05306
   1828.36000    1.00609    0.06845    1.05893    0.06723
   1831.53000    1.02565    0.05194    0.92277    0.05500
   1835.40000    0.96311    0.05364    0.89142    0.05155
   1838.48000    1.03055    0.04265    0.95491    0.07857
   1840.95000    1.00717    0.02046    0.94928    0.03647
   1841.84000    0.96055    0.06101    0.82133    0.05544
   1846.11000    1.11732    0.07147    0.99677    0.03523
   1848.12000    1.00408    0.07856    1.00281    0.05388
   1852.16000    1.10638    0.03316    0.88923    0.05989
   1854.91000    1.10548    0.07431    0.96700    0.03289
   1857.27000    1.11570    0.06809    0.90830    0.05246
   1860.65000    1.18504    0.06554    0.94325    0.05611
   1863.52000    1.03971    0.04175    1.02308    0.06074
   1868.06000    1.11713    0.06792    0.97145    0.02100
   1873.15000    1.13131    0.02481    0.92577    0.02369
   1875.25000    1.22019    0.05102    1.00134    0.04062
   1878.69000    1.21610    0.03458    0.97024    0.06057
   1881.25000    1.17550    0.02013    0.92621    0.05120
   1883.99000    1.15140    0.05335    0.99776    0.02581
   1886.70000    1.18968    0.03350    1.02471    0.05480
   1889.09000    1.19082    0.04941    1.01490    0.04543
   1891.50000    1.17045    0.05162    1.04469    0.05632
   1893.92000    1.20558    0.04008    1.00088    0.03447
   1898.15000    1.13550    0.06008    1.06075    0.05211
   1901.30000    1.17575    0.04946    1.06641    0.05774
   1904.02000    1.28483    0.04732    1.17419    0.06347
   1907.45000    0.67851    0.03871    1.02393    0.01086
   1910.24000    1.09301    0.06675    1.15298    0.04982
   1912.00000    1.16268    0.03328    1.09557    0.06414
   1913.35000    1.16879    0.04820    1.09824    0.06305
   1916.30000    1.15011    0.04946    1.10033    0.01634
   1918.66000    1.22507    0.07721    1.22617    0.05584
   1922.20000    1.14565    0.03962    1.17189    0.03864
   1924.44000    1.22324    0.05242    1.16010    0.05966
   1927.55000    1.22143    0.05659    1.17709    0.02936
   1931.58000    1.19915    0.07341    1.10696    0.03940
   1932.88000    1.18618    0.00217    1.14644    0.06323
   1936.86000    1.28049    0.07284    1.20335    0.06479
   1938.39000    1.11255    0.07820    1.17356    0.08054
   1940.72000    1.20137    0.02800    1.16333    0.03810
   1943.01000    1.29297    0.06608    1.13590    0.05241
   2190.70000    1.22634    0.04392    1.15697    0.05910
   2192.73000    1.24770    0.03362    1.18859    0.05531
   2196.23000    1.30863    0.07706    1.24428    0.04613
   2199.12000    1.30131    0.03841    1.18680    0.05846
   2202.88000    1.37144    0.06544    1.08040    0.04653
   2204.75000    1.27265    0.03670    1.21381    0.05402
   2207.71000    1.20483    0.06511    1.22811    0.07730
   2211.33000    1.33206    0.04515    1.18418    0.04076
   2213.47000    1.19197    0.02641    1.24877    0.05558
   2215.71000    1.26256    0.07659    1.28058    0.05562
   2219.15000    1.25818    0.05340    1.19211    0.08484
   2221.52000    1.19295    0.06558    1.24559    0.01105
   2224.74000    1.23167    0.04442    1.22074    0.06071
   2228.91000    1.31132    0.06568    1.23075    0.06049
   2231.77000    1.46701    0.06941    1.34542    0.07680
   2233.60000    1.32964    0.05906    1.23772    0.06490
   2236.14000    1.41889    0.05905    1.19941    0.05298
   2239.37000    1.16986    0.07738    1.08674    0.06935
   2243.26000    1.34868    0.08004    1.33527    0.06772
   2246.07000    1.33542    0.02895    1.22995    0.06430
   2248.08000    1.40591    0.07181    1.24423    0.05297
   2250.46000    1.46129    0.07038    1.28525    0.04003
   2254.37000    1.33644    0.05332    1.33694    0.05736
   2256.91000    1.28066    0.04565    1.23062    0.06186
   2259.49000    1.25181    0.05447    1.31079    0.03391
   2262.75000    1.22735    0.04458    1.34493    0.05984
   2266.85000    1.07587    0.05106    1.15554    0.05963
   2269.19000    1.28593    0.02103    1.28186    0.05242
   2271.41000    1.35023    0.05968    1.26702    0.05492
   2273.79000    1.36131    0.05539    1.24633    0.03658
   2276.51000    1.25795    0.05368    1.28875    0.05202
   2279.46000    1.23636    0.05525    1.35583    0.07605
   2282.71000    1.25519    0.04913    1.43923    0.07036
   2286.43000    1.32562    0.05039    1.32998    0.03002
   2289.41000    1.33630    0.05289    1.40383    0.04905
   2291.46000    1.41355    0.05458    1.40927    0.05081
   2296.72000    1.56552    0.08025    1.59762    0.07914
   2298.84000    1.30367    0.04843    1.36164    0.06196
   2301.37000    1.38371    0.05761    1.33757    0.07088
   2304.63000    1.30336    0.05414    1.31398    0.04748
   2307.91000    1.28842    0.03843    1.33171    0.06751
   2309.84000    1.31864    0.04938    1.33240    0.05816
   2558.51000    1.31741    0.05439    1.22476    0.06087
   2564.27000    1.34066    0.05330    1.26776    0.04951
   2564.82000    1.29501    0.05334    1.13538    0.07472
   2568.03000    1.22628    0.00937    1.20917    0.06123
   2569.25000    1.22777    0.05749    1.22884    0.03935
   2571.86000    1.30772    0.04163    1.30095    0.04465
   2575.51000    1.31846    0.04399    1.26132    0.04135
   2578.92000    1.33087    0.04657    1.17144    0.04582
   2583.60000    1.20248    0.05746    1.19262    0.06235
   2586.15000    1.24400    0.05301    1.26346    0.04453
   2588.53000    1.23128    0.04796    1.32666    0.04710
   2591.57000    1.07680    0.08390    1.27608    0.04258
   2594.79000    1.27375    0.07693    1.36380    0.06219
   2599.27000    1.28572    0.01135    1.32247    0.02665
   2602.33000    1.28551    0.03497    1.31095    0.03964
   2605.37000    1.37908    0.05241    1.29256    0.03163
   2607.73000    1.18449    0.07163    1.28509    0.05557
   2607.98000    1.40160    0.06058    1.25568    0.04916
   2613.43000    1.24049    0.06016    1.28493    0.04975
   2617.87000    1.26614    0.04123    1.34140    0.06623
   2618.48000    1.29611    0.03772    1.26171    0.05869
   2621.75000    1.32026    0.02203    1.12284    0.06026
   2623.56000    1.25399    0.06913    1.17187    0.06887
   2626.50000    1.19534    0.05528    1.24689    0.06447
   2629.77000    1.18332    0.03644    1.26539    0.05019
   2633.62000    1.25120    0.03376    1.36341    0.03830
   2637.82000    1.25508    0.02687    1.27218    0.06982
   2640.31000    0.91570    0.06449    1.09491    0.08605
   2644.13000    1.28530    0.06029    1.20380    0.02503
   2647.47000    1.20540    0.01592    1.30001    0.07322
   2650.83000    1.29358    0.08346    1.31139    0.07045
   2651.31000    1.24014    0.03675    1.22772    0.05933
   2653.46000    1.36564    0.06785    1.27417    0.04918
   2657.54000    1.32569    0.05556    1.28813    0.05640
   2660.28000    1.37791    0.07366    1.40069    0.06750
   2662.90000    1.24070    0.03264    1.30644    0.04652
   2663.71000    1.28845    0.03161    1.37136    0.05189
   2667.11000    1.14928    0.05009    1.27220    0.05313
   2672.05000    1.39143    0.08583    1.29670    0.03376
   2674.55000    1.17692    0.04793    1.29097    0.04539
   2923.20000    1.20881    0.05907    1.29500    0.05814
   2925.89000    1.11203    0.03419    1.21508    0.01861
   2928.88000    1.16744    0.03786    1.23656    0.05854
   2932.00000    1.12544    0.05527    1.28814    0.04610
   2933.88000    1.19235    0.04245    1.31457    0.04377
   2937.66000    1.21849    0.06630    1.13528    0.06882
   2940.42000    1.13684    0.05921    1.20993    0.04229
   2942.80000    1.11880    0.02367    1.20891    0.05777
   2946.63000    1.02676    0.01904    1.22204    0.05089
   2948.37000    0.98048    0.07315    1.20762    0.06464
   2951.54000    1.00541    0.06684    1.22369    0.06670
   2955.14000    0.66187    0.06090    0.81651    0.07856
   2958.18000    1.21863    0.05223    1.15931    0.03776
   2962.36000    1.12796    0.02342    1.13945    0.03359
   2964.59000    1.20293    0.02518    1.13844    0.06224
   2968.30000    1.12918    0.04256    1.04123    0.05155
   2970.69000    1.20646    0.05444    1.18185    0.07006
   2973.91000    1.16317    0.02837    1.15496    0.04685
   2976.58000    1.16780    0.06073    1.03554    0.05151
   2980.36000    1.26074    0.02786    1.31820    0.05300
   2983.20000    1.25603    0.06597    1.14810    0.03009
   2985.19000    1.08628    0.06218    1.21567    0.06263
   2988.56000    1.10859    0.04623    1.13028    0.03150
   2990.93000    1.17233    0.02443    1.16400    0.02983
   2993.85000    1.19106    0.06651    1.14049    0.06181
   2998.06000    1.20687    0.04737    1.12805    0.06226
   3001.20000    1.13959    0.04270    1.21121    0.05572
   3003.74000    1.16433    0.02897    1.06999    0.05800
   3007.91000    1.18084    0.04082    1.05546    0.04465
   3010.25000    1.28634    0.07209    1.23173    0.05565
   3015.03000    1.11467    0.06926    1.09104    0.05862
   3018.09000    1.15666    0.04593    1.09042    0.03154
   3021.05000    1.18145    0.05233    1.03075    0.04154
   3023.48000    1.12165    0.03807    1.07388    0.06842
   3026.73000    1.24437    0.04510    1.12294    0.02817
   3028.91000    1.14927    0.06201    1.08321    0.03953
   3031.30000    1.06407    0.08025    1.07823    0.07146
   3032.65000    1.21937    0.06500    1.11671    0.03435
   3037.50000    1.20025    0.08162    1.07776    0.06247
   3039.92000    1.15895    0.06453    1.09518    0.07378
   3287.23000    1.30840    0.06939    1.16343    0.03723
   3290.73000    1.09245    0.07571    1.27512    0.08425
   3293.25000    1.30069    0.05388    1.25602    0.03631
   3297.17000    1.13567    0.05717    1.16832    0.07321
   3300.55000    1.21474    0.04085    1.17951    0.04439
   3304.55000    1.27748    0.06078    1.25882    0.03546
   3307.08000    1.14140    0.02661    1.21700    0.08864
   3310.80000    1.08489    0.06736    0.96011    0.05900
   3313.37000    1.14233    0.04661    1.27027    0.07260
   3317.49000    1.00848    0.04195    1.05325    0.07022
   3322.11000    1.14980    0.06009    1.12987    0.05697
   3325.12000    1.16529    0.02978    1.23206    0.04494
   3328.55000    1.17876    0.04203    1.21299    0.06850
   3333.05000    1.13325    0.01341    1.24644    0.01765
   3336.84000    1.08312    0.04641    1.27605    0.03125
   3338.77000    1.14174    0.04134    1.19676    0.07615
   3342.46000    1.09976    0.05434    1.30594    0.08087
   3346.98000    1.01223    0.05121    1.03923    0.06899
   3348.68000    1.13376    0.05733    1.14579    0.02729
   3349.60000    1.02678    0.02806    1.00944    0.05064
   3354.03000    1.19673    0.05458    1.16862    0.05355
   3357.30000    1.19712    0.05289    1.24516    0.06252
   3359.60000    1.14631    0.09001    1.23087    0.04076
   3362.59000    1.40146    0.06719    1.16457    0.01986
   3366.43000    1.20682    0.07646    1.10463    0.07606
   3368.86000    1.23716    0.02756    1.20994    0.06071
   3373.34000    1.19740    0.02939    1.11753    0.03576
   3375.43000    1.06241    0.06616    1.09211    0.09013
   3376.49000    1.11758    0.04728    1.01444    0.03424
   3378.12000    1.31331    0.06616    1.13716    0.07405
   3380.69000    1.32823    0.04917    1.28810    0.07065
   3383.11000    1.19050    0.02732    1.12785    0.05971
   3387.20000    1.13688    0.04670    1.05191    0.09590
   3389.98000    1.16743    0.05731    1.01047    0.04220
   3393.04000    1.22352    0.04971    1.02926    0.05616
   3396.46000    1.06347    0.04982    1.12033    0.07557
   3401.59000    1.21356    0.05132    1.07325    0.03872
   3402.44000    1.21251    0.05038    1.04899    0.02890
