## Time Delay Challenge light curves
##
## [time]=days, [lc]=[err]=flux in nanomaggies
##
##       time       lc_A      err_A       lc_B      err_B
##-------------------------------------------------------
      0.46000    3.98341    0.04480    0.27437    0.08021
      3.63000    4.00121    0.06018    0.21079    0.03575
      6.05000    3.98920    0.02959    0.22168    0.06851
      7.86000    3.93122    0.05366    0.23300    0.05928
     11.87000    4.07684    0.04729    0.14067    0.06445
     12.95000    3.92429    0.07025    0.27672    0.05606
     15.49000    4.05242    0.04697    0.16605    0.05877
     18.49000    3.99072    0.04430    0.24478    0.02203
     22.51000    3.93218    0.03146    0.19995    0.03647
     24.63000    3.96797    0.08598    0.14986    0.05047
     28.62000    4.04092    0.03266    0.27751    0.02408
     31.27000    4.05544    0.04924    0.20944    0.06255
     33.84000    4.17754    0.05894    0.29778    0.04698
     36.92000    4.19746    0.06260    0.24487    0.01160
     41.03000    4.17143    0.03293    0.27289    0.03696
     45.18000    4.16017    0.04073    0.27355    0.06950
     48.71000    4.19151    0.04779    0.15210    0.05503
     51.80000    4.12044    0.06372    0.21424    0.04433
     55.73000    4.19141    0.02167    0.20550    0.09476
     57.37000    4.14626    0.07113    0.24425    0.03204
     59.98000    4.15792    0.04742    0.28443    0.02779
     61.57000    4.27636    0.05182    0.25260    0.05455
     66.17000    4.16087    0.09027    0.22747    0.09021
     70.16000    4.13797    0.02826    0.23970    0.03690
     75.03000    4.12733    0.04885    0.16559    0.07896
     79.73000    4.14717    0.03156    0.25180    0.06006
     83.44000    4.15877    0.01457    0.29198    0.03138
     84.32000    4.25120    0.06155    0.29874    0.07212
     87.30000    4.22324    0.03047    0.31012    0.05116
     91.82000    4.11415    0.05924    0.30196    0.03918
     95.27000    4.13059    0.05662    0.33546    0.04267
     97.22000    4.06714    0.03932    0.27215    0.06849
     97.65000    4.04680    0.06268    0.27772    0.07135
    100.20000    4.12601    0.07297    0.25784    0.02611
    102.53000    4.08745    0.05141    0.24087    0.04330
    105.75000    4.24253    0.06390    0.23546    0.04732
    110.52000    4.28576    0.06163    0.19710    0.06072
    113.78000    4.21818    0.04684    0.31855    0.05060
    117.10000    4.12668    0.04870    0.24627    0.04224
    368.30000    3.83399    0.04562    0.16014    0.07524
    372.38000    3.76846    0.06226    0.21926    0.07917
    373.98000    3.93194    0.04017    0.23579    0.07260
    377.18000    3.95003    0.03450    0.19629    0.03787
    380.64000    3.95522    0.04842    0.22802    0.03232
    384.48000    3.84561    0.04875    0.25293    0.04617
    386.89000    3.84128    0.06029    0.17897    0.06603
    389.40000    3.88128    0.03319    0.28582    0.04506
    391.49000    3.95619    0.05696    0.22031    0.05780
    394.72000    3.92925    0.05451    0.19027    0.06284
    396.90000    3.88450    0.07804    0.20251    0.06159
    400.58000    3.87337    0.06276    0.25514    0.06827
    403.38000    3.81971    0.03616    0.24911    0.07626
    405.40000    4.01602    0.03846    0.26930    0.03851
    408.48000    3.75983    0.06297    0.16017    0.06925
    411.54000    4.02651    0.05142    0.21409    0.06278
    413.71000    4.00993    0.06808    0.25727    0.06275
    415.56000    4.04907    0.04957    0.23902    0.06815
    417.64000    3.97060    0.06346    0.29832    0.04312
    420.12000    3.93933    0.05726    0.18160    0.07130
    424.03000    3.88751    0.04061    0.17340    0.05807
    427.42000    3.80174    0.05684    0.21891    0.03312
    431.06000    3.93450    0.04648    0.20440    0.06117
    434.02000    3.98601    0.06185    0.25020    0.06024
    437.83000    3.88835    0.04227    0.25523    0.07218
    440.88000    3.82577    0.04444    0.37818    0.06679
    443.83000    3.79954    0.05885    0.17401    0.05519
    445.20000    3.75356    0.04973    0.26461    0.06121
    449.12000    3.83213    0.04350    0.32497    0.06754
    452.49000    3.72958    0.05387    0.32130    0.05947
    456.03000    3.77380    0.05584    0.19183    0.06739
    461.04000    3.96109    0.05950    0.23249    0.04096
    463.78000    3.93431    0.05132    0.29169    0.05261
    466.70000    3.71912    0.06810    0.24728    0.05374
    470.80000    3.96807    0.06487    0.28323    0.04348
    473.29000    3.95242    0.02579    0.19188    0.07136
    475.32000    4.01241    0.08702    0.28090    0.05494
    479.27000    3.91984    0.03854    0.21629    0.04100
    482.97000    4.04393    0.07398    0.19203    0.02552
    731.08000    4.70007    0.04530    0.28971    0.03932
    734.15000    4.77772    0.04746    0.23762    0.07315
    738.08000    4.76025    0.04063    0.26523    0.08237
    741.84000    4.81236    0.01981    0.35079    0.06875
    743.99000    4.78618    0.03997    0.17638    0.05109
    747.36000    4.75914    0.06443    0.24111    0.05505
    751.33000    4.63407    0.05506    0.27626    0.07410
    752.54000    4.75088    0.06548    0.29926    0.06102
    756.00000    4.61964    0.05111    0.28026    0.06860
    759.49000    4.60666    0.03901    0.39356    0.05323
    764.99000    4.69778    0.06761    0.29523    0.02164
    769.82000    4.60374    0.05289    0.22862    0.04404
    772.65000    4.50557    0.04754    0.26154    0.03312
    776.08000    4.44342    0.07549    0.32224    0.03544
    781.47000    4.31666    0.07642    0.28640    0.05584
    784.53000    4.41995    0.08204    0.36027    0.06861
    787.23000    4.47282    0.05759    0.31656    0.03070
    790.59000    4.55301    0.04035    0.27145    0.05874
    793.28000    4.43488    0.04683    0.22766    0.06797
    795.11000    4.54638    0.04431    0.16914    0.10584
    796.49000    4.56008    0.04314    0.30489    0.07315
    801.01000    4.47706    0.03565    0.32085    0.03004
    804.42000    4.44058    0.09584    0.38341    0.08137
    807.82000    4.45211    0.06515    0.22520    0.04409
    811.70000    4.58438    0.06347    0.22955    0.06192
    816.28000    4.47995    0.04113    0.22566    0.05526
    819.38000    4.51636    0.05018    0.30390    0.05418
    821.49000    4.54335    0.02127    0.23920    0.06599
    823.45000    4.56091    0.07321    0.18616    0.04404
    826.47000    4.56209    0.06712    0.27090    0.07084
    829.78000    4.47975    0.05010    0.25348    0.05602
    833.79000    4.52192    0.07799    0.30244    0.05673
    837.13000    4.41826    0.09112    0.25643    0.06475
    840.01000    4.40978    0.05742    0.26000    0.03414
    842.37000    4.52466    0.05678    0.28611    0.07448
    845.50000    4.50913    0.04520    0.26762    0.06291
    846.64000    4.44276    0.04830    0.28757    0.04134
   1098.30000    4.77963    0.06790    0.30208    0.04425
   1102.29000    4.79463    0.07304    0.39199    0.08744
   1104.65000    4.71566    0.06346    0.27061    0.05579
   1106.32000    4.67819    0.04440    0.24064    0.04577
   1109.29000    4.75890    0.06529    0.26064    0.05433
   1112.59000    4.80991    0.08054    0.28665    0.05707
   1116.44000    4.71929    0.04474    0.22484    0.05111
   1117.89000    4.89776    0.06916    0.27773    0.07378
   1119.91000    4.77995    0.07942    0.07493    0.06853
   1125.55000    4.92457    0.06960    0.21491    0.03207
   1127.36000    5.08932    0.06010    0.21710    0.04366
   1130.75000    5.01997    0.04591    0.23404    0.05164
   1132.43000    4.99355    0.06464    0.28147    0.01464
   1134.74000    5.02846    0.07433    0.26155    0.06793
   1139.09000    5.04381    0.07974    0.31689    0.08153
   1142.62000    5.12646    0.07189    0.28796    0.02834
   1144.36000    4.92090    0.05775    0.33967    0.04000
   1146.42000    5.02187    0.03775    0.27807    0.05305
   1149.83000    5.04987    0.07430    0.26744    0.02361
   1151.91000    4.96819    0.05432    0.26362    0.04844
   1154.73000    4.93641    0.04106    0.27225    0.04739
   1156.45000    4.98050    0.02239    0.29346    0.04020
   1159.82000    5.03533    0.06010    0.36219    0.03891
   1163.82000    4.93647    0.05910    0.33881    0.02871
   1165.82000    5.02413    0.04410    0.29712    0.05507
   1168.44000    5.09347    0.01861    0.25661    0.03825
   1170.81000    5.06224    0.05788    0.24461    0.06756
   1172.31000    5.02217    0.05762    0.29526    0.04553
   1174.80000    5.01785    0.04213    0.33503    0.06531
   1178.00000    4.92770    0.02676    0.28062    0.07045
   1180.42000    4.85266    0.06802    0.34566    0.03909
   1183.60000    4.87162    0.03009    0.34709    0.05414
   1186.49000    4.89753    0.06466    0.20813    0.06476
   1188.39000    4.86695    0.06255    0.27553    0.03037
   1192.61000    4.84852    0.04560    0.36182    0.04836
   1193.75000    4.89831    0.05989    0.36655    0.05341
   1196.87000    4.76051    0.05792    0.34005    0.06320
   1200.45000    4.55895    0.04001    0.35240    0.06376
   1202.32000    4.66594    0.03967    0.29913    0.05081
   1204.25000    4.59053    0.04285    0.33832    0.04136
   1207.59000    4.55856    0.04688    0.32551    0.03644
   1211.47000    4.46754    0.05642    0.32101    0.03543
   1212.16000    4.48601    0.04133    0.24957    0.04083
   1214.72000    4.49090    0.05482    0.21722    0.05757
   1461.96000    3.93099    0.05057    0.23987    0.05468
   1464.55000    4.02700    0.06268    0.28870    0.03908
   1466.27000    3.91327    0.03209    0.36322    0.07610
   1470.35000    4.02519    0.08011    0.23655    0.06397
   1474.09000    3.98468    0.05005    0.09379    0.07076
   1478.02000    4.01616    0.04933    0.33829    0.07207
   1480.78000    3.96743    0.05402    0.18828    0.06373
   1483.96000    4.01415    0.05967    0.23195    0.05608
   1486.74000    4.04589    0.04026    0.24396    0.07818
   1490.00000    4.04168    0.04721    0.24264    0.03685
   1493.39000    4.13033    0.04370    0.31585    0.06091
   1497.85000    4.14558    0.02434    0.22021    0.06011
   1500.58000    4.10696    0.07073    0.40138    0.04902
   1504.14000    4.25792    0.06370    0.31919    0.05881
   1507.48000    4.19520    0.04924    0.21943    0.06281
   1510.34000    4.21177    0.06669    0.15556    0.05713
   1512.69000    4.27126    0.06282    0.34003    0.06386
   1514.46000    4.34237    0.07058    0.13954    0.08517
   1516.92000    4.23344    0.05338    0.11545    0.07046
   1518.80000    4.24748    0.03889    0.32026    0.06913
   1523.32000    4.31260    0.04966    0.23245    0.05444
   1526.64000    4.41737    0.06221    0.26775    0.05488
   1528.97000    4.22307    0.06304    0.34346    0.05314
   1532.80000    4.28160    0.05230    0.21700    0.05371
   1535.57000    4.24675    0.05843    0.23940    0.04371
   1538.84000    4.27554    0.04672    0.23997    0.05390
   1541.52000    4.19346    0.07141    0.18553    0.04708
   1545.76000    4.18869    0.04259    0.24064    0.03793
   1548.39000    4.16201    0.06633    0.28093    0.06511
   1552.32000    4.17352    0.03982    0.25872    0.03415
   1554.55000    4.21246    0.06512    0.25113    0.04015
   1559.76000    4.17620    0.03664    0.27880    0.04589
   1563.39000    4.23755    0.05507    0.26122    0.03048
   1566.96000    4.22167    0.07449    0.28653    0.02140
   1569.55000    4.25758    0.03617    0.23822    0.07612
   1571.79000    4.17007    0.06326    0.31740    0.05150
   1575.08000    4.07380    0.06364    0.26961    0.06937
   1578.33000    4.16892    0.06061    0.26734    0.04129
   1825.15000    4.08128    0.06009    0.09455    0.05754
   1829.39000    3.96121    0.00177    0.17626    0.06346
   1833.02000    4.01062    0.04099    0.30432    0.06687
   1836.33000    4.06021    0.07541    0.23736    0.03034
   1840.70000    4.01569    0.02862    0.27969    0.02824
   1844.58000    3.93815    0.03397    0.21429    0.02923
   1847.98000    3.85631    0.05353    0.24908    0.03483
   1852.03000    4.01734    0.04299    0.30909    0.07918
   1856.22000    3.95662    0.03007    0.30414    0.04653
   1861.37000    3.80315    0.07264    0.26126    0.04475
   1864.18000    3.93284    0.08104    0.26702    0.04936
   1868.80000    3.87326    0.06583    0.22039    0.07793
   1870.57000    3.89086    0.05982    0.32283    0.06119
   1874.65000    3.96251    0.03501    0.12841    0.05330
   1876.17000    3.97203    0.04647    0.14252    0.04557
   1879.12000    3.94193    0.08149    0.19757    0.05965
   1880.46000    3.97367    0.03641    0.22867    0.01924
   1883.15000    3.94444    0.04860    0.22717    0.03507
   1885.05000    4.11951    0.05392    0.21630    0.05736
   1886.55000    3.92896    0.06289    0.21281    0.05501
   1889.41000    4.00444    0.05709    0.27453    0.04165
   1892.83000    4.15868    0.05889    0.20700    0.03808
   1895.09000    4.17739    0.04233    0.09811    0.06176
   1898.31000    4.08221    0.06213    0.20722    0.05216
   1901.63000    4.11806    0.04219    0.33878    0.07571
   1904.85000    3.97786    0.05891    0.18463    0.05021
   1908.98000    4.15891    0.03215    0.19210    0.04368
   1912.05000    4.14427    0.05109    0.24652    0.03740
   1916.17000    4.26171    0.03368    0.26622    0.07137
   1917.50000    4.21414    0.07930    0.25180    0.05661
   1920.99000    4.22010    0.04583    0.23068    0.05261
   1923.95000    4.22611    0.04544    0.31195    0.07465
   1928.25000    4.28837    0.06178    0.26816    0.02328
   1932.14000    4.41642    0.07918    0.26327    0.05632
   1935.29000    4.20097    0.10048    0.27229    0.07511
   1939.00000    4.36013    0.03733    0.21369    0.03738
   1941.25000    4.30074    0.06182    0.26234    0.04706
   2191.76000    4.55150    0.03233    0.20744    0.06490
   2195.39000    4.44432    0.04105    0.27358    0.05689
   2198.76000    4.39225    0.05659    0.30741    0.05309
   2202.29000    4.27204    0.05326    0.20562    0.04207
   2205.97000    4.31932    0.07799    0.24686    0.03560
   2209.42000    4.27882    0.06355    0.31907    0.04630
   2212.79000    4.29666    0.09183    0.34027    0.06427
   2215.50000    4.25807    0.06013    0.26258    0.04607
   2218.38000    4.25021    0.05297    0.40410    0.04678
   2222.45000    4.15305    0.05808    0.27523    0.06997
   2225.58000    4.19390    0.07356    0.20039    0.04625
   2229.05000    4.13792    0.06201    0.24119    0.04799
   2232.78000    4.22307    0.05891    0.30158    0.04004
   2236.54000    4.09249    0.06564    0.30757    0.06084
   2239.74000    4.09109    0.06358    0.29181    0.05859
   2241.16000    4.13669    0.04536    0.19213    0.05306
   2243.76000    4.14885    0.04892    0.26528    0.03852
   2245.78000    4.10440    0.05175    0.33022    0.06767
   2247.07000    4.07631    0.06359    0.30936    0.07369
   2251.78000    4.02528    0.03604    0.24117    0.07214
   2253.63000    4.05417    0.07853    0.32207    0.06376
   2257.10000    4.02640    0.06101    0.38393    0.05776
   2262.28000    3.96378    0.06143    0.24551    0.04469
   2266.27000    3.97655    0.06289    0.31858    0.07284
   2269.62000    4.09849    0.04320    0.17068    0.06186
   2273.88000    4.01247    0.07124    0.31961    0.05996
   2276.17000    3.98412    0.04358    0.21799    0.05504
   2279.04000    3.96640    0.05610    0.31006    0.05956
   2280.65000    3.97292    0.05964    0.21308    0.04154
   2283.61000    4.07260    0.03440    0.25507    0.03677
   2287.52000    3.97286    0.05739    0.23269    0.03457
   2290.53000    4.07103    0.04129    0.26283    0.06460
   2293.92000    4.01645    0.05042    0.31910    0.06934
   2297.14000    4.13704    0.06423    0.33124    0.06335
   2298.48000    4.08654    0.05453    0.30679    0.05016
   2301.70000    4.09819    0.03266    0.23060    0.04829
   2304.48000    4.07257    0.06667    0.24240    0.06678
   2307.40000    4.01406    0.06646    0.12169    0.06653
   2556.30000    4.17959    0.07559    0.33903    0.04572
   2558.87000    4.16311    0.05131    0.15982    0.06656
   2562.13000    4.18412    0.06349    0.25916    0.05796
   2564.91000    4.28360    0.04758    0.22558    0.04483
   2568.58000    4.22313    0.07346    0.25640    0.05530
   2571.94000    4.03062    0.05754    0.19726    0.04204
   2573.63000    3.95265    0.04963    0.23850    0.02364
   2576.31000    4.02938    0.05700    0.30341    0.06174
   2580.45000    3.98776    0.04010    0.30584    0.07090
   2583.98000    4.03861    0.07215    0.19694    0.05042
   2585.84000    3.96094    0.05078    0.30819    0.07794
   2591.02000    4.08564    0.06109    0.29733    0.05626
   2594.02000    3.80254    0.06012    0.26036    0.02205
   2598.18000    3.98474    0.06128    0.23321    0.06105
   2601.15000    3.88616    0.07510    0.32262    0.05283
   2602.89000    4.00233    0.03548    0.27790    0.05306
   2605.77000    4.00427    0.05008    0.34873    0.07231
   2609.45000    3.98230    0.04642    0.31140    0.03652
   2611.89000    4.12187    0.08095    0.31397    0.05827
   2614.03000    3.99154    0.07136    0.22217    0.04735
   2617.64000    4.02998    0.05112    0.24405    0.05326
   2620.46000    4.01538    0.06110    0.35503    0.04850
   2624.65000    3.96671    0.05959    0.22544    0.04629
   2628.52000    4.17299    0.06888    0.23697    0.06267
   2631.53000    4.15211    0.07688    0.23727    0.02363
   2634.82000    3.94963    0.03412    0.22898    0.05656
   2636.57000    4.11491    0.05002    0.26509    0.04798
   2638.93000    4.00563    0.04650    0.28396    0.06730
   2642.22000    3.99875    0.04441    0.10771    0.06452
   2645.80000    3.72852    0.05049    0.24842    0.05497
   2649.67000    3.81835    0.03263    0.29425    0.07245
   2651.98000    4.00420    0.06940    0.24943    0.03419
   2655.82000    3.90192    0.04052    0.24200    0.04405
   2659.83000    3.94305    0.05634    0.22017    0.06363
   2660.64000    3.89601    0.07115    0.23325    0.05503
   2663.06000    3.77788    0.04539    0.23483    0.07536
   2666.95000    3.81743    0.02088    0.24310    0.08496
   2668.89000    3.71443    0.06120    0.25794    0.04696
   2670.87000    3.84656    0.05804    0.25800    0.06572
   2671.06000    3.78112    0.04324    0.24676    0.04802
   2674.77000    3.78916    0.06141    0.15863    0.06503
   2920.01000    3.63267    0.06756    0.23447    0.04049
   2922.78000    3.76657    0.04746    0.25963    0.03870
   2926.12000    3.82804    0.08194    0.31125    0.04540
   2928.23000    3.70298    0.05148    0.24542    0.06204
   2931.38000    3.76890    0.04700    0.29708    0.05758
   2934.74000    3.74708    0.04002    0.23405    0.03059
   2938.20000    3.74727    0.04076    0.25847    0.06499
   2941.98000    3.78005    0.05118    0.23744    0.03055
   2943.61000    3.71477    0.06320    0.18452    0.06889
   2946.76000    3.76404    0.03109    0.10777    0.06464
   2951.43000    3.78655    0.05157    0.36669    0.07252
   2953.77000    3.83180    0.02798    0.18890    0.02259
   2956.78000    3.80749    0.04962    0.24413    0.03358
   2959.62000    3.85834    0.04758    0.25394    0.05137
   2964.12000    3.96302    0.04321    0.21923    0.07082
   2966.33000    3.97839    0.06507    0.16163    0.06701
   2969.96000    3.97806    0.07345    0.30882    0.09021
   2973.38000    4.03111    0.05922    0.28189    0.04303
   2976.47000    3.81195    0.07077    0.19183    0.03167
   2978.55000    3.77307    0.03103    0.17152    0.03422
   2981.02000    3.88118    0.06854    0.21146    0.03758
   2984.53000    3.63129    0.06011    0.18498    0.04351
   2987.86000    3.75894    0.06786    0.30146    0.09373
   2991.84000    3.75209    0.05298    0.35604    0.06272
   2993.96000    3.65215    0.06851    0.23976    0.03520
   2996.13000    3.59932    0.07843    0.26047    0.05836
   2998.94000    3.63064    0.03859    0.22775    0.02417
   3001.61000    3.73591    0.06394    0.22925    0.03626
   3004.67000    3.64999    0.06731    0.09671    0.08684
   3006.69000    3.66152    0.03949    0.21989    0.05219
   3007.88000    3.71328    0.02771    0.24988    0.06212
   3011.38000    3.79049    0.03917    0.23934    0.07663
   3014.06000    3.69555    0.06167    0.19993    0.07308
   3016.82000    3.78272    0.04323    0.19033    0.03481
   3019.96000    3.75541    0.01678    0.24729    0.03537
   3022.20000    3.66760    0.05302    0.11322    0.06698
   3024.56000    3.59037    0.06093    0.24030    0.03062
   3027.92000    3.72950    0.03568    0.23912    0.07791
   3029.80000    3.77823    0.05792    0.34497    0.06798
   3033.78000    3.56087    0.07605    0.28675    0.06337
   3037.85000    3.60797    0.06085    0.36436    0.10567
   3287.35000    3.55045    0.05381    0.15911    0.06430
   3290.38000    3.47050    0.04219    0.12459    0.06945
   3292.45000    3.54962    0.04312    0.16118    0.05057
   3295.86000    3.52956    0.06855    0.16903    0.03453
   3297.53000    3.45826    0.07190    0.13217    0.03789
   3300.96000    3.60802    0.05280    0.28734    0.07412
   3305.60000    3.48173    0.06385    0.14728    0.03814
   3309.23000    3.52773    0.05547    0.22216    0.07047
   3311.75000    3.44879    0.04715    0.29877    0.09128
   3313.67000    3.42476    0.03697    0.16348    0.07344
   3317.07000    3.47125    0.05426    0.21147    0.05139
   3319.96000    3.55370    0.06415    0.16856    0.06800
   3323.93000    3.54683    0.07228    0.19013    0.03847
   3325.13000    3.44808    0.04937    0.22115    0.03960
   3327.54000    3.57045    0.04278    0.11501    0.06435
   3329.71000    3.74805    0.07231    0.23815    0.02970
   3331.59000    3.57215    0.04240    0.17493    0.04809
   3333.69000    3.60287    0.04928    0.17942    0.05599
   3337.07000    3.63239    0.05934    0.31277    0.07509
   3340.32000    3.39325    0.06373    0.21668    0.04347
   3342.29000    3.71042    0.04900    0.24128    0.07846
   3344.91000    3.46682    0.08179    0.15815    0.05063
   3346.80000    3.61832    0.02940    0.12693    0.04544
   3349.25000    3.54173    0.04263    0.28554    0.07084
   3351.72000    3.61481    0.04809    0.15308    0.05088
   3354.20000    3.56202    0.05885    0.23449    0.04129
   3356.18000    3.61370    0.05431    0.23997    0.06104
   3360.34000    3.45724    0.01466    0.32226    0.07346
   3363.80000    3.47442    0.06522    0.32236    0.06630
   3366.52000    3.65722    0.06465    0.23212    0.05076
   3369.50000    3.50229    0.03189    0.21620    0.02886
   3372.78000    3.59428    0.06631    0.21194    0.05095
   3375.59000    3.52825    0.00240    0.20606    0.06568
   3378.61000    3.52344    0.07383    0.22842    0.05896
   3380.87000    3.53093    0.04440    0.21102    0.04498
   3384.24000    3.47867    0.01359    0.23651    0.03774
   3388.25000    3.56374    0.05946    0.18695    0.04109
   3392.99000    3.63156    0.05208    0.21990    0.03498
   3396.44000    3.64555    0.02784    0.23722    0.04909
   3399.53000    3.53029    0.05028    0.35131    0.06781
   3401.63000    3.64633    0.05085    0.25134    0.07021
