## Time Delay Challenge light curves
##
## [time]=days, [lc]=[err]=flux in nanomaggies
##
##       time       lc_A      err_A       lc_B      err_B
##-------------------------------------------------------
      0.39000    1.26784    0.02258    0.74728    0.04860
      2.09000    1.32668    0.06627    0.80103    0.06091
      4.36000    1.36618    0.05458    0.72868    0.08810
      7.01000    1.34509    0.02819    0.76441    0.07785
      9.29000    1.39560    0.05945    0.72908    0.03843
     12.75000    1.37580    0.05625    0.70997    0.05481
     16.52000    1.32549    0.05877    0.70165    0.06149
     20.51000    1.39025    0.05476    0.81720    0.04207
     25.29000    1.30624    0.06112    0.79456    0.05281
     30.19000    1.37710    0.03169    0.88980    0.07342
     32.18000    1.31742    0.05824    0.67807    0.07197
     35.17000    1.31060    0.06033    0.67175    0.03973
     37.57000    1.32522    0.06639    0.63951    0.05975
     40.98000    1.43171    0.06054    0.76757    0.03118
     43.14000    1.36648    0.01870    0.78731    0.05605
     45.67000    1.36828    0.03303    0.75879    0.04689
     47.65000    1.37054    0.04511    0.81401    0.05352
     49.82000    1.29461    0.03779    0.77263    0.05000
     53.38000    1.41201    0.07149    0.78404    0.02904
     58.99000    1.42030    0.06505    0.80412    0.03339
     62.73000    1.35093    0.04732    0.77742    0.06882
     65.59000    1.35303    0.05624    0.67426    0.08349
     67.25000    1.37124    0.03381    0.74766    0.02811
     70.07000    1.42116    0.06100    0.78228    0.03785
     73.91000    1.32566    0.03363    0.81832    0.02012
     77.43000    1.20702    0.05933    0.68217    0.03636
     79.24000    1.27130    0.05007    0.95447    0.07752
     81.05000    1.32849    0.06581    0.76828    0.04427
     83.22000    1.35783    0.05546    0.83693    0.03343
     87.37000    1.35739    0.02812    0.78532    0.04814
     90.49000    1.28658    0.03753    0.81623    0.05237
     92.47000    1.25203    0.06888    0.79503    0.03556
     94.98000    1.30916    0.03841    0.78490    0.05975
     98.38000    1.32163    0.03864    0.79696    0.08353
    101.43000    1.34800    0.05914    0.83252    0.04153
    103.97000    1.29251    0.04343    0.79986    0.02937
    106.16000    1.35597    0.04748    0.89430    0.07314
    109.13000    1.32396    0.05095    0.82144    0.06774
    112.72000    1.26205    0.03295    0.79427    0.04367
    113.95000    1.38198    0.05254    0.80062    0.06610
    116.63000    1.31005    0.02033    0.73357    0.05243
    119.70000    1.26344    0.05102    0.79984    0.09060
    365.44000    1.46351    0.02170    0.81324    0.05667
    368.87000    1.38732    0.04917    0.78551    0.05123
    372.18000    1.35715    0.06000    0.76741    0.04091
    375.20000    1.46483    0.04768    0.67525    0.07452
    378.46000    1.56302    0.08730    0.83866    0.07436
    381.73000    1.43055    0.05581    0.76384    0.03516
    384.63000    1.45238    0.07530    0.77880    0.01403
    388.69000    1.46502    0.04520    0.79518    0.03307
    391.37000    1.39762    0.08798    0.73042    0.02916
    392.99000    1.41883    0.03282    0.69958    0.05349
    396.12000    1.35950    0.05341    0.79639    0.05067
    398.44000    1.28944    0.04108    0.85328    0.06207
    401.01000    1.41599    0.04658    0.67472    0.04213
    402.97000    1.40222    0.02793    0.86555    0.05027
    406.72000    1.41318    0.05563    0.76003    0.04600
    409.93000    1.30713    0.04405    0.77339    0.06066
    413.36000    1.40085    0.05428    0.74592    0.02395
    416.95000    1.37158    0.05107    0.85757    0.06432
    420.35000    1.36013    0.06641    0.91309    0.11781
    420.67000    1.38226    0.04871    0.82629    0.06547
    425.20000    1.41723    0.02033    0.83255    0.05499
    428.58000    1.37050    0.08062    0.79791    0.01679
    430.56000    1.39779    0.03595    0.78478    0.05010
    434.03000    1.33083    0.07052    0.74053    0.05849
    437.61000    1.38009    0.09776    0.86868    0.04547
    441.13000    1.36363    0.05976    0.88016    0.06813
    445.15000    1.42718    0.05561    0.78994    0.04028
    447.44000    1.37975    0.07205    0.83956    0.03606
    449.46000    1.39577    0.04321    0.88132    0.05611
    451.40000    1.35770    0.06003    0.76877    0.06394
    453.39000    1.41933    0.04954    0.74260    0.04999
    457.26000    1.31601    0.05229    0.81424    0.06936
    458.93000    1.34119    0.05540    0.67320    0.04800
    462.09000    1.50686    0.05948    0.73003    0.05296
    464.33000    1.27701    0.05299    0.91909    0.06641
    468.23000    1.41295    0.08326    0.78221    0.06927
    471.46000    1.36595    0.04189    0.81675    0.05671
    474.04000    1.39894    0.05718    0.88687    0.06604
    477.00000    1.41132    0.06107    0.85859    0.04680
    479.54000    1.32490    0.05528    0.79247    0.05908
    482.26000    1.33081    0.04344    0.81524    0.04409
    731.29000    1.36418    0.03781    0.67709    0.05644
    734.30000    1.39690    0.03172    0.82125    0.07097
    736.64000    1.35960    0.07292    0.82408    0.04781
    739.32000    1.37178    0.05754    0.72946    0.03451
    742.73000    1.32527    0.05104    0.64715    0.05865
    744.85000    1.44058    0.06658    0.74265    0.10038
    749.79000    1.41105    0.03743    0.70176    0.05609
    754.00000    1.40722    0.04814    0.76415    0.06500
    757.25000    1.31121    0.04941    0.70196    0.05017
    760.57000    1.35853    0.06352    0.76281    0.04480
    764.03000    1.47994    0.08223    0.83545    0.04600
    767.86000    1.34934    0.04951    0.84372    0.03592
    772.62000    1.33828    0.01912    0.79646    0.02994
    775.99000    1.32301    0.03674    0.78502    0.05623
    779.02000    1.40033    0.04409    0.80535    0.04172
    783.07000    1.31172    0.05947    0.85083    0.03693
    784.02000    1.33747    0.06140    0.83304    0.04362
    787.41000    1.29201    0.08267    0.89104    0.04096
    790.40000    1.31975    0.04941    0.85360    0.06607
    793.06000    1.32437    0.02834    0.79956    0.02314
    795.46000    1.26481    0.04240    0.82340    0.05110
    796.56000    1.31027    0.07201    0.74729    0.04993
    798.81000    1.32036    0.04374    0.88035    0.05523
    802.09000    1.21785    0.06490    0.80876    0.04968
    805.24000    1.34485    0.06452    0.80375    0.04385
    808.40000    1.31339    0.04353    0.82119    0.05615
    811.31000    1.28702    0.03451    0.81221    0.05578
    814.75000    1.40163    0.05537    0.89513    0.06928
    817.00000    1.31062    0.05647    0.81280    0.03826
    818.83000    1.33539    0.06483    0.73693    0.04209
    821.38000    1.38326    0.04820    0.79007    0.05536
    824.23000    1.35470    0.07432    0.70797    0.06167
    826.75000    1.34239    0.06377    0.77240    0.07564
    830.52000    1.33279    0.04577    0.78709    0.07744
    833.42000    1.46694    0.07133    0.71549    0.07535
    837.78000    1.29146    0.04610    0.79353    0.04352
    840.39000    1.30833    0.03645    0.76976    0.04540
    843.98000    1.33747    0.03677    0.85383    0.08068
    848.08000    1.35466    0.03535    0.72558    0.05948
    849.79000    1.26592    0.03650    0.76305    0.07417
   1095.75000    1.35737    0.05183    0.73736    0.05368
   1098.44000    1.26318    0.05472    0.75987    0.07126
   1099.79000    1.27240    0.04136    0.79770    0.05634
   1102.53000    1.26075    0.03995    0.78276    0.06418
   1105.49000    1.18390    0.06016    0.72954    0.05482
   1105.96000    1.21573    0.07788    0.82662    0.05592
   1109.08000    1.29694    0.06742    0.75647    0.07018
   1111.57000    1.19475    0.05994    0.80566    0.05203
   1113.86000    1.06716    0.09267    0.87114    0.06271
   1117.72000    1.22896    0.04996    0.75045    0.03810
   1120.11000    1.27304    0.01484    0.60389    0.06539
   1124.45000    1.20645    0.07287    0.82740    0.04558
   1127.81000    1.12444    0.06556    0.79172    0.04081
   1130.93000    1.28173    0.03762    0.76059    0.06493
   1133.21000    1.26422    0.06902    0.85253    0.05833
   1135.36000    1.29803    0.08336    0.80689    0.03616
   1138.59000    1.11242    0.07819    0.78322    0.05696
   1141.00000    1.16243    0.04183    0.71106    0.03799
   1143.69000    1.23357    0.04553    0.59599    0.06386
   1146.62000    1.25966    0.05970    0.89734    0.06780
   1149.92000    1.15859    0.05851    0.69168    0.06142
   1154.54000    1.33147    0.06479    0.79468    0.05856
   1158.62000    1.26367    0.06974    0.78009    0.03001
   1161.41000    1.26723    0.03041    0.85255    0.05289
   1163.98000    1.16287    0.05334    0.83352    0.08388
   1165.83000    1.21807    0.06068    0.74098    0.04777
   1170.06000    1.13667    0.05249    0.74245    0.08096
   1171.24000    1.31900    0.09206    0.73514    0.03045
   1173.96000    1.23323    0.06376    0.80364    0.04218
   1175.24000    1.19690    0.04591    0.75967    0.03939
   1178.20000    1.15301    0.05145    0.82882    0.07534
   1180.71000    1.27844    0.05858    0.77257    0.07456
   1182.82000    1.13908    0.05503    0.70786    0.07091
   1184.83000    1.21103    0.04590    0.64358    0.07871
   1187.20000    1.17261    0.07026    0.77132    0.07663
   1188.48000    1.25170    0.06432    0.80439    0.05509
   1192.03000    1.18172    0.05545    0.68646    0.06584
   1194.17000    1.26715    0.08272    0.78777    0.07436
   1196.34000    1.19958    0.06268    0.78820    0.05480
   1198.67000    1.17912    0.02769    0.81212    0.04824
   1201.53000    1.15507    0.07981    0.76097    0.05290
   1202.62000    1.20602    0.03620    0.76778    0.05131
   1205.86000    1.21491    0.05561    0.70528    0.06510
   1207.56000    1.17387    0.06784    0.70016    0.06135
   1210.20000    1.24461    0.05364    0.57704    0.08759
   1213.64000    1.26579    0.05507    0.75158    0.04772
   1461.18000    1.21087    0.07164    0.74031    0.05311
   1464.52000    1.30594    0.06086    0.65716    0.05114
   1466.77000    1.16137    0.04974    0.70264    0.02525
   1469.48000    1.32985    0.06301    0.72955    0.06954
   1473.77000    1.25436    0.03864    0.67914    0.09497
   1476.41000    1.20202    0.04763    0.78125    0.08836
   1478.91000    1.22838    0.03948    0.69295    0.02728
   1482.86000    1.18487    0.07061    0.53418    0.07795
   1485.03000    1.20517    0.06060    0.74554    0.04684
   1489.11000    1.22852    0.02230    0.64723    0.05667
   1490.98000    1.22824    0.02660    0.77711    0.07003
   1494.70000    1.20077    0.05179    0.70587    0.05668
   1496.10000    1.18909    0.06585    0.66145    0.06309
   1500.76000    1.36492    0.07773    0.70669    0.04586
   1503.26000    1.16630    0.05327    0.70431    0.04708
   1506.40000    1.18055    0.04652    0.84207    0.06000
   1509.19000    1.09830    0.06786    0.84593    0.04043
   1512.64000    1.15533    0.05747    0.68138    0.06395
   1516.30000    1.28044    0.03499    0.72097    0.06850
   1520.33000    1.15379    0.04948    0.77221    0.04455
   1522.45000    1.26966    0.05841    0.75622    0.06442
   1525.31000    1.20043    0.02745    0.67719    0.07020
   1530.98000    1.18017    0.05996    0.80392    0.05657
   1533.07000    1.21244    0.04651    0.77567    0.02001
   1536.29000    1.23323    0.03956    0.78276    0.02007
   1539.51000    1.21196    0.05774    0.78060    0.05110
   1542.85000    1.15312    0.02763    0.75935    0.02196
   1545.76000    1.16004    0.07105    0.73932    0.04964
   1548.03000    1.18132    0.06959    0.72380    0.08273
   1552.39000    1.33904    0.08825    0.78002    0.05123
   1555.02000    1.25900    0.11022    0.74405    0.01788
   1557.49000    1.20212    0.07084    0.75293    0.04557
   1560.87000    1.27772    0.06425    0.77269    0.02559
   1565.37000    1.24265    0.05559    0.71620    0.06135
   1568.00000    1.26303    0.07029    0.76245    0.05999
   1573.12000    1.29805    0.05630    0.78835    0.06409
   1576.06000    1.18190    0.06108    0.78627    0.01765
   1826.97000    1.31851    0.02949    0.76764    0.05936
   1831.42000    1.26421    0.06614    0.79684    0.05081
   1834.24000    1.30506    0.05239    0.87851    0.05818
   1836.44000    1.27649    0.03972    0.80648    0.04027
   1838.07000    1.35360    0.05673    0.75994    0.05715
   1841.11000    1.24773    0.04664    0.80664    0.06012
   1843.75000    1.25274    0.07285    0.75243    0.06765
   1848.13000    1.29036    0.07532    0.83626    0.03995
   1850.76000    1.32599    0.06610    0.74944    0.07376
   1854.47000    1.26370    0.03072    0.80186    0.05386
   1856.43000    1.36033    0.05760    0.82582    0.06572
   1857.38000    1.27176    0.07291    0.75300    0.07048
   1859.96000    1.32937    0.05208    0.69795    0.06197
   1865.22000    1.15298    0.04561    0.82659    0.05372
   1866.74000    1.20436    0.07414    0.69774    0.07988
   1870.89000    1.31700    0.04870    0.76344    0.06573
   1873.44000    1.30212    0.05638    0.79152    0.07991
   1875.58000    1.27002    0.01972    0.72128    0.06361
   1877.57000    1.17787    0.07402    0.85952    0.06488
   1881.37000    1.28624    0.04258    0.88353    0.05766
   1883.41000    1.14942    0.05304    0.81806    0.04576
   1885.90000    1.12606    0.06221    0.81977    0.03629
   1888.71000    1.20874    0.05177    0.73741    0.04292
   1890.87000    1.24188    0.03145    0.80571    0.05680
   1894.33000    1.22766    0.04995    0.77277    0.06580
   1897.33000    1.26060    0.05658    0.70832    0.05526
   1899.57000    1.17013    0.04898    0.71809    0.05778
   1902.80000    1.28030    0.06603    0.76339    0.06352
   1906.26000    1.28088    0.04260    0.87521    0.04676
   1910.30000    1.25288    0.04599    0.75211    0.04659
   1913.83000    1.29491    0.03974    0.75459    0.04762
   1915.48000    1.27299    0.05670    0.79074    0.03580
   1918.48000    1.21921    0.03648    0.81721    0.07294
   1921.34000    1.27187    0.08652    0.75582    0.02797
   1923.65000    1.24714    0.05027    0.74445    0.06157
   1928.02000    1.27979    0.06815    0.73833    0.06272
   1930.64000    1.19838    0.05336    0.82262    0.04599
   1933.05000    1.34633    0.07123    0.71540    0.06684
   1935.68000    1.24582    0.07135    0.86856    0.04469
   1940.02000    1.30611    0.05674    0.87186    0.05223
   1942.15000    1.31679    0.06567    0.62461    0.09729
   2190.84000    1.26723    0.04661    0.79563    0.08204
   2193.29000    1.25367    0.02492    0.78009    0.04772
   2196.44000    1.33952    0.05823    0.83462    0.05552
   2199.02000    1.29470    0.03840    0.73769    0.05710
   2200.89000    1.24602    0.04730    0.75457    0.04328
   2201.59000    1.27682    0.04953    0.74305    0.03917
   2204.94000    1.24929    0.03923    0.74122    0.01440
   2207.87000    1.27497    0.05787    0.83391    0.06297
   2211.26000    1.28925    0.01428    0.72985    0.05513
   2214.69000    1.22111    0.05765    0.77934    0.03574
   2219.48000    1.30429    0.02600    0.75410    0.01049
   2222.75000    1.35516    0.04595    0.80893    0.04950
   2226.08000    1.38003    0.06600    0.67910    0.04963
   2228.22000    1.21885    0.05759    0.73006    0.02712
   2231.68000    1.47224    0.07057    0.70881    0.04327
   2237.20000    1.28345    0.05535    0.70566    0.08208
   2239.44000    1.24213    0.03445    0.72357    0.05595
   2241.65000    1.39453    0.03642    0.75321    0.05453
   2244.57000    1.29112    0.05334    0.75539    0.02605
   2247.91000    1.34255    0.07625    0.83128    0.06098
   2250.48000    1.35324    0.02039    0.71610    0.04044
   2252.26000    1.34567    0.03473    0.67519    0.04105
   2254.73000    1.37527    0.05353    0.71374    0.04350
   2258.35000    1.38855    0.06803    0.71886    0.05468
   2262.17000    1.33115    0.04644    0.86756    0.05743
   2265.40000    1.28013    0.04958    0.76387    0.04900
   2268.53000    1.36769    0.05736    0.77039    0.01242
   2272.96000    1.40587    0.06163    0.75566    0.05182
   2273.97000    1.35276    0.06150    0.71781    0.03665
   2277.37000    1.27030    0.02768    0.76805    0.03518
   2280.88000    1.28295    0.01970    0.89360    0.05138
   2282.62000    1.24143    0.03677    0.75499    0.03035
   2285.46000    1.26523    0.06712    0.79737    0.05981
   2288.29000    1.17829    0.05914    0.73194    0.05025
   2292.45000    1.30118    0.04286    0.74900    0.05478
   2296.01000    1.17581    0.06275    0.76693    0.04145
   2300.05000    1.29694    0.05672    0.76763    0.04988
   2303.73000    1.25731    0.03413    0.80905    0.04054
   2306.07000    1.24864    0.05507    0.74080    0.04556
   2308.25000    1.32899    0.05963    0.79485    0.06061
   2556.00000    1.33714    0.07655    0.78087    0.02266
   2560.58000    1.35727    0.04092    0.75609    0.05221
   2563.87000    1.45029    0.04879    0.88302    0.06548
   2566.28000    1.40030    0.07012    0.74467    0.04206
   2568.58000    1.45309    0.04527    0.75017    0.04001
   2570.36000    1.37696    0.04430    0.70244    0.04803
   2572.82000    1.33745    0.04539    0.83466    0.05346
   2575.42000    1.33067    0.07881    0.75392    0.04773
   2577.83000    1.40966    0.04813    0.78181    0.04773
   2580.65000    1.40724    0.03387    0.77483    0.04780
   2583.64000    1.42188    0.05368    0.81721    0.06094
   2586.14000    1.40513    0.02922    0.73861    0.04148
   2589.80000    1.41960    0.05668    0.76335    0.02679
   2591.79000    1.34775    0.05571    0.63155    0.04788
   2594.67000    1.28505    0.07846    0.87638    0.06974
   2596.67000    1.32051    0.06675    0.71707    0.06427
   2597.80000    1.31331    0.02551    0.79771    0.04193
   2600.53000    1.54245    0.06125    0.73907    0.02663
   2603.60000    1.40674    0.01958    0.75432    0.05897
   2605.26000    1.49521    0.07547    0.75187    0.01098
   2607.59000    1.39133    0.04393    0.68907    0.05475
   2611.49000    1.41228    0.06722    0.78735    0.03000
   2614.17000    1.29840    0.06377    0.84532    0.04311
   2617.27000    1.39861    0.04375    0.80407    0.05657
   2619.42000    1.28057    0.05658    0.77669    0.03138
   2621.24000    1.38232    0.04797    0.73097    0.05919
   2625.35000    1.38187    0.04241    0.57700    0.10087
   2627.05000    1.45820    0.05601    0.82495    0.06383
   2628.21000    1.41021    0.01752    0.81505    0.05537
   2630.77000    1.42292    0.08287    0.79694    0.03277
   2633.54000    1.41837    0.07986    0.80450    0.06977
   2635.98000    1.36487    0.06420    0.81175    0.06227
   2639.74000    1.43979    0.08142    0.82678    0.05683
   2643.52000    1.33536    0.06092    0.73490    0.06438
   2643.53000    1.36259    0.07870    0.82882    0.05648
   2646.77000    1.36613    0.03759    0.70664    0.07384
   2649.34000    1.37305    0.05140    0.84179    0.07213
   2652.59000    1.39547    0.06022    0.59143    0.09028
   2655.91000    1.35768    0.04563    0.81283    0.05494
   2660.03000    1.43192    0.02973    0.78658    0.03877
   2663.31000    1.36100    0.04513    0.84151    0.06783
   2667.55000    1.26520    0.08023    0.77108    0.04944
   2673.02000    1.33707    0.04219    0.89083    0.06529
   2920.28000    1.26926    0.06318    0.76832    0.06657
   2923.21000    1.30078    0.05417    0.83495    0.03436
   2925.86000    1.37399    0.05665    0.81164    0.03478
   2926.12000    1.39125    0.05982    0.68990    0.06856
   2928.64000    1.39652    0.05321    0.82436    0.05035
   2933.97000    1.31878    0.07188    0.74301    0.05028
   2937.54000    1.35880    0.01468    0.82304    0.04276
   2941.18000    1.26456    0.06380    0.86887    0.06809
   2944.91000    1.33537    0.04863    0.84269    0.08385
   2946.54000    1.31297    0.05407    0.80283    0.06154
   2949.35000    1.33679    0.06090    0.83671    0.02134
   2952.42000    1.31695    0.04998    0.81599    0.04503
   2955.12000    1.18138    0.06099    0.84515    0.02596
   2957.52000    1.33142    0.03820    0.79700    0.05092
   2960.21000    1.39287    0.05367    0.78424    0.05790
   2962.53000    1.25281    0.07007    0.93013    0.05216
   2964.73000    1.27906    0.06687    0.81653    0.05191
   2967.82000    1.25851    0.05926    0.80769    0.03710
   2969.94000    1.21235    0.05522    0.83030    0.05259
   2971.48000    1.23050    0.08054    0.87982    0.05920
   2976.57000    1.39379    0.04196    0.81929    0.07140
   2979.54000    1.33135    0.04305    0.81392    0.03861
   2982.59000    1.40147    0.04469    0.77938    0.02881
   2986.22000    1.30691    0.03413    0.71718    0.04906
   2991.43000    1.29168    0.02696    0.77025    0.06168
   2996.22000    1.33498    0.03000    0.78767    0.07527
   2998.33000    1.34015    0.05059    0.68942    0.06913
   3001.11000    1.25574    0.05725    0.74583    0.02323
   3003.28000    1.23334    0.06992    0.96109    0.07684
   3005.73000    1.24419    0.06505    0.80599    0.05158
   3010.33000    1.20430    0.07295    0.72752    0.05560
   3015.06000    1.23680    0.05717    0.92360    0.08820
   3020.71000    1.28082    0.03862    0.80488    0.05818
   3021.91000    1.29546    0.02766    0.76979    0.03646
   3024.38000    1.23305    0.02376    0.80862    0.05551
   3029.45000    1.22251    0.06063    0.79797    0.02489
   3033.45000    1.28244    0.04740    0.77879    0.07375
   3036.61000    1.27251    0.05961    0.76199    0.05194
   3039.34000    1.18452    0.07861    0.79531    0.03395
   3287.24000    1.27470    0.05533    0.71322    0.06155
   3290.81000    1.19261    0.04437    0.64004    0.07480
   3295.37000    1.17104    0.07271    0.65561    0.05577
   3298.49000    1.17398    0.06066    0.73328    0.06136
   3301.50000    1.21280    0.03472    0.72173    0.05238
   3303.27000    1.21056    0.05544    0.65299    0.03673
   3308.99000    1.21449    0.03648    0.65042    0.08216
   3310.82000    1.41561    0.06996    0.66621    0.04821
   3314.46000    1.17282    0.07931    0.64239    0.04255
   3316.58000    1.14629    0.04004    0.64742    0.08066
   3318.46000    1.21528    0.07049    0.68772    0.06326
   3321.82000    1.28186    0.03999    0.71580    0.05812
   3325.28000    1.23618    0.04740    0.73151    0.05178
   3326.61000    1.34513    0.08530    0.68758    0.05441
   3329.73000    1.30762    0.05700    0.78483    0.05078
   3333.19000    1.24317    0.07870    0.76388    0.04985
   3334.45000    1.28725    0.07227    0.74337    0.03933
   3337.57000    1.20334    0.04126    0.73131    0.06754
   3341.40000    1.35895    0.05438    0.74175    0.04404
   3344.73000    1.24460    0.05351    0.75885    0.06677
   3347.30000    1.20179    0.08010    0.65519    0.04268
   3352.29000    1.28997    0.04603    0.71616    0.02773
   3353.79000    1.22616    0.07368    0.72452    0.03654
   3356.36000    1.27447    0.04207    0.76390    0.07503
   3359.26000    1.36453    0.06311    0.76042    0.02941
   3364.68000    1.24496    0.07260    0.78153    0.06177
   3366.65000    1.22321    0.03871    0.69313    0.05941
   3371.11000    1.26708    0.03539    0.65537    0.06969
   3373.56000    1.29368    0.04260    0.62531    0.05554
   3377.06000    1.04539    0.08101    0.77961    0.07989
   3379.66000    1.25799    0.03321    0.76622    0.04565
   3382.79000    1.36140    0.07179    0.78783    0.03127
   3385.35000    1.31621    0.06804    0.66755    0.05620
   3389.17000    1.25535    0.04177    0.70187    0.04784
   3391.88000    1.25190    0.04328    0.72883    0.02439
   3397.00000    1.28725    0.03392    0.81603    0.03656
   3398.87000    1.29419    0.06006    0.80999    0.05601
   3401.78000    1.41122    0.05468    0.57061    0.08082
   3403.55000    1.36163    0.05364    0.71465    0.03563
