## Time Delay Challenge light curves
##
## [time]=days, [lc]=[err]=flux in nanomaggies
##
##       time       lc_A      err_A       lc_B      err_B
##-------------------------------------------------------
      0.52000    5.45071    0.06250    0.72563    0.04339
      5.44000    5.64188    0.04932    0.71053    0.05490
      9.14000    5.54611    0.05508    0.65575    0.04361
     12.70000    4.94986    0.03645    0.58220    0.04341
     17.93000    5.08882    0.02567    0.69411    0.05600
     20.17000    5.55528    0.05684    0.58181    0.06245
     23.61000    5.40786    0.06440    0.62054    0.04510
     27.83000    5.83879    0.04363    0.63384    0.04456
     31.15000    5.64720    0.07267    0.63621    0.03163
     36.53000    5.19429    0.06385    0.56634    0.05543
     38.62000    4.55946    0.05894    0.61622    0.03816
     42.03000    4.61532    0.07779    0.43310    0.05534
     45.87000    4.88997    0.05613    0.54141    0.02228
     49.92000    4.07952    0.02365    0.56969    0.07623
     50.47000    4.16229    0.06556    0.48514    0.05267
     52.53000    4.09141    0.03924    0.60115    0.04761
     55.03000    4.11229    0.03024    0.56308    0.03685
     58.41000    4.04699    0.04370    0.49900    0.06699
     62.23000    3.54445    0.07031    0.50861    0.04060
     65.32000    3.48944    0.06966    0.57108    0.05219
     68.64000    3.32625    0.06941    0.53081    0.06688
     72.91000    3.34925    0.06435    0.54163    0.04508
     76.04000    3.29595    0.06914    0.55945    0.06415
     77.75000    3.27264    0.04690    0.51836    0.06845
     79.36000    3.32881    0.04555    0.46935    0.07031
     81.57000    3.45193    0.01534    0.41541    0.09289
     83.37000    3.73416    0.08568    0.62875    0.06219
     86.90000    3.69179    0.05687    0.73648    0.06963
     91.02000    3.66585    0.07958    0.51645    0.06919
     91.95000    3.74602    0.06163    0.58341    0.04590
     96.54000    3.82488    0.03924    0.57409    0.07216
     98.54000    3.69330    0.03953    0.67358    0.04433
    102.28000    3.77876    0.03784    0.69914    0.03435
    104.28000    3.74403    0.04665    0.63648    0.04729
    106.82000    3.71410    0.02882    0.48134    0.05493
    108.91000    3.84001    0.04976    0.59199    0.03413
    112.13000    3.77499    0.04554    0.63567    0.03939
    115.74000    3.45517    0.07011    0.56176    0.06953
    119.43000    3.31115    0.02985    0.52693    0.05572
    368.26000    4.78190    0.04991    0.35180    0.06939
    372.38000    4.79651    0.07436    0.27411    0.04438
    374.87000    4.24581    0.04484    0.42688    0.06218
    379.59000    4.86735    0.07934    0.45185    0.03878
    382.52000    4.98776    0.06210    0.28026    0.03366
    385.24000    4.65866    0.06307    0.35483    0.05872
    389.20000    4.69893    0.05061    0.32932    0.04355
    392.85000    4.07587    0.05872    0.33414    0.02818
    396.05000    3.61317    0.04948    0.34632    0.06490
    400.79000    3.55647    0.05544    0.41552    0.05766
    404.69000    3.51281    0.05669    0.43982    0.08795
    407.89000    3.79343    0.03214    0.49576    0.07097
    412.07000    3.43542    0.04870    0.42033    0.04155
    415.39000    3.99622    0.06082    0.44387    0.03187
    418.32000    4.01634    0.07072    0.44060    0.05394
    421.44000    3.98989    0.04175    0.41979    0.04274
    425.84000    4.17604    0.04395    0.43603    0.03178
    427.97000    3.95256    0.05657    0.50105    0.06008
    430.87000    4.23339    0.09065    0.68470    0.05896
    433.66000    4.36136    0.04872    0.53953    0.05581
    437.52000    4.45572    0.06181    0.47613    0.03195
    440.45000    4.56957    0.08534    0.56486    0.06250
    444.09000    4.63437    0.03780    0.50471    0.02279
    447.95000    4.77323    0.04324    0.55850    0.06243
    452.21000    4.94822    0.01382    0.54411    0.02453
    458.80000    5.16204    0.03468    0.59475    0.04250
    459.99000    5.34650    0.00749    0.66092    0.06105
    463.96000    5.58974    0.06664    0.59353    0.02791
    466.16000    5.30890    0.05425    0.50793    0.05911
    471.02000    4.57363    0.05252    0.48365    0.07420
    476.15000    4.57866    0.05955    0.56444    0.08228
    480.36000    4.50374    0.02894    0.59766    0.04447
    483.56000    4.57815    0.03406    0.68635    0.05923
    731.01000    2.48071    0.05205    0.56805    0.05660
    735.70000    2.62042    0.05112    0.53402    0.04099
    736.93000    2.61557    0.04352    0.61181    0.06163
    741.40000    2.52700    0.08227    0.57375    0.02864
    743.50000    2.26098    0.03774    0.57076    0.02879
    747.46000    2.15756    0.06527    0.44801    0.05762
    748.80000    2.25028    0.05529    0.65560    0.07013
    750.86000    2.09178    0.06675    0.50621    0.05568
    753.60000    2.15864    0.02749    0.54076    0.03222
    756.67000    2.20896    0.01064    0.54230    0.06057
    760.19000    2.25006    0.05973    0.50796    0.03193
    762.76000    2.07387    0.07357    0.58157    0.06299
    766.55000    2.20960    0.07898    0.62899    0.03880
    770.87000    2.33950    0.06664    0.53314    0.04249
    772.01000    2.37787    0.03338    0.53866    0.06641
    775.68000    2.45789    0.04217    0.55726    0.04282
    780.45000    2.61883    0.03946    0.66706    0.07496
    782.95000    2.31875    0.00820    0.45460    0.09062
    785.85000    2.28521    0.08742    0.64539    0.04323
    787.35000    2.11602    0.03223    0.55604    0.03202
    790.07000    2.17675    0.09501    0.60197    0.03010
    792.70000    2.21021    0.06788    0.60355    0.04662
    795.14000    2.35508    0.06536    0.62228    0.03888
    798.54000    2.11178    0.06332    0.68758    0.05859
    801.41000    2.31043    0.01949    0.47679    0.04493
    805.02000    2.42658    0.03900    0.47124    0.04429
    809.11000    2.49757    0.05544    0.49256    0.05701
    812.15000    2.40066    0.07641    0.47170    0.04917
    813.88000    2.36712    0.06947    0.50315    0.05624
    819.12000    2.14815    0.11382    0.56317    0.05625
    822.53000    2.21307    0.05335    0.34050    0.05463
    826.43000    2.15883    0.05697    0.36688    0.05321
    828.34000    2.32945    0.07883    0.42591    0.05193
    831.02000    2.25372    0.07145    0.36401    0.04725
    833.07000    2.25587    0.08229    0.41583    0.03127
    835.31000    2.28884    0.03985    0.35437    0.07839
    836.88000    2.33657    0.03280    0.42840    0.05848
    841.09000    2.51455    0.05743    0.31217    0.06301
    844.15000    2.28698    0.03987    0.36894    0.05699
    847.47000    2.37290    0.04211    0.31821    0.02861
   1098.35000    2.38611    0.07431    0.61228    0.05920
   1101.22000    2.39031    0.06074    0.42819    0.04735
   1103.94000    2.33828    0.04985    0.44895    0.06320
   1106.94000    2.24672    0.05132    0.51367    0.03745
   1109.74000    2.33808    0.06636    0.50069    0.05838
   1113.65000    2.66793    0.06580    0.44227    0.06843
   1117.33000    2.58900    0.07045    0.48285    0.06603
   1121.06000    2.64572    0.05059    0.52454    0.06036
   1124.63000    2.73859    0.07462    0.52838    0.07235
   1128.90000    2.61409    0.05332    0.65165    0.10015
   1133.88000    2.67999    0.06160    0.65922    0.03396
   1137.74000    2.81711    0.06462    0.72150    0.07415
   1140.67000    2.61265    0.06745    0.62921    0.08369
   1145.09000    2.51436    0.04901    0.62992    0.04263
   1145.89000    2.61913    0.05375    0.59022    0.07247
   1148.68000    2.44392    0.05152    0.56757    0.04368
   1151.22000    2.57001    0.06864    0.58364    0.06016
   1155.04000    2.76973    0.04732    0.48820    0.06385
   1159.44000    2.81341    0.03787    0.62473    0.05190
   1162.19000    2.90667    0.06431    0.56322    0.01648
   1166.39000    2.93300    0.04545    0.69206    0.05066
   1167.81000    2.83537    0.05112    0.52854    0.05612
   1170.42000    2.95260    0.07906    0.59584    0.07822
   1174.80000    3.01020    0.05860    0.50179    0.06342
   1178.14000    3.24528    0.07154    0.55733    0.03418
   1181.52000    3.12829    0.06527    0.65134    0.05019
   1184.57000    3.11500    0.04985    0.61070    0.08121
   1187.10000    3.07791    0.04863    0.55265    0.06029
   1188.69000    3.07912    0.06376    0.53646    0.05175
   1192.98000    3.11734    0.02674    0.64742    0.03965
   1195.37000    2.81886    0.05546    0.59704    0.05154
   1200.56000    2.69109    0.04934    0.61419    0.07403
   1203.90000    2.61823    0.03081    0.64207    0.03947
   1207.48000    2.40361    0.05006    0.65908    0.07870
   1211.78000    2.31674    0.05726    0.59623    0.04507
   1460.36000    1.38272    0.04897    0.52092    0.05299
   1464.53000    1.48011    0.07036    0.62069    0.06422
   1465.71000    1.53520    0.05587    0.47814    0.06259
   1468.13000    1.45990    0.02662    0.61369    0.06552
   1470.61000    1.59163    0.04521    0.45911    0.05448
   1473.00000    1.47241    0.06859    0.56083    0.02420
   1473.62000    1.49945    0.07870    0.59743    0.03890
   1477.76000    1.76335    0.08104    0.61752    0.07878
   1481.65000    1.72513    0.07040    0.48199    0.04130
   1483.68000    1.80954    0.07477    0.58488    0.04279
   1487.02000    1.59734    0.03927    0.43116    0.05697
   1489.44000    1.52781    0.03429    0.47414    0.03728
   1492.36000    1.50120    0.05577    0.45429    0.05757
   1496.19000    1.34017    0.07688    0.50341    0.05451
   1499.53000    1.32428    0.02684    0.53479    0.04396
   1500.60000    1.34511    0.03702    0.46194    0.06018
   1504.93000    1.30554    0.02760    0.53399    0.07023
   1507.76000    1.20390    0.05662    0.49431    0.02301
   1512.74000    1.20541    0.03962    0.50449    0.05235
   1516.87000    1.15314    0.04377    0.62432    0.06741
   1519.04000    1.17549    0.05743    0.62898    0.03493
   1522.64000    1.23356    0.06033    0.56989    0.03297
   1524.55000    1.29270    0.04356    0.51419    0.05352
   1526.29000    1.21225    0.07686    0.61975    0.04131
   1529.87000    1.07768    0.04425    0.66319    0.07384
   1533.45000    1.10437    0.07363    0.60786    0.05140
   1536.31000    1.09770    0.08242    0.59916    0.05348
   1538.59000    1.08178    0.04895    0.57709    0.05024
   1542.02000    1.14664    0.04331    0.55384    0.06541
   1545.22000    1.10823    0.02989    0.59895    0.05717
   1548.51000    1.05183    0.03061    0.67502    0.07284
   1551.92000    1.08543    0.04021    0.58243    0.04859
   1554.51000    1.12271    0.03732    0.60285    0.05391
   1558.13000    0.90136    0.05909    0.50239    0.05351
   1560.68000    0.90855    0.05333    0.61610    0.05289
   1563.55000    1.06270    0.07536    0.61780    0.02969
   1565.51000    0.90358    0.07234    0.65959    0.03798
   1568.51000    0.98709    0.07591    0.68790    0.04656
   1570.40000    0.96327    0.04413    0.62847    0.04616
   1572.83000    0.91220    0.06070    0.63632    0.03184
   1575.22000    0.98743    0.06586    0.70639    0.01384
   1576.21000    1.06228    0.04136    0.62775    0.07838
   1578.86000    1.08317    0.04763    0.67588    0.03175
   1827.70000    1.59681    0.06367    1.05458    0.05741
   1828.78000    1.63080    0.05622    0.92114    0.04687
   1830.59000    1.68048    0.06762    0.97529    0.06667
   1834.58000    1.85873    0.07766    0.96112    0.03002
   1838.72000    1.77836    0.07347    0.98044    0.04334
   1843.42000    1.83526    0.06512    0.88489    0.06980
   1848.52000    1.74138    0.04702    0.69327    0.05629
   1852.43000    1.32230    0.06236    0.80106    0.05895
   1856.92000    1.24740    0.04886    0.94047    0.03673
   1859.64000    1.37087    0.06384    0.95311    0.06646
   1861.84000    1.35021    0.05976    0.78857    0.03357
   1866.39000    1.15652    0.04370    0.94682    0.07036
   1870.18000    1.07603    0.05495    0.92356    0.04520
   1873.28000    1.27964    0.06519    1.08970    0.05746
   1875.73000    1.26351    0.05067    1.03372    0.04701
   1880.12000    1.18586    0.02865    1.04630    0.04426
   1882.46000    1.42594    0.04182    1.08900    0.05546
   1886.61000    1.51289    0.06553    1.10432    0.03357
   1889.47000    1.48798    0.06570    1.21762    0.07457
   1891.74000    1.40693    0.05636    1.24497    0.07089
   1895.78000    1.46627    0.05209    1.19899    0.03214
   1897.96000    1.70852    0.06638    1.30241    0.06227
   1900.87000    1.36362    0.02851    1.16193    0.04407
   1904.47000    1.35395    0.03694    1.17653    0.04388
   1906.78000    1.35977    0.07813    1.18731    0.05643
   1911.67000    1.35778    0.01673    1.12908    0.06143
   1916.18000    1.25630    0.06174    1.12896    0.05510
   1920.41000    1.30827    0.04904    1.11092    0.05002
   1923.99000    1.23976    0.06305    1.14323    0.03515
   1925.86000    1.24408    0.04437    1.11518    0.06511
   1928.30000    1.38992    0.04533    1.23280    0.04657
   1931.40000    1.48208    0.03969    1.37279    0.05431
   1934.94000    1.35073    0.03830    1.29373    0.06407
   1939.04000    1.30069    0.08451    1.37687    0.06053
   1941.20000    1.46362    0.04429    1.35968    0.03523
   2194.30000    1.03658    0.03820    0.88520    0.04496
   2196.37000    1.10450    0.05135    1.07425    0.09014
   2199.98000    1.22873    0.04909    0.70526    0.08669
   2203.26000    1.10466    0.06739    0.76913    0.04106
   2205.31000    1.22856    0.02074    0.76015    0.04966
   2208.07000    1.13578    0.06898    0.75121    0.06010
   2210.67000    1.15276    0.03641    0.71909    0.05584
   2212.54000    1.18054    0.05742    0.77859    0.05120
   2216.08000    1.22302    0.05228    0.78496    0.05600
   2218.90000    1.15169    0.06632    0.68365    0.07256
   2221.77000    1.18172    0.05463    0.78051    0.06323
   2224.31000    1.18831    0.07494    0.86696    0.03679
   2226.46000    1.18347    0.07137    0.92273    0.05129
   2230.17000    1.14168    0.05156    0.75150    0.06622
   2232.87000    1.18867    0.05310    0.91124    0.04846
   2236.55000    1.29433    0.03661    0.75139    0.05195
   2238.69000    1.15173    0.02914    0.91808    0.06298
   2241.85000    1.18713    0.02519    0.89046    0.04264
   2244.68000    1.11990    0.02733    0.86826    0.05994
   2247.66000    1.34893    0.08584    0.92950    0.05803
   2250.72000    1.13171    0.02850    0.89349    0.04777
   2254.28000    1.18392    0.07313    0.82264    0.05759
   2259.89000    1.12522    0.06421    1.03422    0.03427
   2262.82000    1.13357    0.05469    1.09998    0.08218
   2266.54000    1.19343    0.04541    1.07547    0.04729
   2269.80000    1.08828    0.05786    1.13042    0.04323
   2274.04000    1.10170    0.05807    1.19472    0.07558
   2277.38000    1.04452    0.04375    1.27788    0.04952
   2279.56000    1.04074    0.07834    1.24419    0.03776
   2281.02000    1.13202    0.04736    1.32634    0.05484
   2285.56000    1.23254    0.04131    1.09449    0.05969
   2288.19000    1.07207    0.03440    1.24064    0.06607
   2291.55000    1.01268    0.05379    1.14606    0.06894
   2296.35000    0.87220    0.06397    1.18253    0.04447
   2299.17000    0.90544    0.03582    1.28541    0.05671
   2301.53000    0.93360    0.06135    1.41961    0.04247
   2304.24000    0.92983    0.06219    1.35780    0.04673
   2305.34000    1.01140    0.03986    1.43009    0.04414
   2308.19000    0.99530    0.03663    1.41718    0.07573
   2557.49000    1.16739    0.05569    2.39992    0.08077
   2561.17000    1.10550    0.06012    2.39421    0.04827
   2563.24000    1.12671    0.06982    2.55290    0.02840
   2564.79000    1.17824    0.07525    2.55137    0.06583
   2569.74000    1.07501    0.03226    2.67997    0.06628
   2571.60000    1.08632    0.05263    2.47441    0.04746
   2573.22000    1.01652    0.05061    2.37597    0.04400
   2576.33000    0.91824    0.05096    2.29399    0.05633
   2579.19000    1.05460    0.08708    2.26490    0.04135
   2582.76000    1.05846    0.04820    2.35489    0.02963
   2586.19000    0.87684    0.06893    2.46630    0.08641
   2588.34000    0.75679    0.07684    2.21789    0.06441
   2590.85000    0.94888    0.05184    2.03026    0.03823
   2592.99000    0.92078    0.04042    2.11624    0.05774
   2595.71000    0.88704    0.07592    2.15710    0.06287
   2597.17000    0.83875    0.07476    2.00289    0.05206
   2599.90000    0.78871    0.04195    1.85467    0.05591
   2602.15000    0.73918    0.05268    1.74683    0.07080
   2605.71000    0.76343    0.03964    1.63973    0.05440
   2608.46000    0.71621    0.03534    1.47810    0.07056
   2612.40000    0.73138    0.04473    1.52913    0.08765
   2616.49000    0.84228    0.07324    1.37862    0.03185
   2619.82000    0.91515    0.08280    1.24449    0.07010
   2620.74000    0.80084    0.03608    1.36806    0.06163
   2622.51000    0.94590    0.03599    1.29215    0.06333
   2624.89000    0.97199    0.06245    1.39942    0.05303
   2628.54000    1.08650    0.03662    1.41929    0.05491
   2630.79000    1.14942    0.04032    1.47035    0.05316
   2633.38000    1.24583    0.03962    1.31877    0.05836
   2634.89000    1.18950    0.02673    1.44379    0.07430
   2638.94000    1.28532    0.05768    1.48377    0.04823
   2641.28000    1.29961    0.03720    1.51439    0.04562
   2643.84000    1.25415    0.07478    1.49787    0.06800
   2645.51000    1.33113    0.04159    1.55512    0.05204
   2649.03000    1.48313    0.07670    1.54229    0.09398
   2651.70000    1.45619    0.00795    1.73608    0.03779
   2655.00000    1.22930    0.06071    1.69578    0.04845
   2657.47000    1.38097    0.05748    1.69476    0.03750
   2659.67000    1.49214    0.07559    1.56660    0.03893
   2661.72000    1.45492    0.02882    1.57800    0.05035
   2664.15000    1.50224    0.04220    1.49032    0.06691
   2668.80000    1.53356    0.07586    1.52634    0.05945
   2671.22000    1.68993    0.03945    1.53832    0.05528
   2673.30000    1.67987    0.05990    1.47307    0.05108
   2920.59000    1.09673    0.06274    1.61803    0.05657
   2923.83000    1.20389    0.03840    1.66328    0.03851
   2926.33000    1.17433    0.06302    1.55861    0.06856
   2926.72000    1.10609    0.01837    1.58283    0.02871
   2930.34000    1.09467    0.06256    1.55573    0.07110
   2934.35000    0.96113    0.10005    1.46076    0.07224
   2938.10000    1.08223    0.04330    1.58880    0.05373
   2939.65000    1.14031    0.05482    1.55257    0.04057
   2942.42000    1.08246    0.02940    1.45697    0.06572
   2945.51000    1.02459    0.05160    1.50001    0.04576
   2947.88000    1.05261    0.02738    1.31110    0.05246
   2950.26000    0.96891    0.05687    1.34074    0.07789
   2953.78000    0.99316    0.05414    1.29631    0.07447
   2957.75000    1.13168    0.06201    1.22057    0.06443
   2961.84000    1.01309    0.05027    1.33188    0.03332
   2964.48000    1.02185    0.04211    1.38631    0.03906
   2967.21000    1.17396    0.06394    1.44572    0.03068
   2968.99000    1.05887    0.04847    1.55064    0.03820
   2973.50000    0.92727    0.06038    1.51453    0.03991
   2977.30000    0.90416    0.06582    1.60222    0.04213
   2980.11000    0.83948    0.04068    1.55537    0.03509
   2984.17000    0.80979    0.06003    1.50733    0.06101
   2986.43000    0.83593    0.04014    1.56651    0.04762
   2990.15000    0.92263    0.02581    1.35815    0.05299
   2993.65000    0.75969    0.05683    1.38206    0.03131
   2997.77000    0.98242    0.05684    1.29293    0.03472
   2999.99000    0.95180    0.04937    1.40703    0.04704
   3002.44000    0.91925    0.05273    1.34331    0.07225
   3007.48000    0.99917    0.06549    1.45396    0.05834
   3011.31000    0.99756    0.06282    1.30610    0.08402
   3014.34000    1.02773    0.05833    1.36136    0.03606
   3017.39000    1.01570    0.04304    1.58333    0.06209
   3019.85000    0.93461    0.06023    1.62795    0.04782
   3023.36000    1.10519    0.04354    1.59723    0.07178
   3027.80000    0.98438    0.05152    1.33892    0.07462
   3031.36000    1.02392    0.05762    1.34063    0.08109
   3034.11000    1.10749    0.03445    1.48191    0.05160
   3037.26000    1.02582    0.05722    1.47885    0.05611
   3285.43000    0.77863    0.06320    1.20945    0.06466
   3289.76000    0.65968    0.04037    1.07871    0.06096
   3293.67000    0.75175    0.06024    0.97034    0.04407
   3296.50000    0.75690    0.09941    0.92957    0.07105
   3299.85000    0.79654    0.04186    0.73929    0.06308
   3302.98000    0.92027    0.06604    0.88330    0.04408
   3304.71000    0.94973    0.05040    0.81672    0.02004
   3310.03000    1.00960    0.03927    0.93155    0.07961
   3315.09000    1.07541    0.04928    0.77208    0.03377
   3318.75000    1.14872    0.02886    0.84238    0.06838
   3321.25000    1.14745    0.05675    0.93935    0.06390
   3324.10000    1.14127    0.05880    0.75901    0.06209
   3325.68000    0.95341    0.04598    0.64239    0.05862
   3330.17000    1.12735    0.05350    0.81938    0.05871
   3334.72000    1.14982    0.04039    0.91342    0.04700
   3338.66000    1.15640    0.03345    0.82507    0.03660
   3341.26000    1.12392    0.07779    1.02577    0.07775
   3343.53000    1.15919    0.03967    0.95026    0.04266
   3346.86000    1.16769    0.03617    0.99658    0.08406
   3349.70000    1.19116    0.05250    1.01704    0.04482
   3351.19000    1.22412    0.03250    0.96539    0.04640
   3353.92000    1.21465    0.05432    1.03286    0.07895
   3358.30000    1.12926    0.05029    0.88675    0.05848
   3359.56000    1.09500    0.03239    0.79500    0.04819
   3362.24000    1.20584    0.05383    0.83413    0.06129
   3366.10000    1.18122    0.05453    0.82410    0.06424
   3368.59000    1.14731    0.05505    0.79788    0.08536
   3370.43000    1.21087    0.04494    0.80928    0.03783
   3372.81000    1.16744    0.05630    0.85883    0.06679
   3374.21000    1.11050    0.03218    0.89026    0.04522
   3377.85000    1.25927    0.04633    0.84004    0.03082
   3380.18000    1.34120    0.06127    0.88762    0.05085
   3382.56000    1.36653    0.06544    0.70225    0.04593
   3385.18000    1.26484    0.04807    0.64850    0.04653
   3387.53000    1.22659    0.05429    0.71072    0.06571
   3390.65000    1.30134    0.04471    0.65450    0.09743
   3393.75000    1.15974    0.06735    0.97745    0.05808
   3395.95000    1.24696    0.05326    1.08178    0.04813
   3398.37000    1.21078    0.01789    1.10349    0.03758
   3400.28000    1.09810    0.06716    1.13189    0.04252
   3402.40000    1.09386    0.06794    1.15002    0.04765
