## Time Delay Challenge light curves
##
## [time]=days, [lc]=[err]=flux in nanomaggies
##
##       time       lc_A      err_A       lc_B      err_B
##-------------------------------------------------------
      2.44000    4.78279    0.05333    4.38236    0.06199
      6.09000    4.86197    0.05757    4.30858    0.06198
      9.45000    4.66627    0.02882    4.41783    0.02686
     13.53000    4.33254    0.06880    4.25663    0.03580
     16.12000    4.45106    0.05068    4.27569    0.03626
     19.21000    4.38930    0.04778    4.20102    0.04886
     22.94000    4.45946    0.04901    4.31517    0.05423
     25.61000    4.30716    0.04274    4.34767    0.04910
     28.00000    4.26161    0.06069    4.15097    0.04724
     32.56000    4.32687    0.05021    3.91093    0.05133
     36.74000    4.14584    0.04970    3.85428    0.03332
     42.25000    3.97521    0.02715    3.93508    0.04660
     45.65000    4.28259    0.07455    3.77606    0.05785
     49.38000    4.21570    0.05897    3.71252    0.05783
     52.01000    4.09389    0.05092    3.72521    0.05722
     55.62000    3.95411    0.06431    3.64765    0.03673
     56.83000    3.89207    0.02816    3.72070    0.07148
     58.95000    3.96414    0.06446    3.76252    0.05500
     61.95000    3.92351    0.05929    3.62956    0.06459
     64.35000    3.58813    0.06451    3.73089    0.05593
     66.83000    3.64797    0.04975    3.67780    0.05287
     70.74000    3.65474    0.06877    3.74138    0.04388
     72.56000    3.58956    0.04458    3.60986    0.06734
     75.21000    3.50558    0.06925    3.63371    0.05224
     76.92000    3.65656    0.03208    3.71162    0.05435
     80.24000    3.83032    0.05598    3.62703    0.06269
     83.48000    3.86774    0.06422    3.48202    0.02532
     86.03000    3.92297    0.05824    3.24290    0.03697
     87.58000    3.63935    0.04370    3.28451    0.06337
     88.61000    3.71069    0.05737    3.32050    0.04528
     91.24000    3.69632    0.05636    3.30102    0.05685
     94.35000    3.77348    0.06818    3.35641    0.06273
     97.73000    3.88743    0.04807    3.35653    0.09023
     99.15000    3.97169    0.05908    3.37702    0.03991
    103.59000    3.92166    0.04580    3.57346    0.04060
    106.03000    4.14190    0.03678    3.50580    0.06205
    108.88000    4.14759    0.05540    3.37361    0.05135
    111.22000    4.12038    0.05320    3.47972    0.03440
    115.00000    3.90603    0.04960    3.46304    0.08225
    118.35000    3.91933    0.04185    3.63863    0.03867
    365.77000    4.04036    0.05244    3.88885    0.07656
    367.65000    3.98146    0.01893    3.92046    0.07298
    371.54000    3.75503    0.03453    3.78581    0.04225
    374.94000    3.84812    0.04295    4.15290    0.07779
    377.41000    3.73245    0.06198    3.75667    0.06264
    383.35000    4.09001    0.08657    3.85154    0.04680
    384.50000    4.16111    0.04074    3.83034    0.06983
    387.01000    4.22418    0.03843    3.72761    0.04834
    389.89000    4.27994    0.07102    3.66789    0.03775
    394.12000    4.11062    0.05080    3.78142    0.06532
    397.47000    4.04787    0.06918    3.44974    0.09302
    397.67000    4.09536    0.02077    3.60195    0.05319
    400.35000    4.02698    0.05285    3.74443    0.05261
    403.28000    3.99114    0.04607    3.94522    0.05232
    408.53000    4.17920    0.05415    4.08039    0.01813
    412.05000    4.06976    0.07517    4.01574    0.05009
    415.16000    4.23464    0.05741    4.00620    0.04302
    417.15000    4.30458    0.05062    3.87542    0.04082
    420.76000    4.24510    0.06605    3.75497    0.05692
    424.87000    4.30192    0.05477    3.85598    0.03491
    427.06000    4.42131    0.03795    4.04877    0.02721
    430.49000    4.26830    0.06283    4.10933    0.03381
    433.30000    4.31271    0.04957    4.11482    0.06222
    435.20000    4.36619    0.04012    4.18746    0.05204
    436.66000    4.27174    0.05951    4.20129    0.03175
    440.19000    4.46397    0.05590    4.17615    0.06471
    442.66000    4.30787    0.06410    4.14382    0.07545
    445.50000    4.33942    0.02237    4.16497    0.05403
    447.30000    4.44937    0.05121    4.27441    0.03680
    449.89000    4.28615    0.05532    4.14109    0.03473
    453.57000    4.42530    0.06693    4.18208    0.06546
    455.82000    4.48050    0.02887    4.33203    0.07570
    459.49000    4.59960    0.06507    4.32620    0.05820
    461.39000    4.51620    0.06446    4.12860    0.05227
    463.55000    4.28218    0.03918    4.16380    0.04656
    465.44000    4.36748    0.05829    4.21387    0.06563
    469.49000    4.42179    0.06493    4.29756    0.03761
    473.27000    4.25666    0.06851    4.30275    0.07224
    477.72000    4.36665    0.05021    4.42721    0.07395
    481.79000    4.38094    0.06434    4.36878    0.08223
    484.67000    4.27453    0.03849    4.25300    0.04739
    733.91000    4.48914    0.04398    4.40802    0.06284
    738.83000    4.34979    0.04694    4.46651    0.03986
    742.11000    4.29949    0.05401    4.56056    0.04645
    745.57000    4.22941    0.02934    4.47060    0.05295
    748.29000    4.09970    0.02746    4.50418    0.04243
    751.54000    4.29558    0.04603    4.48599    0.04964
    755.26000    4.39059    0.07411    4.40620    0.06218
    757.55000    4.49829    0.06819    4.38902    0.08127
    761.95000    4.51336    0.03842    4.31609    0.07218
    764.42000    4.60380    0.06184    4.20375    0.04919
    767.43000    4.38590    0.02189    4.07587    0.05428
    770.20000    4.45468    0.04424    4.33899    0.06360
    772.45000    4.29668    0.04340    4.36090    0.04614
    775.76000    4.15307    0.07237    4.55896    0.05907
    778.18000    4.16495    0.06846    4.63341    0.09761
    779.50000    4.28139    0.08405    4.57388    0.04999
    782.69000    4.03284    0.06547    4.65730    0.05298
    784.54000    4.04767    0.03809    4.53948    0.06063
    789.30000    3.78971    0.04839    4.40853    0.05486
    794.29000    3.80789    0.02753    4.23553    0.04274
    798.32000    3.67550    0.03860    4.15200    0.03948
    802.31000    3.79681    0.04375    4.12120    0.02429
    805.91000    3.72283    0.04287    3.93000    0.06555
    807.20000    3.72655    0.03798    3.66128    0.06488
    810.49000    3.72142    0.04149    3.92455    0.04040
    814.25000    3.89127    0.02249    3.99215    0.09010
    816.88000    4.01886    0.06461    3.77190    0.03719
    820.24000    3.94228    0.02876    3.71421    0.06595
    823.47000    3.95021    0.05753    3.76597    0.05391
    826.12000    4.16215    0.06382    3.75460    0.04291
    829.94000    4.19853    0.04921    3.91674    0.05841
    834.76000    4.22366    0.09809    4.01859    0.05405
    838.76000    4.15868    0.05784    3.91580    0.08801
    840.93000    4.07229    0.04515    3.96109    0.03840
    845.17000    4.11878    0.04369    4.28804    0.04605
    849.15000    4.05703    0.06052    4.41557    0.03787
   1096.87000    3.69822    0.03571    4.28210    0.03827
   1100.52000    3.74382    0.03768    4.15158    0.04502
   1106.38000    3.80310    0.05841    3.79317    0.06430
   1109.71000    3.69073    0.02110    3.90659    0.05213
   1115.43000    3.63339    0.05907    3.85314    0.06580
   1118.70000    3.78661    0.07636    4.02809    0.05520
   1119.77000    3.60242    0.05843    3.92623    0.04229
   1124.00000    3.40460    0.04594    3.89510    0.05104
   1125.15000    3.43219    0.06174    3.91443    0.07237
   1126.38000    3.45767    0.05418    3.83848    0.05780
   1129.86000    3.27506    0.04457    3.88714    0.06599
   1133.83000    3.29460    0.04913    3.86913    0.06645
   1134.87000    3.29798    0.05868    3.95895    0.05697
   1138.58000    3.17118    0.08213    3.75552    0.05343
   1139.97000    3.19893    0.04146    3.61915    0.02353
   1142.41000    3.25014    0.06553    3.58959    0.06468
   1145.55000    3.23312    0.07824    3.50097    0.07192
   1148.84000    3.25100    0.02867    3.31833    0.07894
   1151.71000    3.08479    0.04863    3.22603    0.08252
   1155.52000    3.12172    0.03603    3.26892    0.05215
   1156.48000    3.20740    0.05049    3.38112    0.06377
   1158.35000    3.20060    0.05876    3.36123    0.06246
   1161.45000    3.25679    0.04361    3.37686    0.04709
   1165.19000    3.31134    0.03701    3.31056    0.08063
   1168.51000    3.35718    0.02841    3.36142    0.03792
   1171.86000    3.19370    0.08857    3.34990    0.05246
   1173.78000    3.31919    0.06692    3.45816    0.02809
   1177.34000    3.41154    0.04652    3.53286    0.04213
   1178.79000    3.36526    0.06320    3.43580    0.05612
   1181.65000    3.44119    0.05957    3.49377    0.04073
   1182.97000    3.43319    0.04416    3.47918    0.06002
   1186.78000    3.32592    0.05174    3.56776    0.02656
   1189.86000    3.33759    0.03556    3.45428    0.07075
   1191.68000    3.38851    0.06580    3.39723    0.05198
   1196.68000    3.44600    0.05701    3.63534    0.04395
   1199.24000    3.61110    0.09057    3.59700    0.04021
   1201.73000    3.40628    0.03986    3.67823    0.07202
   1205.28000    3.36343    0.02645    3.58122    0.05069
   1210.13000    3.44428    0.07844    3.64673    0.05794
   1213.59000    3.37743    0.05618    3.54140    0.02985
   1462.89000    3.38778    0.05241    3.91732    0.02477
   1465.40000    3.62959    0.06645    4.15784    0.07054
   1468.00000    3.50076    0.03286    3.98935    0.03531
   1470.50000    3.48711    0.07551    3.68111    0.06177
   1473.02000    3.25801    0.04287    3.80488    0.02999
   1476.59000    3.36262    0.05264    3.52283    0.05633
   1480.41000    3.38130    0.05475    3.59506    0.03138
   1485.93000    3.43091    0.06679    3.69012    0.01956
   1490.03000    3.41477    0.09058    3.60218    0.05298
   1492.54000    3.25127    0.06662    3.57179    0.03984
   1495.93000    3.24485    0.05605    3.69517    0.04784
   1499.38000    3.34109    0.04294    3.63256    0.06107
   1503.21000    3.36745    0.03826    3.47606    0.06601
   1507.06000    3.29699    0.03360    3.73331    0.07037
   1508.54000    3.30292    0.04244    3.67651    0.05622
   1512.43000    3.17161    0.06468    3.54173    0.04989
   1516.89000    2.99385    0.04648    3.44260    0.08265
   1519.60000    2.89512    0.06701    3.48231    0.10224
   1523.65000    3.17441    0.06068    3.56980    0.07910
   1530.12000    2.95009    0.05694    3.51697    0.08052
   1534.48000    3.18396    0.03009    3.37776    0.07717
   1537.05000    3.05467    0.06599    3.21220    0.04360
   1539.92000    3.07936    0.02276    3.27531    0.06161
   1541.87000    3.04112    0.07086    3.35705    0.03152
   1543.76000    3.03625    0.05241    3.33580    0.05606
   1544.15000    3.07525    0.06394    3.37133    0.07363
   1547.39000    3.04458    0.01683    3.41418    0.05162
   1549.36000    3.11261    0.04399    3.31790    0.03692
   1552.34000    3.00355    0.04286    3.41288    0.05372
   1555.61000    3.06921    0.04383    3.57628    0.07624
   1558.79000    3.13060    0.05491    3.33761    0.07662
   1562.74000    3.14494    0.03552    3.27721    0.04743
   1565.42000    3.14697    0.06538    3.30756    0.03993
   1567.58000    3.17115    0.06596    3.25762    0.05927
   1571.30000    3.17942    0.03523    3.15335    0.06695
   1574.96000    3.03029    0.04923    3.27139    0.06942
   1576.69000    3.13063    0.03707    3.38371    0.02257
   1579.83000    3.19751    0.03730    3.41669    0.05559
   1827.91000    3.73005    0.04924    3.64472    0.05647
   1831.01000    3.82985    0.05503    3.59071    0.07153
   1836.05000    3.72739    0.05836    3.85857    0.06286
   1838.44000    3.88353    0.09202    3.82888    0.06131
   1842.76000    3.78974    0.03404    3.95974    0.04901
   1845.60000    3.80978    0.07629    4.03044    0.08564
   1848.50000    3.78734    0.01802    4.17802    0.04692
   1850.15000    3.65859    0.00989    4.02967    0.08083
   1854.75000    3.63736    0.03074    4.15734    0.05938
   1857.60000    3.87245    0.04438    4.00671    0.03327
   1860.92000    3.99486    0.05169    4.10263    0.05561
   1864.46000    4.07540    0.05012    3.95738    0.08254
   1868.48000    4.07434    0.06160    3.93792    0.06935
   1871.03000    3.85499    0.07893    3.92625    0.05567
   1871.76000    3.78486    0.07286    3.98448    0.05493
   1876.25000    3.65686    0.07588    4.04761    0.03975
   1878.65000    3.81573    0.05273    4.11227    0.04761
   1882.56000    3.53741    0.05478    4.31129    0.03683
   1885.31000    3.76106    0.06581    4.20446    0.04923
   1886.72000    3.67400    0.04154    4.33101    0.02550
   1889.28000    3.81546    0.04019    4.10770    0.07646
   1891.85000    3.87101    0.04384    3.93309    0.05399
   1894.91000    3.86739    0.05252    3.94974    0.09568
   1899.08000    4.05127    0.04801    4.10550    0.07103
   1900.76000    4.09679    0.04956    3.97570    0.06697
   1903.74000    4.25403    0.05123    4.12913    0.04800
   1907.99000    4.29817    0.02512    4.25545    0.02908
   1911.21000    4.22319    0.05836    4.30730    0.05371
   1913.57000    4.24665    0.07967    4.36107    0.04890
   1918.67000    4.20206    0.04758    4.50866    0.05784
   1920.82000    4.20508    0.05612    4.56205    0.04789
   1922.65000    4.27408    0.05618    4.78649    0.06418
   1926.03000    4.01232    0.05961    4.66087    0.04604
   1928.63000    4.13277    0.05625    4.51480    0.03806
   1931.02000    4.10595    0.05002    4.35350    0.06352
   1934.54000    4.02803    0.05196    4.58383    0.04187
   1936.97000    3.96646    0.06146    4.52568    0.06940
   1941.12000    4.13202    0.04196    4.71030    0.05665
   2191.64000    3.60998    0.05971    3.79309    0.03813
   2195.72000    3.57076    0.06831    3.92854    0.08004
   2199.16000    3.54943    0.05032    3.99921    0.06464
   2203.24000    3.37942    0.06149    3.92607    0.06974
   2206.45000    3.43863    0.03860    3.98169    0.05067
   2210.07000    3.53468    0.06684    3.92646    0.04446
   2214.20000    3.56823    0.05368    3.80486    0.02830
   2218.46000    3.61733    0.03677    3.75905    0.04414
   2222.10000    3.53860    0.04005    3.72228    0.03462
   2225.00000    3.50639    0.05269    3.67665    0.06709
   2229.29000    3.52912    0.06738    3.66809    0.03510
   2232.78000    3.75142    0.05818    3.79408    0.05341
   2234.92000    3.76238    0.03285    3.59250    0.03648
   2238.54000    3.57250    0.05639    3.86861    0.06080
   2242.62000    3.70302    0.04860    3.74102    0.04946
   2246.03000    3.74344    0.04114    3.81692    0.03286
   2248.26000    3.67129    0.04118    3.87271    0.05230
   2250.72000    3.51901    0.06772    3.87469    0.04255
   2251.63000    3.73754    0.06060    3.98002    0.04455
   2253.91000    3.64650    0.05275    3.94438    0.02049
   2257.40000    3.64499    0.03411    3.74161    0.08683
   2259.39000    3.89170    0.06314    3.71709    0.04000
   2263.11000    3.93575    0.04581    3.90540    0.04898
   2266.08000    3.96964    0.07049    3.82706    0.08976
   2268.39000    3.92147    0.05570    3.71992    0.04699
   2271.91000    3.78687    0.05104    3.83699    0.03311
   2273.62000    3.83184    0.06595    3.87607    0.02224
   2276.45000    3.89750    0.06153    4.13267    0.05312
   2279.72000    3.88446    0.06363    4.20302    0.02441
   2283.06000    3.95891    0.05160    4.28040    0.05123
   2286.05000    3.86959    0.03342    4.29185    0.04409
   2289.67000    3.78885    0.08202    4.07599    0.05791
   2293.00000    3.81959    0.04044    4.27693    0.06157
   2294.88000    3.95960    0.06569    4.27719    0.05979
   2297.70000    4.02268    0.04144    4.19949    0.09177
   2300.08000    3.91680    0.06988    4.14429    0.07765
   2304.12000    4.02171    0.08314    4.10699    0.05591
   2307.29000    4.12756    0.06287    4.11987    0.06753
   2556.01000    2.97371    0.08117    3.40053    0.04092
   2559.69000    3.04507    0.02500    3.35670    0.02796
   2562.49000    2.97436    0.05801    3.42449    0.04557
   2567.24000    3.00746    0.02965    3.26211    0.04541
   2570.04000    3.06118    0.06915    3.25597    0.04545
   2572.48000    3.09026    0.06604    3.02373    0.05381
   2574.90000    3.26861    0.05070    3.06116    0.02552
   2580.26000    3.41175    0.07841    3.03536    0.05268
   2582.70000    3.25468    0.06807    3.11591    0.03895
   2585.29000    3.22398    0.03950    3.03047    0.03620
   2587.98000    3.27174    0.07381    2.87626    0.05673
   2592.85000    3.18648    0.04230    3.18782    0.05432
   2596.16000    3.19983    0.05888    3.37518    0.05821
   2599.74000    3.30892    0.09159    3.38664    0.03530
   2604.09000    3.05682    0.07300    3.32282    0.06373
   2606.93000    3.26040    0.06513    3.28650    0.03815
   2609.16000    3.10465    0.04834    3.29930    0.01929
   2613.45000    3.15529    0.05053    3.21470    0.04973
   2616.44000    3.30458    0.02116    3.33287    0.08212
   2619.04000    3.27307    0.06758    3.16742    0.05910
   2621.67000    3.43871    0.05128    3.10366    0.03376
   2625.17000    3.35066    0.04366    3.22524    0.05917
   2627.30000    3.25893    0.07498    3.14375    0.07778
   2630.49000    3.23535    0.02700    3.10210    0.04194
   2633.54000    3.03937    0.06238    3.22047    0.05014
   2637.08000    3.00711    0.06535    3.21294    0.07090
   2640.64000    3.15038    0.03930    3.32900    0.05104
   2643.39000    3.27020    0.08590    3.19899    0.04685
   2646.06000    3.14908    0.08657    3.32162    0.06778
   2650.89000    3.49825    0.03956    3.14801    0.05868
   2654.01000    3.45168    0.06887    3.12598    0.01811
   2657.26000    3.46851    0.06680    3.12284    0.04637
   2662.62000    3.52359    0.04682    3.19632    0.05483
   2663.61000    3.53160    0.04322    3.21093    0.06775
   2666.87000    3.49501    0.05951    3.38726    0.05158
   2669.66000    3.55060    0.04797    3.39909    0.06030
   2672.37000    3.36817    0.04088    3.37494    0.04963
   2922.39000    3.83856    0.05947    3.77765    0.05122
   2925.57000    3.95465    0.05481    3.65433    0.07203
   2926.76000    3.96835    0.03664    3.66372    0.03977
   2930.65000    4.11262    0.05381    3.67441    0.06860
   2933.56000    3.99558    0.02043    3.69356    0.04998
   2934.01000    3.93047    0.06386    3.73564    0.05375
   2937.69000    4.23114    0.05368    3.71149    0.03044
   2941.45000    4.20748    0.05873    3.61368    0.04312
   2944.15000    4.11823    0.01428    3.73954    0.05844
   2947.88000    4.04949    0.03058    3.70210    0.04147
   2952.23000    4.05884    0.04496    3.64636    0.05327
   2955.93000    4.00587    0.03968    4.03019    0.04799
   2959.73000    3.98831    0.04826    3.79577    0.06621
   2964.07000    3.96749    0.03976    3.66411    0.03618
   2967.22000    3.95043    0.01900    3.67154    0.06402
   2971.05000    4.04890    0.06127    3.65011    0.07278
   2974.35000    4.32988    0.06511    3.71937    0.03639
   2976.67000    4.30591    0.07630    3.65574    0.07162
   2979.94000    4.09544    0.05594    3.58131    0.09418
   2981.92000    4.14624    0.05874    3.79564    0.04590
   2984.31000    4.39840    0.06758    3.78760    0.07406
   2987.88000    4.13726    0.06794    3.85107    0.06163
   2990.77000    4.06404    0.06677    3.73770    0.05474
   2992.65000    4.18157    0.06649    3.85972    0.05412
   2994.69000    4.12446    0.06036    3.91571    0.06597
   2997.04000    4.03013    0.03354    3.80339    0.03245
   2999.68000    3.91448    0.03927    3.71477    0.07537
   3003.68000    4.14992    0.05714    3.74575    0.04712
   3006.22000    4.19507    0.04596    3.81437    0.05915
   3007.88000    4.13878    0.06663    3.71686    0.06537
   3011.11000    4.04500    0.04326    3.82312    0.05439
   3013.83000    4.20734    0.07466    3.67100    0.03751
   3016.78000    4.27464    0.05724    3.76453    0.02885
   3018.79000    4.15068    0.05554    3.77705    0.06497
   3024.08000    4.00090    0.07811    3.88017    0.04460
   3027.52000    3.86661    0.04346    3.68481    0.04464
   3030.55000    3.71327    0.04668    3.80257    0.06495
   3035.81000    3.98592    0.03287    3.81203    0.05793
   3038.02000    4.06266    0.04521    3.77086    0.03961
   3039.81000    4.15544    0.06897    3.85227    0.04373
   3287.18000    3.59449    0.05797    3.41440    0.00890
   3291.00000    3.60066    0.07032    3.38216    0.04898
   3293.12000    3.43718    0.06817    3.38815    0.03199
   3296.29000    3.48805    0.04800    3.34186    0.04937
   3299.47000    3.64143    0.05686    3.29893    0.04302
   3302.59000    3.63238    0.05896    3.36618    0.05790
   3306.07000    3.61417    0.08797    3.11434    0.07928
   3308.06000    3.73240    0.06576    3.21578    0.08230
   3310.49000    3.72822    0.07406    3.15972    0.07456
   3313.48000    3.92471    0.07405    3.04092    0.06864
   3315.43000    3.74465    0.04758    3.19655    0.06292
   3319.40000    3.65918    0.06851    3.38795    0.05268
   3322.57000    3.41543    0.05542    3.19335    0.04385
   3326.58000    3.56972    0.04556    3.27198    0.07830
   3330.02000    3.41069    0.03103    3.20962    0.05269
   3333.66000    3.74947    0.02881    3.28810    0.04498
   3336.74000    3.75125    0.06757    3.30357    0.02643
   3340.14000    3.74928    0.06735    3.27119    0.07721
   3342.42000    3.68488    0.05874    3.22892    0.07239
   3346.54000    4.00541    0.07409    3.10378    0.03023
   3351.21000    3.92709    0.04187    3.28255    0.06227
   3353.56000    3.91355    0.04323    3.29951    0.03431
   3356.38000    3.87022    0.04518    3.22113    0.03330
   3360.44000    3.98185    0.07787    3.20828    0.05741
   3361.65000    4.03546    0.02393    3.30609    0.04164
   3366.05000    3.96485    0.08600    3.50863    0.05427
   3368.79000    3.98641    0.07187    3.38332    0.05018
   3370.73000    3.85229    0.07005    3.51562    0.05016
   3371.84000    3.91839    0.03327    3.41997    0.03122
   3375.67000    4.16163    0.04274    3.43826    0.07481
   3379.21000    4.00265    0.05038    3.56157    0.02681
   3384.20000    4.29138    0.03978    3.50830    0.06720
   3386.67000    4.56310    0.04365    3.46230    0.05009
   3389.24000    4.64204    0.06157    3.51512    0.07693
   3391.34000    4.47790    0.03427    3.62148    0.06647
   3397.75000    4.52615    0.06979    3.57004    0.05328
   3400.46000    4.44772    0.04635    3.84939    0.04909
   3402.74000    4.48311    0.04668    3.90052    0.04113
