## Time Delay Challenge light curves
##
## [time]=days, [lc]=[err]=flux in nanomaggies
##
##       time       lc_A      err_A       lc_B      err_B
##-------------------------------------------------------
      1.90000    1.15199    0.06313    0.50459    0.05637
      4.37000    1.16236    0.05674    0.50010    0.06065
      6.60000    1.29842    0.03082    0.55760    0.08079
     10.91000    1.38227    0.07200    0.49065    0.05526
     13.48000    1.53319    0.06618    0.56662    0.04869
     17.30000    1.24989    0.06857    0.44900    0.07684
     22.04000    1.36583    0.02192    0.59586    0.05458
     26.49000    1.67387    0.05293    0.57188    0.05360
     29.92000    1.95671    0.05626    0.55326    0.05590
     33.84000    1.91244    0.08539    0.79967    0.09557
     36.65000    2.06317    0.06020    0.85835    0.05650
     40.09000    1.78410    0.07587    0.71319    0.04821
     43.10000    1.85222    0.05761    0.71687    0.06765
     47.03000    1.63889    0.03648    0.72786    0.08299
     51.36000    1.69408    0.05738    0.69161    0.07963
     55.23000    1.77643    0.01463    0.74734    0.06052
     59.13000    1.68359    0.03090    0.80653    0.06415
     60.76000    1.51371    0.02797    0.68050    0.07988
     63.63000    1.35002    0.04378    0.73803    0.03382
     67.32000    1.23655    0.03956    0.74355    0.06843
     70.74000    1.17301    0.07742    0.71207    0.06294
     72.69000    1.31427    0.03878    0.62396    0.03170
     75.39000    1.31759    0.03355    0.56168    0.06680
     78.76000    1.35902    0.07856    0.30534    0.07262
     80.27000    1.43837    0.01669    0.50293    0.03867
     83.44000    1.64122    0.04546    0.48126    0.06727
     86.10000    1.34992    0.07264    0.55361    0.05242
     89.71000    1.48544    0.05114    0.56420    0.05002
     91.98000    1.36707    0.05986    0.51342    0.05494
     94.89000    1.70204    0.05500    0.61731    0.03614
     98.28000    1.82061    0.04795    0.61769    0.07447
     99.21000    1.77837    0.04810    0.59971    0.08770
    102.63000    1.65590    0.05942    0.66794    0.04956
    106.08000    1.40822    0.05183    0.68342    0.02734
    108.49000    1.22475    0.06766    0.79627    0.05509
    112.10000    1.87440    0.07068    0.69683    0.03210
    113.81000    1.68728    0.03543    0.79487    0.07289
    115.26000    1.72884    0.07034    0.59119    0.06468
    119.17000    1.63803    0.05036    0.72019    0.06484
    366.16000    1.03216    0.03680    0.52688    0.04769
    367.97000    0.96583    0.07277    0.48660    0.04027
    369.63000    1.25555    0.05351    0.55338    0.05215
    371.37000    0.87083    0.05621    0.45769    0.03377
    374.64000    1.03853    0.04448    0.47217    0.05479
    377.04000    0.81659    0.03891    0.45308    0.06770
    380.48000    0.98752    0.05380    0.40654    0.06888
    383.64000    0.99209    0.06626    0.33215    0.03715
    385.65000    1.11739    0.05096    0.29418    0.06711
    389.08000    0.98873    0.03861    0.32528    0.05620
    391.00000    0.94317    0.06195    0.37691    0.05582
    394.70000    1.07752    0.05553    0.46499    0.03445
    398.92000    0.88905    0.04043    0.41847    0.02916
    401.74000    0.92939    0.04190    0.41766    0.07396
    405.84000    0.97644    0.04802    0.46994    0.06012
    409.38000    1.01597    0.03083    0.43071    0.06366
    411.66000    1.11405    0.07979    0.36687    0.04630
    414.35000    1.11778    0.03930    0.28851    0.07165
    418.02000    1.02647    0.05575    0.39351    0.03027
    421.12000    0.90117    0.02505    0.52540    0.04520
    422.47000    1.02520    0.04757    0.40216    0.05380
    424.37000    1.17763    0.03947    0.52193    0.04382
    429.24000    1.38154    0.05892    0.37619    0.04160
    433.37000    1.69858    0.06025    0.38914    0.07183
    436.95000    1.44224    0.02267    0.56948    0.05756
    439.06000    1.20721    0.04235    0.62008    0.05050
    440.73000    1.30262    0.06344    0.66957    0.06828
    446.04000    1.19558    0.07912    0.57702    0.04689
    449.03000    1.32144    0.06373    0.54208    0.06251
    450.91000    1.28179    0.07569    0.50524    0.03653
    454.62000    1.23354    0.05143    0.48565    0.07218
    457.25000    1.29074    0.05947    0.55936    0.01945
    460.12000    1.17210    0.07079    0.49237    0.05666
    461.92000    1.38390    0.03563    0.60328    0.08950
    464.90000    1.35062    0.03973    0.44494    0.03259
    466.53000    1.27208    0.03705    0.53185    0.06285
    469.07000    1.26258    0.08308    0.50678    0.06179
    471.13000    1.35406    0.02544    0.58393    0.03239
    472.29000    1.52151    0.05561    0.55158    0.03262
    475.03000    1.20410    0.03514    0.50823    0.03265
    478.84000    1.32810    0.04960    0.53228    0.03722
    482.15000    1.53257    0.06459    0.45322    0.06402
    484.73000    1.62687    0.04291    0.44260    0.03626
    732.59000    1.77551    0.05700    0.61018    0.03906
    734.50000    1.84187    0.05565    0.61417    0.06636
    736.38000    2.02506    0.05334    0.74228    0.05058
    738.36000    1.96130    0.05077    0.72638    0.03494
    740.47000    1.88221    0.07455    0.67047    0.07307
    743.15000    1.60114    0.05701    0.84635    0.05333
    747.19000    1.98370    0.06549    0.81377    0.05663
    749.37000    1.72162    0.06614    0.84779    0.09302
    751.84000    1.96102    0.05136    0.79347    0.03422
    754.29000    1.53301    0.05128    0.77323    0.02937
    757.94000    1.34095    0.03342    0.67427    0.06286
    760.86000    1.45007    0.07521    0.72894    0.06858
    762.68000    1.45596    0.05101    0.83970    0.07236
    765.62000    1.34831    0.05116    0.63849    0.03066
    768.86000    1.25444    0.06628    0.54874    0.03301
    771.00000    1.44832    0.06998    0.60277    0.04583
    772.95000    1.44159    0.05841    0.45198    0.05977
    776.04000    1.21593    0.04953    0.50727    0.04341
    780.98000    1.50964    0.05729    0.56013    0.06617
    783.94000    1.75613    0.03952    0.51477    0.05135
    786.06000    1.62200    0.03785    0.45966    0.02969
    790.21000    1.58702    0.06028    0.62087    0.05621
    792.68000    1.53584    0.05131    0.69549    0.04189
    795.56000    1.51497    0.05243    0.74495    0.06222
    798.33000    1.50257    0.03884    0.56457    0.07083
    801.71000    1.20891    0.07402    0.69551    0.03936
    805.15000    1.38504    0.07242    0.61246    0.03486
    808.61000    1.58529    0.04520    0.54444    0.04710
    811.65000    1.37595    0.05547    0.43435    0.04081
    814.70000    1.03167    0.04293    0.58447    0.06469
    817.62000    0.97873    0.05665    0.65040    0.03768
    819.25000    1.25464    0.06756    0.63609    0.03553
    823.81000    1.16581    0.06653    0.46236    0.04875
    828.42000    1.03661    0.04322    0.49261    0.07487
    830.99000    1.14507    0.05877    0.47006    0.06576
    834.23000    1.11044    0.06490    0.47131    0.03187
    835.70000    1.25434    0.02588    0.38983    0.05701
    836.49000    1.34381    0.03740    0.46597    0.07496
    837.72000    1.29237    0.06120    0.45423    0.03843
    841.72000    1.24178    0.05613    0.47118    0.04628
    843.57000    1.30677    0.03187    0.44840    0.04555
    846.97000    1.38166    0.06449    0.50466    0.04580
   1097.02000    1.43260    0.06043    0.52487    0.05178
   1099.24000    1.45572    0.04178    0.72013    0.06743
   1100.94000    1.35106    0.03528    0.58729    0.03812
   1103.52000    1.40740    0.05387    0.61767    0.02880
   1105.10000    1.47835    0.05964    0.57944    0.05667
   1108.77000    1.30221    0.06008    0.48134    0.07125
   1111.93000    1.20274    0.05838    0.57650    0.04040
   1113.01000    1.20689    0.04969    0.60295    0.04624
   1117.30000    1.07905    0.08253    0.65166    0.05313
   1123.01000    1.60105    0.07235    0.47953    0.05873
   1125.70000    1.29205    0.07755    0.45664    0.08538
   1128.63000    1.27381    0.03434    0.55427    0.04063
   1132.27000    1.51108    0.04030    0.58419    0.03202
   1135.82000    1.62484    0.03913    0.48852    0.05028
   1138.67000    1.91585    0.03823    0.43676    0.04538
   1141.20000    2.06160    0.03070    0.47629    0.03659
   1146.09000    2.17392    0.05394    0.74350    0.07996
   1149.62000    1.89643    0.04085    0.75752    0.05244
   1151.29000    1.64015    0.07216    0.88321    0.03064
   1154.89000    1.62912    0.06517    0.85177    0.04092
   1159.10000    1.38219    0.04555    0.84354    0.06560
   1159.64000    1.57433    0.07741    0.64322    0.06337
   1163.89000    1.31841    0.06662    0.75642    0.06037
   1168.17000    1.16951    0.04890    0.72275    0.06379
   1169.45000    1.12169    0.06053    0.59362    0.05569
   1170.81000    1.21795    0.05456    0.61725    0.04548
   1175.60000    0.83742    0.00984    0.48041    0.04075
   1179.68000    0.94582    0.03736    0.45564    0.05916
   1182.62000    0.76674    0.04266    0.34270    0.08228
   1182.96000    0.84090    0.04866    0.46480    0.05189
   1187.74000    0.92534    0.04536    0.33922    0.03230
   1189.76000    0.85816    0.03179    0.40245    0.04452
   1192.50000    0.89161    0.03592    0.35359    0.03970
   1196.32000    0.96610    0.05632    0.34489    0.04641
   1198.99000    1.18553    0.04220    0.36204    0.04583
   1203.71000    0.90773    0.05301    0.32881    0.05658
   1207.44000    0.97727    0.04620    0.48305    0.05114
   1210.71000    1.08002    0.04174    0.44967    0.06570
   1214.04000    1.12670    0.07754    0.39902    0.02210
   1462.29000    1.25492    0.06838    0.45977    0.07329
   1465.36000    1.18193    0.00746    0.49748    0.05874
   1468.39000    1.25718    0.07444    0.48664    0.03971
   1472.10000    1.08373    0.04930    0.47168    0.04973
   1474.92000    1.18627    0.05657    0.48995    0.06828
   1478.46000    1.35269    0.04147    0.44911    0.06508
   1480.50000    1.38494    0.05332    0.45216    0.04603
   1484.04000    2.03528    0.10130    0.48077    0.04769
   1486.31000    1.79619    0.08955    0.52579    0.05319
   1490.53000    1.68434    0.04882    0.59845    0.06539
   1492.09000    1.51700    0.04621    0.82798    0.05345
   1496.12000    1.64844    0.05689    0.77201    0.05083
   1498.80000    1.51534    0.04497    0.75217    0.07061
   1502.50000    1.62145    0.06571    0.46282    0.07609
   1503.74000    1.57272    0.06845    0.58713    0.02830
   1505.68000    1.37968    0.03707    0.73420    0.04907
   1508.98000    1.72710    0.08997    0.58327    0.06277
   1510.90000    1.52459    0.04458    0.59665    0.06317
   1514.47000    1.69112    0.05461    0.62862    0.05666
   1518.01000    1.31373    0.07315    0.55865    0.08776
   1522.52000    1.42623    0.04656    0.56632    0.06399
   1527.16000    1.54854    0.05542    0.51724    0.05290
   1531.27000    1.66973    0.05064    0.50847    0.06405
   1532.74000    2.05585    0.04618    0.54761    0.04804
   1533.19000    2.03832    0.09434    0.69379    0.05886
   1534.59000    2.04748    0.04424    0.70095    0.05221
   1537.41000    2.00151    0.05330    0.66120    0.07013
   1539.35000    2.17919    0.05800    0.68499    0.08096
   1541.56000    2.11796    0.08437    0.61753    0.03722
   1544.70000    2.33012    0.06798    0.76870    0.05054
   1546.94000    2.12506    0.05253    0.78200    0.02364
   1549.37000    1.70636    0.05878    0.90066    0.04779
   1554.48000    1.48005    0.04778    0.90415    0.04750
   1558.45000    1.68801    0.03486    0.61246    0.04583
   1562.16000    1.49515    0.05260    0.73156    0.03955
   1565.56000    1.59990    0.04680    0.62346    0.04316
   1567.78000    1.92113    0.05130    0.67543    0.03706
   1571.68000    1.92012    0.06337    0.54478    0.03781
   1574.86000    1.73946    0.05847    0.68388    0.07455
   1577.72000    1.85159    0.04630    0.75449    0.03000
   1827.31000    1.55241    0.06951    0.40045    0.06304
   1829.98000    1.40020    0.06036    0.58556    0.07276
   1833.90000    1.25534    0.05556    0.60632    0.04656
   1839.57000    1.04116    0.05509    0.69282    0.07584
   1843.90000    0.75101    0.04938    0.49177    0.06463
   1847.54000    0.81205    0.04474    0.44630    0.04436
   1850.13000    0.95281    0.07416    0.35026    0.06870
   1851.94000    1.09405    0.04963    0.32195    0.07547
   1854.94000    1.07532    0.01390    0.38419    0.06422
   1856.62000    1.04253    0.05072    0.29972    0.04131
   1861.21000    1.11566    0.05022    0.42689    0.04467
   1865.05000    1.30508    0.07822    0.43372    0.03229
   1867.51000    1.34388    0.04842    0.49543    0.06005
   1868.46000    1.51951    0.06714    0.46183    0.05126
   1871.57000    1.28420    0.07360    0.46749    0.05570
   1873.79000    1.03596    0.04767    0.49993    0.05652
   1875.50000    0.94305    0.05709    0.50492    0.08396
   1879.19000    0.91826    0.07438    0.49399    0.04841
   1882.03000    0.86745    0.06117    0.49478    0.04699
   1886.21000    0.81822    0.05683    0.40590    0.05885
   1888.59000    0.93033    0.00746    0.32907    0.07285
   1891.37000    1.02779    0.05481    0.31056    0.04027
   1893.23000    0.95705    0.03612    0.36402    0.08020
   1895.79000    1.00349    0.04911    0.46599    0.04065
   1898.98000    1.10270    0.03601    0.34801    0.06162
   1902.93000    1.33445    0.04958    0.37483    0.03986
   1905.26000    1.25252    0.07857    0.43450    0.07563
   1907.80000    1.02245    0.07345    0.49114    0.07850
   1912.49000    1.03733    0.06483    0.61398    0.07485
   1916.65000    0.93727    0.03993    0.43350    0.07382
   1918.67000    0.93486    0.07352    0.39009    0.05132
   1921.60000    0.98185    0.01371    0.45541    0.04051
   1924.01000    1.21543    0.02981    0.32246    0.04458
   1925.75000    1.17087    0.04293    0.41067    0.03253
   1929.87000    1.12410    0.07994    0.34991    0.05909
   1933.00000    1.13091    0.06394    0.50491    0.05957
   1934.33000    1.10336    0.03425    0.52257    0.03873
   1936.53000    1.10322    0.06032    0.55606    0.08397
   1938.89000    1.12865    0.05399    0.43262    0.07396
   1942.55000    1.18927    0.05241    0.51356    0.04007
   2190.06000    0.73707    0.05675    0.38672    0.05440
   2192.79000    0.63095    0.03332    0.16355    0.08437
   2197.72000    0.67764    0.08946    0.26927    0.04211
   2199.51000    0.77390    0.04048    0.30374    0.06875
   2202.20000    0.89951    0.05546    0.26317    0.04794
   2203.39000    0.98353    0.01651    0.26846    0.06148
   2207.22000    1.03653    0.05892    0.27016    0.04544
   2209.88000    1.07562    0.02305    0.29398    0.03569
   2214.40000    0.95914    0.06002    0.35805    0.04965
   2218.74000    1.07279    0.07142    0.35775    0.05183
   2220.79000    1.04810    0.06480    0.43331    0.04229
   2223.41000    1.06801    0.05507    0.43389    0.08584
   2225.22000    1.15500    0.03480    0.55351    0.07182
   2228.34000    0.98557    0.05061    0.44734    0.05667
   2231.54000    1.26463    0.04490    0.53116    0.03654
   2234.38000    1.51469    0.04809    0.63879    0.06049
   2238.11000    1.45397    0.05978    0.51444    0.04418
   2241.93000    1.46614    0.03439    0.64406    0.07200
   2245.17000    1.42232    0.04391    0.62543    0.06508
   2249.50000    1.28643    0.03959    0.57388    0.04504
   2252.86000    1.29490    0.10009    0.63931    0.05584
   2256.66000    1.29722    0.07755    0.53747    0.05154
   2260.73000    1.52928    0.06248    0.58078    0.06264
   2264.39000    1.58580    0.04937    0.57080    0.05244
   2266.84000    1.48178    0.07268    0.63021    0.03915
   2269.09000    1.62016    0.04370    0.61418    0.06840
   2272.23000    1.88800    0.05185    0.67289    0.02919
   2275.63000    1.91845    0.04400    0.50435    0.05965
   2278.30000    1.68052    0.07351    0.64111    0.06537
   2281.87000    2.06765    0.05824    0.89900    0.04495
   2284.19000    2.13244    0.03876    0.82155    0.03292
   2287.62000    1.83213    0.03628    0.74438    0.06283
   2291.63000    1.87753    0.06053    0.86128    0.03967
   2293.66000    1.73350    0.03769    0.89333    0.05264
   2295.90000    1.59578    0.08702    0.95837    0.04234
   2299.09000    1.50393    0.07328    0.80013    0.06726
   2302.59000    1.38413    0.05841    0.82081    0.03431
   2306.73000    1.45651    0.04964    0.66501    0.04952
   2309.48000    1.76874    0.05890    0.69801    0.05737
   2558.67000    2.11927    0.02942    0.66709    0.05503
   2560.72000    1.89870    0.04135    0.62095    0.07840
   2565.44000    2.04529    0.05536    0.67241    0.07356
   2567.71000    1.87166    0.07669    0.92590    0.03179
   2573.18000    1.41116    0.05225    0.81204    0.04300
   2576.92000    2.04020    0.08365    0.89268    0.05961
   2581.15000    1.76375    0.03471    0.56345    0.05779
   2584.24000    1.82264    0.02822    0.77433    0.04197
   2587.00000    1.98088    0.08862    0.73113    0.06341
   2589.67000    1.87868    0.06092    0.68765    0.06767
   2591.90000    2.02099    0.04843    0.77458    0.04964
   2596.64000    2.19135    0.05100    0.90880    0.06906
   2599.74000    1.85030    0.07011    0.81262    0.05157
   2603.10000    2.37047    0.03647    0.94386    0.04667
   2605.45000    2.15155    0.02540    0.98159    0.08800
   2607.94000    2.58713    0.04979    0.88234    0.05332
   2609.99000    2.41419    0.05607    0.99501    0.03968
   2611.25000    2.78957    0.02720    0.95778    0.06100
   2615.00000    2.41758    0.03294    0.93739    0.03929
   2618.26000    1.99207    0.07204    1.11098    0.03081
   2621.11000    1.90440    0.05764    1.25747    0.02528
   2625.30000    1.95844    0.06612    1.06952    0.02665
   2627.98000    1.60773    0.03987    0.90712    0.03478
   2632.47000    1.49985    0.07508    0.80116    0.04881
   2634.70000    1.57039    0.05700    0.81608    0.02853
   2640.74000    1.34993    0.04309    0.64748    0.04579
   2644.53000    1.21184    0.05650    0.70336    0.06276
   2647.02000    1.15569    0.06108    0.67214    0.03794
   2650.54000    1.06276    0.03640    0.60097    0.03893
   2652.00000    1.00458    0.05414    0.63653    0.06529
   2654.96000    1.04282    0.04692    0.44413    0.05857
   2657.39000    0.95609    0.03343    0.48175    0.05253
   2659.89000    0.83068    0.06825    0.44236    0.04190
   2662.20000    0.94443    0.04578    0.53990    0.05489
   2665.47000    0.98194    0.04348    0.46322    0.03779
   2668.35000    0.97880    0.04873    0.32719    0.06299
   2670.64000    1.20928    0.05410    0.38907    0.07275
   2672.13000    1.25059    0.05599    0.50303    0.08270
   2920.94000    1.33134    0.02957    0.55891    0.05158
   2925.24000    1.09279    0.05110    0.50048    0.04611
   2927.67000    1.20022    0.07868    0.55569    0.04886
   2930.61000    1.20119    0.03979    0.66202    0.06903
   2934.93000    1.12531    0.05202    0.58429    0.07138
   2939.41000    1.11428    0.03467    0.49666    0.03848
   2943.70000    1.19653    0.03565    0.52650    0.05586
   2946.51000    1.56682    0.05529    0.45797    0.02646
   2950.00000    1.40291    0.04505    0.51437    0.05976
   2951.96000    1.35364    0.01951    0.49346    0.04669
   2955.40000    0.96544    0.05480    0.56113    0.07420
   2958.78000    1.10884    0.07580    0.56697    0.05568
   2960.75000    1.14714    0.04356    0.54601    0.02436
   2963.18000    1.01668    0.06260    0.49126    0.06253
   2965.57000    0.86712    0.06522    0.45692    0.04737
   2969.44000    0.99526    0.04929    0.44544    0.07414
   2971.03000    0.89452    0.06050    0.45818    0.05696
   2972.64000    0.91689    0.06235    0.38223    0.03256
   2977.05000    1.02171    0.05568    0.33891    0.04825
   2981.95000    1.02611    0.05184    0.41280    0.04939
   2985.70000    1.03519    0.04714    0.40491    0.04118
   2988.68000    1.13675    0.05765    0.45306    0.07189
   2992.03000    1.31566    0.04165    0.45395    0.07947
   2992.53000    1.08473    0.07095    0.36944    0.06515
   2993.94000    1.11243    0.08842    0.39620    0.04861
   2997.06000    1.22764    0.01972    0.51853    0.06522
   2998.93000    1.27483    0.05693    0.53215    0.05291
   3001.69000    1.34559    0.06739    0.44247    0.05018
   3003.72000    1.46392    0.08462    0.40287    0.04657
   3006.69000    1.69436    0.07758    0.45867    0.04647
   3009.04000    2.02208    0.02846    0.51071    0.06014
   3009.98000    2.02529    0.04424    0.52239    0.04844
   3013.74000    2.08260    0.03427    0.61977    0.04320
   3016.94000    1.98703    0.05155    0.72534    0.05841
   3018.74000    1.85106    0.05759    0.86975    0.04598
   3021.22000    1.58742    0.05139    0.84475    0.01071
   3025.72000    1.52623    0.05524    0.79620    0.06413
   3028.25000    1.78031    0.06137    0.77028    0.04991
   3029.98000    1.85400    0.05127    0.66757    0.07870
   3033.53000    2.33118    0.02992    0.59314    0.04758
   3035.53000    2.35729    0.04251    0.69377    0.04976
   3039.01000    2.63243    0.03649    0.73057    0.01704
   3285.87000    1.02450    0.06007    0.57158    0.05032
   3289.60000    0.99013    0.04950    0.43327    0.06133
   3292.92000    1.22038    0.02604    0.44910    0.06445
   3297.04000    1.61943    0.07840    0.47502    0.03565
   3300.66000    1.73407    0.04223    0.57186    0.04170
   3303.70000    1.64255    0.05312    0.51590    0.04807
   3305.80000    1.35587    0.05502    0.65289    0.05225
   3309.75000    1.23402    0.04695    0.69460    0.08954
   3314.92000    1.31622    0.07868    0.63902    0.05460
   3317.03000    1.39934    0.06653    0.60818    0.03144
   3319.83000    1.14522    0.03378    0.59489    0.03961
   3323.13000    1.17874    0.02351    0.51951    0.05740
   3326.32000    1.20160    0.06357    0.50116    0.03478
   3329.16000    1.35678    0.08500    0.42475    0.04829
   3332.42000    1.53901    0.05269    0.51248    0.07344
   3334.10000    1.62433    0.03325    0.48009    0.02892
   3336.74000    1.44881    0.08358    0.51853    0.05827
   3339.82000    1.64013    0.03631    0.61791    0.03216
   3343.64000    1.74339    0.05654    0.68713    0.02503
   3345.70000    1.63006    0.04047    0.61233    0.03223
   3350.78000    1.56127    0.05205    0.68733    0.03526
   3355.45000    2.00004    0.05073    0.62298    0.06247
   3357.12000    1.76715    0.03418    0.65238    0.07041
   3359.49000    2.05300    0.04397    0.69325    0.04788
   3362.62000    1.50667    0.07908    0.63068    0.04578
   3366.30000    1.26856    0.06484    0.73492    0.06568
   3369.91000    1.19604    0.10184    0.84859    0.06990
   3371.91000    1.25485    0.03412    0.61619    0.08689
   3374.71000    1.31632    0.06137    0.51698    0.04151
   3378.35000    1.26470    0.04768    0.56606    0.07865
   3381.35000    1.54085    0.06054    0.51395    0.04910
   3383.84000    1.63335    0.06723    0.56174    0.05343
   3387.26000    1.74941    0.05470    0.51148    0.04622
   3388.53000    1.71099    0.04276    0.54628    0.05699
   3390.82000    1.55971    0.07325    0.66220    0.02600
   3394.23000    1.51826    0.07155    0.63111    0.05382
   3397.69000    1.43790    0.04865    0.64380    0.05999
   3401.58000    1.24307    0.04214    0.66016    0.07089
