## Time Delay Challenge light curves
##
## [time]=days, [lc]=[err]=flux in nanomaggies
##
##       time       lc_A      err_A       lc_B      err_B
##-------------------------------------------------------
      0.58000    0.49145    0.03297    2.70024    0.05357
      3.74000    0.46322    0.05877    2.69344    0.04755
      8.14000    0.44268    0.03814    3.06909    0.05066
     10.28000    0.49693    0.05134    3.76620    0.05796
     13.95000    0.56463    0.06757    3.29961    0.08673
     16.55000    0.43041    0.05880    3.66599    0.05644
     19.92000    0.64457    0.01722    3.60988    0.06323
     22.72000    0.56727    0.04995    3.37462    0.05866
     26.94000    0.57298    0.06102    3.27175    0.07068
     28.04000    0.60248    0.07192    2.89430    0.07001
     30.35000    0.64986    0.06263    2.80662    0.04165
     35.66000    0.59189    0.07411    2.51477    0.06911
     38.15000    0.48988    0.05363    2.01503    0.04948
     40.90000    0.45691    0.05706    2.20369    0.05491
     43.96000    0.54744    0.04682    2.12943    0.05519
     47.25000    0.42866    0.06421    2.47164    0.05076
     51.50000    0.43190    0.07247    2.53491    0.06809
     53.65000    0.37633    0.02704    2.55855    0.03614
     55.75000    0.40261    0.05903    2.58828    0.06332
     59.47000    0.45700    0.03197    2.89301    0.05436
     62.32000    0.48593    0.06054    3.06815    0.05366
     64.73000    0.48598    0.05669    2.76681    0.03130
     66.65000    0.47914    0.03970    2.74896    0.06178
     67.80000    0.50456    0.04692    2.74179    0.06234
     71.42000    0.53823    0.03025    2.97716    0.07782
     75.75000    0.61435    0.04694    2.83954    0.05852
     78.22000    0.45494    0.03998    2.80465    0.06626
     81.91000    0.51048    0.07264    3.01123    0.05298
     87.81000    0.43571    0.03738    2.49680    0.06946
     90.31000    0.57374    0.07730    2.69663    0.04007
     92.81000    0.50627    0.08695    3.07494    0.05591
     96.72000    0.50188    0.04309    2.97236    0.03245
    100.47000    0.59506    0.03698    3.04481    0.04750
    104.48000    0.58123    0.07677    2.88267    0.06774
    106.30000    0.60023    0.05895    3.03731    0.02778
    108.88000    0.60733    0.09905    3.15292    0.05743
    109.43000    0.59585    0.05295    3.11456    0.03962
    114.39000    0.59142    0.03142    3.08844    0.04809
    118.48000    0.61018    0.02952    2.77230    0.07174
    366.20000    0.69083    0.03153    1.97113    0.04089
    370.12000    0.56938    0.03043    2.89149    0.04774
    372.08000    0.69898    0.07261    2.93615    0.06752
    376.28000    0.84246    0.01654    3.03236    0.05127
    378.94000    0.86705    0.06719    3.02264    0.04256
    380.92000    0.95546    0.05529    2.85600    0.06289
    382.96000    1.05073    0.06269    2.94903    0.04791
    387.32000    0.93739    0.08096    3.10653    0.08594
    389.43000    0.93176    0.08725    3.03602    0.04571
    392.90000    1.08650    0.02587    2.59034    0.04128
    396.17000    1.03592    0.06371    3.00402    0.06818
    399.29000    1.00633    0.04549    2.89450    0.06062
    403.26000    0.99590    0.06937    2.96222    0.03816
    406.70000    1.03671    0.05283    2.84497    0.06473
    410.48000    0.99713    0.06080    2.75961    0.01143
    414.55000    1.00667    0.06073    2.76890    0.08600
    416.77000    1.05839    0.06769    3.12338    0.05834
    418.41000    0.85746    0.07567    3.03663    0.01002
    421.19000    0.95458    0.07121    3.88402    0.08904
    423.68000    1.00015    0.06528    4.17823    0.06923
    429.18000    1.33088    0.06182    2.80856    0.06033
    433.87000    1.41569    0.04522    2.49419    0.05121
    436.58000    1.13403    0.03849    2.81075    0.07545
    440.24000    0.88397    0.06379    3.14012    0.05903
    442.29000    0.87684    0.05191    2.96724    0.05238
    444.45000    1.13767    0.03934    3.00025    0.06322
    446.73000    1.08422    0.06190    3.00912    0.04178
    449.79000    1.04531    0.05797    3.26001    0.06668
    453.06000    1.21664    0.07956    3.42139    0.02700
    456.87000    1.20938    0.05947    3.25361    0.05086
    457.93000    1.21167    0.01964    3.25855    0.06886
    460.24000    1.24775    0.07432    3.64896    0.03351
    463.74000    1.28611    0.04588    3.52283    0.05449
    467.45000    1.36149    0.03613    2.98249    0.04411
    471.60000    1.39093    0.05286    2.66936    0.04400
    473.71000    1.22132    0.05125    2.81757    0.06721
    477.49000    1.09683    0.06877    2.42727    0.05660
    481.40000    1.10084    0.03748    2.75288    0.02405
    482.89000    1.04343    0.06842    2.48872    0.05145
    730.62000    2.42287    0.03210    3.63878    0.03156
    733.74000    2.08776    0.05780    4.02769    0.05756
    737.12000    2.07434    0.03172    3.56045    0.04790
    740.57000    2.48492    0.07082    3.97366    0.06059
    744.09000    2.07341    0.04523    4.02610    0.07983
    747.44000    2.08714    0.02951    3.90616    0.05287
    750.62000    2.18513    0.07751    3.34487    0.02732
    754.23000    1.98119    0.05946    3.43631    0.07714
    758.18000    2.16657    0.02648    3.79750    0.04855
    759.98000    1.88707    0.04136    3.76083    0.06965
    762.71000    2.06069    0.07453    3.12125    0.03970
    766.44000    2.38917    0.05882    3.61567    0.07311
    769.39000    2.04376    0.06845    3.51947    0.03409
    772.23000    2.10677    0.07921    3.15062    0.08032
    775.16000    2.12060    0.03757    3.70398    0.06562
    777.89000    2.16038    0.05231    2.50819    0.05570
    780.73000    2.07726    0.07532    2.44995    0.03484
    782.11000    2.16721    0.05265    2.77623    0.02083
    785.94000    1.52561    0.05251    2.64688    0.08434
    788.64000    1.49907    0.05098    2.64580    0.05784
    790.56000    1.74269    0.04693    2.56619    0.05645
    792.09000    1.57331    0.04976    2.29158    0.06301
    794.98000    1.65870    0.07023    2.72382    0.05142
    797.86000    1.56516    0.05108    2.54872    0.04541
    800.68000    1.46411    0.07270    2.50342    0.06942
    803.89000    1.63532    0.07661    2.03878    0.07191
    807.12000    1.58568    0.05944    1.63397    0.03870
    810.24000    1.69741    0.06052    1.18907    0.07165
    812.55000    1.30449    0.04702    1.59167    0.07104
    814.80000    1.07522    0.04489    1.34313    0.02749
    816.61000    1.01098    0.05177    1.33074    0.02134
    820.96000    0.93147    0.05038    1.74048    0.06059
    824.75000    0.86889    0.03663    1.58412    0.04506
    827.14000    1.05967    0.04971    1.67659    0.07080
    828.61000    1.05260    0.05117    1.73297    0.04685
    832.80000    1.09083    0.06547    1.80845    0.07459
    835.96000    1.09968    0.05568    1.62385    0.06090
    839.48000    1.17201    0.02557    1.94642    0.04818
    841.68000    1.09741    0.06294    2.15497    0.01886
    844.20000    0.99201    0.06314    2.30496    0.05557
    846.43000    1.22055    0.02106    2.01921    0.05933
    849.80000    1.33848    0.05401    2.03020    0.08376
   1096.25000    1.77441    0.07839    2.70739    0.04573
   1100.62000    1.78225    0.05073    2.70165    0.07680
   1102.74000    2.26493    0.04969    3.09561    0.07141
   1105.05000    1.94064    0.06928    2.75893    0.05701
   1106.98000    2.29663    0.07372    3.07101    0.04936
   1110.95000    2.27699    0.03451    2.93501    0.05880
   1113.20000    1.95072    0.02373    3.00416    0.06419
   1117.11000    2.05385    0.05172    2.84876    0.06129
   1120.81000    2.09678    0.04564    3.22397    0.05880
   1122.07000    2.14271    0.05472    3.22269    0.05602
   1125.45000    2.12332    0.08530    2.94168    0.02888
   1128.09000    2.29589    0.06745    2.65111    0.04582
   1133.05000    2.28575    0.01925    3.12393    0.07101
   1136.68000    1.93532    0.06051    3.18935    0.05242
   1138.12000    2.40966    0.04875    3.68177    0.05015
   1141.65000    2.37399    0.06885    4.71544    0.07355
   1143.48000    2.17738    0.07793    4.79274    0.07136
   1146.41000    2.74745    0.03172    4.28441    0.08122
   1150.11000    3.41466    0.04604    4.45524    0.04451
   1152.80000    3.35291    0.07741    3.99029    0.03843
   1155.69000    2.93710    0.08817    4.37105    0.05526
   1158.70000    3.27217    0.03962    4.25318    0.06362
   1160.13000    2.85068    0.03745    4.44732    0.07586
   1163.87000    3.04817    0.06803    3.86790    0.04594
   1166.93000    2.88259    0.07261    3.64840    0.08025
   1171.56000    2.77275    0.04314    4.30921    0.06347
   1175.03000    2.67601    0.04846    3.92145    0.04372
   1178.35000    2.91442    0.05514    3.35836    0.04355
   1182.09000    2.72423    0.06182    3.32867    0.04615
   1185.76000    2.50854    0.05499    3.59142    0.07566
   1189.71000    2.35944    0.04192    3.27545    0.04618
   1191.94000    2.67709    0.04427    3.47614    0.06420
   1194.79000    2.42591    0.05615    2.92792    0.03450
   1199.33000    2.48349    0.03710    3.16627    0.07837
   1204.08000    1.97987    0.03479    2.52298    0.05319
   1206.65000    2.15425    0.05735    2.53254    0.07356
   1210.37000    1.66593    0.07924    2.93688    0.08140
   1212.42000    1.94367    0.05849    2.98079    0.06548
   1460.37000    2.27724    0.04769    3.24136    0.02226
   1464.58000    2.08028    0.06036    3.84798    0.03747
   1467.58000    2.06059    0.06269    3.53756    0.04593
   1469.83000    2.13652    0.05000    4.09208    0.08065
   1472.40000    2.28948    0.04442    3.55179    0.04712
   1477.07000    2.13765    0.05342    3.92595    0.01961
   1480.62000    2.14073    0.04247    3.25685    0.03958
   1484.42000    2.18333    0.04165    3.53937    0.05620
   1487.18000    2.06619    0.06456    3.70016    0.06334
   1488.45000    2.10187    0.04977    3.84946    0.04543
   1490.13000    2.01871    0.06227    4.02734    0.05172
   1492.73000    2.04743    0.04422    4.21692    0.05663
   1494.27000    2.04068    0.04666    4.09339    0.01655
   1496.67000    2.36557    0.03335    4.56581    0.04843
   1498.70000    2.51490    0.05207    3.98965    0.05526
   1502.25000    2.57216    0.05820    4.01709    0.06358
   1505.71000    2.57704    0.03460    3.95023    0.04070
   1510.32000    2.38708    0.03622    4.08201    0.05003
   1516.15000    2.24389    0.06019    4.69758    0.05417
   1519.82000    2.54716    0.04805    4.83605    0.05898
   1522.16000    2.33116    0.00644    4.29336    0.05983
   1524.91000    2.66870    0.07205    4.94534    0.05661
   1527.52000    2.54096    0.07807    4.96101    0.02288
   1530.00000    2.42650    0.07616    4.08271    0.08550
   1533.16000    2.84693    0.06314    3.12251    0.06350
   1535.43000    2.83893    0.06489    3.21399    0.06013
   1537.26000    2.26785    0.10554    3.16238    0.06440
   1539.31000    2.22565    0.02143    2.80648    0.04129
   1542.03000    1.80810    0.05611    3.20200    0.04503
   1544.59000    1.91513    0.06899    3.23177    0.04339
   1548.32000    1.78618    0.06054    2.91447    0.06633
   1552.71000    1.80876    0.05507    3.67143    0.08343
   1553.87000    1.65776    0.04800    3.45803    0.03675
   1557.08000    1.63325    0.06406    3.28769    0.05258
   1559.22000    1.94402    0.02887    3.35858    0.05225
   1561.70000    1.96313    0.04103    3.51801    0.05564
   1567.17000    1.95177    0.00932    3.36984    0.05705
   1568.97000    1.95072    0.04256    3.38636    0.05347
   1572.07000    1.83418    0.05568    3.60168    0.05734
   1574.84000    1.98432    0.06349    3.47669    0.02747
   1577.87000    2.00897    0.06797    4.74987    0.04766
   1827.15000    1.97301    0.05185    4.43878    0.06531
   1830.89000    1.61534    0.05171    4.92788    0.05486
   1831.73000    1.50283    0.02077    4.77422    0.04551
   1834.74000    1.76331    0.04575    4.77601    0.03476
   1838.88000    2.07042    0.03800    4.71595    0.05339
   1842.95000    2.09211    0.06444    5.67963    0.04065
   1845.75000    1.99358    0.05410    5.61210    0.04647
   1848.76000    1.98751    0.06549    5.21084    0.07150
   1850.81000    2.17555    0.06875    4.72502    0.07151
   1853.64000    2.37048    0.04889    4.42529    0.05394
   1855.85000    2.23358    0.03754    4.05778    0.02546
   1858.45000    1.92966    0.06257    4.48651    0.07178
   1861.91000    1.75257    0.03655    4.04082    0.07912
   1865.05000    1.55247    0.05578    3.47925    0.05127
   1867.72000    1.61473    0.06458    2.82185    0.05529
   1870.07000    1.65617    0.02652    3.16530    0.02141
   1872.63000    1.42937    0.03031    2.98358    0.04462
   1874.66000    1.26566    0.07745    3.19598    0.06185
   1879.96000    1.20680    0.06166    3.26899    0.05429
   1882.48000    1.16079    0.06363    3.55844    0.03586
   1886.04000    1.52564    0.07014    3.05410    0.04034
   1891.18000    1.31924    0.03401    3.48302    0.05792
   1893.63000    1.29009    0.05723    3.52730    0.06249
   1895.01000    1.30547    0.06736    3.06478    0.06925
   1899.32000    1.36170    0.06481    3.26679    0.04440
   1901.13000    1.27777    0.07234    3.46965    0.05615
   1903.08000    1.22394    0.05757    2.88752    0.07490
   1904.42000    1.14688    0.02783    2.48075    0.06589
   1905.53000    1.13583    0.07028    2.27459    0.05469
   1908.24000    1.35233    0.06583    2.20484    0.07465
   1911.22000    1.16198    0.03404    3.04603    0.06649
   1914.77000    0.92718    0.04328    3.12376    0.03790
   1918.79000    1.09977    0.03237    2.66887    0.02749
   1920.11000    1.25720    0.05659    2.87627    0.03703
   1922.43000    1.23696    0.04773    3.29532    0.07011
   1924.78000    0.99899    0.08858    2.77045    0.04199
   1927.32000    1.03800    0.05097    3.11698    0.01214
   1930.73000    1.27609    0.05907    3.34831    0.05800
   1935.68000    1.10209    0.05718    4.39363    0.05217
   1938.60000    1.33364    0.02652    3.44148    0.06747
   1941.78000    1.44971    0.01458    4.73460    0.06359
   1943.31000    1.59831    0.03888    4.70726    0.05228
   2190.29000    1.26581    0.05490    5.44350    0.04147
   2192.73000    1.52320    0.03968    5.02565    0.05465
   2194.73000    1.57331    0.07636    5.37802    0.04752
   2197.92000    1.55080    0.07097    6.13735    0.04263
   2200.19000    1.55032    0.04726    6.29404    0.06316
   2201.42000    1.48136    0.05620    6.29538    0.07760
   2204.32000    1.66479    0.04998    6.90501    0.09029
   2207.46000    1.73287    0.06159    7.17175    0.04706
   2210.62000    1.98775    0.06313    7.29014    0.03321
   2212.80000    1.93674    0.04965    6.64843    0.05915
   2214.61000    2.02451    0.05829    6.80815    0.06694
   2215.74000    1.94754    0.04647    6.21419    0.04880
   2217.89000    2.22681    0.07373    5.99198    0.05534
   2220.34000    1.93356    0.03195    6.55421    0.10387
   2221.85000    1.93380    0.06784    7.48199    0.04946
   2224.23000    1.85385    0.05582    7.86434    0.09168
   2227.00000    1.85149    0.04996    9.50902    0.04668
   2229.87000    1.98558    0.05078    8.77704    0.02598
   2234.14000    2.38822    0.02644    8.14431    0.04413
   2238.99000    2.46537    0.06766    7.76983    0.04971
   2242.63000    2.35067    0.05200    7.34179    0.08006
   2245.62000    2.06500    0.04911    7.29375    0.06348
   2249.11000    2.10893    0.05333    6.09377    0.03428
   2254.04000    2.06929    0.06023    5.80958    0.06992
   2257.68000    1.71155    0.04336    6.89786    0.04224
   2259.50000    1.53730    0.06290    7.41093    0.06823
   2262.39000    1.62108    0.02669    7.20010    0.03385
   2266.28000    2.02634    0.03161    7.19913    0.04725
   2269.76000    2.03090    0.03336    6.64608    0.05913
   2272.00000    1.82733    0.05979    6.88731    0.06228
   2272.97000    1.84435    0.04415    7.10235    0.05109
   2275.68000    2.03277    0.06703    7.56425    0.06588
   2277.22000    1.87214    0.03990    7.54209    0.03595
   2280.52000    1.88244    0.05085    7.51043    0.05467
   2283.79000    2.03206    0.03276    6.72411    0.07421
   2285.90000    1.89628    0.06389    6.96729    0.06092
   2289.63000    1.85169    0.02778    6.61762    0.04905
   2296.01000    1.86604    0.03967    6.08868    0.07181
   2297.52000    1.78503    0.05389    5.22242    0.05682
   2300.32000    1.72021    0.09566    4.58458    0.05269
   2302.43000    1.85685    0.05923    4.62433    0.05124
   2305.28000    1.51126    0.05703    5.30138    0.07842
   2308.66000    1.15258    0.03203    4.59256    0.05249
   2558.16000    1.19682    0.03880    5.09738    0.06042
   2562.05000    1.06214    0.04159    5.39571    0.02690
   2564.09000    1.07647    0.04729    5.81188    0.05692
   2568.13000    1.15202    0.08371    4.86535    0.03558
   2570.98000    1.24795    0.05672    4.89928    0.07098
   2575.07000    1.35377    0.08058    4.93195    0.05633
   2577.33000    1.20672    0.05657    4.69777    0.03828
   2580.84000    1.31513    0.06882    5.13120    0.07343
   2584.47000    1.12106    0.06519    4.61775    0.04660
   2587.91000    1.19135    0.08244    4.51204    0.05892
   2590.47000    1.24148    0.04591    3.84637    0.03756
   2595.35000    0.97473    0.02932    4.41741    0.03796
   2597.47000    0.90189    0.05660    4.93044    0.06392
   2600.85000    0.91236    0.05369    4.71488    0.08589
   2604.73000    1.06218    0.06608    4.17096    0.03598
   2606.84000    1.20740    0.05666    4.39699    0.03806
   2612.07000    1.06701    0.07488    4.56864    0.04524
   2614.63000    0.88226    0.06877    5.11412    0.05386
   2618.19000    0.93083    0.05979    6.17501    0.04392
   2620.95000    1.07890    0.04223    6.05012    0.05529
   2622.37000    1.08097    0.05246    5.55754    0.07176
   2626.81000    1.30848    0.04500    5.37458    0.03974
   2631.39000    1.25340    0.06356    5.75827    0.06402
   2634.15000    1.33945    0.04447    5.47148    0.05423
   2635.97000    1.10216    0.02680    5.07647    0.02723
   2638.81000    1.17767    0.03571    5.92822    0.04437
   2641.59000    1.35382    0.08918    6.11416    0.04101
   2644.33000    1.25760    0.05243    6.54769    0.05407
   2647.88000    1.33596    0.05133    6.90087    0.05190
   2650.62000    1.47518    0.08138    7.12750    0.06631
   2654.45000    1.35009    0.04386    7.88065    0.03342
   2654.52000    1.33130    0.07795    7.98402    0.03147
   2658.08000    1.71873    0.06645    7.36082    0.05599
   2661.76000    1.69025    0.02364    5.92353    0.09236
   2665.54000    1.65063    0.01099    4.96610    0.05460
   2668.43000    1.41212    0.03991    5.25506    0.04563
   2670.89000    1.10722    0.06166    5.46713    0.05560
   2673.49000    1.00141    0.06851    5.12713    0.05197
   2920.21000    0.87820    0.06372    3.50868    0.06173
   2922.69000    0.88495    0.03360    3.98645    0.06737
   2923.82000    0.83287    0.04186    3.97751    0.06351
   2926.18000    0.76583    0.05674    4.05765    0.04133
   2929.68000    0.72029    0.05117    3.77976    0.01867
   2931.73000    0.67536    0.07190    3.86603    0.03926
   2934.35000    0.80760    0.01399    3.71692    0.05286
   2937.75000    0.66233    0.04389    3.76322    0.06300
   2940.90000    0.75793    0.06753    4.12779    0.04039
   2944.94000    0.67924    0.04417    4.50802    0.05726
   2947.89000    0.78709    0.04210    4.23129    0.02790
   2951.54000    0.89124    0.03377    4.06738    0.03584
   2953.13000    0.80715    0.06738    4.31382    0.07095
   2956.56000    0.80562    0.04085    4.19983    0.04671
   2960.03000    0.77130    0.03696    4.36250    0.05192
   2963.40000    0.72933    0.06022    5.21648    0.01901
   2966.23000    0.83755    0.06085    4.91667    0.06533
   2969.61000    0.83365    0.04236    5.21305    0.03894
   2973.74000    0.99558    0.04089    4.72410    0.06062
   2974.94000    0.94513    0.04056    5.17821    0.05919
   2977.80000    1.02057    0.01118    4.57189    0.06186
   2981.87000    0.92971    0.09363    4.21082    0.06641
   2985.76000    0.84622    0.06072    4.06410    0.05865
   2988.85000    0.68044    0.05232    3.90563    0.05469
   2993.42000    0.74855    0.07329    3.83327    0.05731
   2996.24000    0.84576    0.05942    3.45551    0.07910
   2999.15000    0.76637    0.06826    4.02099    0.04649
   3003.28000    0.74547    0.03596    4.70030    0.08689
   3007.53000    0.82402    0.04992    4.57836    0.04822
   3009.09000    0.80064    0.05433    5.05489    0.05144
   3013.21000    0.87500    0.04928    4.97136    0.08418
   3013.47000    0.75912    0.07598    4.89967    0.06969
   3018.09000    1.02037    0.03050    5.05472    0.05072
   3020.37000    0.91565    0.04841    5.55451    0.03180
   3023.87000    1.01532    0.04276    5.41269    0.05866
   3026.85000    0.91283    0.07808    4.38615    0.05352
   3030.43000    1.00728    0.05120    4.68097    0.07503
   3033.37000    0.98139    0.03921    4.14073    0.06221
   3036.23000    0.93649    0.04404    3.75347    0.08153
   3038.62000    0.91907    0.05662    4.43959    0.05678
   3286.73000    1.18882    0.04962    4.24116    0.02702
   3290.23000    0.97796    0.04817    4.52820    0.07518
   3293.05000    0.94247    0.05268    4.14365    0.05918
   3296.82000    0.82544    0.05035    3.77295    0.03775
   3299.44000    0.90263    0.03824    4.15831    0.04855
   3304.07000    0.65511    0.06090    4.23100    0.07755
   3308.01000    0.89539    0.07085    3.62993    0.06395
   3310.23000    0.78216    0.04364    3.73914    0.03029
   3314.94000    0.80419    0.07228    3.54202    0.05472
   3319.05000    0.72701    0.03934    3.35472    0.04008
   3321.76000    0.84718    0.10116    3.08614    0.05769
   3324.59000    0.76590    0.07288    2.94214    0.06071
   3327.21000    0.73915    0.07206    3.21373    0.05832
   3331.62000    0.51151    0.06368    3.04022    0.05900
   3334.89000    0.58416    0.06768    2.46741    0.05472
   3336.68000    0.56473    0.03568    2.69796    0.06296
   3338.73000    0.59159    0.05280    2.47811    0.05593
   3341.35000    0.52811    0.06350    2.13958    0.06742
   3342.19000    0.58787    0.03138    2.28686    0.05253
   3344.70000    0.46067    0.05141    2.60873    0.07485
   3347.23000    0.47482    0.06216    2.69892    0.01074
   3350.82000    0.51365    0.04099    2.94748    0.04486
   3353.22000    0.67994    0.08443    2.64093    0.07708
   3356.96000    0.57717    0.05051    2.39556    0.06412
   3361.22000    0.54699    0.04058    2.68849    0.04600
   3366.27000    0.50648    0.06767    3.48655    0.08301
   3367.98000    0.43150    0.03982    3.36509    0.03829
   3371.83000    0.59648    0.03359    3.76645    0.02544
   3374.80000    0.72688    0.06397    4.12509    0.08595
   3377.36000    0.64492    0.05733    3.69332    0.05973
   3381.32000    0.70545    0.06241    3.12869    0.06502
   3384.38000    0.87107    0.04864    3.16762    0.01603
   3387.36000    0.59948    0.05649    2.77689    0.05665
   3390.43000    0.61186    0.02510    2.59855    0.01242
   3394.55000    0.78966    0.08974    3.01747    0.05560
   3398.12000    0.51697    0.04987    2.69269    0.05020
   3399.82000    0.60256    0.05482    2.69535    0.04311
   3404.15000    0.53500    0.05546    2.61150    0.07645
