## Time Delay Challenge light curves
##
## [time]=days, [lc]=[err]=flux in nanomaggies
##
##       time       lc_A      err_A       lc_B      err_B
##-------------------------------------------------------
      2.12000    3.14720    0.04338    2.07360    0.04850
      6.13000    3.25579    0.04940    2.11229    0.04952
     10.43000    3.15408    0.04634    2.21345    0.06111
     14.35000    3.30642    0.02959    1.91000    0.04616
     15.99000    3.32025    0.04466    1.99391    0.04257
     18.96000    3.38803    0.04491    1.98741    0.02600
     21.81000    3.29216    0.03962    1.98414    0.03974
     25.45000    3.07579    0.02429    1.86368    0.04730
     28.63000    3.32082    0.05618    1.80588    0.05797
     30.11000    3.40207    0.04844    1.90991    0.03130
     33.17000    3.31370    0.03394    1.89911    0.06139
     37.43000    3.00218    0.06009    2.34042    0.06618
     39.47000    3.18827    0.08518    1.93980    0.04660
     41.54000    3.18803    0.04849    1.82930    0.04066
     45.39000    3.18213    0.05596    1.90580    0.05199
     50.65000    3.09227    0.05433    1.87268    0.05511
     54.12000    3.23279    0.04058    1.83672    0.07512
     57.31000    3.10747    0.03868    1.90435    0.07247
     59.69000    2.99573    0.07307    1.92702    0.05784
     62.29000    2.99937    0.05726    1.83116    0.05373
     66.20000    2.92977    0.03865    1.85525    0.05074
     69.07000    2.85047    0.07012    1.80170    0.05754
     71.76000    2.93970    0.07385    1.86015    0.06748
     74.02000    3.04943    0.04952    1.81295    0.07298
     78.67000    3.02172    0.03172    1.91153    0.05335
     81.71000    2.80944    0.06222    1.96244    0.06836
     84.64000    2.89013    0.06549    1.89771    0.03446
     87.47000    2.87010    0.05710    1.77250    0.07529
     89.53000    2.75402    0.05626    2.15351    0.08670
     92.73000    2.75364    0.05554    1.93747    0.04503
     95.70000    2.62393    0.04296    2.13625    0.03421
     98.11000    2.87125    0.03623    2.11069    0.03768
    100.41000    2.72389    0.07534    2.14113    0.04606
    103.51000    2.74122    0.07024    2.15258    0.04962
    105.38000    2.75768    0.07251    2.18195    0.03132
    109.53000    2.90835    0.04328    2.15976    0.02329
    112.50000    2.90569    0.03917    2.11070    0.04737
    113.62000    2.84080    0.03665    2.01785    0.02431
    116.89000    2.81125    0.04677    2.18261    0.03329
    366.03000    2.85556    0.04465    1.83635    0.03225
    368.23000    3.13260    0.05912    1.86116    0.03250
    372.21000    3.02588    0.07868    1.90830    0.04150
    375.26000    3.05103    0.05036    1.99131    0.06778
    378.45000    2.99225    0.02876    1.82827    0.04344
    382.17000    3.37630    0.05542    1.85806    0.03678
    384.94000    2.93227    0.05600    1.83329    0.04336
    386.66000    3.14248    0.04590    1.74974    0.05883
    387.69000    3.10114    0.03461    1.72664    0.05702
    390.68000    3.02212    0.03584    1.69876    0.03205
    393.27000    3.11908    0.02530    1.74064    0.05461
    395.49000    3.18048    0.05971    1.66711    0.07615
    398.81000    3.15850    0.03178    1.64579    0.04383
    402.78000    2.59150    0.08807    2.07217    0.06393
    403.52000    3.20141    0.04550    1.73245    0.04633
    407.63000    3.14809    0.05285    1.76724    0.05194
    410.69000    3.19023    0.06130    1.71601    0.02588
    412.13000    3.24453    0.07870    1.87132    0.04982
    414.44000    3.05036    0.03642    1.75643    0.03007
    419.64000    3.14322    0.05640    1.75481    0.02582
    421.28000    3.01405    0.04794    1.68916    0.05886
    425.86000    3.14976    0.04125    1.77468    0.04281
    428.81000    3.12303    0.02835    1.83105    0.06143
    429.89000    3.05983    0.04524    1.86925    0.04228
    434.17000    3.13696    0.06301    1.52068    0.04639
    438.53000    2.86984    0.03661    1.92936    0.03572
    440.35000    2.84935    0.04765    1.91018    0.03975
    442.84000    2.89258    0.04888    1.80551    0.03982
    445.43000    2.76156    0.05974    1.74602    0.05087
    449.41000    2.79458    0.03758    1.70408    0.06703
    454.15000    2.83048    0.04701    1.63942    0.07617
    457.88000    2.76598    0.04347    1.80424    0.06828
    460.26000    2.72470    0.06386    1.79588    0.06568
    464.29000    2.77497    0.03056    1.85396    0.06846
    466.80000    2.78045    0.06129    1.76145    0.03697
    472.10000    2.63902    0.03940    1.73668    0.02700
    475.20000    3.00830    0.05789    1.89046    0.09516
    478.28000    2.85236    0.04171    1.70998    0.05243
    480.35000    2.88336    0.04811    1.82544    0.02518
    484.40000    2.98321    0.03607    1.86901    0.05202
    732.62000    2.92434    0.04213    1.76198    0.04397
    733.90000    2.94737    0.05641    1.77837    0.05052
    734.10000    2.97255    0.03665    1.82665    0.05541
    738.20000    2.91698    0.04459    1.79549    0.05095
    741.12000    2.78963    0.08409    1.77453    0.03799
    744.43000    3.05349    0.05583    1.70710    0.03889
    747.66000    3.13011    0.03987    1.69389    0.06307
    750.05000    3.21686    0.06259    1.70001    0.03984
    753.34000    3.01896    0.03682    1.68745    0.04405
    756.31000    2.96267    0.04866    1.61901    0.04505
    760.01000    2.96485    0.03863    1.63945    0.04414
    763.09000    2.86697    0.04563    1.53105    0.03645
    766.44000    2.84814    0.03720    1.46672    0.08011
    770.56000    2.71610    0.03115    1.51163    0.07528
    774.56000    2.71820    0.06875    1.65337    0.04895
    775.90000    2.96012    0.05312    1.31445    0.05741
    778.47000    2.93686    0.02667    1.69164    0.04918
    779.67000    2.95409    0.03823    1.64765    0.06699
    781.38000    2.93042    0.02580    1.66124    0.03223
    784.60000    2.86193    0.05287    1.69885    0.05155
    787.76000    2.88003    0.04729    1.60614    0.01549
    789.06000    2.77897    0.07466    1.61994    0.06746
    792.19000    2.73243    0.06570    1.53774    0.04768
    795.21000    2.83275    0.07971    1.62053    0.07900
    799.05000    2.67928    0.08123    1.76321    0.08889
    802.58000    2.87301    0.06900    1.55223    0.06364
    806.43000    2.82897    0.03875    1.60598    0.04406
    808.60000    2.88280    0.06899    1.52436    0.08705
    813.57000    2.77111    0.07854    1.57663    0.07083
    816.52000    2.85004    0.02917    1.53370    0.04025
    818.02000    2.78366    0.01318    1.53751    0.05208
    820.06000    2.78407    0.03287    1.61681    0.03855
    822.96000    2.73372    0.06166    1.65248    0.09280
    826.36000    2.61152    0.06340    1.63758    0.07741
    830.23000    2.68263    0.04382    1.43490    0.04727
    834.50000    2.72374    0.03483    1.70852    0.09403
    836.59000    2.71027    0.06118    1.76448    0.03607
    841.07000    2.77898    0.04788    1.67211    0.05617
    844.41000    2.93925    0.04816    1.67631    0.05322
    848.72000    2.95772    0.06430    1.61231    0.05218
   1096.45000    2.79014    0.04878    1.70918    0.02099
   1101.05000    2.74901    0.07454    1.59152    0.04927
   1103.14000    2.63736    0.04037    1.57702    0.03400
   1106.47000    2.55581    0.04243    1.57906    0.06357
   1109.34000    2.46558    0.07387    1.56091    0.06158
   1111.56000    2.64753    0.05319    1.46652    0.03381
   1115.84000    2.43982    0.07264    1.57588    0.03818
   1119.25000    2.78112    0.04713    1.51980    0.06066
   1122.95000    2.62475    0.07747    1.38008    0.05744
   1124.87000    2.69956    0.02618    1.54409    0.04066
   1128.07000    2.71010    0.05173    1.59028    0.06453
   1131.40000    2.84049    0.07027    1.47532    0.08091
   1134.41000    2.76598    0.04358    1.43472    0.05359
   1137.99000    2.24969    0.05953    1.62551    0.04230
   1141.43000    2.60838    0.04649    1.51231    0.08590
   1144.51000    2.57360    0.03049    1.45410    0.03101
   1147.64000    2.58333    0.03979    1.62255    0.06021
   1149.01000    2.49155    0.04367    1.51521    0.06097
   1150.80000    2.45769    0.06648    1.66010    0.04687
   1152.58000    2.58217    0.05104    1.69167    0.03470
   1156.73000    2.64865    0.06136    1.58036    0.08434
   1160.88000    2.70759    0.05815    1.61165    0.04721
   1165.52000    2.47066    0.03777    1.46055    0.04912
   1170.80000    2.51107    0.05707    1.59681    0.04093
   1171.84000    2.53643    0.03671    1.57233    0.05351
   1176.02000    2.77233    0.05874    1.66823    0.04473
   1179.14000    2.52258    0.03850    1.62966    0.05748
   1181.54000    2.66965    0.06358    1.66676    0.09477
   1184.41000    2.68730    0.02418    1.54813    0.05557
   1188.44000    2.62707    0.07016    1.46658    0.06124
   1191.73000    2.59064    0.05085    1.52870    0.02249
   1193.63000    2.85539    0.05735    1.25027    0.07349
   1195.74000    2.75005    0.03940    1.29635    0.06232
   1199.61000    2.71001    0.05484    1.46033    0.04567
   1203.14000    2.64873    0.06004    1.46154    0.04507
   1206.34000    2.84775    0.02503    1.47873    0.07120
   1208.86000    2.94710    0.02673    1.34974    0.05164
   1211.32000    2.91365    0.03342    1.39892    0.06169
   1213.54000    3.01958    0.02460    1.42424    0.04523
   1462.15000    2.91105    0.05085    1.46370    0.01599
   1464.00000    2.94542    0.04383    1.47419    0.05830
   1467.44000    2.82540    0.06207    1.45911    0.05110
   1470.13000    2.71307    0.05500    1.50219    0.03728
   1473.30000    2.74153    0.04514    1.46113    0.01316
   1476.36000    2.67075    0.06441    1.44343    0.05954
   1479.77000    3.03505    0.06173    1.61742    0.09854
   1481.88000    2.78147    0.04426    1.51683    0.02451
   1487.05000    2.87360    0.05532    1.57758    0.05855
   1490.77000    2.71144    0.05909    1.41388    0.02846
   1494.97000    2.93435    0.06422    1.54533    0.05194
   1497.63000    3.01910    0.06938    1.50752    0.04561
   1501.40000    2.88809    0.04168    1.31450    0.07022
   1504.97000    2.89988    0.04382    1.45328    0.05356
   1509.04000    2.98031    0.04506    1.32241    0.05854
   1512.57000    2.98112    0.03294    1.37509    0.03735
   1514.81000    2.99223    0.03657    1.38525    0.06969
   1517.03000    2.83103    0.03631    1.48773    0.03021
   1520.34000    2.80801    0.06409    1.54340    0.06893
   1524.77000    3.07022    0.03286    1.54837    0.05228
   1525.71000    2.96372    0.06583    1.58109    0.05112
   1529.30000    2.96800    0.07579    1.50957    0.07266
   1531.09000    3.12912    0.06183    1.60381    0.05132
   1532.19000    3.04207    0.04251    1.47819    0.04554
   1534.15000    2.87631    0.04313    1.50517    0.03378
   1536.87000    3.14557    0.04990    1.42487    0.03189
   1539.09000    2.92852    0.08136    1.58827    0.04355
   1542.24000    2.96351    0.04281    1.55683    0.06608
   1545.10000    3.07887    0.05521    1.54216    0.03998
   1547.18000    2.95879    0.06882    1.46269    0.06705
   1550.87000    2.97465    0.04875    1.46135    0.04650
   1553.72000    2.87782    0.04850    1.47199    0.03480
   1556.59000    2.43904    0.07689    1.43153    0.02526
   1560.21000    2.75339    0.03985    1.39931    0.04242
   1561.77000    2.66003    0.04319    1.37883    0.04207
   1565.28000    2.71172    0.05520    1.44229    0.05936
   1569.21000    2.70287    0.03242    1.61159    0.06255
   1574.08000    2.70685    0.02047    1.49844    0.09137
   1577.40000    2.54519    0.05196    1.47983    0.05553
   1826.35000    2.62403    0.03493    1.25377    0.03823
   1829.65000    2.60766    0.04032    1.29831    0.04033
   1834.03000    2.68793    0.03520    1.38635    0.05604
   1836.41000    2.71520    0.04780    1.32284    0.03668
   1840.47000    2.72205    0.05489    1.35548    0.03721
   1843.97000    2.87432    0.05614    1.44708    0.03817
   1847.43000    2.76490    0.05095    1.45469    0.04646
   1850.95000    2.82305    0.07366    1.40902    0.01683
   1853.88000    3.00241    0.06031    1.58869    0.05402
   1857.08000    2.93653    0.08017    1.60058    0.04556
   1860.52000    2.89501    0.05312    1.57278    0.04911
   1864.76000    2.68554    0.06574    1.46043    0.03861
   1869.49000    2.74988    0.06002    1.44530    0.07260
   1873.03000    2.74871    0.03624    1.58385    0.07337
   1876.73000    2.91114    0.06656    1.69677    0.05710
   1881.58000    2.86295    0.04748    1.52537    0.03831
   1884.22000    2.98335    0.05763    1.51294    0.04810
   1887.30000    2.91571    0.08285    1.49577    0.04541
   1891.13000    2.64256    0.07477    1.33252    0.08563
   1892.29000    2.90654    0.06889    1.46735    0.07211
   1893.86000    2.63119    0.04634    1.41188    0.02996
   1896.13000    2.71320    0.03610    1.44772    0.03240
   1900.17000    2.64457    0.04018    1.50971    0.05310
   1903.95000    2.67887    0.04803    1.37769    0.04915
   1906.22000    2.72862    0.07782    1.36462    0.04060
   1909.55000    2.89146    0.03927    1.33708    0.05135
   1912.47000    2.86819    0.06225    1.31559    0.08614
   1915.07000    2.85721    0.03809    1.41968    0.07113
   1917.26000    2.88886    0.05536    1.29395    0.03778
   1920.79000    2.78608    0.02806    1.94529    0.06397
   1924.47000    2.77391    0.03672    1.36702    0.06095
   1927.25000    2.94820    0.05288    1.37346    0.04794
   1930.17000    3.01216    0.05780    1.37175    0.04050
   1934.43000    2.86290    0.03856    1.34401    0.05176
   1936.39000    2.74393    0.04734    1.45004    0.01111
   1937.74000    2.82731    0.01795    1.41468    0.03728
   1940.72000    2.70581    0.08309    1.51753    0.05154
   2190.93000    2.84167    0.03994    1.42608    0.04226
   2192.95000    2.96673    0.04749    1.58707    0.07041
   2197.95000    2.74208    0.05578    1.63548    0.06509
   2200.81000    2.90601    0.04710    1.52295    0.02550
   2204.98000    3.09526    0.04423    1.64676    0.07282
   2209.08000    2.90515    0.03352    1.53896    0.05087
   2213.98000    2.88727    0.04526    1.37366    0.05501
   2216.28000    2.94394    0.05267    1.59791    0.06223
   2219.24000    3.01441    0.05374    1.53953    0.02613
   2220.93000    2.92595    0.04351    1.49855    0.04337
   2224.28000    2.89711    0.04190    1.49725    0.06437
   2227.03000    2.84296    0.04386    1.50173    0.07017
   2229.30000    2.95552    0.06591    1.47504    0.05852
   2232.24000    2.91189    0.05062    1.34843    0.07222
   2233.70000    2.96156    0.02295    1.39988    0.07133
   2237.09000    2.85043    0.05091    1.35576    0.04461
   2240.69000    2.93458    0.06058    1.59510    0.04194
   2243.43000    2.90727    0.07381    1.64198    0.08479
   2247.36000    2.92751    0.04755    1.36631    0.06742
   2249.48000    2.92735    0.02850    1.44287    0.04674
   2251.80000    2.90652    0.03836    1.47992    0.02078
   2254.36000    3.13932    0.05421    1.37211    0.03850
   2257.06000    2.93604    0.02097    1.44979    0.04508
   2257.92000    2.88040    0.05408    1.41707    0.07461
   2258.84000    2.93797    0.04918    1.35367    0.05639
   2260.73000    2.92754    0.04817    1.41401    0.07693
   2263.05000    2.76997    0.03730    1.49285    0.05162
   2265.11000    2.87489    0.05367    1.49605    0.04842
   2268.40000    2.81386    0.04315    1.48898    0.06475
   2270.68000    2.77364    0.06424    1.43544    0.05237
   2271.72000    2.91152    0.03800    1.46621    0.08728
   2273.70000    2.91887    0.04702    1.39326    0.03868
   2276.38000    2.86662    0.04971    1.42505    0.03841
   2279.50000    2.78868    0.05535    1.46528    0.05109
   2284.18000    3.08987    0.03583    1.44641    0.03496
   2287.26000    3.03089    0.07363    1.44247    0.05901
   2289.20000    3.75371    0.05929    1.51550    0.06389
   2293.48000    3.11352    0.06365    1.46569    0.08551
   2296.68000    3.26170    0.05739    1.46858    0.01579
   2300.95000    3.01048    0.05598    1.45145    0.07675
   2303.90000    3.14553    0.01644    1.52044    0.05003
   2306.15000    3.15050    0.08711    1.45458    0.08882
   2309.46000    3.20605    0.03854    1.43954    0.04211
   2555.82000    2.59199    0.03947    1.53256    0.04456
   2557.99000    2.59807    0.05507    1.50807    0.06272
   2560.56000    2.58415    0.05272    1.59787    0.05953
   2565.53000    2.73210    0.03659    1.69079    0.07753
   2567.62000    2.74078    0.06714    1.54675    0.03795
   2572.04000    2.87924    0.01997    1.42974    0.06421
   2575.14000    2.76894    0.03551    1.84631    0.05740
   2577.27000    2.82994    0.05005    1.44031    0.02411
   2579.25000    2.90159    0.07495    1.47192    0.07268
   2583.10000    2.87700    0.02425    1.51254    0.06195
   2584.95000    2.94829    0.07909    1.62114    0.04209
   2586.00000    2.92352    0.07623    1.59720    0.04245
   2589.59000    2.91442    0.07560    1.61628    0.03372
   2594.05000    3.14100    0.04421    1.56825    0.05941
   2598.07000    3.11232    0.05464    1.49338    0.08166
   2599.73000    3.01153    0.07780    1.62374    0.06115
   2601.99000    3.02104    0.03499    1.56638    0.06038
   2604.47000    3.06864    0.06297    1.62424    0.03153
   2606.61000    3.27630    0.05215    1.58982    0.01969
   2609.94000    3.07102    0.07163    1.53772    0.06536
   2612.67000    3.16414    0.02850    1.60965    0.00723
   2616.72000    2.99657    0.03326    1.60178    0.05866
   2619.55000    3.10782    0.02436    1.43785    0.06603
   2620.70000    3.07602    0.05993    1.48594    0.07697
   2623.49000    3.01098    0.04931    1.56233    0.04944
   2627.58000    3.08539    0.05719    1.62588    0.05344
   2630.31000    3.02360    0.04056    1.61556    0.05967
   2632.17000    3.05895    0.01826    1.67208    0.06539
   2635.37000    2.95229    0.06750    1.46216    0.06878
   2636.56000    3.23453    0.07810    1.72616    0.05506
   2640.95000    3.07695    0.04293    1.35773    0.05786
   2644.71000    2.94175    0.06716    1.39498    0.03319
   2647.70000    3.06151    0.07242    1.47403    0.04320
   2650.94000    3.07679    0.08549    1.55468    0.07025
   2655.82000    2.99683    0.03071    1.48329    0.04773
   2658.31000    3.09330    0.05014    1.59782    0.03669
   2662.52000    2.94217    0.06580    1.56026    0.03559
   2666.59000    2.98401    0.04391    1.57315    0.04477
   2669.39000    2.96573    0.04680    1.80207    0.04725
   2672.08000    2.90598    0.05288    1.56376    0.06226
   2674.09000    3.10357    0.05896    1.66569    0.05886
   2922.28000    2.92692    0.04573    1.63273    0.04071
   2923.14000    2.99379    0.04253    1.73110    0.06862
   2928.21000    2.96023    0.05740    1.72758    0.02157
   2932.13000    2.96670    0.07599    1.73951    0.04287
   2934.54000    3.01586    0.05445    1.76929    0.04946
   2937.37000    3.28154    0.03496    1.63566    0.07428
   2941.23000    3.29833    0.05957    1.83942    0.05358
   2944.66000    3.12539    0.04301    1.76392    0.06554
   2947.09000    2.86393    0.08891    1.65348    0.08933
   2951.38000    2.93021    0.04560    1.67691    0.04602
   2955.25000    2.83594    0.05139    1.84772    0.03198
   2959.25000    2.84672    0.06770    1.81711    0.04280
   2961.82000    2.87755    0.04412    1.83056    0.05483
   2963.72000    2.94200    0.04980    1.94386    0.06631
   2967.82000    2.96096    0.03952    1.82836    0.04998
   2971.90000    2.94784    0.07173    1.75173    0.06575
   2976.05000    2.97617    0.04690    1.75039    0.03679
   2978.97000    3.04250    0.08003    1.78740    0.06266
   2982.37000    2.92715    0.03633    1.72050    0.07166
   2984.61000    2.86079    0.03259    1.48869    0.02799
   2987.64000    2.77617    0.05233    1.61074    0.02712
   2992.18000    2.72566    0.05858    1.72946    0.04056
   2993.37000    2.74349    0.06222    1.69703    0.03954
   2996.08000    2.74571    0.03560    1.59548    0.03582
   2999.07000    2.73290    0.04524    1.64678    0.05959
   3002.06000    2.82731    0.06006    1.72853    0.06889
   3004.18000    2.76956    0.06668    1.63002    0.02927
   3007.15000    2.89647    0.06927    1.62871    0.06507
   3008.25000    2.98179    0.07040    1.71332    0.07689
   3011.06000    3.16545    0.06250    1.80790    0.05235
   3014.40000    2.94813    0.04800    1.68979    0.08615
   3016.88000    2.84720    0.04500    1.60930    0.08441
   3019.73000    2.89048    0.05437    1.64216    0.05865
   3022.39000    2.85309    0.04722    1.76863    0.05014
   3023.72000    2.89432    0.04029    1.64446    0.03938
   3025.56000    2.93880    0.06828    1.76840    0.02604
   3028.78000    2.67909    0.04365    1.87723    0.05543
   3031.55000    2.71495    0.07260    1.91083    0.04780
   3034.79000    2.69628    0.05202    1.59409    0.02727
   3039.45000    2.75811    0.04172    1.68228    0.05183
   3287.33000    3.24002    0.06545    1.92021    0.04814
   3290.18000    3.08490    0.04437    1.95890    0.05251
   3293.43000    3.02809    0.04200    1.94433    0.04470
   3297.57000    3.00674    0.07103    2.00937    0.06570
   3300.54000    3.08844    0.07184    1.92222    0.06090
   3302.70000    3.04961    0.06392    1.91335    0.03012
   3307.33000    2.99383    0.04072    1.88412    0.05685
   3308.05000    2.97864    0.05423    1.85718    0.02312
   3311.06000    2.97537    0.03240    1.90998    0.01801
   3314.65000    2.92329    0.03892    1.81083    0.04628
   3317.85000    3.16530    0.06721    1.83482    0.08118
   3320.27000    3.04817    0.06140    1.90055    0.04433
   3323.54000    3.03361    0.03574    1.70720    0.05741
   3326.93000    3.03060    0.04101    1.74700    0.05979
   3331.87000    3.20493    0.08405    1.69958    0.03880
   3335.04000    3.15805    0.05401    1.74711    0.04894
   3339.33000    3.08894    0.04367    1.91505    0.07238
   3341.59000    2.98249    0.03684    1.73310    0.04086
   3345.44000    2.94730    0.04753    1.84404    0.05981
   3346.31000    2.99024    0.06477    1.68266    0.05479
   3348.93000    2.86587    0.05556    1.67438    0.04619
   3352.90000    2.91050    0.04438    1.79007    0.04785
   3356.10000    2.93094    0.02865    1.68241    0.05076
   3358.62000    2.85537    0.05422    1.68225    0.06582
   3362.42000    2.94914    0.06938    1.80985    0.05534
   3365.30000    2.84887    0.06567    1.73989    0.05776
   3368.39000    2.68066    0.03233    1.56136    0.03372
   3371.50000    3.09272    0.05534    1.79791    0.06209
   3374.01000    3.20761    0.03987    1.81729    0.05954
   3376.30000    3.06443    0.06329    1.90210    0.03474
   3378.09000    3.08734    0.04114    1.91335    0.07845
   3380.98000    3.06310    0.02117    1.97029    0.06479
   3384.95000    2.98445    0.07095    1.83793    0.02566
   3388.39000    2.94546    0.06416    1.91078    0.04303
   3391.62000    2.96579    0.03663    1.84659    0.05732
   3393.73000    3.00075    0.05488    1.64861    0.06411
   3395.81000    3.01371    0.06166    1.81195    0.03062
   3397.78000    3.02774    0.03586    1.83554    0.03025
   3399.83000    3.04474    0.06483    1.80339    0.05272
   3401.70000    3.07155    0.07095    1.86410    0.05545
   3403.59000    3.13032    0.07133    1.92533    0.06347
