## Time Delay Challenge light curves
##
## [time]=days, [lc]=[err]=flux in nanomaggies
##
##       time       lc_A      err_A       lc_B      err_B
##-------------------------------------------------------
      1.95000    1.76250    0.06162    1.18770    0.05774
      7.75000    1.75127    0.03857    1.27523    0.07984
     11.32000    1.76311    0.05894    1.12276    0.03749
     15.77000    1.73689    0.05105    1.16396    0.03693
     18.48000    1.78529    0.04320    1.12182    0.03360
     20.43000    1.79156    0.04969    1.14840    0.05639
     24.23000    1.74507    0.05472    1.16186    0.03724
     27.18000    1.81217    0.07036    1.11311    0.03993
     30.10000    1.66200    0.06332    1.13947    0.04187
     33.63000    1.76722    0.01408    1.14349    0.02544
     35.69000    1.73420    0.05640    1.08277    0.05655
     38.81000    1.80169    0.04462    1.17586    0.08327
     41.03000    1.79572    0.06277    1.13822    0.04330
     45.44000    1.74241    0.05397    1.04417    0.05422
     48.20000    1.78810    0.07019    1.14648    0.03314
     51.94000    1.74883    0.04168    1.10008    0.03814
     55.71000    1.71760    0.04124    1.16757    0.05393
     58.00000    1.75334    0.06029    1.24384    0.06952
     61.78000    1.80130    0.04068    1.16403    0.06813
     63.89000    1.78627    0.04852    1.15425    0.05482
     65.02000    1.75250    0.04846    1.10529    0.03504
     67.98000    1.72523    0.04322    1.04178    0.07655
     70.48000    1.66140    0.07431    1.01309    0.05959
     75.19000    1.65054    0.04431    1.15025    0.06362
     77.67000    1.69504    0.04078    1.16285    0.03643
     79.75000    1.83392    0.08171    1.13720    0.07119
     80.79000    1.78960    0.04948    1.13670    0.07399
     82.16000    1.67430    0.05883    1.14472    0.05068
     86.06000    1.75403    0.04865    1.13578    0.04286
     88.30000    1.72720    0.04567    1.19706    0.03824
     90.81000    1.75426    0.05435    1.16390    0.04945
     93.52000    1.79864    0.07819    1.19006    0.04870
     98.80000    1.62171    0.06980    1.25075    0.04046
    102.15000    1.84980    0.05548    1.20017    0.06649
    105.77000    1.77707    0.04555    1.25815    0.06320
    107.63000    1.80322    0.07059    1.14310    0.06373
    110.06000    1.81464    0.04488    1.16282    0.06707
    114.11000    1.83763    0.07517    1.05118    0.06293
    119.74000    1.82758    0.06714    1.18969    0.05780
    369.76000    1.68649    0.05649    0.94679    0.07519
    373.34000    1.67907    0.02697    1.08687    0.04928
    376.82000    1.70940    0.03955    1.09105    0.04066
    378.58000    1.61520    0.08013    1.09076    0.06599
    380.26000    1.72360    0.04557    1.02844    0.06070
    383.24000    1.72220    0.05757    1.07522    0.04575
    386.45000    1.63439    0.05927    1.10732    0.03217
    390.43000    1.67971    0.05898    1.15706    0.05858
    392.04000    1.63266    0.07289    1.06215    0.01498
    394.90000    1.77863    0.08709    1.08572    0.03542
    399.32000    1.60313    0.05757    1.00081    0.04816
    402.58000    1.55067    0.05507    1.12122    0.07636
    406.61000    1.76760    0.05893    1.12154    0.03425
    408.76000    1.69982    0.05428    0.99181    0.05448
    413.87000    1.60662    0.05954    0.98924    0.04500
    417.44000    1.68091    0.05329    1.05911    0.06033
    421.49000    1.62632    0.07363    0.96054    0.09164
    423.80000    1.62656    0.05232    1.15016    0.06350
    425.59000    1.64854    0.03483    1.02396    0.05403
    430.11000    1.64314    0.04755    1.03519    0.07890
    433.49000    1.65527    0.04738    0.97607    0.04229
    436.12000    1.66540    0.05946    1.07860    0.06451
    438.71000    1.59876    0.06471    1.07651    0.04146
    441.15000    1.56023    0.03386    1.00414    0.05173
    444.88000    1.75884    0.06286    0.97607    0.07382
    446.81000    1.50646    0.06953    1.06004    0.04080
    449.52000    1.58918    0.03812    1.00670    0.07170
    453.74000    1.48912    0.06676    1.01966    0.06262
    457.11000    1.55523    0.04881    1.06150    0.02397
    460.47000    1.61235    0.05309    1.02799    0.04323
    464.88000    1.52618    0.04566    0.99780    0.04424
    467.94000    1.59508    0.03003    0.99761    0.03211
    471.17000    1.60481    0.03823    1.04733    0.06521
    473.06000    1.52501    0.06850    0.99354    0.05220
    477.43000    1.53906    0.05430    0.87426    0.08280
    481.24000    1.61863    0.03880    0.90496    0.07106
    481.91000    1.52709    0.05638    0.94359    0.06795
    484.60000    1.70976    0.06710    0.95801    0.04050
    730.32000    1.47660    0.02464    1.00029    0.05720
    733.72000    1.41434    0.07686    1.02874    0.05808
    736.75000    1.46920    0.06355    0.97208    0.03695
    739.02000    1.52655    0.04695    1.03054    0.04525
    741.31000    1.48755    0.03164    1.00441    0.04533
    743.77000    1.51775    0.06771    1.00498    0.03893
    746.82000    1.54706    0.04014    1.05270    0.02840
    749.92000    1.56509    0.03608    1.04787    0.01641
    752.54000    1.50777    0.06561    0.98625    0.04366
    754.57000    1.51274    0.07371    1.02082    0.03334
    758.31000    1.43904    0.06776    0.96070    0.06737
    762.22000    1.50772    0.05778    1.00397    0.03350
    766.10000    1.57129    0.07047    1.04291    0.01008
    768.61000    1.63564    0.04146    0.99939    0.06568
    770.80000    1.62733    0.06555    0.99304    0.04290
    774.77000    1.54834    0.03892    0.94549    0.07878
    775.75000    1.66379    0.05004    1.12065    0.07352
    780.20000    1.55181    0.02201    0.95933    0.06135
    783.14000    1.49009    0.06233    0.92310    0.04327
    785.47000    1.60057    0.05824    1.02496    0.05231
    789.05000    1.55153    0.06310    1.10305    0.04987
    791.04000    1.63746    0.07934    1.07004    0.05350
    792.65000    1.52977    0.04064    1.17138    0.04295
    796.27000    1.48786    0.06945    1.12921    0.06130
    799.22000    1.52678    0.05244    1.05393    0.07115
    802.06000    1.46609    0.05706    1.06527    0.06329
    803.25000    1.43207    0.07366    1.00509    0.05032
    806.45000    1.60917    0.05695    1.05184    0.03547
    810.04000    1.52872    0.06135    1.05195    0.02450
    813.35000    1.53400    0.04671    1.02707    0.05597
    816.90000    1.58445    0.06191    1.07197    0.05108
    819.33000    1.56245    0.07202    1.10736    0.04337
    821.82000    1.63611    0.04574    1.03807    0.04921
    825.80000    1.61248    0.06202    1.00366    0.05664
    828.26000    1.60626    0.02994    1.07349    0.04931
    830.90000    1.56046    0.02595    1.15205    0.06711
    834.66000    1.53267    0.06651    1.03877    0.05126
    837.58000    1.51235    0.05149    1.04040    0.05544
    841.67000    1.58076    0.03168    1.00932    0.03300
    842.82000    1.55773    0.04404    1.07144    0.05472
    847.13000    1.54170    0.05827    1.06808    0.04876
   1095.58000    1.62453    0.04187    1.07644    0.04317
   1099.04000    1.69131    0.04459    1.08894    0.06590
   1102.83000    1.72804    0.06339    1.13211    0.05420
   1106.46000    1.68504    0.04422    1.19319    0.04523
   1110.25000    1.67263    0.05296    1.07738    0.05506
   1114.01000    1.75419    0.05868    1.09669    0.06573
   1115.56000    1.69026    0.05002    1.09038    0.02375
   1120.50000    1.73797    0.07656    1.09074    0.04546
   1123.39000    1.68620    0.05269    1.07879    0.03435
   1126.14000    1.45598    0.08818    1.15919    0.03449
   1128.08000    1.69625    0.02493    1.25286    0.06234
   1129.96000    1.71928    0.04487    1.14026    0.06671
   1134.89000    1.75887    0.09380    1.17391    0.04112
   1135.36000    1.55277    0.05904    1.20230    0.06604
   1139.48000    1.66383    0.02414    1.17083    0.04814
   1142.23000    1.70922    0.01714    1.11221    0.05594
   1145.27000    1.74603    0.06770    1.14341    0.03133
   1148.78000    1.64129    0.04940    1.21350    0.05029
   1154.71000    1.69635    0.02580    1.07971    0.05196
   1156.90000    1.75665    0.03499    1.16126    0.03207
   1160.52000    1.69939    0.06615    1.06248    0.06200
   1163.56000    1.77255    0.05591    1.20804    0.05816
   1167.54000    1.71509    0.04139    1.06585    0.06833
   1170.90000    1.64638    0.05766    1.12992    0.03441
   1173.63000    1.59165    0.05463    1.14616    0.07145
   1177.63000    1.73503    0.05285    1.15689    0.06795
   1179.51000    1.68754    0.05460    1.14772    0.03949
   1182.09000    1.76599    0.05182    1.16721    0.04368
   1183.36000    1.82765    0.08685    1.12775    0.04816
   1184.12000    1.76430    0.05441    1.14315    0.04320
   1187.97000    1.73133    0.06452    1.21449    0.05382
   1190.81000    1.72894    0.04532    1.11625    0.02655
   1194.21000    1.91176    0.06485    1.22714    0.07212
   1198.13000    1.76566    0.07260    1.17856    0.04449
   1203.23000    1.75779    0.02901    1.18100    0.04907
   1207.24000    1.69199    0.05922    1.31091    0.07486
   1210.28000    1.76072    0.04786    1.15448    0.06047
   1210.95000    1.77152    0.05202    1.21057    0.05638
   1213.63000    1.80926    0.04604    1.16284    0.04912
   1463.09000    2.06104    0.04848    1.33614    0.04024
   1466.84000    1.98444    0.06425    1.27917    0.07608
   1468.79000    1.98759    0.02800    1.37446    0.04944
   1470.56000    1.91360    0.04459    1.42294    0.05755
   1474.36000    1.95081    0.06647    1.35500    0.08507
   1475.47000    1.94525    0.02927    1.29097    0.05163
   1478.97000    1.87797    0.08314    1.37664    0.04424
   1482.27000    1.92732    0.05636    1.31067    0.06137
   1485.15000    2.14718    0.05965    1.32808    0.09954
   1489.88000    1.98876    0.02708    1.24118    0.05899
   1493.34000    2.08327    0.04426    1.35571    0.05905
   1496.01000    1.99074    0.04109    1.35597    0.03012
   1498.96000    2.07149    0.05896    1.32589    0.03309
   1502.41000    1.98478    0.05577    1.21454    0.06056
   1504.46000    2.01911    0.02037    1.25280    0.02911
   1509.50000    2.00413    0.04588    1.19653    0.05511
   1513.05000    2.08760    0.05452    1.28232    0.06646
   1515.33000    1.94550    0.06881    1.32585    0.02558
   1517.60000    2.03555    0.03749    1.29780    0.05194
   1520.85000    2.19617    0.06652    1.34406    0.05281
   1523.71000    1.99562    0.06421    1.27814    0.01921
   1528.51000    1.93261    0.07328    1.30943    0.01733
   1530.55000    1.99074    0.01720    1.31306    0.02396
   1533.39000    2.01889    0.03473    1.30944    0.04773
   1538.10000    1.92267    0.05712    1.38056    0.05462
   1540.44000    1.96450    0.02720    1.27281    0.01917
   1541.33000    1.97026    0.04317    1.33722    0.03622
   1543.15000    2.04156    0.06493    1.22274    0.04421
   1547.69000    2.11345    0.04824    1.28684    0.04535
   1550.58000    2.01267    0.08848    1.26115    0.09248
   1555.56000    2.04533    0.04391    1.34767    0.07967
   1558.41000    1.85566    0.06308    1.30348    0.03971
   1561.49000    1.95911    0.04986    1.30326    0.07263
   1563.86000    2.04438    0.03937    1.30563    0.03617
   1564.96000    1.84773    0.07185    1.39452    0.07395
   1569.12000    2.00075    0.04790    1.26923    0.03439
   1573.06000    1.94855    0.06590    1.19968    0.06310
   1576.22000    2.12078    0.06416    1.31002    0.04536
   1578.28000    2.03556    0.03409    1.29144    0.06416
   1825.08000    1.93900    0.04626    1.21100    0.05395
   1827.35000    1.94285    0.06896    1.15847    0.07404
   1828.50000    1.86742    0.06723    1.29022    0.06051
   1830.20000    1.86201    0.05781    1.20040    0.02932
   1832.52000    1.84446    0.01599    1.31526    0.07373
   1835.45000    1.77085    0.08466    1.21464    0.09364
   1839.84000    1.88380    0.05229    1.14956    0.06369
   1842.86000    1.77671    0.04845    1.10668    0.05000
   1844.45000    1.83676    0.04047    1.16718    0.08480
   1846.77000    1.88511    0.03725    1.19087    0.04445
   1851.63000    1.87239    0.05437    1.17674    0.05129
   1854.17000    1.82684    0.04796    1.13959    0.05169
   1855.83000    1.73589    0.05480    1.13203    0.04131
   1860.62000    1.73402    0.04784    1.13710    0.02900
   1862.27000    1.71949    0.06632    1.13095    0.02381
   1864.41000    1.76247    0.04616    1.27103    0.05287
   1868.24000    1.72406    0.03324    1.17590    0.04338
   1871.59000    1.73442    0.04458    1.23294    0.03910
   1874.04000    1.75708    0.05210    1.17852    0.05695
   1878.18000    1.74591    0.05855    1.15824    0.04130
   1881.17000    1.84991    0.03987    1.20395    0.04223
   1881.52000    1.61303    0.07304    1.09375    0.06740
   1884.34000    1.73425    0.04119    1.20138    0.05231
   1886.76000    1.71930    0.06821    1.12538    0.04218
   1889.37000    1.84732    0.06074    1.21390    0.04616
   1891.31000    1.67506    0.03326    1.21700    0.03946
   1895.76000    1.77506    0.05029    1.26488    0.05540
   1900.57000    1.80960    0.03188    1.29147    0.07629
   1903.77000    1.78232    0.05127    1.13413    0.06068
   1908.24000    1.83455    0.06096    1.15580    0.05593
   1911.62000    1.72017    0.04176    1.11701    0.03610
   1913.73000    1.61498    0.06946    1.12198    0.04656
   1918.26000    1.82994    0.05076    1.12225    0.05307
   1921.31000    1.80137    0.04673    1.19843    0.06201
   1922.62000    1.79379    0.06315    1.14419    0.07581
   1924.97000    1.66733    0.06030    1.16455    0.08578
   1929.01000    1.77611    0.05508    1.08890    0.04420
   1930.22000    1.73704    0.05431    1.07570    0.07995
   1934.00000    1.57985    0.07776    1.17995    0.06539
   1935.38000    1.73631    0.07686    1.16316    0.05050
   1936.78000    1.57770    0.08328    1.14731    0.03322
   1939.59000    1.67400    0.04634    1.20310    0.05873
   1943.51000    1.63770    0.05385    1.23985    0.08897
   2191.35000    1.87619    0.06759    1.23177    0.06363
   2195.64000    1.90673    0.06280    1.14866    0.04362
   2199.16000    1.79211    0.04799    1.23834    0.07774
   2201.88000    1.79137    0.06211    1.20750    0.05819
   2205.91000    1.78701    0.03894    1.13713    0.07405
   2210.41000    1.83138    0.07186    1.18178    0.04418
   2214.23000    1.79842    0.04165    1.18402    0.06864
   2217.03000    1.72914    0.05762    1.24440    0.06287
   2220.42000    1.79929    0.07019    1.32990    0.06503
   2222.38000    1.76607    0.06128    1.25747    0.04207
   2224.89000    1.68265    0.06689    1.20448    0.03541
   2228.74000    1.75760    0.02852    1.13815    0.05917
   2231.82000    1.81782    0.06036    1.18888    0.06953
   2234.63000    1.73146    0.04969    1.15301    0.06021
   2237.71000    1.75645    0.06523    1.24721    0.03452
   2242.93000    1.80976    0.04737    1.30394    0.07596
   2243.88000    1.78015    0.03964    1.15481    0.04810
   2247.50000    1.78835    0.04571    1.18109    0.04886
   2249.09000    1.77828    0.04846    1.20992    0.04956
   2253.61000    1.74580    0.05480    1.24709    0.03979
   2255.12000    1.90884    0.04783    1.39497    0.08108
   2256.27000    1.71502    0.02926    1.22644    0.07498
   2258.31000    1.79202    0.00434    1.25409    0.05829
   2259.83000    1.75024    0.05217    1.31916    0.04507
   2265.04000    1.62833    0.06951    1.24165    0.06684
   2268.25000    1.85767    0.04362    1.14323    0.07902
   2271.70000    1.88460    0.05396    1.26963    0.05086
   2273.46000    1.82251    0.04239    1.23954    0.05446
   2275.93000    1.89223    0.06802    1.04218    0.08732
   2278.07000    1.80247    0.06314    1.30513    0.03205
   2282.51000    1.72966    0.05190    1.22566    0.03973
   2285.44000    1.82633    0.05156    1.27449    0.05026
   2289.13000    1.84529    0.04726    1.24831    0.05553
   2292.53000    1.88404    0.03617    1.23470    0.03192
   2295.59000    1.84300    0.04283    1.24731    0.05685
   2298.19000    1.89103    0.08785    1.32632    0.07118
   2301.85000    1.79194    0.05042    1.23233    0.04914
   2304.80000    1.84399    0.05837    1.17255    0.04435
   2306.98000    1.86310    0.00991    1.15012    0.06479
   2309.98000    1.77583    0.03897    1.15331    0.07754
   2558.49000    1.96913    0.02958    1.28235    0.03908
   2562.13000    1.98082    0.05559    1.24242    0.05259
   2564.40000    1.91970    0.01390    1.25723    0.05916
   2567.14000    1.88879    0.05033    1.22736    0.09258
   2569.97000    1.91933    0.05322    1.34055    0.03251
   2573.94000    1.96773    0.08616    1.37550    0.06892
   2576.78000    1.91390    0.06713    1.24747    0.04549
   2580.11000    1.94428    0.07762    1.33881    0.04752
   2583.94000    1.86864    0.05143    1.15184    0.06122
   2586.11000    1.95858    0.03924    1.32711    0.08079
   2589.21000    1.84955    0.06005    1.37900    0.03170
   2591.06000    1.85190    0.05256    1.23700    0.05016
   2592.56000    1.89732    0.08285    1.27393    0.05803
   2595.87000    1.81976    0.03505    1.22814    0.07363
   2599.65000    1.91097    0.05700    1.35738    0.04364
   2603.66000    1.95794    0.06228    1.28360    0.04883
   2607.27000    1.93024    0.07315    1.30201    0.07152
   2610.18000    1.82789    0.06198    1.42249    0.05386
   2614.28000    1.94650    0.04953    1.28529    0.05867
   2618.38000    1.80782    0.05998    1.30203    0.06781
   2620.07000    2.01842    0.05122    1.32413    0.05534
   2623.15000    1.86172    0.05013    1.18323    0.07068
   2627.76000    1.95256    0.02661    1.33597    0.03942
   2631.12000    1.92445    0.06586    1.25855    0.04547
   2634.07000    1.94366    0.04637    1.36567    0.05564
   2636.74000    1.96898    0.05811    1.31097    0.03469
   2640.08000    1.91892    0.04292    1.36747    0.04833
   2643.43000    1.93267    0.04595    1.24616    0.02287
   2647.13000    1.98145    0.04475    1.18217    0.08228
   2650.21000    1.90737    0.06240    1.32059    0.06495
   2654.63000    1.91372    0.02973    1.28348    0.03708
   2657.32000    1.98784    0.04674    1.25853    0.02592
   2662.33000    1.94709    0.03486    1.32368    0.04639
   2665.30000    1.92850    0.04475    1.25841    0.05347
   2669.13000    1.80494    0.08424    1.26609    0.06661
   2673.00000    1.94420    0.04470    1.30090    0.01246
   2674.56000    1.88522    0.03774    1.22736    0.04966
   2921.09000    1.91090    0.04001    1.35915    0.05610
   2923.82000    1.90506    0.04681    1.31905    0.07290
   2927.43000    1.80856    0.04278    1.20750    0.06210
   2929.78000    1.94544    0.01001    1.29601    0.08286
   2933.55000    1.94511    0.02850    1.31670    0.03873
   2936.67000    1.99954    0.06834    1.35976    0.06488
   2939.64000    1.82368    0.07121    1.27138    0.04975
   2943.73000    1.97517    0.02163    1.32478    0.05077
   2947.66000    2.11738    0.08625    1.24525    0.06964
   2952.93000    1.97157    0.06753    1.27912    0.04298
   2955.10000    1.85417    0.05378    1.34740    0.07143
   2957.74000    1.89502    0.08953    1.26738    0.05657
   2961.33000    1.88541    0.05750    1.30324    0.04566
   2963.17000    1.90976    0.08191    1.30036    0.02241
   2964.52000    1.85834    0.07329    1.27370    0.05050
   2966.78000    1.91952    0.07797    1.33121    0.06432
   2967.95000    1.87203    0.05894    1.22344    0.07505
   2970.92000    1.89135    0.04712    1.28080    0.04120
   2973.59000    1.98731    0.07745    1.25455    0.03556
   2975.84000    1.90448    0.04725    1.30385    0.03003
   2978.37000    1.89977    0.04979    1.25423    0.06220
   2981.22000    1.84748    0.04141    1.20978    0.04236
   2983.74000    1.89275    0.04511    1.22334    0.03010
   2986.35000    1.88609    0.04286    1.21792    0.06141
   2990.54000    1.88276    0.02202    1.35330    0.05868
   2994.77000    1.86052    0.05453    1.38978    0.05589
   2999.48000    1.86558    0.07679    1.35076    0.05218
   3001.54000    1.84736    0.04614    1.29746    0.03712
   3004.57000    1.89667    0.01980    1.21680    0.05390
   3006.92000    1.95734    0.05949    1.37520    0.03905
   3009.76000    1.89698    0.03932    1.31343    0.04362
   3013.19000    1.90306    0.03823    1.39494    0.04336
   3015.87000    1.85720    0.05047    1.29915    0.04022
   3019.63000    1.97022    0.06275    1.27430    0.06456
   3023.30000    1.97561    0.04636    1.28005    0.05496
   3027.33000    1.91104    0.01828    1.32021    0.04573
   3030.17000    1.92979    0.03619    1.32694    0.04722
   3033.23000    1.91847    0.04273    1.31199    0.07989
   3035.88000    1.97337    0.03782    1.28897    0.05591
   3038.53000    1.91838    0.06561    1.36093    0.04193
   3286.91000    1.93356    0.03294    1.33835    0.04812
   3290.38000    1.97095    0.05707    1.31965    0.04923
   3292.57000    1.85183    0.04566    1.22376    0.04430
   3295.15000    1.91577    0.09715    1.23533    0.05834
   3299.44000    1.93595    0.06243    1.38406    0.05406
   3304.45000    1.78800    0.06891    1.32806    0.08164
   3308.24000    1.87888    0.07424    1.24231    0.03581
   3310.70000    1.92176    0.03292    1.27254    0.07477
   3311.41000    1.96816    0.07326    1.24152    0.06699
   3315.01000    1.88469    0.04551    1.35452    0.06269
   3318.05000    1.97163    0.05964    1.38919    0.06835
   3320.54000    1.87348    0.05017    1.26354    0.06007
   3324.31000    1.92434    0.04893    1.28978    0.05853
   3327.51000    1.87301    0.04660    1.30482    0.05606
   3330.72000    1.87732    0.03220    1.29312    0.03188
   3333.68000    1.90733    0.04302    1.30967    0.03739
   3336.55000    1.86061    0.05845    1.35544    0.03731
   3338.24000    1.82590    0.05144    1.34048    0.07386
   3341.19000    1.99007    0.04378    1.30009    0.06121
   3343.54000    1.98358    0.08270    1.31263    0.04691
   3348.06000    1.84476    0.04730    1.22725    0.04877
   3352.45000    1.93104    0.04939    1.29754    0.05899
   3353.67000    2.06865    0.05409    1.26068    0.09459
   3354.60000    2.00756    0.02773    1.32925    0.06395
   3358.11000    2.11207    0.08786    1.23757    0.05547
   3361.51000    1.95921    0.04984    1.22404    0.05299
   3365.81000    2.10106    0.07707    1.23778    0.04887
   3369.10000    1.99694    0.04752    1.27843    0.03906
   3372.26000    1.95460    0.04812    1.23802    0.03778
   3375.46000    1.88395    0.03798    1.25607    0.05041
   3379.31000    1.87016    0.04585    1.23424    0.05374
   3382.98000    1.82018    0.04676    1.32329    0.05994
   3385.55000    1.91631    0.03433    1.13448    0.08728
   3389.00000    1.87568    0.05300    1.24607    0.05663
   3391.26000    2.05058    0.05966    1.33352    0.05712
   3393.76000    1.91764    0.07509    1.28618    0.07274
   3395.89000    1.94654    0.03982    1.25423    0.04297
   3398.58000    1.91093    0.02171    1.35315    0.04614
   3400.99000    1.99779    0.06227    1.22677    0.06481
   3403.73000    1.96341    0.03596    1.23669    0.06227
