## Time Delay Challenge light curves
##
## [time]=days, [lc]=[err]=flux in nanomaggies
##
##       time       lc_A      err_A       lc_B      err_B
##-------------------------------------------------------
      1.17000    0.55298    0.05535    0.82556    0.05021
      4.02000    0.52252    0.05561    0.90533    0.04104
      6.45000    0.58762    0.02424    0.82406    0.03235
     10.74000    0.57999    0.05063    0.82723    0.08607
     14.93000    0.59476    0.04509    0.88486    0.09094
     16.95000    0.67146    0.05733    0.78130    0.03590
     21.02000    0.58888    0.04928    0.89584    0.06862
     23.21000    0.56212    0.06734    0.81877    0.03490
     24.62000    0.66888    0.03558    0.79218    0.02830
     27.09000    0.60078    0.06761    0.73523    0.05204
     29.84000    0.66295    0.03518    0.81804    0.01692
     32.22000    0.58312    0.02956    0.82313    0.04833
     37.19000    0.69489    0.05067    0.76276    0.02637
     39.57000    0.55519    0.06237    0.84195    0.04476
     41.62000    0.62713    0.02461    0.81121    0.06526
     44.71000    0.58678    0.05063    0.81704    0.03020
     47.84000    0.59407    0.05822    0.72398    0.05618
     52.33000    0.51264    0.09178    0.67355    0.07313
     55.64000    0.63028    0.03684    0.70124    0.04543
     59.53000    0.67316    0.05634    0.81817    0.07007
     61.68000    0.57461    0.04801    0.80484    0.03517
     63.55000    0.66041    0.03945    0.75196    0.03491
     67.99000    0.61411    0.03834    0.80135    0.04575
     70.01000    0.64682    0.07075    0.71478    0.04717
     74.40000    0.54300    0.06666    0.85159    0.04092
     79.23000    0.64406    0.05812    0.81189    0.07336
     82.52000    0.55704    0.04864    0.84332    0.04919
     83.36000    0.72688    0.04938    0.72373    0.07790
     87.05000    0.70206    0.04564    0.77584    0.07425
     90.56000    0.46128    0.08624    0.89603    0.05528
     94.97000    0.68599    0.05768    0.79196    0.07199
     98.74000    0.67077    0.07458    0.69856    0.04643
    101.88000    0.73034    0.06064    0.77544    0.04622
    105.31000    0.72445    0.04606    0.80198    0.03310
    108.15000    0.69213    0.05367    0.82930    0.02908
    110.76000    0.74042    0.05166    0.81544    0.04358
    113.82000    0.86649    0.08568    0.87993    0.03335
    116.72000    0.66006    0.09582    0.85114    0.06590
    366.23000    0.72466    0.03779    1.02176    0.02505
    367.41000    0.81589    0.06138    1.01909    0.06132
    369.87000    0.78433    0.06373    0.99923    0.02661
    371.72000    0.75870    0.04150    0.95940    0.04054
    373.13000    0.72241    0.05912    1.09276    0.06972
    375.28000    0.76193    0.05602    0.86861    0.05165
    378.18000    0.65176    0.08729    0.97228    0.02257
    379.79000    0.81275    0.04523    0.93675    0.07173
    382.19000    0.80110    0.05792    0.94108    0.02063
    385.95000    0.78881    0.04693    0.98005    0.03032
    389.70000    0.76384    0.03195    1.00563    0.03448
    394.80000    0.71525    0.05187    1.04508    0.03043
    398.33000    0.72586    0.05688    1.00484    0.05248
    402.42000    0.70627    0.06642    1.13582    0.07892
    405.84000    0.72882    0.04845    1.03275    0.04124
    408.77000    0.80658    0.04499    1.04654    0.06006
    413.55000    0.71659    0.06023    1.03183    0.06592
    415.57000    0.67565    0.07290    1.10881    0.07318
    418.24000    0.87563    0.03213    1.06144    0.06503
    422.14000    0.78013    0.06538    0.92965    0.05450
    425.35000    0.80026    0.03964    1.03626    0.03539
    428.63000    0.72452    0.04462    1.09807    0.05460
    434.76000    0.76908    0.02139    1.14936    0.06902
    438.32000    0.80431    0.04541    0.95871    0.07531
    441.03000    0.83360    0.05137    0.98485    0.05225
    442.95000    0.81850    0.06113    0.88625    0.06905
    444.64000    0.71921    0.06472    0.94701    0.07944
    446.83000    0.76650    0.06142    0.93246    0.04467
    449.16000    0.83188    0.06968    1.03185    0.05829
    453.91000    0.71570    0.06292    0.96619    0.04124
    456.83000    0.74031    0.06383    0.95959    0.05863
    459.09000    0.71371    0.05669    0.99322    0.04108
    462.73000    0.72164    0.06616    1.01287    0.02891
    465.26000    0.71104    0.08591    0.95072    0.05965
    469.13000    0.76516    0.04377    0.94488    0.05676
    471.40000    0.71123    0.03350    0.94968    0.07296
    475.48000    0.72711    0.02903    1.02033    0.03727
    480.32000    0.63469    0.05300    1.03799    0.05340
    484.53000    0.57811    0.05771    0.86270    0.05007
    730.77000    0.56925    0.01193    0.83093    0.04006
    733.79000    0.55633    0.03021    0.76679    0.05338
    738.55000    0.55022    0.05739    0.80417    0.07415
    739.73000    0.61795    0.05122    0.71527    0.04666
    743.82000    0.58061    0.04979    0.70604    0.06828
    746.34000    0.51095    0.04992    0.81265    0.04881
    749.96000    0.56470    0.06546    0.73092    0.06102
    751.90000    0.57695    0.01803    0.74966    0.05028
    755.16000    0.47470    0.06113    0.70366    0.06283
    758.61000    0.57129    0.03483    0.71537    0.04922
    759.97000    0.53522    0.08340    0.73392    0.06043
    763.27000    0.51552    0.05377    0.73080    0.06374
    766.15000    0.60227    0.03985    0.71471    0.05261
    769.91000    0.53480    0.05939    0.74210    0.04215
    771.23000    0.61593    0.02125    0.79809    0.05888
    774.45000    0.55633    0.04334    0.65216    0.05619
    778.27000    0.62363    0.04770    0.67618    0.05760
    781.13000    0.64238    0.05774    0.87786    0.05138
    784.14000    0.65141    0.06544    0.68984    0.04773
    786.54000    0.74680    0.08939    0.69581    0.05354
    787.21000    0.63509    0.08038    0.69767    0.04263
    789.55000    0.62845    0.06018    0.72857    0.05411
    791.79000    0.51537    0.06375    0.75181    0.08540
    793.46000    0.67798    0.07406    0.60869    0.07147
    797.14000    0.65457    0.04810    0.72494    0.03900
    800.64000    0.60585    0.03700    0.59773    0.08475
    804.37000    0.59315    0.03518    0.61599    0.05904
    806.71000    0.66641    0.04119    0.79247    0.05212
    809.65000    0.63536    0.05937    0.81441    0.05860
    813.86000    0.57715    0.09759    0.68500    0.05737
    817.70000    0.60684    0.07791    0.73418    0.04489
    819.63000    0.59643    0.03878    0.69188    0.02842
    822.20000    0.62008    0.05455    0.64155    0.05261
    825.10000    0.61753    0.04816    0.70638    0.04544
    827.16000    0.49341    0.05675    0.78153    0.02714
    830.14000    0.57067    0.01825    0.74139    0.05786
    831.61000    0.60654    0.06405    0.69896    0.06707
    833.04000    0.71022    0.05517    0.69319    0.06321
    836.58000    0.56888    0.05662    0.62854    0.05954
    838.88000    0.69471    0.05790    0.79112    0.02452
    841.80000    0.46584    0.05502    0.78468    0.03449
    844.38000    0.62109    0.07071    0.89692    0.05089
    849.15000    0.59010    0.04891    0.72971    0.06085
   1099.48000    0.65737    0.06554    0.77313    0.02667
   1102.65000    0.68738    0.05231    0.86666    0.07953
   1106.75000    0.54374    0.05716    0.70008    0.06857
   1110.71000    0.59914    0.08103    0.77638    0.05184
   1114.22000    0.64017    0.05697    0.74056    0.04911
   1117.87000    0.62814    0.06519    0.67112    0.07940
   1122.19000    0.66065    0.01672    0.72465    0.04788
   1123.98000    0.71283    0.07529    0.71177    0.04653
   1126.98000    0.61940    0.06569    0.74483    0.06238
   1129.95000    0.59313    0.05994    0.81606    0.07326
   1132.37000    0.67427    0.03169    0.74795    0.04681
   1135.25000    0.69480    0.04871    0.72823    0.04191
   1137.67000    0.65015    0.04138    0.74556    0.04103
   1139.77000    0.65293    0.04806    0.82903    0.08076
   1141.81000    0.55903    0.05867    0.77030    0.04896
   1145.61000    0.75271    0.03982    0.61766    0.08556
   1147.24000    0.67740    0.06933    0.71739    0.03147
   1151.63000    0.62365    0.06103    0.78316    0.05068
   1155.05000    0.62513    0.03872    0.85318    0.04882
   1157.57000    0.65963    0.03976    0.80721    0.05657
   1162.38000    0.60440    0.03386    0.67770    0.07667
   1165.85000    0.66630    0.03094    0.90317    0.06006
   1169.13000    0.69903    0.07755    0.99268    0.05805
   1173.85000    0.64838    0.05498    0.84856    0.05064
   1176.89000    0.69543    0.05603    0.74189    0.06366
   1178.61000    0.69609    0.04323    0.77818    0.03715
   1183.08000    0.66035    0.04657    0.78968    0.05509
   1184.89000    0.61975    0.04571    0.83115    0.04423
   1188.46000    0.60926    0.02841    0.71270    0.03893
   1190.90000    0.62575    0.04036    0.82041    0.05575
   1194.05000    0.60047    0.06768    0.82323    0.05093
   1197.30000    0.59622    0.03559    0.73133    0.04358
   1199.73000    0.67703    0.05924    0.79385    0.03568
   1203.58000    0.66978    0.04454    0.80955    0.05240
   1206.53000    0.64365    0.06388    0.83702    0.03074
   1208.99000    0.70262    0.07630    0.84260    0.06823
   1212.83000    0.70048    0.05721    0.76378    0.08771
   1461.06000    0.50000    0.06345    0.85370    0.05050
   1463.04000    0.61524    0.05841    0.84196    0.04720
   1466.27000    0.62307    0.05221    0.83289    0.05985
   1469.25000    0.54601    0.04775    0.86939    0.05453
   1473.66000    0.61519    0.04354    0.86189    0.03950
   1475.18000    0.61944    0.07601    0.84976    0.06453
   1478.70000    0.44469    0.08395    0.84556    0.04674
   1482.01000    0.63580    0.06129    0.72833    0.06007
   1485.21000    0.71034    0.04366    0.87357    0.04606
   1487.28000    0.65115    0.05622    0.79962    0.07698
   1489.40000    0.82052    0.06208    0.85089    0.04164
   1492.96000    0.61443    0.03007    0.87938    0.07245
   1496.61000    0.65551    0.03296    0.94356    0.06001
   1500.29000    0.64154    0.06558    0.84972    0.06694
   1502.71000    0.62126    0.04391    0.90504    0.04476
   1506.62000    0.69339    0.09934    0.78359    0.05146
   1511.00000    0.67960    0.04352    0.84855    0.03918
   1514.68000    0.66011    0.02518    0.85521    0.04560
   1517.82000    0.58424    0.05622    0.79352    0.05657
   1520.63000    0.67801    0.05213    0.91793    0.05528
   1524.83000    0.76323    0.06937    0.81024    0.03245
   1526.93000    0.61645    0.04998    0.89973    0.07246
   1529.97000    0.65106    0.00960    0.75743    0.06660
   1533.07000    0.51608    0.05775    0.77666    0.03674
   1536.57000    0.59736    0.06475    0.88502    0.05179
   1538.58000    0.67865    0.05695    0.82242    0.06268
   1541.63000    0.78733    0.06195    0.77871    0.04700
   1543.89000    0.63120    0.03235    0.86245    0.06740
   1546.03000    0.61314    0.01069    0.82176    0.06115
   1548.62000    0.58571    0.01765    0.96555    0.06178
   1551.06000    0.59982    0.04013    0.72064    0.08332
   1554.68000    0.49017    0.07023    0.98533    0.08993
   1558.14000    0.69525    0.06491    0.79326    0.02940
   1561.90000    0.64592    0.06633    0.85857    0.04468
   1566.80000    0.58981    0.04653    0.86856    0.05823
   1570.46000    0.64166    0.05600    0.73689    0.06827
   1572.77000    0.65673    0.03981    0.81028    0.05384
   1575.11000    0.63275    0.03704    0.80146    0.05446
   1578.59000    0.57344    0.06600    0.90302    0.07274
   1825.58000    0.58095    0.04654    0.65262    0.04288
   1828.57000    0.52419    0.04388    0.71776    0.05315
   1831.87000    0.54135    0.05859    0.69827    0.03985
   1836.13000    0.55056    0.06227    0.64924    0.07388
   1839.69000    0.54504    0.06250    0.64161    0.05163
   1840.97000    0.49893    0.06465    0.68683    0.07240
   1843.24000    0.47072    0.06032    0.67026    0.03679
   1845.14000    0.56667    0.02827    0.70579    0.04196
   1848.78000    0.63866    0.08012    0.68769    0.06970
   1852.78000    0.64447    0.05712    0.69061    0.02253
   1856.61000    0.61254    0.02618    0.69623    0.02943
   1859.71000    0.58248    0.04590    0.71129    0.05129
   1862.15000    0.73978    0.07823    0.62182    0.06796
   1865.16000    0.65363    0.07298    0.69248    0.03079
   1867.50000    0.50789    0.08538    0.65182    0.04100
   1870.32000    0.55979    0.03460    0.64071    0.06224
   1873.31000    0.57885    0.04729    0.62158    0.07606
   1876.27000    0.59516    0.05794    0.74460    0.06582
   1879.90000    0.60226    0.03285    0.66706    0.06827
   1882.41000    0.68622    0.09517    0.71437    0.04115
   1886.89000    0.55230    0.05059    0.74477    0.08970
   1891.41000    0.71273    0.04091    0.81775    0.04266
   1893.37000    0.60639    0.06344    0.66615    0.05018
   1896.49000    0.55437    0.02421    0.67211    0.04850
   1900.20000    0.56752    0.05121    0.73499    0.02669
   1904.46000    0.60842    0.04066    0.72343    0.05049
   1907.11000    0.58897    0.04209    0.70838    0.05141
   1911.57000    0.57989    0.05135    0.65065    0.06791
   1913.95000    0.60085    0.03933    0.83287    0.05330
   1917.41000    0.60724    0.04161    0.64794    0.05786
   1919.37000    0.63153    0.06766    0.77163    0.04480
   1922.79000    0.57406    0.05955    0.88923    0.07081
   1926.72000    0.54820    0.06232    0.67623    0.06151
   1929.42000    0.60342    0.05867    0.78156    0.05275
   1933.56000    0.54143    0.03268    0.74774    0.06179
   1939.63000    0.58510    0.05574    0.72509    0.04466
   1943.62000    0.49169    0.04060    0.79560    0.06032
   2194.14000    0.72236    0.06967    0.81611    0.03064
   2195.86000    0.52652    0.06760    0.79120    0.05196
   2198.01000    0.63236    0.05518    0.94273    0.06487
   2199.64000    0.61921    0.03183    0.79751    0.05737
   2203.16000    0.60478    0.06665    0.81194    0.06931
   2204.95000    0.51868    0.04174    0.86384    0.03738
   2207.12000    0.60136    0.06588    0.88240    0.05230
   2209.11000    0.71617    0.06814    0.91120    0.04534
   2213.69000    0.54224    0.05944    0.82396    0.03526
   2216.33000    0.68118    0.06616    0.84887    0.05943
   2220.53000    0.49338    0.06171    0.89029    0.06012
   2222.60000    0.59474    0.00732    0.83495    0.02863
   2226.61000    0.65267    0.08903    0.78462    0.05120
   2229.82000    0.64070    0.04652    0.81495    0.05942
   2231.99000    0.61507    0.02686    0.96168    0.06302
   2234.72000    0.56393    0.06131    0.80021    0.04008
   2237.52000    0.58589    0.05909    0.81477    0.01906
   2240.26000    0.60389    0.03079    0.85411    0.08604
   2243.98000    0.69644    0.04428    0.79341    0.03606
   2246.63000    0.57377    0.02631    0.77410    0.04860
   2249.41000    0.69408    0.06965    0.76869    0.03687
   2251.84000    0.71262    0.05839    1.00941    0.07891
   2255.01000    0.66317    0.06042    0.74803    0.04181
   2259.38000    0.54273    0.05657    0.84050    0.06603
   2262.82000    0.59021    0.03237    0.98648    0.07882
   2267.94000    0.76488    0.05673    0.74701    0.06256
   2270.69000    0.58375    0.06257    0.75502    0.04208
   2273.57000    0.54018    0.05394    0.70250    0.05256
   2275.54000    0.60167    0.02471    0.78224    0.06471
   2278.43000    0.59952    0.02359    0.86428    0.06868
   2281.30000    0.52743    0.04907    0.79828    0.05069
   2283.04000    0.55572    0.04971    0.82448    0.04984
   2284.72000    0.61376    0.04670    0.75971    0.04896
   2287.63000    0.57842    0.04233    0.75899    0.02781
   2289.93000    0.60992    0.05480    0.83381    0.04128
   2291.83000    0.59452    0.04293    0.74437    0.06055
   2295.95000    0.60006    0.04646    0.82289    0.07758
   2299.98000    0.61525    0.03687    0.79668    0.06911
   2302.35000    0.60884    0.04510    0.89983    0.06127
   2304.38000    0.61744    0.04104    0.68768    0.05302
   2306.29000    0.61075    0.04065    0.83676    0.05322
   2309.14000    0.59778    0.07764    0.73099    0.05553
   2560.09000    0.60750    0.03324    0.77108    0.06724
   2564.00000    0.58661    0.05279    0.79022    0.03920
   2565.42000    0.57682    0.05845    0.74341    0.06594
   2568.89000    0.76382    0.08753    0.82815    0.07417
   2572.18000    0.59482    0.08037    0.73023    0.05301
   2575.51000    0.60810    0.03853    0.76715    0.05781
   2580.35000    0.62041    0.04749    0.83552    0.06592
   2582.59000    0.61573    0.06048    0.84939    0.02683
   2586.46000    0.70277    0.06065    0.85256    0.05733
   2588.68000    0.70405    0.03544    0.78932    0.04563
   2590.63000    0.67406    0.04279    0.80432    0.03549
   2594.14000    0.48290    0.05924    0.70257    0.07063
   2598.11000    0.64756    0.04130    0.82344    0.03625
   2601.51000    0.72175    0.05504    0.78835    0.06209
   2603.74000    0.65872    0.04246    0.80015    0.04353
   2606.04000    0.54568    0.07064    0.81536    0.03095
   2609.20000    0.46169    0.06737    0.82392    0.04769
   2612.20000    0.54235    0.04514    0.84008    0.07723
   2614.47000    0.64773    0.03496    0.84352    0.04417
   2616.82000    0.65922    0.07144    0.80035    0.05856
   2620.75000    0.61211    0.06002    0.80819    0.04856
   2623.84000    0.61697    0.02790    0.75084    0.04907
   2628.37000    0.51767    0.05441    0.81715    0.04601
   2631.04000    0.65001    0.03169    0.78797    0.04379
   2635.92000    0.65718    0.05545    0.75791    0.09448
   2640.61000    0.50346    0.04482    0.69648    0.09916
   2644.28000    0.61692    0.06063    0.79184    0.03894
   2648.07000    0.57356    0.07414    0.89535    0.05561
   2652.11000    0.73161    0.04735    0.84753    0.05864
   2655.21000    0.62928    0.07581    0.84027    0.03584
   2657.09000    0.61004    0.05531    0.83193    0.04249
   2658.08000    0.54016    0.04009    0.80984    0.01335
   2661.11000    0.64727    0.04556    0.84558    0.09034
   2664.66000    0.60665    0.05699    0.75421    0.06709
   2669.08000    0.62117    0.05989    0.83185    0.02481
   2673.08000    0.59400    0.04465    0.86760    0.07410
   2920.62000    0.67127    0.08647    0.84685    0.07609
   2922.56000    0.47957    0.04934    0.83224    0.07460
   2926.85000    0.55366    0.06030    0.75592    0.01590
   2929.17000    0.55507    0.04320    0.80525    0.05257
   2931.40000    0.52644    0.03852    0.70122    0.05785
   2933.57000    0.46409    0.07596    0.84944    0.06254
   2934.68000    0.56847    0.04851    0.83025    0.05830
   2939.44000    0.52653    0.01504    0.80319    0.03138
   2942.24000    0.54658    0.04842    0.72102    0.07729
   2944.31000    0.56470    0.05282    0.77048    0.05205
   2947.00000    0.50318    0.02988    0.69456    0.05378
   2950.02000    0.48344    0.05875    0.76959    0.04601
   2952.38000    0.55145    0.03651    0.58139    0.06091
   2955.54000    0.35669    0.06366    0.85080    0.06061
   2959.59000    0.44919    0.04885    0.74539    0.05978
   2963.95000    0.53289    0.06662    0.83023    0.07180
   2966.03000    0.59565    0.05217    0.72207    0.05846
   2968.64000    0.66174    0.08475    0.67998    0.03283
   2972.68000    0.45181    0.05053    0.66747    0.05888
   2978.13000    0.53729    0.04899    0.77725    0.03027
   2983.49000    0.55894    0.01916    0.74995    0.04845
   2985.90000    0.49255    0.04895    0.66626    0.07524
   2989.10000    0.37318    0.07584    0.70279    0.02598
   2992.92000    0.56458    0.05355    0.76632    0.07086
   2996.92000    0.61630    0.07976    0.71246    0.03871
   3001.26000    0.60615    0.06129    0.80879    0.06676
   3004.75000    0.52471    0.06049    0.68158    0.06501
   3008.10000    0.58079    0.03686    0.67713    0.07347
   3010.73000    0.55965    0.05204    0.57101    0.05884
   3014.64000    0.64325    0.06055    0.71923    0.02858
   3017.73000    0.45785    0.05108    0.73493    0.04384
   3019.70000    0.47665    0.07091    0.75449    0.06412
   3021.70000    0.52782    0.03732    0.67289    0.05411
   3026.76000    0.57817    0.04091    0.56236    0.04942
   3030.40000    0.50477    0.05570    0.75577    0.07243
   3035.05000    0.51803    0.09511    0.62215    0.06038
   3038.73000    0.58947    0.05588    0.69944    0.05499
   3286.30000    0.72829    0.06227    0.80696    0.05954
   3288.48000    0.67622    0.03880    0.74028    0.06220
   3291.54000    0.60545    0.04099    0.77756    0.04113
   3294.72000    0.67212    0.06239    0.72707    0.05925
   3299.07000    0.74093    0.05889    0.83453    0.03933
   3299.98000    0.70193    0.06458    0.84487    0.06134
   3304.62000    0.67477    0.03270    0.75450    0.03595
   3306.00000    0.72999    0.05320    0.83019    0.03465
   3309.09000    0.65793    0.02627    0.86058    0.02946
   3312.17000    0.54815    0.04976    0.83737    0.05222
   3314.96000    0.70708    0.02351    0.73981    0.07064
   3317.10000    0.58339    0.07531    0.88686    0.04551
   3320.81000    0.65989    0.05250    0.87471    0.04958
   3323.60000    0.66612    0.04588    0.83463    0.03226
   3327.78000    0.65419    0.06941    0.87019    0.04718
   3330.43000    0.77374    0.07343    0.83833    0.09369
   3334.23000    0.69362    0.07144    0.80807    0.02903
   3336.91000    0.71209    0.06623    0.86456    0.05607
   3339.79000    0.75040    0.07834    0.88175    0.06297
   3343.12000    0.73738    0.04952    0.89077    0.04493
   3344.32000    0.54589    0.06371    0.90572    0.05417
   3348.59000    0.70048    0.06464    0.82894    0.06633
   3353.49000    0.66461    0.02620    0.89896    0.07719
   3357.24000    0.68535    0.06706    0.82323    0.04841
   3361.31000    0.66665    0.06133    0.85588    0.05849
   3363.01000    0.66382    0.07463    0.90591    0.06114
   3366.63000    0.71548    0.04478    0.86027    0.05817
   3369.94000    0.75825    0.06651    0.88849    0.04272
   3372.27000    0.71419    0.05890    0.81350    0.06497
   3376.09000    0.64959    0.04661    0.85363    0.05751
   3380.57000    0.61738    0.06308    0.82445    0.06928
   3384.16000    0.82828    0.09233    0.83851    0.06589
   3386.30000    0.70631    0.03846    0.89974    0.06243
   3387.29000    0.61012    0.04568    0.85921    0.07242
   3388.98000    0.75009    0.05879    0.85910    0.07018
   3391.62000    0.69165    0.04384    0.96568    0.04259
   3394.18000    0.67687    0.03299    0.95536    0.06700
   3397.18000    0.75230    0.04959    0.94965    0.03145
   3398.32000    0.67167    0.04949    0.96122    0.07306
   3402.61000    0.82953    0.08358    1.01971    0.06163
