## Time Delay Challenge light curves
##
## [time]=days, [lc]=[err]=flux in nanomaggies
##
##       time       lc_A      err_A       lc_B      err_B
##-------------------------------------------------------
      0.39000    9.47285    0.07833   -0.00160    0.05592
      1.26000    9.50781    0.06579    0.05682    0.05036
      3.39000    9.98340    0.05789    0.07666    0.02727
      5.58000    9.84175    0.06511    0.06251    0.07564
      8.90000    9.15609    0.07640    0.11821    0.05801
     10.57000    9.10227    0.06703    0.08777    0.05549
     14.83000    8.79863    0.03317    0.08408    0.03905
     18.17000    8.82917    0.05003    0.11040    0.06875
     20.47000    8.54141    0.04135    0.00303    0.03890
     22.83000    8.18204    0.04438   -0.04213    0.06934
     27.23000    8.33128    0.06489    0.02802    0.02655
     30.03000    7.93400    0.05450    0.00366    0.06518
     32.80000    7.95993    0.06469   -0.02829    0.08486
     34.71000    7.73253    0.05600    0.00658    0.05568
     37.52000    8.51319    0.02656    0.03680    0.06139
     41.24000    8.00443    0.05295    0.05626    0.05871
     45.30000    7.53029    0.06241    0.00806    0.06444
     50.28000    7.46716    0.02745    0.11731    0.05441
     53.34000    7.32826    0.05938    0.02458    0.04793
     54.93000    7.41338    0.04612   -0.01330    0.04303
     58.40000    7.50353    0.06413    0.03626    0.05205
     60.94000    7.43840    0.05480    0.07450    0.03196
     62.88000    7.28742    0.04031    0.04235    0.05934
     66.44000    7.99045    0.06343    0.04041    0.04507
     68.29000    7.58997    0.04281    0.02109    0.06667
     70.51000    7.75892    0.04551    0.11820    0.05528
     72.20000    8.30091    0.07737    0.05832    0.02332
     74.93000    7.87874    0.04696    0.09205    0.05449
     77.97000    8.22859    0.10171    0.01493    0.04347
     81.39000    7.59638    0.03901   -0.01710    0.05452
     84.18000    7.79069    0.05136    0.05532    0.04680
     85.33000    7.26418    0.06488    0.01382    0.07882
     86.17000    7.51646    0.06125    0.06689    0.03247
     87.95000    7.82847    0.05474    0.05291    0.05458
     90.60000    8.35956    0.04786    0.05505    0.04823
     91.44000    8.27348    0.05813    0.04196    0.05464
     92.89000    8.06879    0.01357    0.07774    0.05120
     93.66000    8.14455    0.04578    0.00568    0.03271
     95.43000    8.29611    0.06237    0.09333    0.04618
     98.24000    8.65222    0.08156    0.01513    0.03807
    102.41000    8.09659    0.05909    0.03876    0.03238
    106.56000    8.56995    0.04287    0.20720    0.08268
    110.41000    7.71479    0.08135    0.00243    0.05729
    112.03000    7.08504    0.05157    0.02978    0.03230
    115.24000    7.53993    0.03440    0.08017    0.05432
    119.81000    8.69764    0.02919   -0.03354    0.05166
    365.66000    6.98002    0.04476   -0.00346    0.06489
    369.23000    7.55604    0.03572    0.18557    0.08015
    371.77000    7.23605    0.03706    0.04322    0.02277
    374.94000    6.30026    0.04553    0.09305    0.05507
    376.69000    6.33795    0.05710    0.15786    0.05715
    381.33000    6.60861    0.06119    0.10616    0.02876
    384.79000    7.02248    0.08777    0.11959    0.06998
    389.19000    6.33081    0.06227    0.08737    0.03601
    392.06000    6.71398    0.05743   -0.07454    0.06081
    394.92000    7.21218    0.04472    0.07483    0.04938
    396.36000    6.75572    0.04383    0.07376    0.05637
    400.29000    6.95733    0.06964    0.01355    0.06204
    403.85000    6.71506    0.07188    0.07293    0.06434
    407.48000    6.77882    0.06700    0.06149    0.04963
    410.91000    6.56632    0.04784    0.03769    0.06002
    414.62000    7.34524    0.05141    0.02373    0.02488
    418.60000    7.26184    0.08427    0.01929    0.06815
    419.95000    6.63863    0.02799    0.05004    0.03641
    423.75000    6.57776    0.02787   -0.01785    0.04804
    426.62000    6.39435    0.04635    0.05509    0.05623
    429.01000    6.20970    0.06453   -0.06596    0.05930
    432.42000    6.50913    0.05632   -0.03937    0.06475
    435.08000    6.23670    0.05108    0.09016    0.04060
    436.08000    6.35391    0.05719    0.09099    0.05182
    439.30000    7.65048    0.04110    0.04441    0.05143
    441.74000    7.87212    0.02905    0.03662    0.06764
    447.16000    7.41883    0.04309    0.12266    0.05407
    450.70000    8.16509    0.05274    0.07673    0.04429
    454.82000    7.71373    0.05574    0.08431    0.03815
    457.02000    7.86134    0.06462    0.04555    0.02549
    458.38000    7.84636    0.03799    0.00311    0.05302
    462.63000    7.51184    0.03689    0.05717    0.07311
    465.97000    7.45396    0.06826    0.05623    0.04791
    468.92000    7.45038    0.06306    0.08304    0.05641
    471.84000    7.70955    0.04652    0.05994    0.06083
    474.83000    6.93337    0.06548    0.01723    0.06437
    479.43000    6.54675    0.05004    0.01507    0.05702
    482.93000    6.99935    0.04850   -0.06277    0.05366
    732.51000    9.30599    0.04240    0.07891    0.03654
    735.75000    9.17096    0.05222    0.14097    0.05727
    738.81000    9.98631    0.06585    0.01730    0.07362
    741.96000    9.92595    0.03615    0.07358    0.04733
    745.31000    9.30812    0.07389    0.05762    0.01873
    749.90000    9.65299    0.03678    0.01097    0.04106
    752.55000    9.33480    0.04100    0.04783    0.05455
    757.59000    9.37586    0.05656    0.05568    0.03353
    760.95000    8.52375    0.05509    0.06184    0.03740
    764.15000    8.54326    0.03361    0.06300    0.04486
    766.88000    8.60875    0.05242    0.05527    0.03837
    769.92000    9.20524    0.06240    0.02553    0.06199
    772.24000    8.73371    0.08149    0.09857    0.05782
    775.27000    8.86591    0.03220    0.07558    0.04781
    778.79000    9.84763    0.06228    0.04580    0.04296
    780.79000   11.30279    0.05148    0.06620    0.07236
    784.32000   10.93853    0.05811    0.06191    0.07250
    786.82000   11.27910    0.09141    0.03047    0.03037
    790.09000   10.28551    0.03742    0.06129    0.04753
    791.25000   10.03518    0.03577    0.05222    0.03439
    794.04000    9.49549    0.04428   -0.00250    0.04041
    797.16000    8.92264    0.05231    0.00104    0.04686
    799.08000    9.27094    0.03513    0.04724    0.06823
    800.81000    9.66918    0.03796    0.07579    0.03923
    805.00000    9.31873    0.03814   -0.01624    0.06941
    805.61000    9.49913    0.06971    0.06133    0.03725
    807.70000    9.22211    0.04195    0.05030    0.08530
    808.65000    9.43716    0.06607    0.03742    0.06701
    812.72000    8.40226    0.07563    0.07099    0.04081
    817.30000    8.58087    0.07660    0.04675    0.02593
    820.95000    8.12062    0.07002    0.09022    0.03258
    823.64000    7.79656    0.05979    0.08977    0.04497
    826.27000    7.37162    0.05190    0.18555    0.06716
    829.69000    6.79527    0.06103    0.09351    0.03135
    831.89000    6.53883    0.05037    0.02796    0.06309
    834.52000    6.35976    0.05336   -0.00389    0.05519
    838.48000    5.81954    0.05667    0.05433    0.07646
    841.49000    5.99517    0.07083    0.03587    0.04166
    843.75000    6.06813    0.06363    0.06180    0.05954
    847.91000    7.20988    0.07325   -0.00241    0.04055
    849.68000    7.17884    0.01068    0.08337    0.05038
   1098.06000   10.15406    0.05604    0.00116    0.07612
   1101.33000    8.70500    0.05594    0.11196    0.05815
   1103.44000    8.76972    0.04877    0.03091    0.05041
   1105.41000    9.12053    0.03291   -0.03626    0.07173
   1109.76000   10.63699    0.06884    0.01314    0.05939
   1112.37000   11.33840    0.02623    0.04206    0.03041
   1116.14000    9.28728    0.03461    0.07538    0.01963
   1120.21000    9.85015    0.07237   -0.00919    0.05423
   1122.68000    9.37071    0.06233    0.05008    0.05977
   1126.43000   10.06239    0.04090    0.04939    0.04194
   1128.41000    9.51567    0.07008   -0.08502    0.03878
   1130.06000    8.98601    0.06783    0.07707    0.06619
   1134.26000    9.17108    0.02714    0.05034    0.06148
   1136.60000    9.13218    0.04520    0.06308    0.05607
   1138.58000    8.80061    0.05688    0.00203    0.07233
   1142.35000    7.89644    0.06595   -0.06545    0.06816
   1146.32000    7.85756    0.04525    0.07636    0.05929
   1150.60000    8.66576    0.05296    0.14450    0.07548
   1153.19000    8.28991    0.05677   -0.02586    0.07808
   1157.36000    8.76237    0.06232    0.08632    0.05892
   1159.16000    9.05115    0.03618    0.08639    0.04594
   1161.06000    8.55623    0.05935    0.09884    0.05760
   1164.25000    8.94605    0.00825   -0.00913    0.08066
   1167.42000    9.49716    0.05309   -0.04001    0.05136
   1169.58000    9.91792    0.06905   -0.02681    0.06473
   1173.08000   10.23006    0.05922    0.13236    0.06720
   1175.84000   10.25961    0.05712    0.09566    0.05699
   1179.00000   10.01121    0.05848    0.04583    0.06738
   1181.31000    9.61159    0.04289    0.03213    0.03084
   1184.50000    9.93718    0.05136    0.11091    0.03529
   1187.41000    9.98250    0.07068    0.02685    0.05597
   1189.66000    9.20836    0.06773    0.00818    0.03670
   1193.00000    8.76170    0.01578    0.04701    0.05829
   1194.77000    8.30451    0.04096   -0.00152    0.04778
   1197.56000    8.33224    0.06812    0.02567    0.06853
   1200.37000    8.14849    0.03376   -0.08956    0.06477
   1203.32000    8.07979    0.06397    0.08485    0.06087
   1206.26000    7.18918    0.06848   -0.02098    0.05760
   1208.97000    7.70405    0.02952    0.00436    0.06360
   1212.25000    7.39195    0.07650    0.02297    0.03554
   1214.54000    7.45078    0.04629    0.08014    0.04694
   1462.74000   12.01169    0.04106    0.07627    0.05024
   1466.20000   11.43519    0.04924    0.07734    0.06020
   1469.93000    9.69198    0.06582    0.11877    0.06241
   1471.69000   10.00012    0.06228    0.12236    0.04445
   1474.08000    9.33114    0.05531    0.05707    0.05821
   1475.47000    9.19212    0.06561   -0.03040    0.05227
   1479.53000    8.89882    0.01232    0.08572    0.04764
   1482.17000    8.98862    0.02814    0.03930    0.05031
   1486.35000    8.40263    0.06780    0.03711    0.04305
   1489.41000    8.62752    0.07050    0.11159    0.05769
   1493.97000    9.66781    0.06008    0.03982    0.05686
   1496.69000    9.59509    0.06624    0.12559    0.06018
   1499.79000    9.63518    0.03477    0.06963    0.06955
   1502.17000   10.36735    0.05863    0.10592    0.05486
   1505.34000   11.18689    0.01073    0.01982    0.09146
   1507.71000   11.47318    0.06126    0.13200    0.07458
   1509.02000   11.15567    0.07260    0.00189    0.03982
   1513.30000   10.51762    0.09039    0.05429    0.06418
   1514.73000   10.56961    0.06404    0.08606    0.06866
   1518.78000   10.13223    0.05119    0.00641    0.05313
   1520.64000    9.93753    0.05780    0.02056    0.04816
   1521.84000   10.57180    0.04203    0.08447    0.06133
   1526.07000   10.42389    0.04641    0.02516    0.04672
   1529.19000    9.92616    0.05256    0.06340    0.05251
   1533.71000    9.52486    0.03180    0.20487    0.06804
   1537.15000    8.99523    0.07002    0.11256    0.04038
   1542.17000    9.58270    0.02394    0.10128    0.05641
   1547.57000    9.84755    0.06096    0.03447    0.07688
   1550.08000    9.71973    0.04736    0.10049    0.05988
   1553.94000    9.80633    0.03851    0.01412    0.05347
   1558.38000    9.56196    0.05759    0.12211    0.03965
   1563.83000    8.24587    0.06550    0.06656    0.03626
   1566.52000    8.27215    0.08042    0.03351    0.03252
   1568.95000    8.21926    0.03808    0.04498    0.04105
   1572.67000    7.88128    0.05423    0.02704    0.05126
   1575.10000    8.67890    0.04922    0.09826    0.03159
   1577.85000    8.81976    0.03598    0.03555    0.03309
   1825.13000   12.11671    0.06763    0.07431    0.05676
   1828.34000   11.94577    0.06810    0.09431    0.04538
   1833.01000   10.62699    0.03531    0.03087    0.07285
   1835.78000   10.36157    0.06669    0.11803    0.04074
   1838.79000   10.62889    0.05814    0.06443    0.01580
   1842.02000   10.44919    0.07326    0.15132    0.06673
   1845.55000    9.95835    0.03370    0.04871    0.06743
   1848.63000    9.56456    0.02525    0.08348    0.03787
   1850.81000    9.37726    0.05525    0.06021    0.09904
   1854.46000    8.36751    0.06425    0.03984    0.05446
   1856.30000    8.30471    0.03536    0.04667    0.03013
   1860.39000    8.11544    0.02690    0.04761    0.03568
   1862.19000    7.30725    0.05982   -0.00774    0.08494
   1864.68000    7.64537    0.05081    0.08308    0.04391
   1867.92000    7.39766    0.05338    0.18378    0.05628
   1870.92000    7.85896    0.05251   -0.04009    0.04262
   1874.61000    7.81959    0.05800   -0.03202    0.07357
   1877.38000    8.07145    0.05711    0.08515    0.05037
   1879.42000    8.45490    0.04641    0.06525    0.06791
   1881.45000    8.51300    0.06450    0.05195    0.05437
   1885.21000    7.43444    0.04326    0.05688    0.05416
   1887.34000    7.44526    0.04676    0.08570    0.05074
   1889.60000    7.72675    0.03624    0.09895    0.02719
   1892.14000    8.04891    0.02366    0.11640    0.04735
   1895.27000    8.33313    0.05433    0.08650    0.01974
   1900.04000    8.95709    0.04668    0.03943    0.05591
   1902.67000    9.43130    0.03812    0.08135    0.06648
   1906.57000    9.05723    0.03007    0.10332    0.03028
   1910.72000    7.96255    0.05186    0.13549    0.07691
   1914.25000    8.34445    0.06649    0.07226    0.05520
   1917.48000    7.81325    0.07153    0.02536    0.05568
   1920.68000    7.88921    0.03896   -0.08746    0.08065
   1924.33000    8.93158    0.04697    0.13184    0.06609
   1926.20000    8.93007    0.06729    0.05088    0.05582
   1927.21000    9.26187    0.04591    0.09358    0.06595
   1931.44000    9.15486    0.04893    0.11396    0.04080
   1934.59000    9.24750    0.04995    0.05040    0.06426
   1936.23000    8.95483    0.02221    0.00404    0.04170
   1939.86000    8.66387    0.07650   -0.04351    0.06377
   1943.52000    8.96547    0.06805    0.04328    0.04627
   2191.03000    7.30885    0.05747    0.11023    0.04291
   2194.21000    6.99834    0.03953    0.05420    0.05149
   2197.31000    6.51453    0.04192    0.05179    0.06319
   2199.25000    6.84441    0.03631    0.02297    0.05066
   2202.52000    6.57900    0.07051    0.00424    0.07212
   2207.78000    6.32946    0.06068    0.02570    0.05666
   2211.71000    6.14218    0.06189    0.02907    0.02537
   2213.19000    6.37188    0.06920    0.11164    0.03816
   2216.16000    6.38689    0.05638    0.08075    0.05471
   2218.73000    6.18795    0.01943    0.06425    0.06184
   2221.46000    6.19180    0.06499    0.03220    0.03790
   2227.39000    6.57412    0.05115    0.08204    0.06455
   2229.33000    6.47911    0.05240    0.03012    0.05961
   2233.03000    7.89266    0.03951    0.01370    0.05680
   2236.09000    7.65139    0.04908    0.16441    0.04706
   2238.09000    7.34393    0.07918    0.07397    0.04689
   2241.05000    6.87452    0.06887    0.04312    0.03113
   2244.72000    6.75603    0.06819   -0.04716    0.06587
   2248.24000    6.61562    0.04891   -0.08606    0.05717
   2251.81000    6.95646    0.04467    0.05606    0.05268
   2252.29000    6.86372    0.06659    0.01495    0.06693
   2253.26000    6.80592    0.06581    0.09567    0.05420
   2255.84000    6.41898    0.05609    0.06446    0.07403
   2259.55000    6.44437    0.02414    0.09167    0.04737
   2263.05000    6.67473    0.04982    0.04625    0.06650
   2265.54000    7.06446    0.04842    0.00181    0.03997
   2267.29000    7.16673    0.03092    0.15798    0.07032
   2269.47000    6.79542    0.01416    0.08768    0.03784
   2270.76000    6.57121    0.05116    0.03071    0.03144
   2273.55000    6.47451    0.07283    0.03475    0.04457
   2276.42000    6.74307    0.07016    0.09657    0.04870
   2279.13000    6.19082    0.04840   -0.03262    0.04863
   2283.53000    5.87982    0.05113    0.04337    0.02384
   2287.15000    6.94164    0.03993   -0.02159    0.05388
   2289.95000    6.95867    0.04482    0.06774    0.04439
   2290.87000    6.87231    0.05361    0.01356    0.05262
   2293.15000    6.70851    0.04782   -0.07102    0.07220
   2294.85000    6.81793    0.03665    0.08008    0.08667
   2297.53000    6.89588    0.05790    0.08643    0.05697
   2300.19000    6.73130    0.05362    0.05534    0.07398
   2303.90000    6.68635    0.07497    0.11327    0.04683
   2305.85000    6.46019    0.06877   -0.02096    0.05140
   2555.11000    7.80367    0.06618    0.03478    0.03846
   2557.40000    8.44459    0.01968    0.04095    0.05684
   2560.74000    7.80631    0.08177   -0.00157    0.08740
   2564.18000    7.52167    0.05342   -0.00303    0.08363
   2567.11000    6.85859    0.04108    0.08303    0.05009
   2569.01000    6.83652    0.07812    0.02029    0.04763
   2571.07000    7.19762    0.06020    0.04949    0.04242
   2573.70000    7.42936    0.04430    0.04477    0.02482
   2575.89000    7.27241    0.04315    0.07476    0.07676
   2577.83000    7.33106    0.03432    0.07423    0.05607
   2578.59000    7.53720    0.05440    0.11026    0.04438
   2581.88000    6.86384    0.07958   -0.08126    0.08586
   2583.89000    6.74200    0.03379    0.05549    0.04124
   2586.04000    6.93980    0.07022    0.04838    0.06049
   2588.28000    7.45540    0.05404    0.04198    0.02175
   2592.65000    7.30226    0.07017    0.10266    0.05390
   2595.73000    7.24245    0.06033    0.04743    0.02655
   2598.76000    7.56740    0.09867    0.04441    0.05016
   2601.47000    8.32032    0.04909    0.06162    0.05992
   2605.21000    8.87605    0.05160   -0.01558    0.06668
   2609.02000   10.13823    0.05319    0.05017    0.06777
   2611.97000   10.33515    0.08547    0.08974    0.02917
   2614.91000   10.39377    0.06993    0.07498    0.04356
   2617.56000   10.39401    0.02856    0.08253    0.05032
   2620.16000   10.69783    0.05630   -0.01298    0.07919
   2623.98000   10.00549    0.04832   -0.09007    0.04680
   2626.19000    9.78596    0.06435    0.10693    0.05538
   2630.98000    8.61288    0.04434    0.04924    0.05547
   2633.72000    8.40444    0.02626    0.10682    0.04470
   2638.90000    8.09738    0.07876   -0.01380    0.07632
   2642.24000    7.19383    0.06560    0.06574    0.05401
   2645.62000    7.56517    0.03881    0.04684    0.03788
   2648.09000    7.16598    0.08389    0.07437    0.03481
   2652.12000    6.52885    0.08140    0.07025    0.06727
   2656.50000    6.77289    0.04853    0.05413    0.03803
   2659.39000    6.84264    0.07053    0.08250    0.05878
   2662.43000    6.51229    0.06432    0.06358    0.06139
   2665.48000    6.45235    0.07239    0.13866    0.05037
   2669.57000    6.89857    0.04182    0.02939    0.06959
   2671.41000    6.94900    0.04879    0.11153    0.07058
   2923.31000    8.70019    0.04976    0.03477    0.04099
   2927.99000    8.69964    0.05723    0.04525    0.01905
   2932.15000    8.61910    0.02555    0.03532    0.03817
   2932.60000    8.51223    0.04202    0.11733    0.05644
   2935.64000    8.23427    0.04843    0.01023    0.06713
   2939.34000    7.32047    0.08031    0.05825    0.02383
   2942.46000    7.28797    0.04072    0.13613    0.06618
   2944.83000    7.58586    0.03351   -0.06418    0.07993
   2948.95000    8.22577    0.06720    0.12562    0.04882
   2952.90000    8.45471    0.06209    0.11049    0.06680
   2955.14000    8.49309    0.05655    0.14742    0.04769
   2957.28000    8.32312    0.07275    0.05993    0.02804
   2961.57000    8.73377    0.06465    0.15482    0.06567
   2964.13000    8.88224    0.03925    0.05695    0.09081
   2968.38000    8.65035    0.06800    0.03115    0.04555
   2971.04000    9.48406    0.03929    0.03833    0.05309
   2974.12000    9.83006    0.05889    0.02458    0.03204
   2976.69000    9.38878    0.05173    0.00415    0.06832
   2979.99000    9.10781    0.05429    0.08534    0.05883
   2984.70000    9.57366    0.01720    0.04371    0.02369
   2985.88000    8.88033    0.06282    0.07957    0.04647
   2990.62000    9.34836    0.04333    0.03489    0.03851
   2994.51000   10.22301    0.03759    0.07672    0.03830
   2998.23000   10.93264    0.06938    0.08295    0.03221
   2999.69000   10.79623    0.05958    0.14739    0.08317
   3002.07000   11.73683    0.06001   -0.03004    0.06178
   3005.70000   10.72528    0.03592    0.03642    0.06884
   3009.55000   11.10394    0.06598    0.02297    0.02860
   3013.30000   11.23844    0.06285   -0.01532    0.04450
   3016.18000   11.02502    0.06111   -0.07839    0.06705
   3021.33000   10.86323    0.04451    0.10810    0.05832
   3025.00000   11.18770    0.05887    0.22921    0.07007
   3028.34000   12.24813    0.05457   -0.02016    0.05500
   3031.98000   11.97211    0.07832    0.04255    0.03386
   3036.18000   10.50070    0.02081   -0.01127    0.05083
   3038.88000    9.96998    0.04571    0.10075    0.06056
   3285.61000    8.55483    0.04488    0.17015    0.07633
   3288.77000    8.70118    0.04079    0.02404    0.02495
   3291.69000    8.90863    0.08182    0.03783    0.05224
   3293.95000    8.69733    0.07605    0.06138    0.06305
   3295.78000    8.58122    0.05220    0.08417    0.05039
   3298.94000    8.75037    0.06058    0.01955    0.07128
   3304.45000    8.51589    0.08211    0.04805    0.05937
   3308.20000    7.51555    0.02750   -0.03691    0.06969
   3310.96000    7.02868    0.05451    0.00854    0.04802
   3313.42000    6.58915    0.04284    0.06416    0.03274
   3318.03000    6.54143    0.06731    0.17130    0.05363
   3321.10000    6.71583    0.06915    0.00726    0.04485
   3324.25000    6.52209    0.04676    0.00510    0.04782
   3327.79000    6.57905    0.04484   -0.03070    0.03696
   3329.44000    6.43004    0.04311    0.06620    0.05725
   3331.14000    6.43397    0.07376    0.07632    0.06308
   3333.12000    6.34076    0.05447    0.06124    0.02425
   3337.60000    6.55513    0.06549    0.04657    0.03879
   3339.44000    6.23590    0.06202    0.00074    0.05443
   3340.23000    6.34950    0.03897   -0.01278    0.05342
   3342.09000    6.44350    0.05296    0.00855    0.03517
   3344.52000    6.87124    0.05781    0.14977    0.06820
   3346.53000    6.98867    0.06621    0.12046    0.04910
   3348.85000    7.42697    0.07027    0.03090    0.03441
   3352.67000    7.55693    0.05562    0.06949    0.06183
   3354.61000    7.07442    0.07705    0.05700    0.04119
   3358.13000    6.53744    0.02957    0.02363    0.05509
   3362.51000    7.44835    0.07517    0.08667    0.06826
   3366.39000    7.25491    0.06592    0.05957    0.04269
   3368.55000    7.34107    0.07298    0.03432    0.03339
   3371.59000    7.12462    0.05156    0.11338    0.06012
   3374.96000    6.62830    0.04757   -0.03453    0.05455
   3378.90000    6.71101    0.07299    0.09111    0.04394
   3382.68000    6.55711    0.03013    0.09291    0.04070
   3383.45000    6.64369    0.04284    0.12044    0.04460
   3385.58000    6.49089    0.05175    0.09219    0.08150
   3388.86000    6.37243    0.03628    0.03726    0.07169
   3391.03000    6.59922    0.06872    0.04075    0.03495
   3394.99000    6.68204    0.03478   -0.00998    0.03917
   3398.88000    6.74514    0.04501    0.08685    0.07707
   3399.84000    6.59384    0.06596    0.05701    0.05169
   3402.85000    6.92786    0.06507   -0.00815    0.05346
