## Time Delay Challenge light curves
##
## [time]=days, [lc]=[err]=flux in nanomaggies
##
##       time       lc_A      err_A       lc_B      err_B
##-------------------------------------------------------
      2.60000    1.40728    0.02492    4.11013    0.05673
      4.71000    1.44020    0.04085    4.05472    0.07424
      8.15000    1.45093    0.06732    4.07296    0.06007
     11.03000    1.30466    0.06944    3.94804    0.04646
     16.35000    1.41146    0.05067    3.77681    0.04913
     19.18000    1.44586    0.05337    4.00580    0.05403
     22.13000    1.31694    0.06609    4.12597    0.04474
     25.64000    1.47349    0.07446    4.22434    0.05052
     30.34000    1.35067    0.07953    4.34116    0.04993
     33.48000    1.51012    0.03293    4.39502    0.05868
     36.55000    1.49906    0.05111    4.21944    0.04776
     39.97000    0.82330    0.05791    3.24728    0.05137
     42.62000    1.50781    0.04949    3.93123    0.07341
     46.30000    1.59618    0.05242    3.83734    0.06796
     50.34000    1.55490    0.05718    3.56808    0.06102
     53.79000    1.38651    0.04416    3.35648    0.06029
     57.49000    1.44118    0.04859    3.25278    0.05279
     59.29000    1.43480    0.05774    3.17413    0.09040
     62.94000    1.35618    0.08429    3.33830    0.06176
     65.36000    1.25437    0.06649    3.28626    0.07411
     68.26000    1.17900    0.04920    3.48942    0.06952
     72.23000    1.17911    0.09071    3.10198    0.07138
     75.06000    1.12192    0.03022    3.19846    0.04293
     78.43000    1.26701    0.06021    3.48555    0.06005
     83.21000    1.03092    0.06447    3.06691    0.00306
     85.82000    1.26270    0.06396    2.98252    0.03923
     88.60000    1.16403    0.03664    2.99544    0.04016
     91.49000    1.12628    0.06250    3.11064    0.04368
     94.43000    1.15429    0.05032    2.94146    0.05555
     98.66000    1.10442    0.02898    3.35032    0.08172
    101.52000    1.19593    0.06041    3.17558    0.05030
    102.51000    1.16950    0.05915    3.06593    0.05007
    105.63000    1.07294    0.03677    3.14261    0.05392
    108.96000    0.67508    0.05411    2.63048    0.05482
    111.49000    1.06612    0.07056    3.58644    0.02345
    113.45000    1.11164    0.04950    3.57373    0.05583
    115.66000    1.15948    0.05972    3.96552    0.07106
    119.57000    1.12888    0.04307    4.02738    0.06151
    365.69000    2.06128    0.07008    6.31971    0.05266
    370.38000    2.16527    0.02530    5.68569    0.04747
    373.01000    2.27929    0.01028    5.69645    0.03781
    376.57000    2.18678    0.07999    5.40468    0.06543
    379.69000    2.12103    0.05304    5.40357    0.04885
    381.10000    1.69630    0.05047    5.01635    0.06366
    383.93000    2.07829    0.05347    5.33191    0.07041
    387.07000    1.82535    0.03933    5.38789    0.04358
    391.71000    1.91061    0.07297    5.15621    0.04724
    395.34000    1.85513    0.04130    4.61102    0.05860
    398.93000    1.88923    0.03118    4.62211    0.02463
    402.85000    1.80690    0.03621    4.56006    0.02534
    406.42000    1.62507    0.06773    4.28884    0.06541
    408.70000    1.65540    0.04190    4.28685    0.05519
    411.29000    1.52789    0.03185    4.30437    0.02506
    415.54000    1.55459    0.04062    4.20803    0.07219
    418.53000    1.49478    0.04872    3.86113    0.05720
    421.96000    1.47297    0.03787    3.90202    0.05150
    424.27000    1.39931    0.05513    3.85821    0.05806
    427.31000    1.41797    0.01290    3.65697    0.03138
    430.06000    1.40239    0.04786    3.54430    0.04618
    434.32000    1.40241    0.04124    3.75269    0.05308
    437.80000    1.29926    0.07700    3.97826    0.06567
    440.37000    1.32956    0.03084    3.89610    0.01372
    444.57000    1.11581    0.04554    3.62127    0.03960
    449.18000    1.40123    0.04518    4.20816    0.05690
    452.97000    1.36739    0.04659    4.19209    0.07706
    455.74000    1.34713    0.04767    4.19487    0.03891
    457.27000    1.44974    0.07285    4.14779    0.03796
    458.82000    1.40576    0.04049    4.37750    0.05554
    462.59000    1.38940    0.01546    4.57859    0.05465
    464.82000    1.43825    0.04802    4.70625    0.01283
    466.09000    1.52923    0.04165    4.62787    0.07982
    470.54000    1.56753    0.03753    4.14698    0.06277
    474.55000    1.60187    0.03605    4.34602    0.05526
    476.97000    1.62416    0.06889    4.23381    0.06444
    482.11000    1.37908    0.05545    4.30018    0.07289
    732.36000    1.47347    0.03777    4.72239    0.06540
    735.52000    1.53081    0.04862    4.37037    0.04683
    737.44000    1.57805    0.07074    4.12549    0.04258
    741.39000    1.66140    0.06867    4.19881    0.05171
    742.32000    1.63362    0.04053    4.43959    0.03276
    743.70000    1.65490    0.03135    4.28815    0.02638
    747.04000    1.46519    0.03257    4.30980    0.05721
    749.89000    1.56854    0.04024    4.21237    0.05024
    752.61000    1.44705    0.07593    4.09124    0.05896
    755.33000    1.45453    0.07153    4.47800    0.04006
    756.99000    1.46104    0.03785    4.27775    0.06776
    760.30000    1.32366    0.06618    4.44844    0.04753
    763.31000    1.33206    0.07045    4.14298    0.02024
    766.60000    1.54962    0.06177    4.06939    0.06465
    770.32000    1.50367    0.02291    4.20360    0.04773
    773.03000    1.40465    0.04131    4.17262    0.04738
    775.13000    1.25825    0.08749    4.54021    0.04701
    779.54000    1.32066    0.06369    4.93618    0.04313
    782.42000    1.44177    0.06498    5.29602    0.00985
    783.44000    1.45557    0.04743    5.52136    0.07240
    785.26000    1.45274    0.04148    5.48077    0.02148
    788.46000    1.50291    0.04629    5.42451    0.01813
    792.45000    1.75790    0.00690    5.13670    0.06333
    795.28000    1.85923    0.03404    5.52577    0.05343
    799.06000    1.67671    0.07304    5.57384    0.05672
    803.12000    1.83559    0.05843    5.79332    0.03651
    805.81000    1.80014    0.06008    5.52754    0.06942
    808.16000    2.08550    0.07059    5.85649    0.07155
    810.41000    1.98615    0.04099    5.83036    0.02844
    814.39000    1.91847    0.07242    5.42618    0.05159
    817.86000    1.81070    0.03776    5.34094    0.05707
    821.91000    1.87089    0.05254    5.27695    0.07395
    824.55000    1.92953    0.03853    5.43366    0.04039
    828.54000    1.91060    0.05108    5.16749    0.05615
    832.98000    1.88471    0.04802    5.10783    0.05747
    836.52000    1.81087    0.05763    5.09509    0.06465
    840.29000    1.65903    0.05437    5.13523    0.03965
    843.02000    1.77585    0.06788    5.25000    0.05331
    847.74000    1.97802    0.06732    5.44540    0.04265
   1095.16000    1.25064    0.05870    4.50107    0.06242
   1098.11000    1.58109    0.00483    4.88637    0.04079
   1103.06000    1.76279    0.03501    5.14585    0.04418
   1105.01000    1.67391    0.06310    5.20326    0.05215
   1107.61000    1.60322    0.03344    5.45707    0.04575
   1110.65000    1.50919    0.05610    5.14395    0.03536
   1113.36000    1.66357    0.04900    5.00438    0.07930
   1117.08000    1.64600    0.05589    5.00164    0.03236
   1119.53000    1.51757    0.04951    5.01467    0.01884
   1124.21000    1.79074    0.08236    5.67964    0.03080
   1127.49000    1.68246    0.05560    5.83748    0.03582
   1130.17000    1.72988    0.04913    5.16232    0.05790
   1134.51000    1.86529    0.05279    5.33643    0.05840
   1139.84000    1.88738    0.07267    5.06662    0.03413
   1142.85000    1.71102    0.06818    4.91379    0.03354
   1145.24000    1.74429    0.06008    4.76776    0.04800
   1148.50000    1.67200    0.06246    4.58549    0.06966
   1151.93000    1.67773    0.04860    4.31736    0.05796
   1155.33000    1.53530    0.05198    4.72758    0.06859
   1158.85000    1.55498    0.04812    4.79853    0.08817
   1160.94000    1.42121    0.06765    4.84706    0.07024
   1165.07000    1.44345    0.06081    5.04170    0.06755
   1168.73000    1.60978    0.07007    5.18740    0.07056
   1170.53000    1.54925    0.04524    5.14730    0.04471
   1174.92000    1.59056    0.05161    5.18832    0.05476
   1178.31000    1.70062    0.04700    5.14101    0.05286
   1183.70000    1.83308    0.06984    4.72139    0.06435
   1188.12000    1.60844    0.07181    4.99885    0.02971
   1193.37000    1.51194    0.06330    4.80482    0.05852
   1195.76000    1.59904    0.06365    4.74942    0.05135
   1201.41000    1.52133    0.03609    4.47975    0.06341
   1204.36000    1.59488    0.02554    4.27490    0.05194
   1206.36000    1.57566    0.05561    4.26368    0.04212
   1211.34000    1.41658    0.05379    4.51778    0.06485
   1213.51000    1.34728    0.04653    4.28944    0.06459
   1461.41000    1.92994    0.04127    6.20412    0.05503
   1463.30000    2.06932    0.04542    6.17184    0.05649
   1465.54000    1.91993    0.05465    6.14670    0.04145
   1468.92000    1.90311    0.06505    6.27758    0.08005
   1472.47000    1.98049    0.06015    6.35647    0.06312
   1475.95000    2.06640    0.07278    6.59909    0.06848
   1478.91000    2.09111    0.06175    6.37520    0.05137
   1481.50000    2.07667    0.03587    6.90485    0.08011
   1486.47000    2.10956    0.06078    6.86707    0.04617
   1488.89000    2.11067    0.06676    6.49106    0.06495
   1491.10000    2.09791    0.06818    6.23212    0.07190
   1494.65000    1.94460    0.08499    6.12771    0.08219
   1498.05000    2.19868    0.04018    6.15607    0.06391
   1499.86000    2.10800    0.06938    6.08240    0.03884
   1503.28000    2.11377    0.04118    5.96141    0.08265
   1505.85000    2.24184    0.06066    5.94326    0.03705
   1509.81000    2.00561    0.05258    6.04088    0.04905
   1513.52000    1.93464    0.07383    5.72234    0.05164
   1516.40000    1.79599    0.06403    5.32792    0.05755
   1520.21000    1.87673    0.03242    5.12781    0.07859
   1524.58000    1.84969    0.04634    5.67610    0.04977
   1526.40000    1.67639    0.04443    5.33243    0.05860
   1529.87000    1.68713    0.01958    5.61306    0.06416
   1532.97000    1.58118    0.03302    6.14058    0.03286
   1535.76000    1.83662    0.05868    5.82046    0.08230
   1538.57000    1.66958    0.07091    5.52280    0.08877
   1542.12000    1.79886    0.07678    5.44383    0.06391
   1544.91000    2.00585    0.06034    5.59050    0.03427
   1547.57000    1.90440    0.05828    5.79255    0.04025
   1552.47000    1.96629    0.07428    6.34516    0.02246
   1554.51000    1.73425    0.02660    6.25576    0.05524
   1558.06000    1.87517    0.09032    6.50832    0.06294
   1560.44000    1.96096    0.04752    6.59946    0.03482
   1562.28000    2.05044    0.04112    6.75210    0.06942
   1566.27000    2.13033    0.04509    7.29980    0.05053
   1568.51000    2.09133    0.05809    6.90882    0.06484
   1570.83000    2.15000    0.05302    6.21936    0.07573
   1574.72000    2.25004    0.04661    6.66480    0.03258
   1578.70000    2.20093    0.06226    6.74201    0.06581
   1826.37000    2.37228    0.04345    8.14348    0.08648
   1829.70000    2.45363    0.05352    8.36499    0.03854
   1833.13000    2.72780    0.03119    8.03717    0.05568
   1834.85000    2.65989    0.05836    8.28236    0.06024
   1838.52000    2.53104    0.04986    7.49054    0.05385
   1841.92000    2.69172    0.03225    7.28080    0.05112
   1844.91000    2.44028    0.06686    6.38768    0.06034
   1848.15000    2.56331    0.05509    6.97512    0.03769
   1851.34000    2.54948    0.05579    6.77568    0.04710
   1853.86000    2.35272    0.06450    6.57046    0.06531
   1855.45000    2.07240    0.04668    6.45493    0.08150
   1858.94000    2.28679    0.04634    6.10391    0.06559
   1861.18000    2.17534    0.07145    6.44614    0.06401
   1863.51000    1.93905    0.07702    6.36000    0.06418
   1865.93000    2.05411    0.03410    6.36165    0.05159
   1870.06000    2.07120    0.05276    6.22647    0.05748
   1873.08000    1.99848    0.06044    6.27151    0.05869
   1875.68000    1.86962    0.04943    6.61733    0.06694
   1878.64000    2.04105    0.04612    6.86636    0.07001
   1881.17000    1.94627    0.06821    6.53259    0.05047
   1882.79000    1.94946    0.04202    7.06416    0.04626
   1887.62000    2.16269    0.04693    7.32858    0.05910
   1891.21000    2.08302    0.06656    7.03030    0.05973
   1893.50000    2.05804    0.04147    7.05052    0.06607
   1896.33000    2.26654    0.05804    6.83475    0.04652
   1899.34000    2.38691    0.06580    6.79923    0.05700
   1902.56000    2.10374    0.03474    6.90819    0.03880
   1907.81000    2.18492    0.05916    7.22548    0.04192
   1911.63000    2.35417    0.05874    7.12102    0.05337
   1913.71000    2.24005    0.06946    6.91306    0.01311
   1915.96000    2.32513    0.05956    6.93740    0.05083
   1920.88000    2.26658    0.05526    6.49976    0.08330
   1924.26000    2.22749    0.04859    6.41976    0.04295
   1926.20000    2.30990    0.04659    6.17223    0.05099
   1930.96000    2.04703    0.05546    6.31405    0.04580
   1933.05000    2.22561    0.04619    6.44358    0.04011
   1935.63000    2.10795    0.04261    7.18924    0.07297
   1938.44000    2.12329    0.06004    7.14184    0.08655
   1941.68000    2.10470    0.04960    7.18027    0.05574
   2190.15000    1.43664    0.05777    4.59871    0.04133
   2194.74000    1.42006    0.04618    4.76635    0.04325
   2197.68000    1.43264    0.04966    4.82796    0.05122
   2199.69000    1.50661    0.06148    5.11489    0.05010
   2202.75000    1.45731    0.05893    5.41997    0.03320
   2205.10000    1.54132    0.06710    4.88216    0.05316
   2208.28000    1.47538    0.02420    4.89111    0.02288
   2211.21000    1.65585    0.03997    5.09049    0.05962
   2214.87000    1.79360    0.07714    5.24824    0.06939
   2217.66000    1.63026    0.05315    5.22090    0.06517
   2220.85000    1.62472    0.01211    5.54473    0.05469
   2224.00000    1.63529    0.05044    5.33401    0.07501
   2228.37000    1.60283    0.03363    5.69576    0.04359
   2230.20000    1.71742    0.05960    5.86129    0.05925
   2234.77000    1.68789    0.05583    5.32289    0.03589
   2237.56000    1.93210    0.04781    5.56932    0.04386
   2239.63000    1.75331    0.04665    5.20860    0.04916
   2241.73000    1.87132    0.06392    5.14334    0.04195
   2243.87000    1.72269    0.05076    5.04985    0.06649
   2246.67000    1.74307    0.07523    5.12926    0.05546
   2249.65000    1.76500    0.08867    4.76246    0.02844
   2252.94000    1.62951    0.05927    4.70542    0.04829
   2257.20000    1.57353    0.04038    4.83858    0.09244
   2261.78000    1.57403    0.06032    4.70014    0.05047
   2266.12000    1.48502    0.03504    4.82602    0.07994
   2269.11000    1.48146    0.05745    4.39806    0.07391
   2271.48000    1.55976    0.06343    4.23484    0.09276
   2274.02000    1.21353    0.08012    3.79015    0.04232
   2277.82000    1.58732    0.06782    3.71268    0.03351
   2280.88000    1.44521    0.04938    3.48733    0.02798
   2284.10000    1.26829    0.07053    3.56483    0.06601
   2285.89000    1.19232    0.03466    3.38236    0.05852
   2288.65000    1.22586    0.07614    3.48006    0.04819
   2290.36000    1.08499    0.06775    3.50870    0.05756
   2293.07000    1.19205    0.03422    3.49537    0.08921
   2295.13000    1.20815    0.03849    3.51228    0.06659
   2296.67000    1.18448    0.04141    3.51025    0.07168
   2300.31000    1.44966    0.05679    3.86449    0.04284
   2305.33000    1.04540    0.06058    3.69358    0.06344
   2308.15000    0.99097    0.07856    3.71215    0.05902
   2557.63000    1.94641    0.07510    6.27747    0.05983
   2560.05000    1.96952    0.04769    6.46546    0.06608
   2561.95000    2.11490    0.06902    6.64831    0.05398
   2565.21000    2.10778    0.06323    6.83148    0.07275
   2568.59000    1.91931    0.05137    6.71019    0.04972
   2571.89000    2.12132    0.06500    6.30867    0.04641
   2576.31000    2.14921    0.05326    6.12142    0.03793
   2577.82000    2.08655    0.06862    6.33787    0.05258
   2582.02000    2.05400    0.06000    6.69807    0.07934
   2585.69000    1.88703    0.04038    6.41053    0.05211
   2589.42000    2.02675    0.04274    6.11986    0.04186
   2591.61000    1.93215    0.04232    5.79492    0.03830
   2593.04000    1.88859    0.05574    5.50013    0.03053
   2595.97000    2.09136    0.04354    5.66164    0.07312
   2598.33000    2.11038    0.05766    5.56163    0.02536
   2602.45000    1.85448    0.06123    5.40381    0.06492
   2605.38000    1.80718    0.06161    5.46374    0.06277
   2607.97000    2.31927    0.05315    5.76138    0.03025
   2611.42000    1.77822    0.02893    5.52779    0.04102
   2612.88000    1.64050    0.07130    5.22135    0.05906
   2615.72000    1.62520    0.07741    5.22058    0.05763
   2620.04000    1.71288    0.03949    5.05051    0.09613
   2624.67000    1.70413    0.07424    5.21932    0.07503
   2626.37000    1.66719    0.04929    5.30116    0.04596
   2627.73000    1.57119    0.06741    5.41591    0.06726
   2631.28000    1.63915    0.05439    4.93941    0.04740
   2636.33000    1.52193    0.06704    5.17551    0.04167
   2640.21000    1.27488    0.06788    4.77049    0.06356
   2644.32000    1.62158    0.05339    5.42744    0.04866
   2646.29000    1.48929    0.05768    5.29925    0.04413
   2647.80000    1.63267    0.06128    5.39936    0.06183
   2650.13000    1.60448    0.05055    5.54287    0.05690
   2654.64000    1.68348    0.05202    5.98784    0.05214
   2657.45000    1.74756    0.06324    5.94785    0.01873
   2660.71000    1.77419    0.02645    6.18817    0.03964
   2662.99000    1.73220    0.07512    6.22755    0.06668
   2666.24000    1.99173    0.03344    6.17121    0.05375
   2669.84000    1.86195    0.05284    6.15667    0.02045
   2672.27000    1.96095    0.04847    5.75535    0.04405
   2674.75000    2.05627    0.04226    5.54624    0.03878
   2921.73000    1.85762    0.05231    5.41573    0.04212
   2923.81000    1.83870    0.06379    5.37065    0.04945
   2926.66000    1.79976    0.06232    5.53613    0.04333
   2929.49000    1.80153    0.05432    5.39140    0.05122
   2932.92000    1.74127    0.06367    5.41000    0.04426
   2935.92000    1.78837    0.02911    5.09801    0.05779
   2938.48000    1.79686    0.03309    4.92268    0.02754
   2940.62000    1.75465    0.03923    5.07915    0.02506
   2942.00000    1.67068    0.03663    5.08710    0.04265
   2944.85000    1.76918    0.04899    5.08092    0.05407
   2947.66000    1.68795    0.05604    5.28357    0.04610
   2950.40000    1.62000    0.05727    5.05822    0.08589
   2954.26000    1.73171    0.08333    5.15804    0.03472
   2956.69000    1.67622    0.05798    5.44558    0.06004
   2958.72000    1.77194    0.05941    5.52031    0.04138
   2961.29000    1.59806    0.04779    5.68220    0.04174
   2962.81000    1.75514    0.04858    5.23141    0.04569
   2965.59000    1.85825    0.01534    5.24861    0.04047
   2967.70000    1.87456    0.05634    4.99123    0.06134
   2971.69000    1.82828    0.07478    4.72972    0.05802
   2974.38000    1.59375    0.05783    4.56627    0.03854
   2976.59000    1.68245    0.04620    4.65023    0.07153
   2978.32000    1.62016    0.05670    4.51869    0.06665
   2981.69000    1.53664    0.04459    4.53869    0.05843
   2983.79000    1.59147    0.07164    4.17370    0.04636
   2987.37000    1.48979    0.05165    4.15123    0.05399
   2990.44000    1.51432    0.03595    4.15402    0.04507
   2993.87000    1.59710    0.05928    3.97177    0.04300
   2996.97000    1.34733    0.03471    4.05463    0.05780
   2998.48000    1.39609    0.03786    3.89139    0.05769
   3003.81000    1.19469    0.08908    4.16946    0.05269
   3005.65000    1.32014    0.05286    3.91546    0.07311
   3009.71000    1.25817    0.05065    4.10061    0.03582
   3013.59000    1.37739    0.03792    4.37160    0.07620
   3015.55000    1.47100    0.05271    4.53287    0.07368
   3020.30000    1.34160    0.04323    4.33770    0.04763
   3025.09000    1.42836    0.09248    4.56700    0.05116
   3026.71000    1.50769    0.07362    4.70737    0.09369
   3028.74000    1.57113    0.05317    4.65834    0.06175
   3031.09000    1.04484    0.04363    3.38797    0.06701
   3034.92000    1.43467    0.08110    3.89720    0.07273
   3036.67000    1.49824    0.04145    3.72715    0.03716
   3286.54000    1.20705    0.04796    3.69397    0.04638
   3291.86000    1.14340    0.07527    3.96905    0.04699
   3296.33000    1.32951    0.06080    3.87023    0.05014
   3299.45000    1.20774    0.03774    3.49968    0.05420
   3303.69000    1.19428    0.04318    4.14523    0.07369
   3307.40000    1.29952    0.03321    4.05820    0.07754
   3310.12000    1.14002    0.05882    4.01784    0.06404
   3313.76000    1.25806    0.05914    4.20081    0.08637
   3317.16000    1.13620    0.05847    3.96447    0.05154
   3319.28000    1.27541    0.08170    4.15064    0.05224
   3321.66000    1.30529    0.06365    4.36422    0.05219
   3325.03000    1.34440    0.07611    4.57559    0.02159
   3328.93000    1.37048    0.07375    4.55811    0.06006
   3331.89000    1.33720    0.04331    4.65797    0.05186
   3334.57000    1.47604    0.05883    4.62256    0.03670
   3338.45000    1.50815    0.07228    4.83078    0.04609
   3341.36000    1.49489    0.05665    4.36044    0.06051
   3346.09000    1.41861    0.06929    4.25263    0.04500
   3350.78000    1.53384    0.04950    4.36500    0.05845
   3353.00000    1.39615    0.05005    4.24521    0.03594
   3353.80000    1.36811    0.05058    4.31590    0.06699
   3356.43000    1.30808    0.05114    3.85812    0.09327
   3358.48000    1.34509    0.03348    4.20464    0.05242
   3361.49000    1.25930    0.05884    4.44955    0.04420
   3366.18000    1.33088    0.02320    4.54004    0.06008
   3370.49000    1.35909    0.06207    4.95453    0.04262
   3372.67000    1.42632    0.01767    4.72735    0.05868
   3376.52000    1.43414    0.02382    4.97816    0.07441
   3379.50000    1.65563    0.07486    4.81906    0.05047
   3382.67000    1.59015    0.03990    4.44728    0.08764
   3385.51000    1.95027    0.07884    4.95244    0.03789
   3387.67000    1.51903    0.06029    4.69281    0.04969
   3391.49000    1.66473    0.04760    4.96080    0.03858
   3394.69000    1.59378    0.04039    4.57163    0.06263
   3397.87000    1.57719    0.03913    4.78709    0.05514
   3400.55000    1.47879    0.04833    4.72904    0.03060
   3403.87000    1.58444    0.03555    4.43272    0.04072
