## Time Delay Challenge light curves
##
## [time]=days, [lc]=[err]=flux in nanomaggies
##
##       time       lc_A      err_A       lc_B      err_B
##-------------------------------------------------------
      1.24000    1.06376    0.08774    2.72044    0.03863
      4.22000    0.88160    0.05470    2.74457    0.07329
      7.36000    0.91013    0.01853    2.68743    0.05429
     10.43000    0.93895    0.03778    2.73565    0.03563
     12.39000    0.94847    0.05263    2.68718    0.05007
     15.17000    0.92583    0.02873    2.73379    0.03614
     18.17000    0.87085    0.03924    2.80275    0.03338
     21.51000    0.80584    0.08992    2.78117    0.07023
     25.32000    0.86071    0.06388    2.74359    0.06182
     27.98000    0.84528    0.07206    2.73639    0.06196
     31.49000    0.91985    0.05829    2.85980    0.06568
     33.61000    0.92079    0.04229    2.89003    0.07400
     36.37000    1.01259    0.07910    2.87564    0.02950
     38.13000    0.85639    0.04171    2.86918    0.03259
     41.81000    0.90333    0.02358    2.79491    0.07983
     45.38000    0.93517    0.05618    2.86106    0.06322
     48.34000    0.95785    0.06292    2.86906    0.05497
     49.56000    0.96284    0.06147    2.88965    0.05497
     53.73000    0.85248    0.03107    2.78838    0.04376
     55.88000    0.87957    0.06137    2.88677    0.07218
     56.85000    0.96392    0.06655    2.87080    0.02151
     58.84000    0.92061    0.04681    2.89319    0.06434
     64.28000    0.91849    0.06329    2.93624    0.07041
     66.87000    0.89989    0.07002    2.91379    0.05189
     69.61000    0.91318    0.06521    3.05969    0.06506
     71.79000    0.94789    0.05563    2.92088    0.04658
     75.08000    0.89151    0.07302    2.92822    0.05926
     78.48000    0.88340    0.04814    2.99738    0.04798
     81.38000    0.95767    0.03135    2.91648    0.03506
     84.59000    1.02580    0.04023    2.97480    0.04558
     87.28000    0.95316    0.05195    2.93920    0.06247
     91.16000    0.95952    0.05403    3.01606    0.05464
     92.42000    0.92471    0.02570    3.00243    0.03997
     95.95000    1.09346    0.05656    3.17922    0.05794
     98.09000    0.94794    0.06960    3.05178    0.05788
    101.55000    0.96883    0.05118    3.08632    0.03674
    104.91000    0.90837    0.08822    3.06676    0.05507
    107.61000    0.94091    0.05367    2.99750    0.09033
    111.98000    0.96990    0.04627    3.04903    0.04010
    114.96000    0.96046    0.07074    3.09969    0.04626
    117.02000    0.89849    0.04626    2.99647    0.04515
    119.14000    0.90655    0.06170    3.06535    0.04280
    368.19000    0.94670    0.09554    3.13125    0.03014
    371.66000    0.92333    0.03403    3.08503    0.04595
    374.68000    0.93290    0.04546    3.00337    0.04379
    378.00000    0.90974    0.04840    3.08818    0.06800
    381.64000    0.90253    0.05430    3.03338    0.04107
    385.04000    0.94358    0.04308    3.01713    0.03376
    388.07000    0.98955    0.04877    2.96013    0.04822
    390.56000    0.90601    0.02946    3.05926    0.02875
    393.24000    0.93843    0.04247    3.08230    0.04653
    394.99000    0.98486    0.04122    3.16749    0.04963
    397.58000    0.93489    0.07226    3.06035    0.04028
    399.74000    1.00322    0.04073    3.10814    0.02816
    402.44000    0.90862    0.05986    3.16852    0.04354
    405.30000    0.97381    0.05881    3.18884    0.07855
    406.51000    0.86120    0.05774    3.11600    0.04830
    410.42000    0.95051    0.04437    3.07243    0.06180
    412.45000    0.94510    0.03945    3.09497    0.04725
    416.31000    0.92142    0.03177    3.03478    0.04971
    419.87000    0.89818    0.05470    3.12105    0.05216
    422.67000    0.86043    0.06117    3.12613    0.07271
    427.00000    0.90572    0.00653    3.27202    0.08086
    431.17000    0.92592    0.02033    3.10930    0.03887
    434.79000    0.85748    0.05818    3.26298    0.06799
    438.77000    0.96040    0.06538    3.11381    0.05398
    442.75000    0.98918    0.03771    3.10626    0.06460
    445.14000    0.99262    0.06968    3.11415    0.05574
    448.25000    0.87999    0.05047    3.20688    0.04673
    451.29000    0.88129    0.06593    3.29564    0.05931
    454.37000    0.91856    0.06591    3.25941    0.07528
    456.85000    0.90879    0.04581    3.34770    0.05081
    459.37000    0.90959    0.03459    3.26948    0.05251
    461.60000    0.89298    0.05119    3.20116    0.05225
    464.11000    0.98172    0.07006    3.20668    0.05536
    468.01000    0.92091    0.05009    3.24628    0.05044
    470.64000    0.91635    0.05782    3.05424    0.06995
    474.23000    0.99314    0.07998    3.12181    0.07716
    476.40000    0.93195    0.03345    3.14270    0.04811
    479.46000    1.03824    0.05233    3.13606    0.05638
    482.50000    0.92223    0.05527    3.26931    0.07019
    730.19000    0.85041    0.08507    3.15320    0.05984
    734.32000    0.96338    0.05255    3.23639    0.06746
    736.10000    0.90264    0.06024    3.22733    0.06747
    740.84000    0.96098    0.04793    3.18314    0.03002
    744.59000    0.92104    0.05699    3.12967    0.06652
    746.29000    0.89231    0.07309    2.99783    0.06213
    749.89000    0.80038    0.06302    3.08358    0.04469
    753.53000    0.93435    0.07241    3.17362    0.05901
    756.02000    0.88009    0.05050    3.02641    0.07267
    759.96000    0.94928    0.04691    3.07853    0.04445
    762.09000    0.98283    0.05573    3.10457    0.03803
    765.25000    0.91042    0.04614    3.08670    0.03023
    766.52000    0.94740    0.03118    3.11173    0.04559
    769.72000    0.93522    0.06309    3.17909    0.06383
    770.58000    0.98069    0.04718    3.12596    0.06709
    772.19000    0.95329    0.06369    3.10854    0.04735
    777.11000    0.95770    0.00100    3.18841    0.05881
    780.63000    0.86590    0.05314    3.11468    0.05813
    782.47000    0.93432    0.02163    3.19616    0.07048
    784.88000    0.95431    0.06187    3.23114    0.03513
    789.60000    0.88364    0.03794    3.01760    0.06767
    791.71000    0.95437    0.04435    3.11647    0.04373
    794.44000    0.90260    0.05116    3.09488    0.06470
    794.83000    0.96293    0.05736    3.12543    0.05694
    798.14000    0.99320    0.06947    3.18246    0.05508
    802.82000    0.90650    0.04722    3.31599    0.04348
    804.61000    0.99046    0.06105    3.12768    0.05938
    807.65000    0.92012    0.07772    3.35657    0.04058
    809.36000    0.95437    0.04725    3.31386    0.05305
    810.03000    0.92110    0.08144    3.44897    0.09003
    811.41000    0.97675    0.04553    3.33473    0.06468
    814.23000    0.94285    0.06616    3.25623    0.03222
    816.85000    0.94784    0.06904    3.18109    0.07060
    820.78000    1.00405    0.06062    3.30299    0.04007
    823.47000    0.88403    0.04758    3.33321    0.06308
    827.47000    0.88016    0.06240    3.34532    0.04905
    830.41000    1.02155    0.06357    3.36078    0.05994
    833.27000    1.01902    0.09291    3.36195    0.06279
    836.34000    0.88127    0.05894    3.29272    0.06702
    838.64000    0.95267    0.06188    3.24460    0.03006
    840.52000    1.04329    0.05138    3.26834    0.08628
    843.89000    1.00356    0.06065    3.30840    0.03692
    846.09000    0.96900    0.07975    3.22800    0.07091
    848.26000    1.00453    0.05648    3.27837    0.05095
   1096.73000    0.95536    0.03401    3.28525    0.04153
   1101.15000    0.81766    0.04604    3.40850    0.07886
   1103.24000    0.94984    0.06503    3.18035    0.07174
   1106.31000    0.94521    0.06375    3.32841    0.05293
   1109.68000    0.90448    0.05844    3.25988    0.07372
   1112.01000    0.93462    0.03301    3.29649    0.05369
   1115.03000    0.88129    0.06175    3.35806    0.06017
   1119.25000    0.89819    0.07543    3.31245    0.04094
   1124.33000    0.96336    0.03137    3.20512    0.07103
   1127.72000    1.00855    0.06646    3.32414    0.06223
   1130.67000    0.99801    0.05686    3.36195    0.05821
   1133.07000    1.03246    0.06444    3.30045    0.07626
   1135.21000    0.90492    0.05831    3.27256    0.03949
   1138.29000    0.93406    0.06363    3.25381    0.07008
   1140.09000    0.88804    0.04895    3.17106    0.03947
   1143.72000    1.00122    0.05916    3.17227    0.03455
   1146.87000    0.96669    0.06903    3.15163    0.05522
   1150.97000    0.95638    0.06130    3.14438    0.03506
   1153.62000    0.88804    0.06173    3.15915    0.02793
   1156.05000    0.90912    0.03482    3.10516    0.06368
   1158.17000    0.94658    0.06183    3.05216    0.04906
   1161.41000    0.89068    0.04859    3.09503    0.04503
   1165.41000    0.92841    0.05446    3.12284    0.05943
   1168.84000    0.91371    0.03582    3.02225    0.05174
   1170.96000    0.94973    0.03284    3.05657    0.04082
   1174.25000    1.01399    0.07455    3.02589    0.05211
   1178.50000    0.90446    0.06261    3.02907    0.05240
   1181.70000    0.82176    0.05527    3.10192    0.05159
   1186.53000    0.84509    0.06552    3.14564    0.03447
   1190.36000    0.83954    0.04097    3.09181    0.07450
   1191.49000    0.86661    0.07377    3.08694    0.01834
   1194.53000    0.87995    0.04694    3.19881    0.07022
   1196.39000    0.82727    0.06467    3.17313    0.05119
   1200.65000    0.80387    0.03551    3.09069    0.05817
   1202.10000    0.88092    0.04860    3.05163    0.07183
   1205.17000    0.81511    0.05007    3.16651    0.04888
   1208.55000    0.79280    0.05273    3.14310    0.05487
   1212.11000    0.93227    0.06304    3.17213    0.06063
   1462.85000    0.79817    0.04521    2.53593    0.05508
   1466.31000    0.80532    0.04495    2.40595    0.09776
   1468.49000    0.80063    0.04927    2.38940    0.09657
   1472.12000    0.84679    0.05724    2.50209    0.04167
   1475.43000    0.79130    0.02841    2.67058    0.04499
   1477.80000    0.77531    0.03216    2.64234    0.02305
   1481.61000    0.75846    0.04975    2.75287    0.06278
   1484.45000    0.82273    0.03630    2.62692    0.04784
   1488.41000    0.75520    0.07659    2.48902    0.06182
   1491.45000    0.78241    0.05901    2.53742    0.05988
   1492.91000    0.82611    0.05292    2.60946    0.06379
   1496.44000    0.69245    0.07014    2.59833    0.05933
   1498.05000    0.74202    0.05678    2.59025    0.07688
   1501.37000    0.71312    0.07760    2.58524    0.03953
   1503.37000    0.78422    0.01956    2.60917    0.07552
   1506.17000    0.76255    0.04521    2.55639    0.05322
   1508.75000    0.82593    0.04522    2.45669    0.09000
   1512.64000    0.79051    0.04537    2.29691    0.05853
   1516.22000    0.72997    0.06133    2.51915    0.05301
   1519.31000    0.85341    0.04229    2.54016    0.05190
   1522.91000    0.85605    0.06244    2.44869    0.06174
   1525.55000    0.77403    0.03364    2.55711    0.05897
   1528.99000    0.74444    0.03897    2.58036    0.03020
   1532.65000    0.77166    0.04050    2.67021    0.03158
   1536.42000    0.70317    0.07487    2.58782    0.06576
   1541.06000    0.76587    0.02659    2.53821    0.07661
   1544.17000    0.75791    0.04925    2.50668    0.02696
   1546.89000    0.77812    0.03690    2.58442    0.05671
   1550.46000    0.74116    0.03023    2.51015    0.05349
   1551.60000    0.75182    0.06696    2.56714    0.09128
   1553.98000    0.75932    0.03998    2.59002    0.05066
   1557.39000    0.79900    0.05432    2.51641    0.06819
   1561.90000    0.81212    0.04309    2.52758    0.04454
   1562.50000    0.81087    0.04062    2.55268    0.02800
   1564.71000    0.77779    0.04824    2.54477    0.05255
   1568.15000    0.83582    0.05588    2.59613    0.04159
   1570.91000    0.82132    0.05277    2.47317    0.04340
   1573.31000    0.73769    0.03326    2.48142    0.06238
   1576.72000    0.68213    0.07114    2.55979    0.07392
   1577.39000    0.81632    0.06763    2.51713    0.08718
   1825.78000    0.79204    0.05173    2.58527    0.03311
   1827.90000    0.84432    0.03569    2.52888    0.05934
   1831.07000    0.78378    0.06451    2.57026    0.06227
   1834.29000    0.88972    0.04783    2.55224    0.04804
   1837.19000    0.69261    0.07435    2.51829    0.05519
   1839.95000    0.86372    0.03060    2.50375    0.03483
   1843.40000    0.80192    0.04884    2.53205    0.06257
   1846.31000    0.79332    0.06551    2.54126    0.05415
   1849.22000    0.96379    0.05144    2.57465    0.06838
   1852.60000    0.83200    0.05469    2.49565    0.04166
   1855.52000    0.81082    0.04997    2.62927    0.04825
   1859.62000    0.90210    0.04522    2.68088    0.05260
   1863.17000    0.88472    0.03106    2.59479    0.05194
   1866.18000    0.85642    0.04916    2.63251    0.02087
   1868.05000    0.81135    0.07199    2.58317    0.04141
   1871.10000    0.81407    0.06104    2.53214    0.07118
   1873.74000    0.79747    0.06427    2.58735    0.03154
   1875.60000    0.92220    0.05659    2.55466    0.04778
   1878.35000    1.02627    0.07212    2.64678    0.08365
   1881.54000    0.86597    0.06916    2.48395    0.04381
   1883.51000    0.84221    0.05043    2.55397    0.06087
   1885.33000    0.91693    0.06498    2.45470    0.04917
   1886.95000    0.91949    0.03409    2.55879    0.02387
   1888.42000    0.80286    0.07147    2.66930    0.06317
   1891.37000    0.94124    0.05731    2.63426    0.04856
   1894.77000    0.74577    0.05890    2.62164    0.03411
   1897.61000    0.99735    0.05597    2.64370    0.02613
   1901.05000    0.84407    0.05962    2.64199    0.05825
   1904.72000    0.88350    0.05515    2.63826    0.05265
   1908.30000    0.79993    0.08262    2.78171    0.07494
   1913.19000    0.87138    0.05726    2.68835    0.05742
   1915.73000    0.92114    0.04456    2.71011    0.06307
   1920.27000    0.83226    0.04863    2.70549    0.04066
   1924.22000    0.81157    0.02902    2.69251    0.05539
   1928.10000    0.90486    0.05402    2.80398    0.08371
   1931.88000    0.87948    0.05568    2.82224    0.06607
   1933.35000    0.88128    0.02738    2.68606    0.05751
   1936.03000    0.91903    0.04710    2.74678    0.05779
   1940.10000    0.94164    0.05406    2.76759    0.03231
   1942.91000    0.85459    0.05791    2.82607    0.05147
   2192.84000    0.84531    0.08065    2.68820    0.03523
   2195.35000    0.78093    0.04644    2.82721    0.03916
   2196.30000    0.84623    0.05992    2.86671    0.03153
   2199.83000    0.79877    0.05569    2.85455    0.07752
   2203.76000    0.83262    0.03459    2.89654    0.07517
   2206.08000    0.89919    0.07285    2.92656    0.03238
   2210.00000    0.82341    0.03929    2.76677    0.02853
   2212.19000    0.78529    0.03395    2.67860    0.06637
   2217.77000    0.87440    0.04066    2.84580    0.04697
   2221.37000    0.78240    0.06665    2.70420    0.04027
   2224.54000    0.92059    0.04067    2.79504    0.03032
   2226.62000    0.83095    0.02031    2.70512    0.05668
   2230.88000    0.85473    0.06619    2.83342    0.05978
   2234.98000    0.88232    0.04733    3.04614    0.08192
   2239.20000    0.89659    0.03911    2.90799    0.06114
   2240.87000    0.82426    0.02762    2.89645    0.05165
   2243.92000    0.81003    0.07260    3.00891    0.05712
   2246.91000    0.83089    0.04707    2.79087    0.05924
   2251.76000    0.82015    0.05846    2.90309    0.06174
   2255.25000    0.86453    0.03280    2.94629    0.07368
   2257.27000    0.84033    0.04600    2.86141    0.05582
   2260.98000    0.88471    0.08279    2.97610    0.06404
   2264.03000    0.69654    0.06725    2.85406    0.06664
   2267.40000    0.81504    0.06426    2.82950    0.05046
   2271.01000    0.86158    0.06554    2.87608    0.03921
   2274.90000    0.86648    0.09087    2.88341    0.05420
   2278.05000    0.86072    0.04076    2.97319    0.04971
   2281.25000    0.90513    0.04516    2.99502    0.04525
   2284.91000    0.80290    0.06039    2.91817    0.06291
   2289.22000    0.91205    0.05417    3.00424    0.05988
   2293.35000    0.83045    0.06626    2.99894    0.07176
   2295.91000    0.76055    0.05597    2.98121    0.05797
   2300.98000    0.86979    0.02667    2.89376    0.08901
   2305.21000    0.88977    0.03075    3.01121    0.08589
   2306.88000    1.06383    0.10056    2.93040    0.02527
   2557.49000    0.85036    0.04312    2.64439    0.05794
   2559.34000    0.81962    0.05740    2.76807    0.07716
   2561.55000    0.73567    0.05051    2.69901    0.07596
   2563.51000    0.82458    0.04986    2.69808    0.03238
   2564.69000    0.81317    0.04398    2.71416    0.05679
   2567.35000    0.83637    0.06791    2.63318    0.04653
   2570.90000    0.85275    0.04042    2.68346    0.03596
   2573.62000    0.82379    0.04298    2.66658    0.05449
   2578.25000    0.89506    0.06606    2.75861    0.05046
   2580.95000    0.76795    0.05434    2.77253    0.02949
   2584.34000    0.78448    0.03320    2.75162    0.04274
   2587.05000    0.74933    0.06901    2.72484    0.03677
   2589.18000    0.82971    0.05231    2.69270    0.05191
   2591.08000    0.64614    0.04955    2.68633    0.04814
   2595.04000    0.76644    0.06137    2.49863    0.08990
   2596.77000    0.79543    0.04837    2.69990    0.05693
   2599.80000    0.73005    0.04104    2.56961    0.05369
   2602.89000    0.82724    0.07522    2.70445    0.03667
   2606.23000    0.74433    0.03929    2.81143    0.07050
   2610.60000    0.74042    0.06488    2.71183    0.04861
   2613.38000    0.71047    0.06487    2.73433    0.08237
   2618.26000    0.78127    0.05204    2.64359    0.05520
   2621.15000    0.83475    0.05313    2.69481    0.04818
   2624.82000    0.81093    0.05602    2.78017    0.06285
   2627.50000    0.69910    0.04213    2.64961    0.05316
   2629.97000    0.74952    0.05266    2.65426    0.02416
   2634.09000    0.62472    0.07617    2.75984    0.05926
   2636.67000    0.84496    0.08974    2.61477    0.05259
   2640.25000    0.75981    0.05604    2.64729    0.04766
   2644.01000    0.85130    0.04095    2.68936    0.06539
   2648.44000    0.84183    0.04370    2.62056    0.06337
   2649.79000    0.74621    0.05810    2.65973    0.06414
   2650.78000    0.82545    0.05204    2.66071    0.02747
   2652.58000    0.82921    0.03429    2.58545    0.07093
   2656.86000    0.67881    0.09290    2.61607    0.02519
   2659.53000    0.71598    0.05729    2.59399    0.04194
   2661.53000    0.86774    0.05946    2.74605    0.08678
   2664.49000    0.93834    0.07480    2.65577    0.06660
   2668.12000    0.78426    0.06472    2.73502    0.02968
   2671.02000    0.81690    0.07152    2.69578    0.06420
   2922.00000    0.85405    0.02462    2.72262    0.02617
   2925.12000    0.92860    0.02511    2.72780    0.04640
   2927.51000    0.77443    0.07205    2.83137    0.09583
   2930.37000    0.97287    0.05328    2.68906    0.06171
   2932.60000    0.82571    0.08969    2.73101    0.05842
   2934.99000    0.90752    0.06653    2.73030    0.06449
   2936.80000    0.91534    0.04134    2.76397    0.06973
   2938.72000    0.82864    0.05157    2.76026    0.09317
   2941.55000    0.93103    0.05242    2.73883    0.04891
   2945.34000    0.86667    0.05948    2.65423    0.05675
   2949.68000    0.93169    0.04409    2.68268    0.07164
   2953.10000    0.86032    0.04446    2.56479    0.05581
   2958.13000    0.85525    0.04936    2.70035    0.03570
   2963.13000    0.86231    0.07655    2.66805    0.06640
   2964.97000    0.78059    0.03297    2.74656    0.05483
   2968.49000    0.92525    0.06205    2.68726    0.07052
   2971.42000    0.86274    0.04580    2.63940    0.05707
   2973.20000    0.99496    0.04906    2.72424    0.05828
   2976.04000    0.96538    0.04248    2.71722    0.02273
   2980.77000    0.86237    0.05425    2.71081    0.04901
   2984.27000    0.88629    0.04680    2.61566    0.04434
   2986.84000    0.98398    0.05696    2.65714    0.05676
   2987.10000    0.80942    0.04266    2.73815    0.06193
   2992.05000    0.84245    0.05909    2.63712    0.02614
   2995.87000    0.83716    0.07191    2.65040    0.03731
   2996.93000    0.87696    0.03751    2.69301    0.04129
   3001.33000    0.97161    0.06919    2.71589    0.02484
   3004.96000    0.78226    0.04382    2.58538    0.09904
   3007.53000    0.84774    0.02703    2.48559    0.06656
   3010.61000    0.80747    0.05184    2.63812    0.05948
   3014.74000    0.88972    0.07477    2.54063    0.04665
   3018.31000    0.84181    0.08567    2.50870    0.07403
   3021.45000    0.89372    0.03831    2.69719    0.06289
   3025.00000    0.84755    0.06565    2.80095    0.08995
   3028.61000    0.77314    0.04471    2.42930    0.06889
   3030.73000    0.71632    0.08313    2.55712    0.04658
   3035.23000    0.90177    0.04900    2.58498    0.04231
   3037.68000    0.81740    0.06232    2.60173    0.04222
   3285.03000    0.82820    0.05927    2.82438    0.06601
   3286.55000    0.88294    0.05094    2.87248    0.06751
   3290.11000    0.82950    0.04679    2.99392    0.06424
   3292.30000    1.05097    0.06968    2.97741    0.04039
   3296.60000    0.85645    0.03510    2.92001    0.06471
   3298.65000    0.95734    0.04339    2.94663    0.04931
   3302.12000    0.89400    0.04278    3.05169    0.05177
   3305.52000    0.78900    0.04756    3.06147    0.06955
   3309.54000    0.73915    0.05351    3.04061    0.06572
   3311.77000    0.87980    0.06229    3.08120    0.06972
   3315.78000    0.97140    0.06415    3.11152    0.06300
   3319.34000    0.86836    0.05190    3.10570    0.02282
   3322.22000    0.95765    0.06093    3.20817    0.05865
   3324.85000    0.79483    0.05644    2.96419    0.06325
   3329.09000    0.77834    0.08140    3.03119    0.06156
   3333.02000    0.84853    0.03262    2.98019    0.06711
   3335.67000    0.85129    0.03440    3.13395    0.04562
   3337.66000    0.89269    0.04166    3.05311    0.06713
   3341.93000    0.89092    0.05522    2.99527    0.04691
   3344.96000    0.85747    0.02381    2.97954    0.04319
   3346.87000    0.89633    0.04832    2.97013    0.07530
   3349.90000    0.95643    0.04881    2.98802    0.04041
   3352.79000    0.91319    0.03867    2.96335    0.04578
   3355.72000    0.90889    0.04693    3.06836    0.07415
   3358.84000    0.97042    0.06610    2.88153    0.07509
   3361.08000    0.94399    0.06454    2.94297    0.04100
   3364.54000    0.81155    0.04200    2.95847    0.04712
   3367.45000    0.91097    0.05696    2.86344    0.05526
   3370.77000    0.92340    0.04067    3.04839    0.04718
   3374.87000    0.93334    0.06454    2.93019    0.06164
   3378.31000    0.90393    0.05245    2.95972    0.05924
   3381.61000    0.88577    0.03995    3.00196    0.03827
   3384.11000    0.96252    0.07086    3.00595    0.04718
   3387.88000    0.94297    0.07499    3.04077    0.05590
   3391.10000    0.94101    0.06520    3.04977    0.03514
   3393.47000    0.88245    0.05811    3.07815    0.04721
   3396.69000    0.86052    0.03688    3.04156    0.03351
   3397.79000    0.87231    0.06645    3.01671    0.04198
   3400.11000    0.85110    0.02820    3.04800    0.04311
   3403.73000    0.88159    0.04029    3.03974    0.06292
