## Time Delay Challenge light curves
##
## [time]=days, [lc]=[err]=flux in nanomaggies
##
##       time       lc_A      err_A       lc_B      err_B
##-------------------------------------------------------
      1.70000    0.44961    0.07871    0.59159    0.05794
      5.89000    0.34989    0.04118    0.50313    0.06145
      9.23000    0.38933    0.03943    0.56006    0.04476
     12.36000    0.34010    0.04266    0.62419    0.06353
     18.24000    0.44122    0.06878    0.58303    0.06066
     22.50000    0.41166    0.06341    0.68868    0.05021
     24.82000    0.32157    0.07406    0.63321    0.04774
     28.42000    0.48567    0.05737    0.58220    0.03557
     31.88000    0.34754    0.05406    0.53314    0.06550
     35.63000    0.35785    0.03366    0.66384    0.05514
     38.14000    0.39231    0.06838    0.55996    0.05454
     41.42000    0.45985    0.03970    0.59111    0.01162
     44.65000    0.39132    0.03908    0.54043    0.04788
     48.08000    0.46350    0.05418    0.64884    0.03995
     50.77000    0.30115    0.07832    0.64194    0.05012
     52.50000    0.40997    0.06624    0.50613    0.07685
     56.93000    0.51017    0.06244    0.49333    0.05673
     58.87000    0.37425    0.03826    0.63199    0.04651
     62.11000    0.47055    0.05542    0.60415    0.03431
     65.81000    0.44823    0.05145    0.64291    0.03697
     69.31000    0.36773    0.05996    0.47494    0.06192
     73.59000    0.48173    0.05859    0.61723    0.04681
     77.68000    0.39018    0.04333    0.68307    0.03471
     81.71000    0.35203    0.03782    0.55405    0.04666
     85.33000    0.51024    0.05310    0.74587    0.06352
     86.78000    0.46258    0.04983    0.74012    0.06340
     88.57000    0.44180    0.07430    0.64987    0.03165
     90.00000    0.35610    0.06757    0.68100    0.04852
     92.29000    0.47927    0.05977    0.71232    0.02795
     96.62000    0.45842    0.05260    0.66029    0.05406
     98.79000    0.42584    0.05818    0.67894    0.04613
    100.37000    0.42528    0.04950    0.71392    0.03961
    102.47000    0.34521    0.05130    0.63708    0.04800
    105.73000    0.31714    0.05598    0.64051    0.03492
    108.45000    0.44191    0.04423    0.70188    0.03309
    110.70000    0.40992    0.04800    0.65556    0.03797
    114.68000    0.36624    0.06012    0.71552    0.06334
    116.81000    0.38173    0.04864    0.69526    0.06155
    365.77000    0.34226    0.05402    0.73116    0.06294
    367.03000    0.42614    0.04828    0.57829    0.09104
    370.43000    0.39041    0.02572    0.68492    0.03692
    375.46000    0.46796    0.05262    0.61681    0.05108
    378.52000    0.37022    0.06486    0.66330    0.05022
    379.62000    0.54022    0.06434    0.61409    0.03808
    382.85000    0.39461    0.04505    0.62532    0.09028
    385.30000    0.37808    0.05944    0.65404    0.06174
    385.89000    0.43703    0.06450    0.59810    0.04990
    386.77000    0.48299    0.04455    0.60066    0.02734
    387.67000    0.36854    0.06327    0.65361    0.05546
    390.38000    0.47500    0.08073    0.58602    0.06942
    393.31000    0.42628    0.06575    0.67707    0.06079
    396.80000    0.41677    0.04421    0.63736    0.05907
    399.34000    0.38472    0.07625    0.59513    0.03675
    402.68000    0.43222    0.01966    0.62176    0.06576
    405.05000    0.43963    0.03842    0.63832    0.06863
    409.06000    0.45409    0.08884    0.66877    0.04363
    411.26000    0.46381    0.01996    0.67153    0.06214
    412.92000    0.40789    0.04014    0.71278    0.05808
    417.47000    0.50111    0.04832    0.70893    0.04604
    420.75000    0.48194    0.05829    0.61901    0.06016
    422.90000    0.42674    0.02676    0.72714    0.05439
    426.18000    0.39351    0.06281    0.66980    0.06260
    430.40000    0.49366    0.04779    0.59101    0.04953
    434.78000    0.53664    0.04109    0.64816    0.06370
    437.86000    0.49291    0.03577    0.66963    0.05642
    442.76000    0.45110    0.05020    0.63692    0.08796
    445.78000    0.59730    0.07062    0.62484    0.04794
    448.52000    0.46097    0.00691    0.72843    0.07171
    450.65000    0.43864    0.04118    0.66487    0.04167
    452.62000    0.48532    0.07942    0.73102    0.06804
    456.63000    0.47791    0.03715    0.74502    0.03894
    460.17000    0.44083    0.05126    0.78130    0.06766
    463.25000    0.31208    0.07916    0.64050    0.07069
    467.53000    0.45805    0.02709    0.75876    0.06735
    470.64000    0.51789    0.05790    0.73844    0.07156
    473.69000    0.46868    0.05021    0.60452    0.06761
    476.24000    0.35556    0.04697    0.69666    0.04902
    479.04000    0.46876    0.04065    0.73191    0.06185
    480.91000    0.40739    0.06098    0.76121    0.04090
    733.55000    0.45957    0.07338    0.63737    0.06331
    735.04000    0.45254    0.03812    0.72910    0.06323
    738.37000    0.46088    0.02617    0.75838    0.02831
    741.56000    0.37475    0.04626    0.69752    0.02682
    745.02000    0.51900    0.05487    0.59511    0.05976
    746.11000    0.48482    0.06944    0.71569    0.05524
    750.24000    0.44299    0.06628    0.68725    0.06027
    752.38000    0.48127    0.05883    0.66854    0.05025
    753.04000    0.53545    0.04074    0.73361    0.05323
    755.65000    0.35994    0.06979    0.74021    0.03892
    757.73000    0.46518    0.04401    0.70560    0.06104
    760.36000    0.46317    0.03840    0.73096    0.04886
    763.94000    0.52805    0.06568    0.74966    0.06362
    765.70000    0.38893    0.09441    0.66990    0.07477
    768.53000    0.43423    0.05593    0.79595    0.05054
    773.17000    0.44001    0.07345    0.74152    0.05482
    776.66000    0.47833    0.06433    0.80203    0.06098
    779.10000    0.57552    0.04927    0.74564    0.05633
    781.50000    0.48392    0.04217    0.76073    0.06770
    784.90000    0.51928    0.05617    0.68548    0.09530
    786.34000    0.49401    0.04623    0.67416    0.06864
    788.50000    0.45772    0.05663    0.70156    0.04700
    792.71000    0.38239    0.06793    0.69981    0.06546
    796.37000    0.49941    0.03255    0.66920    0.04085
    798.71000    0.49513    0.04846    0.76342    0.02156
    803.11000    0.55564    0.07571    0.84692    0.05328
    807.06000    0.34747    0.06053    0.75997    0.02276
    809.78000    0.42851    0.03999    0.76893    0.04845
    813.27000    0.56355    0.07508    0.68602    0.03637
    816.50000    0.43138    0.04476    0.73503    0.06349
    818.91000    0.47656    0.05014    0.72535    0.05355
    822.33000    0.41995    0.03698    0.75318    0.02047
    824.95000    0.34909    0.06131    0.76528    0.02763
    827.13000    0.51327    0.07423    0.62925    0.06754
    831.44000    0.44419    0.02229    0.74256    0.05020
    835.24000    0.37963    0.04941    0.66581    0.05586
    837.94000    0.37896    0.03827    0.74220    0.02805
    841.33000    0.47436    0.04489    0.78004    0.04351
    844.82000    0.35540    0.04730    0.74760    0.07273
    848.61000    0.49953    0.03880    0.68522    0.06433
   1095.61000    0.70732    0.06806    0.94015    0.07462
   1097.91000    0.69521    0.04841    0.99525    0.07352
   1101.09000    0.71652    0.07373    1.01230    0.04407
   1103.87000    0.66773    0.06952    0.99144    0.04596
   1107.57000    0.82253    0.06154    1.00443    0.04907
   1110.49000    0.52312    0.07515    0.97779    0.05817
   1112.67000    0.75208    0.07778    0.98243    0.06167
   1115.45000    0.73413    0.05133    1.02566    0.04072
   1119.41000    0.61449    0.07385    1.03555    0.05113
   1122.39000    0.55732    0.06652    1.13517    0.05149
   1125.04000    0.62278    0.05054    0.97809    0.03503
   1127.85000    0.69633    0.05510    1.12702    0.05379
   1130.32000    0.49755    0.07348    1.01605    0.05411
   1132.91000    0.64335    0.05071    1.04033    0.05500
   1134.64000    0.71140    0.07149    1.02025    0.01999
   1138.00000    0.65581    0.05715    1.04299    0.06387
   1141.17000    0.74880    0.08560    1.05701    0.08671
   1143.54000    0.62458    0.05663    0.98808    0.02761
   1145.47000    0.57585    0.05321    0.99918    0.04662
   1149.60000    0.58474    0.05155    1.02473    0.06038
   1152.04000    0.51635    0.07590    1.03571    0.03406
   1155.48000    0.68845    0.04613    0.96402    0.07152
   1157.13000    0.57009    0.04332    0.95258    0.06987
   1158.53000    0.64841    0.04222    0.92232    0.06411
   1160.63000    0.56625    0.03717    0.98453    0.01862
   1164.33000    0.63031    0.05394    0.98675    0.04805
   1168.61000    0.59350    0.07549    1.00582    0.04609
   1172.17000    0.53342    0.03394    1.01594    0.05032
   1176.59000    0.48740    0.06121    1.06103    0.05730
   1181.24000    0.53411    0.06093    1.15136    0.07148
   1181.93000    0.61488    0.03249    0.98816    0.03641
   1185.31000    0.48348    0.06141    0.92715    0.04847
   1190.79000    0.61834    0.05277    0.92315    0.05247
   1194.71000    0.46378    0.06858    1.00022    0.06032
   1197.50000    0.66173    0.04104    0.95602    0.05825
   1199.52000    0.56332    0.06560    0.88356    0.04302
   1201.86000    0.63491    0.07449    1.00244    0.05279
   1204.74000    0.54198    0.04618    0.92527    0.05012
   1208.05000    0.65035    0.03934    0.93356    0.02245
   1212.10000    0.65274    0.04899    1.04027    0.05897
   1214.28000    0.56305    0.06929    0.86698    0.05701
   1461.96000    0.69153    0.04819    1.01917    0.05789
   1464.18000    0.58750    0.04713    1.07830    0.05598
   1466.10000    0.58398    0.06106    1.09072    0.07837
   1468.68000    0.55504    0.04787    1.02600    0.04765
   1472.64000    0.75413    0.05801    0.95044    0.06740
   1474.96000    0.61040    0.02838    0.99093    0.07432
   1481.08000    0.63733    0.05590    1.07210    0.05902
   1483.48000    0.58148    0.02660    1.02913    0.05536
   1483.67000    0.40091    0.06419    1.09150    0.04705
   1487.13000    0.67207    0.04903    0.99887    0.02753
   1490.84000    0.59941    0.02370    1.10307    0.04515
   1494.12000    0.62816    0.02186    1.00640    0.06562
   1498.27000    0.64006    0.06977    0.95022    0.05057
   1501.25000    0.59241    0.06064    1.00014    0.05422
   1503.21000    0.60287    0.05854    0.88153    0.04186
   1505.34000    0.59455    0.02574    0.96575    0.03996
   1508.50000    0.63036    0.03308    0.95031    0.07316
   1512.76000    0.57110    0.04959    1.03152    0.04660
   1516.45000    0.61720    0.03544    0.94601    0.04561
   1520.22000    0.61645    0.04897    1.01383    0.03183
   1522.68000    0.69132    0.04449    1.03442    0.02659
   1525.85000    0.55846    0.06096    0.97393    0.04513
   1530.62000    0.62139    0.01877    1.02248    0.04528
   1535.25000    0.61579    0.04316    0.96202    0.06249
   1540.04000    0.60355    0.07036    0.97346    0.05951
   1543.78000    0.58389    0.09328    0.95609    0.04992
   1545.75000    0.62799    0.05788    0.87466    0.07158
   1548.83000    0.65047    0.04291    0.96232    0.06039
   1550.68000    0.65160    0.07304    1.03381    0.06505
   1555.20000    0.56416    0.06413    0.99077    0.01787
   1557.97000    0.63240    0.03377    0.95223    0.05062
   1561.60000    0.63866    0.05528    0.89761    0.07385
   1564.48000    0.70207    0.05228    1.02342    0.02774
   1567.40000    0.62044    0.04316    1.02577    0.04864
   1569.59000    0.54433    0.04630    0.99671    0.05480
   1571.65000    0.62386    0.05813    0.96950    0.03062
   1575.57000    0.57794    0.04028    0.92556    0.04193
   1578.82000    0.64401    0.06053    0.95746    0.07122
   1825.14000    0.44221    0.06803    0.90019    0.06129
   1827.86000    0.58993    0.07364    0.80328    0.07537
   1831.09000    0.42063    0.04721    0.81626    0.08572
   1833.62000    0.41005    0.07114    0.83683    0.06381
   1835.17000    0.42302    0.03241    0.80410    0.03948
   1837.16000    0.44658    0.05545    0.63410    0.05111
   1837.57000    0.40001    0.04836    0.81350    0.05210
   1840.83000    0.58219    0.06383    0.72507    0.04428
   1843.45000    0.57635    0.07746    0.78309    0.04714
   1847.03000    0.41519    0.04661    0.75752    0.05745
   1847.30000    0.47599    0.04971    0.69664    0.04841
   1852.60000    0.47223    0.06097    0.74200    0.06458
   1853.89000    0.51182    0.04008    0.72581    0.08361
   1855.79000    0.49827    0.07466    0.72064    0.01468
   1859.37000    0.49474    0.05960    0.80188    0.03347
   1859.38000    0.49026    0.08178    0.81762    0.04152
   1861.70000    0.52396    0.04217    0.77002    0.04139
   1863.28000    0.61024    0.09099    0.67757    0.06623
   1868.31000    0.49410    0.05901    0.80658    0.05397
   1871.47000    0.59392    0.06962    0.77066    0.06361
   1873.66000    0.53454    0.04318    0.69708    0.06155
   1876.68000    0.52190    0.05591    0.73529    0.04854
   1878.97000    0.50226    0.04525    0.72042    0.07921
   1881.15000    0.51635    0.05865    0.75667    0.06300
   1885.74000    0.53333    0.05919    0.79372    0.03828
   1890.27000    0.57954    0.04378    0.86500    0.02701
   1893.20000    0.47395    0.04711    0.93998    0.09067
   1895.57000    0.54414    0.05848    0.79637    0.04266
   1898.58000    0.49370    0.08075    0.85975    0.04931
   1901.06000    0.58025    0.07317    0.79226    0.06440
   1904.37000    0.50217    0.03222    0.78021    0.06946
   1905.26000    0.56808    0.07937    0.82051    0.05922
   1908.07000    0.57282    0.03142    0.82371    0.02998
   1911.29000    0.55969    0.04745    0.84936    0.07193
   1913.95000    0.50895    0.06330    0.95168    0.07604
   1914.87000    0.42355    0.06082    0.90211    0.07939
   1917.06000    0.61932    0.04380    0.76193    0.06205
   1920.49000    0.49616    0.05836    0.88829    0.03997
   1923.15000    0.52165    0.04120    0.81001    0.06958
   1926.20000    0.55674    0.06787    0.83184    0.05140
   1926.97000    0.54038    0.06402    0.86330    0.04156
   1930.31000    0.48351    0.05273    0.82045    0.05898
   1933.04000    0.48521    0.07595    0.82884    0.06150
   1936.39000    0.47989    0.05099    0.83617    0.06782
   1938.31000    0.55472    0.04945    0.82312    0.01528
   1942.73000    0.53224    0.03903    0.90295    0.04448
   2193.27000    0.68849    0.08096    0.94630    0.06058
   2195.91000    0.58100    0.04672    0.94234    0.06214
   2200.19000    0.51422    0.06038    0.96814    0.06775
   2204.42000    0.57596    0.04831    0.91499    0.05039
   2208.50000    0.55828    0.05166    0.95263    0.06245
   2211.25000    0.57664    0.06285    0.89640    0.03597
   2215.10000    0.57825    0.00893    0.94011    0.03472
   2219.04000    0.62210    0.06974    0.89365    0.02094
   2221.55000    0.61836    0.07989    0.96898    0.08563
   2223.94000    0.63592    0.06824    0.88754    0.04498
   2226.57000    0.52024    0.08171    0.89968    0.04840
   2227.88000    0.40967    0.08292    0.87833    0.03749
   2230.94000    0.58902    0.02750    0.87297    0.05534
   2232.92000    0.58216    0.05714    0.86234    0.04696
   2236.19000    0.58446    0.03443    0.99310    0.05621
   2239.77000    0.61805    0.05067    1.00960    0.05735
   2241.62000    0.61339    0.04819    0.85694    0.04449
   2244.78000    0.64442    0.05743    0.86853    0.08261
   2247.70000    0.42551    0.08836    0.93515    0.05029
   2252.03000    0.56265    0.04510    0.90652    0.05685
   2255.26000    0.58981    0.04208    0.89854    0.06451
   2257.18000    0.59088    0.04304    0.91498    0.03378
   2261.90000    0.63135    0.03190    0.94503    0.04314
   2266.05000    0.60970    0.05455    0.93705    0.05645
   2267.13000    0.64950    0.07309    0.89441    0.07022
   2268.92000    0.61375    0.04797    1.01236    0.04966
   2272.94000    0.64207    0.03910    0.91313    0.03857
   2275.55000    0.63326    0.04844    0.87232    0.05469
   2278.08000    0.60184    0.02632    0.91513    0.05526
   2281.69000    0.71077    0.04628    0.91316    0.05261
   2283.98000    0.62524    0.02468    0.97447    0.04729
   2287.62000    0.55541    0.05859    0.97455    0.05255
   2291.33000    0.67658    0.05075    0.94260    0.07184
   2294.04000    0.66360    0.04889    1.01289    0.02858
   2296.71000    0.56192    0.05518    0.97793    0.03275
   2299.86000    0.70353    0.07922    1.01810    0.04616
   2303.32000    0.63813    0.06418    0.95204    0.04500
   2307.54000    0.61570    0.05557    1.03223    0.02393
   2555.10000    0.74335    0.07571    1.04239    0.05966
   2557.61000    0.57593    0.04402    0.94595    0.06702
   2561.47000    0.60526    0.03616    0.97957    0.04570
   2565.59000    0.70461    0.05341    1.03236    0.05168
   2567.62000    0.56190    0.04205    1.05776    0.07399
   2570.57000    0.58554    0.03196    0.96091    0.05192
   2573.02000    0.63838    0.06682    1.04669    0.04264
   2576.13000    0.60783    0.05454    0.86035    0.04733
   2578.88000    0.58684    0.05339    0.92298    0.07301
   2582.42000    0.63391    0.05726    0.98774    0.06958
   2584.74000    0.59473    0.05115    0.89852    0.05289
   2586.86000    0.64933    0.07438    0.92710    0.05007
   2590.43000    0.66959    0.06485    0.92839    0.04114
   2591.94000    0.54041    0.06285    0.85312    0.07316
   2595.76000    0.53208    0.05148    0.96469    0.05465
   2596.31000    0.68630    0.06377    0.96518    0.08340
   2599.37000    0.46851    0.07629    1.00331    0.05599
   2601.09000    0.56011    0.04733    0.88782    0.04264
   2604.68000    0.85367    0.08277    0.99630    0.04542
   2608.83000    0.50240    0.08501    0.89761    0.03861
   2611.40000    0.53745    0.05313    0.88895    0.02877
   2611.88000    0.62557    0.04312    0.86897    0.06855
   2615.45000    0.61024    0.04965    0.96607    0.07757
   2618.47000    0.57448    0.01413    0.85367    0.05937
   2621.52000    0.55217    0.02683    0.86806    0.04275
   2623.28000    0.63050    0.04031    0.86588    0.05129
   2627.36000    0.55010    0.02748    0.87130    0.05042
   2630.65000    0.55888    0.04648    0.85497    0.04666
   2633.84000    0.47852    0.02078    0.82772    0.06745
   2639.29000    0.51834    0.05995    0.86860    0.01010
   2641.95000    0.53314    0.04924    0.94139    0.04531
   2644.13000    0.56617    0.02751    0.84630    0.03526
   2647.42000    0.55338    0.03900    0.93515    0.06243
   2650.51000    0.56088    0.08724    0.79901    0.05827
   2654.19000    0.60001    0.04639    0.77049    0.04144
   2658.43000    0.57402    0.04502    0.90580    0.05126
   2660.26000    0.49498    0.05928    0.89206    0.04798
   2663.39000    0.70170    0.08581    0.79800    0.06048
   2666.02000    0.52372    0.05791    0.93877    0.05757
   2669.43000    0.65348    0.07487    0.91456    0.08163
   2672.49000    0.56451    0.06614    0.86000    0.08552
   2923.19000    0.58228    0.05825    0.97413    0.06988
   2926.69000    0.66760    0.01234    1.02355    0.06042
   2930.20000    0.53642    0.04354    1.00371    0.07952
   2932.32000    0.66856    0.08471    1.06480    0.06800
   2935.67000    0.60637    0.04481    1.17746    0.07328
   2939.53000    0.53337    0.05859    0.99191    0.07553
   2944.30000    0.58814    0.05265    1.01104    0.04438
   2949.07000    0.67368    0.06588    1.03538    0.05231
   2950.08000    0.66728    0.05882    1.00250    0.03218
   2952.92000    0.68024    0.02165    1.01806    0.05905
   2957.20000    0.67711    0.05987    1.05927    0.05296
   2959.07000    0.70906    0.08228    0.93144    0.07797
   2962.16000    0.57806    0.07934    1.01980    0.06403
   2964.40000    0.65136    0.02926    1.08201    0.04165
   2967.04000    0.72250    0.05849    1.00223    0.08407
   2968.77000    0.63908    0.05621    1.04593    0.07203
   2972.11000    0.70328    0.04470    1.04339    0.08148
   2976.19000    0.69366    0.05695    0.98448    0.04527
   2980.33000    0.65323    0.02265    1.05571    0.05790
   2983.45000    0.64923    0.06260    0.95490    0.05098
   2986.01000    0.64737    0.06550    0.90228    0.05404
   2989.71000    0.77413    0.07178    1.22848    0.08969
   2992.07000    0.62316    0.02889    1.01318    0.06214
   2994.78000    0.63110    0.05631    0.96807    0.06223
   2996.60000    0.63820    0.06759    0.96248    0.06540
   2998.93000    0.60350    0.07089    1.04876    0.03992
   3002.46000    0.74437    0.04668    1.00615    0.04962
   3006.59000    0.60001    0.02880    0.99194    0.07105
   3008.31000    0.64907    0.08379    0.94234    0.04583
   3010.64000    0.61489    0.07409    0.95613    0.05591
   3012.88000    0.69273    0.03788    0.96774    0.07007
   3015.53000    0.56313    0.06457    1.01037    0.05364
   3019.60000    0.56370    0.04936    0.95152    0.06397
   3022.33000    0.48375    0.06806    1.00760    0.07458
   3025.88000    0.65857    0.03849    0.82515    0.06424
   3027.24000    0.66560    0.06450    0.99931    0.09126
   3028.94000    0.54482    0.05885    0.86788    0.08058
   3030.73000    0.56407    0.06258    0.97933    0.03606
   3033.49000    0.55971    0.05665    1.03690    0.06234
   3036.26000    0.52675    0.05599    1.10029    0.07194
   3038.03000    0.62567    0.06381    0.97175    0.04806
   3039.91000    0.63738    0.05732    0.94446    0.03826
   3285.34000    0.54636    0.05843    0.86992    0.02452
   3286.24000    0.45237    0.04704    0.71592    0.07936
   3290.96000    0.49655    0.04908    0.84983    0.01501
   3293.49000    0.39512    0.06804    0.80111    0.02150
   3296.95000    0.50400    0.05727    0.83176    0.05146
   3301.14000    0.51683    0.04639    0.77523    0.04537
   3303.61000    0.53448    0.07390    0.69881    0.07283
   3307.47000    0.45902    0.03740    0.78105    0.05693
   3310.10000    0.44027    0.04603    0.79327    0.04900
   3312.86000    0.46053    0.04617    0.75368    0.04175
   3317.69000    0.40373    0.05685    0.74918    0.07055
   3320.37000    0.51577    0.04147    0.82792    0.03775
   3324.27000    0.53609    0.04431    0.78366    0.02347
   3326.27000    0.49349    0.05217    0.76074    0.03605
   3329.14000    0.52897    0.05302    0.67750    0.04746
   3332.36000    0.57110    0.06348    0.71787    0.04158
   3335.80000    0.54849    0.04948    0.74716    0.06971
   3338.22000    0.49556    0.04010    0.74676    0.04545
   3341.71000    0.50637    0.06746    0.80574    0.05461
   3344.76000    0.37807    0.07493    0.73253    0.04322
   3346.87000    0.49178    0.06861    0.77985    0.04963
   3349.83000    0.48073    0.04784    0.67471    0.05020
   3353.74000    0.51847    0.02239    0.87161    0.06341
   3357.17000    0.48803    0.03113    0.82025    0.05812
   3360.79000    0.51709    0.05713    0.83247    0.03601
   3364.65000    0.52539    0.05443    0.79935    0.04277
   3368.03000    0.47196    0.02590    0.73070    0.04269
   3370.68000    0.48382    0.05971    0.88511    0.04546
   3373.28000    0.47173    0.08464    0.74018    0.04251
   3376.89000    0.53943    0.06221    0.75935    0.03057
   3380.29000    0.37631    0.06982    0.78614    0.05965
   3382.79000    0.43565    0.06390    0.77066    0.01177
   3385.85000    0.46121    0.02476    0.74341    0.05903
   3388.40000    0.48118    0.06250    0.68721    0.04723
   3391.21000    0.51950    0.05951    0.81282    0.05916
   3393.97000    0.47438    0.04880    0.72321    0.04426
   3398.16000    0.51076    0.04028    0.83197    0.06080
   3401.05000    0.48199    0.04942    0.91101    0.06535
