## Time Delay Challenge light curves
##
## [time]=days, [lc]=[err]=flux in nanomaggies
##
##       time       lc_A      err_A       lc_B      err_B
##-------------------------------------------------------
      1.27000    8.04164    0.05071   12.62666    0.06938
      5.47000    7.92675    0.04796   13.70616    0.06846
      6.65000    7.80686    0.03324   13.22175    0.06892
      9.97000    7.31704    0.03255   13.34762    0.07337
     11.68000    7.63100    0.05135   13.24023    0.05016
     13.46000    7.69774    0.04321   12.95468    0.05969
     15.78000    7.76280    0.05013   12.83223    0.06357
     19.73000    7.63086    0.05692   12.45048    0.05201
     24.47000    7.79865    0.07159   12.90551    0.04534
     26.53000    8.11854    0.06941   12.68975    0.04567
     28.23000    8.24586    0.05396   12.77842    0.05149
     32.76000    8.48759    0.03015   13.49566    0.03855
     35.49000    8.28100    0.07813   13.60856    0.04681
     39.68000    8.34374    0.06604   12.92593    0.07008
     41.32000    8.60193    0.05126   13.04546    0.02054
     43.54000    8.74641    0.05203   12.81927    0.05376
     45.93000    9.07033    0.06420   12.92904    0.03565
     49.60000    9.15650    0.07322   13.26881    0.03217
     51.93000    9.33539    0.06563   13.27908    0.05911
     55.20000    8.98929    0.05513   13.58017    0.08368
     58.22000    8.81136    0.05503   13.45132    0.04683
     61.25000    8.97661    0.04961   13.75539    0.08947
     65.08000    9.10734    0.05691   13.95129    0.06248
     67.36000    9.03747    0.02745   14.67245    0.05448
     71.24000    8.89233    0.02565   14.26088    0.05679
     74.59000    9.24965    0.05583   13.89322    0.06392
     77.79000    9.59030    0.05181   14.17912    0.07712
     81.18000    9.35312    0.03750   14.21643    0.03986
     84.99000    9.08932    0.06839   13.94079    0.07285
     88.09000    9.09772    0.06626   13.78928    0.03558
     91.62000    9.30985    0.03761   13.23359    0.04438
     93.78000    9.35507    0.04588   12.79184    0.04153
     96.76000    9.90664    0.04894   12.49254    0.05842
    100.82000    9.34380    0.07341   12.22215    0.08085
    104.96000    9.93259    0.04975   12.44653    0.04655
    107.64000    9.85612    0.05239   11.98415    0.02767
    111.20000   10.30373    0.05085   12.37556    0.06071
    114.36000    9.88945    0.04726   12.38141    0.03907
    117.38000    9.88814    0.08726   12.07462    0.07442
    365.62000    7.71727    0.05307   11.24871    0.06715
    369.44000    7.59582    0.06173   10.94929    0.05011
    371.87000    7.62922    0.05490   10.74215    0.05033
    375.34000    8.27886    0.03557   10.73739    0.08282
    379.45000    8.13896    0.03721   10.48963    0.06027
    382.09000    8.32605    0.04255   10.70803    0.07735
    385.38000    8.10180    0.06434   10.81083    0.06433
    388.17000    8.57694    0.09247   10.45205    0.01582
    391.09000    8.44636    0.04578   10.16263    0.06673
    395.23000    8.80037    0.07310   10.49802    0.05997
    398.08000    8.45950    0.03807   10.10941    0.03527
    400.63000    8.75457    0.08973   10.06644    0.07785
    404.82000    8.66798    0.05845    9.80213    0.06827
    406.97000    8.52645    0.03708   10.06885    0.05518
    409.53000    8.21408    0.06002    9.94240    0.06894
    412.95000    8.01409    0.05073    9.97747    0.07139
    414.95000    8.05277    0.03416   10.41494    0.07266
    417.43000    7.99697    0.05854   10.36405    0.02446
    419.33000    7.76554    0.06912   10.11262    0.05176
    420.29000    7.74471    0.03049   10.10143    0.04889
    422.97000    7.81178    0.07713   10.22182    0.04057
    426.34000    8.10571    0.05774   10.07694    0.05627
    428.07000    8.22362    0.04909   10.44575    0.03627
    429.51000    7.93636    0.01946   10.43096    0.05714
    430.36000    8.03173    0.07938   10.61725    0.06510
    432.87000    7.89505    0.06722   10.95040    0.04549
    437.92000    8.18633    0.07353   10.54004    0.06332
    441.04000    7.73989    0.05527    9.82841    0.05358
    444.28000    7.62443    0.05436   10.65614    0.05673
    448.61000    7.66227    0.02589   10.61564    0.08638
    451.27000    7.77578    0.07068   11.24498    0.07344
    452.87000    7.57529    0.06233   11.06997    0.06854
    454.60000    7.86376    0.07844   11.30675    0.05106
    456.11000    7.82348    0.06675   10.73120    0.04457
    459.36000    8.01038    0.05582   10.49333    0.04888
    463.49000    7.79937    0.07064    9.90808    0.04520
    466.16000    7.79685    0.03566    9.66561    0.03738
    470.13000    7.84679    0.02410    9.58354    0.03736
    474.49000    8.20570    0.05694    9.73478    0.06535
    477.00000    7.78790    0.07916    9.81445    0.04464
    481.21000    7.77570    0.02844    9.61447    0.04655
    484.35000    7.64880    0.06207    9.24950    0.04184
    731.20000    8.58084    0.05144    9.60129    0.03212
    735.22000    8.90291    0.07070    9.68630    0.05365
    738.73000    8.95480    0.07367    9.76555    0.03568
    742.17000    8.63978    0.02634   10.16902    0.06733
    743.79000    8.47954    0.07021    9.68044    0.04923
    744.56000    8.20408    0.06715    9.85618    0.04500
    748.62000    8.27671    0.06108    9.71982    0.02860
    752.13000    8.35688    0.04188   10.26644    0.05558
    755.28000    8.15491    0.06695    9.58867    0.07474
    758.86000    8.21757    0.03372    9.57106    0.06159
    762.65000    8.07375    0.01024    9.76455    0.06624
    764.36000    7.96133    0.07923    9.47128    0.03830
    769.00000    7.75378    0.03389    9.23804    0.03958
    771.53000    7.43035    0.06921    9.32092    0.04619
    772.98000    7.44333    0.07187    9.70383    0.08103
    775.02000    7.61864    0.02608    9.78364    0.04474
    777.26000    7.75932    0.04234    9.60438    0.04279
    780.33000    8.04484    0.05642    9.93656    0.04550
    783.39000    7.84899    0.04397    9.60331    0.05464
    786.77000    7.97768    0.07077    9.99856    0.05468
    790.78000    8.26322    0.05304   10.25689    0.04734
    794.88000    8.51467    0.04161   10.34810    0.04034
    799.02000    8.04348    0.07671   10.02784    0.05627
    801.68000    7.94646    0.06432    9.90613    0.04951
    803.14000    8.17698    0.04302    9.92157    0.04634
    806.55000    7.91100    0.09298   10.47339    0.05044
    808.65000    7.82682    0.04713   10.57479    0.10098
    813.08000    7.70088    0.05327   10.25584    0.07121
    815.82000    8.15490    0.07082   10.41419    0.03536
    817.31000    8.00117    0.04016   10.13434    0.06004
    819.49000    8.16485    0.07633   10.28209    0.03366
    821.24000    8.01846    0.05175   10.46942    0.04632
    824.75000    8.11757    0.06910   10.29680    0.09610
    827.64000    8.04242    0.01591   10.50370    0.03072
    829.15000    8.28864    0.02810   10.51799    0.03734
    832.35000    8.13332    0.05760    9.94581    0.05599
    835.56000    8.46417    0.05709   10.28699    0.05110
    839.09000    8.55586    0.01617   10.58474    0.04925
    841.96000    8.40452    0.03895   10.60038    0.07634
    845.40000    8.10883    0.05233    9.88500    0.04621
    847.00000    8.22890    0.06553    9.53130    0.06133
   1095.40000    8.80561    0.04416    9.17839    0.06483
   1099.14000    8.50505    0.03362    9.13452    0.05869
   1102.15000    8.26463    0.04387    9.01241    0.03697
   1106.01000    8.78702    0.03598    8.83061    0.07962
   1109.04000    8.40583    0.08107    8.67236    0.06650
   1114.75000    8.12762    0.05450    9.01286    0.04238
   1117.88000    8.42764    0.04749    8.89746    0.04189
   1120.58000    8.07430    0.06463    8.78003    0.05680
   1122.51000    8.44414    0.03785    8.64635    0.02793
   1125.94000    8.25479    0.03066    8.69716    0.04372
   1128.04000    8.16619    0.02119    8.26577    0.06101
   1129.92000    8.07470    0.04134    8.39446    0.02916
   1133.90000    8.12887    0.04810    8.36803    0.04466
   1136.68000    7.74288    0.06585    8.33056    0.07110
   1141.69000    7.64066    0.05433    8.57412    0.04988
   1143.72000    7.50085    0.08176    8.66237    0.07055
   1146.53000    7.69748    0.04170    8.41550    0.06637
   1147.79000    7.64510    0.06096    8.27057    0.03083
   1149.54000    7.47690    0.03303    8.29266    0.05495
   1151.52000    7.57955    0.03826    8.45891    0.06445
   1155.73000    7.69236    0.03242    7.98336    0.03920
   1158.91000    7.73945    0.02885    7.91100    0.05735
   1161.24000    7.59353    0.05827    8.17154    0.06007
   1166.22000    7.63295    0.07542    7.86355    0.08379
   1169.28000    7.59912    0.06679    7.81056    0.05423
   1173.72000    7.45414    0.04498    7.80423    0.08109
   1178.30000    7.20762    0.08271    8.22427    0.04127
   1179.21000    7.43176    0.05417    8.36442    0.06810
   1183.51000    7.38232    0.06353    8.19431    0.05937
   1186.82000    7.43804    0.06196    8.06665    0.05187
   1188.33000    7.38003    0.05925    8.00398    0.03923
   1192.00000    7.20619    0.04164    7.92178    0.04364
   1195.33000    7.08522    0.03317    8.29741    0.05619
   1197.56000    6.91181    0.06831    8.37336    0.05544
   1202.63000    7.36418    0.06544    9.24152    0.06118
   1206.60000    6.96030    0.05196    8.87166    0.05464
   1209.56000    6.68053    0.04508    8.56107    0.04030
   1212.79000    6.73092    0.07342    8.18362    0.06873
   1461.84000    7.81611    0.05254    7.87927    0.04848
   1463.02000    7.88458    0.06172    7.80930    0.06750
   1465.25000    7.98518    0.04929    7.99452    0.05315
   1467.99000    7.92810    0.04341    7.99876    0.08572
   1471.64000    7.93912    0.06569    8.75188    0.05926
   1473.88000    7.67712    0.03954    9.03447    0.07484
   1477.13000    7.64641    0.05257    9.14524    0.03391
   1479.01000    7.46785    0.01881    8.83656    0.02987
   1480.96000    7.22458    0.06666    8.99433    0.05232
   1484.19000    7.02698    0.04871    9.12542    0.05707
   1485.68000    6.83512    0.04530    8.93141    0.03362
   1490.32000    7.05940    0.05025    8.71215    0.07405
   1494.23000    6.99651    0.07320    8.96844    0.06888
   1497.79000    6.57755    0.05564    8.76020    0.04856
   1500.76000    6.62682    0.06357    8.77653    0.05437
   1504.64000    6.64291    0.04789    9.20872    0.02781
   1507.77000    6.75674    0.01999    9.39745    0.06603
   1511.40000    7.04580    0.02603    9.57089    0.06191
   1512.22000    6.96498    0.06258    9.75230    0.08674
   1514.16000    7.42760    0.03774    9.76832    0.04116
   1516.00000    7.79119    0.04420   10.13153    0.02304
   1519.35000    7.96214    0.03829   10.72904    0.07186
   1522.95000    7.63624    0.06184   10.34136    0.04387
   1523.95000    7.75547    0.04448   10.75562    0.05242
   1526.77000    7.82962    0.05866   11.08459    0.06104
   1527.96000    7.58827    0.05655   10.88176    0.03404
   1530.80000    7.49245    0.05292   10.84159    0.07290
   1532.46000    7.60321    0.05260   10.70387    0.04945
   1536.54000    7.63867    0.04967   10.35466    0.03508
   1539.33000    7.45574    0.03570   10.14850    0.06127
   1543.06000    7.54258    0.05420   10.43612    0.07464
   1545.91000    7.94884    0.07564   10.15855    0.08411
   1548.95000    8.24903    0.04933   10.18921    0.06141
   1551.80000    8.25448    0.05129    9.97411    0.06650
   1555.92000    8.42018    0.06343   10.09859    0.06606
   1559.58000    8.64172    0.05933    9.55486    0.05303
   1562.42000    9.08610    0.06091    9.73843    0.05587
   1565.28000    8.96303    0.06259    9.85203    0.03704
   1568.14000    9.31061    0.03681    9.57888    0.04698
   1571.43000    9.17818    0.05828    9.45354    0.05418
   1573.66000    9.17493    0.06609    9.32973    0.04895
   1578.12000    8.99500    0.05831    9.54100    0.07185
   1828.30000    7.15997    0.06654    9.19873    0.04819
   1831.85000    7.25504    0.05670    9.73099    0.06147
   1833.70000    7.39773    0.05303    9.60381    0.06875
   1837.78000    7.60839    0.05172   10.06810    0.05237
   1841.13000    7.77462    0.06336   10.49146    0.06947
   1845.63000    7.80002    0.04094   10.69776    0.05866
   1848.32000    7.87953    0.04680   11.41672    0.05922
   1851.87000    7.48046    0.04089   10.78379    0.04705
   1854.44000    6.94742    0.05309   10.42701    0.02773
   1857.39000    6.98207    0.05686   10.08992    0.03848
   1860.76000    7.08756    0.02383   10.25949    0.04806
   1865.42000    7.00149    0.03721    9.67351    0.04879
   1869.11000    7.42809    0.04865    9.77880    0.03226
   1872.57000    7.64600    0.07405    9.65679    0.07425
   1875.34000    7.74023    0.04680   10.40806    0.03625
   1877.81000    7.61284    0.04784    9.68596    0.03779
   1878.98000    7.87630    0.08123    9.36899    0.03791
   1883.40000    8.25349    0.00975    9.55387    0.08873
   1886.10000    8.38497    0.06665    9.35896    0.05345
   1888.97000    8.58033    0.06326    9.10568    0.09151
   1890.98000    8.80416    0.07850    9.34125    0.04038
   1894.20000    8.59770    0.04163    9.28513    0.07627
   1897.68000    8.41990    0.06321   10.08395    0.03741
   1899.89000    8.14759    0.07154    9.83867    0.03203
   1904.06000    8.06573    0.02394    9.93634    0.04317
   1907.27000    7.78288    0.03440    9.74023    0.07747
   1909.45000    7.67891    0.04801   10.02582    0.04592
   1911.89000    7.74765    0.07467    9.88191    0.06144
   1914.60000    7.68245    0.06284    9.95080    0.06585
   1917.73000    8.13827    0.05665    9.92811    0.07190
   1920.93000    7.30515    0.04248    9.96911    0.05154
   1924.59000    7.53030    0.05836    9.99628    0.06182
   1928.02000    7.32662    0.05257   10.55059    0.05190
   1931.20000    7.28790    0.02873   10.26428    0.02868
   1934.66000    7.21518    0.02174   10.00494    0.04783
   1937.76000    7.45825    0.06972    9.75912    0.07009
   1939.75000    7.67750    0.06587   10.19359    0.06142
   1942.94000    7.54926    0.05443   10.06810    0.04958
   2191.69000    8.70593    0.08209   11.87273    0.03486
   2194.21000    8.82980    0.03870   12.19990    0.05885
   2195.36000    8.93818    0.07128   12.48468    0.07017
   2197.03000    8.50345    0.03868   12.09870    0.04022
   2200.24000    8.28992    0.03246   11.69895    0.03669
   2203.45000    8.36768    0.05323   11.25594    0.05132
   2206.25000    8.47914    0.07138   11.13320    0.03350
   2208.58000    8.46441    0.07361   11.82294    0.04632
   2213.40000    8.40130    0.05224   12.41956    0.04576
   2214.24000    8.61755    0.04710   12.11630    0.03745
   2218.28000    8.60708    0.05309   12.12869    0.06043
   2221.12000    8.77370    0.04946   12.65323    0.03305
   2224.99000    8.44792    0.06693   12.56187    0.06118
   2227.56000    8.58255    0.07319   12.69506    0.04414
   2230.07000    8.41515    0.05058   12.55715    0.01863
   2231.81000    8.28789    0.03198   12.79493    0.05626
   2235.49000    8.20293    0.07849   12.60151    0.04625
   2236.12000    8.36105    0.05038   12.03368    0.06249
   2238.26000    8.41853    0.03375   11.78709    0.04021
   2241.84000    8.34091    0.05117   12.14994    0.08900
   2244.44000    8.09741    0.05575   11.74360    0.05853
   2248.41000    7.82544    0.06292   11.30121    0.05629
   2249.88000    8.05795    0.06429   11.28318    0.05784
   2252.98000    8.56321    0.07380   11.69264    0.06839
   2256.11000    8.95094    0.06680   11.43278    0.06681
   2260.11000    8.49413    0.04425   10.80576    0.07146
   2264.19000    8.70712    0.04079   10.62521    0.06245
   2267.44000    8.75575    0.05162   10.34094    0.06628
   2271.08000    8.88187    0.02582   11.12002    0.04639
   2273.32000    8.63228    0.05575   10.87467    0.05522
   2275.58000    8.81385    0.03978   11.03142    0.04565
   2278.39000    8.56951    0.05541   11.46712    0.07065
   2281.91000    8.10742    0.05520   11.43265    0.04616
   2284.78000    8.19636    0.04860   11.25770    0.03086
   2287.03000    7.96930    0.01884   10.95722    0.07912
   2290.16000    7.57486    0.03648   11.66357    0.04868
   2293.24000    7.86367    0.07399   11.30403    0.06528
   2297.10000    7.78584    0.06081   10.86989    0.04892
   2300.43000    7.42883    0.03739   10.93422    0.04711
   2303.44000    7.39886    0.06230   11.07115    0.03172
   2308.86000    7.06770    0.04912   11.63599    0.05301
   2557.89000    7.54606    0.05210   11.63276    0.06714
   2559.89000    7.36625    0.06959   10.93030    0.06162
   2562.46000    7.10170    0.05400   11.07565    0.04446
   2564.52000    6.88522    0.04988   10.89478    0.03885
   2567.89000    6.69591    0.05952   10.33824    0.05495
   2570.05000    6.91580    0.05399   10.24143    0.05475
   2572.84000    6.71506    0.07821   10.52494    0.05854
   2574.87000    6.62907    0.07343   10.34812    0.05612
   2577.28000    6.91253    0.05086   10.31769    0.03763
   2581.44000    6.69716    0.06587   10.40417    0.02563
   2585.24000    6.54070    0.06587   10.65825    0.04767
   2588.11000    6.39957    0.08382   10.32807    0.06643
   2592.78000    6.74455    0.04902   10.41796    0.08947
   2597.26000    6.76121    0.03178   11.11947    0.06762
   2600.74000    6.93118    0.02308   12.05923    0.06185
   2602.80000    6.51154    0.09543   11.47829    0.04608
   2603.62000    6.42271    0.06670   11.68296    0.08248
   2606.56000    6.50098    0.06822   11.61849    0.06288
   2610.91000    6.24199    0.03959   11.08104    0.04039
   2613.37000    6.00069    0.04707   10.94491    0.07737
   2616.04000    6.14481    0.04194   10.39506    0.03999
   2619.49000    6.06008    0.06485    9.93529    0.08780
   2622.91000    6.27562    0.05073   10.13296    0.04871
   2625.17000    6.39329    0.04191    9.86196    0.08802
   2628.04000    6.41835    0.06768   10.15931    0.07551
   2631.93000    5.97847    0.04429   10.25210    0.04049
   2634.76000    6.31300    0.06958    9.94099    0.02224
   2638.56000    6.65139    0.02395   10.02377    0.05318
   2641.28000    6.67826    0.06241   10.20849    0.07163
   2644.54000    6.62553    0.04857   10.52483    0.07479
   2646.99000    6.99340    0.05257   10.49340    0.03957
   2649.78000    6.65462    0.05365   10.42157    0.03313
   2653.70000    6.53568    0.05460   10.90905    0.03988
   2658.77000    6.14828    0.02663   10.47048    0.04135
   2660.67000    6.04327    0.06117   10.72477    0.07458
   2662.72000    5.64143    0.06636   10.62787    0.04313
   2668.01000    5.66501    0.06721   10.37290    0.05611
   2671.19000    5.89340    0.01639   10.48490    0.05894
   2674.51000    5.87036    0.03205   10.06949    0.02955
   2921.23000    6.24327    0.07494   12.17000    0.04310
   2923.81000    5.96328    0.03783   12.43430    0.05981
   2928.16000    6.30129    0.04584   12.85871    0.04459
   2931.11000    6.40610    0.04861   13.40660    0.06921
   2933.70000    6.99589    0.05580   13.13740    0.05669
   2937.36000    7.35354    0.07503   13.29224    0.04671
   2941.48000    6.95850    0.04284   13.31727    0.07559
   2944.57000    7.23088    0.07372   13.29944    0.01628
   2947.06000    6.71228    0.07579   13.50105    0.07034
   2950.81000    6.42262    0.06724   12.60417    0.08571
   2954.28000    6.30769    0.03323   12.72321    0.03989
   2956.01000    6.60853    0.04931   12.68637    0.05956
   2958.51000    6.54358    0.09026   12.38592    0.01922
   2962.35000    6.38131    0.03169   11.93276    0.03466
   2965.52000    6.26291    0.05192   11.83225    0.05052
   2968.82000    6.59529    0.03875   11.62748    0.05509
   2970.57000    6.63640    0.03276   11.74769    0.04534
   2976.35000    6.83220    0.05971   12.28402    0.04100
   2980.46000    6.81472    0.02452   11.67172    0.07445
   2982.35000    6.86840    0.04137   11.75810    0.03962
   2983.61000    6.85186    0.05326   11.97780    0.04933
   2984.99000    6.78642    0.05598   11.70341    0.03675
   2990.34000    6.86721    0.06681   13.65278    0.06631
   2993.19000    6.41472    0.04925   13.42911    0.06135
   2996.71000    6.63471    0.03219   13.54096    0.04979
   3000.15000    6.42161    0.04523   13.16237    0.03837
   3002.09000    6.22755    0.03594   13.29379    0.04051
   3005.41000    6.15264    0.03042   13.03914    0.06385
   3008.18000    6.20644    0.06425   12.46704    0.04973
   3011.97000    5.83122    0.07606   11.63661    0.05053
   3015.98000    6.23634    0.02840   12.18718    0.04739
   3018.75000    6.26501    0.04731   11.41175    0.02903
   3021.45000    6.05419    0.03808   11.77114    0.07210
   3025.37000    5.97789    0.00980   12.16931    0.01962
   3028.59000    6.16627    0.04985   12.11983    0.06626
   3032.27000    6.72132    0.08399   11.98458    0.08438
   3035.15000    6.91862    0.06770   11.95815    0.07244
   3038.21000    6.37607    0.05582   10.86854    0.04446
   3285.12000    5.14193    0.02896   10.94015    0.04361
   3288.05000    5.17219    0.05577   10.72633    0.07146
   3291.94000    5.00754    0.03251   10.66920    0.06099
   3296.37000    5.37587    0.02967   10.45342    0.06207
   3297.65000    5.29803    0.04264   10.41225    0.05495
   3300.51000    5.17239    0.07651   10.54685    0.05344
   3303.61000    5.27209    0.09611   10.32252    0.04451
   3304.73000    5.23060    0.05319   10.23614    0.05872
   3306.76000    5.41848    0.03943   10.19639    0.04780
   3308.82000    5.37834    0.04217   11.05190    0.05321
   3311.41000    4.89693    0.07577   10.45945    0.05369
   3315.25000    5.07945    0.04867   10.80553    0.08425
   3318.77000    5.08297    0.06279   10.73177    0.02191
   3321.29000    4.86889    0.05807   10.68618    0.05405
   3324.26000    5.07614    0.06319   10.20343    0.03674
   3327.74000    4.98464    0.06877   10.22821    0.04497
   3331.71000    4.75218    0.06747    9.93913    0.07410
   3334.76000    4.74272    0.06379   10.25850    0.05268
   3338.00000    4.75909    0.03565   10.39912    0.05326
   3341.05000    4.82481    0.07697   10.36605    0.04402
   3343.14000    4.77534    0.03083   10.50394    0.07561
   3345.35000    4.62344    0.03218   11.03998    0.04439
   3348.33000    4.65115    0.02159   11.04650    0.06102
   3352.02000    5.10085    0.03916   11.06962    0.04408
   3354.42000    4.95287    0.05984   10.99093    0.02338
   3357.61000    4.90981    0.03870   10.77822    0.01782
   3361.46000    4.90806    0.04832   10.96115    0.05403
   3366.04000    4.76690    0.02418   10.83543    0.05302
   3369.60000    4.70575    0.06951   10.52800    0.03391
   3372.56000    4.64990    0.03990   10.83179    0.04728
   3375.32000    4.59121    0.04560   10.63325    0.04080
   3375.72000    4.67161    0.04541   10.72653    0.05725
   3375.89000    4.61929    0.02949   10.68071    0.08344
   3378.78000    4.74026    0.03929   11.17660    0.04305
   3382.43000    4.76225    0.06296   10.89375    0.06220
   3384.16000    4.79718    0.05192   11.01620    0.07400
   3386.45000    4.85383    0.04445   11.07477    0.03517
   3391.81000    5.06681    0.03805   11.52918    0.06084
   3395.51000    5.05798    0.05205   11.94459    0.08849
   3398.46000    4.92244    0.04463   11.62659    0.06866
   3401.95000    4.83886    0.03283   11.46867    0.04713
