## Time Delay Challenge light curves
##
## [time]=days, [lc]=[err]=flux in nanomaggies
##
##       time       lc_A      err_A       lc_B      err_B
##-------------------------------------------------------
      2.72000    1.82036    0.06274    4.95414    0.05587
      4.67000    1.77052    0.00807    5.10728    0.05516
      7.01000    1.73953    0.05271    4.98284    0.07734
     11.18000    1.80268    0.04142    4.96615    0.07175
     15.76000    1.77237    0.04452    5.18632    0.04981
     18.87000    1.82703    0.06018    5.17252    0.04708
     23.15000    1.85447    0.06351    5.11182    0.05770
     28.41000    1.80680    0.05024    5.03809    0.01613
     30.20000    1.84177    0.05756    5.13204    0.05996
     32.64000    1.84404    0.03104    5.12418    0.06273
     35.10000    1.78812    0.04962    5.01469    0.06319
     37.73000    1.91833    0.05283    5.05284    0.02104
     39.80000    1.88253    0.04640    4.94567    0.02659
     42.58000    1.88559    0.03613    4.88046    0.03565
     47.84000    1.86738    0.03800    4.79305    0.05186
     48.43000    1.89658    0.06407    5.02098    0.07474
     51.56000    1.87040    0.07141    4.71942    0.08408
     54.20000    1.79893    0.06407    4.84039    0.07202
     56.04000    1.82762    0.06910    4.90351    0.06639
     60.79000    1.87988    0.03193    4.91443    0.03363
     63.20000    1.77785    0.06191    4.86677    0.05643
     66.26000    1.83392    0.03612    4.87774    0.05070
     68.27000    1.86604    0.03296    4.94386    0.02627
     72.41000    1.83958    0.05136    4.95930    0.05389
     75.08000    1.82280    0.03702    4.89292    0.03402
     78.90000    1.91166    0.06501    4.77990    0.05127
     81.34000    1.80143    0.03645    4.73452    0.06886
     83.29000    1.88726    0.06521    5.01460    0.06262
     86.61000    1.87267    0.05238    4.96167    0.04332
     88.44000    1.76621    0.03909    4.97590    0.05146
     92.71000    1.84043    0.04691    4.90743    0.03920
     94.63000    1.77022    0.05467    4.91777    0.05002
     95.77000    1.84965    0.02147    4.86495    0.06824
     99.35000    1.86725    0.07127    4.90277    0.05219
    103.42000    1.83030    0.06921    4.90403    0.06905
    105.16000    1.90011    0.06506    4.89817    0.06539
    108.58000    1.81325    0.05573    4.98051    0.05826
    112.22000    1.84690    0.03665    5.00244    0.04784
    114.70000    1.86566    0.05430    5.06433    0.05637
    117.81000    1.82270    0.03069    5.12276    0.04612
    119.84000    1.69763    0.07140    5.07363    0.07390
    367.59000    1.87630    0.04760    5.44198    0.04406
    371.11000    1.76972    0.03951    5.43830    0.02071
    375.31000    1.83103    0.06931    5.24267    0.07137
    379.53000    1.72057    0.04800    5.24549    0.03213
    382.82000    1.77214    0.05679    5.28233    0.03305
    386.91000    1.74219    0.07263    5.25368    0.04231
    391.89000    1.77390    0.04989    5.30259    0.00907
    393.91000    1.85160    0.05528    5.35261    0.07658
    399.12000    1.77126    0.03521    5.27119    0.03232
    402.15000    1.72239    0.06088    5.12161    0.06457
    404.57000    1.86061    0.05824    5.11353    0.04057
    407.23000    1.63062    0.08282    5.24136    0.01932
    412.71000    1.85309    0.04462    5.17614    0.05020
    415.96000    2.05413    0.08048    5.06245    0.03719
    418.25000    1.81389    0.05274    5.17023    0.03324
    421.20000    1.84820    0.06269    5.19901    0.05038
    424.84000    1.84381    0.06583    5.18800    0.04140
    427.17000    1.89756    0.05345    5.17585    0.06957
    431.59000    1.85362    0.04547    5.10017    0.04516
    432.68000    1.81881    0.06463    5.11117    0.06820
    435.84000    1.94779    0.05163    5.09250    0.05895
    440.65000    1.94090    0.04525    5.10566    0.03780
    444.14000    1.89945    0.06043    4.99380    0.05078
    447.36000    1.95349    0.04227    5.00237    0.04216
    450.71000    1.89643    0.03143    4.97059    0.03114
    452.45000    1.94345    0.05226    5.11098    0.08791
    455.49000    2.06749    0.06708    4.92448    0.03966
    459.44000    1.86330    0.07296    4.85577    0.04754
    461.80000    1.92825    0.07056    4.82525    0.01762
    464.84000    1.91859    0.04509    4.73702    0.06029
    467.72000    1.79014    0.05991    4.82296    0.06084
    470.90000    1.89762    0.08787    4.67123    0.05335
    474.75000    1.89631    0.08355    4.76628    0.06782
    478.72000    1.82220    0.04369    4.72461    0.03382
    481.17000    1.85578    0.04301    4.75128    0.06168
    730.53000    1.85271    0.05236    4.53015    0.06220
    732.01000    1.76636    0.03419    4.61024    0.05271
    736.97000    1.76581    0.04066    4.70543    0.04292
    739.66000    1.77987    0.04813    4.66864    0.05935
    745.10000    1.84923    0.04488    4.68083    0.05801
    747.33000    1.81336    0.02683    4.97583    0.06392
    751.57000    1.86227    0.01103    4.97361    0.03499
    754.64000    1.83715    0.03300    4.86099    0.06005
    757.09000    1.79372    0.02643    4.96604    0.05245
    758.74000    1.89889    0.04883    5.00545    0.02907
    761.92000    1.83756    0.07379    5.09746    0.04742
    763.85000    1.95242    0.06163    5.26831    0.05131
    767.34000    1.90751    0.04393    5.04112    0.05183
    772.14000    1.89227    0.03287    5.02728    0.03664
    774.44000    1.91732    0.03081    5.07649    0.07141
    778.80000    1.88258    0.05703    5.00493    0.04960
    780.62000    1.85116    0.03561    5.14815    0.05630
    784.71000    1.87907    0.04669    5.19727    0.06803
    788.13000    1.91037    0.06112    5.02321    0.06173
    791.09000    1.74708    0.07175    5.12771    0.04044
    794.98000    1.89134    0.08116    5.14518    0.02653
    798.20000    1.91547    0.06467    5.14445    0.06824
    801.38000    1.93786    0.04384    5.01963    0.05543
    804.34000    1.95509    0.07408    4.96987    0.01109
    809.51000    1.95016    0.03966    5.08340    0.05229
    813.03000    1.95460    0.08201    4.99138    0.04092
    815.41000    1.85265    0.05772    5.00103    0.05652
    819.92000    1.91719    0.08881    5.02914    0.07325
    823.64000    1.89007    0.03181    4.86070    0.04408
    826.75000    1.86019    0.04556    4.85913    0.06825
    829.75000    1.94847    0.06432    4.93367    0.04057
    833.24000    2.04659    0.07261    4.93832    0.01597
    837.08000    1.88708    0.06548    4.85440    0.02702
    841.05000    1.86643    0.02993    4.82301    0.03935
    843.51000    1.87070    0.04156    4.84783    0.04763
    847.70000    1.89803    0.09209    4.81298    0.04753
   1096.76000    2.10352    0.07304    5.26070    0.02343
   1098.06000    2.07012    0.02753    5.26021    0.05542
   1100.30000    2.07321    0.06686    5.08384    0.06006
   1104.00000    1.95500    0.01319    5.11368    0.04326
   1106.68000    2.03691    0.04993    5.03605    0.04774
   1109.89000    1.94325    0.03094    5.21539    0.05739
   1112.42000    1.85677    0.08213    5.07588    0.02647
   1115.46000    1.87697    0.04816    5.05891    0.06049
   1119.47000    1.87736    0.01148    5.10248    0.08226
   1122.68000    1.83579    0.04702    5.09751    0.06098
   1126.31000    1.88324    0.01923    4.99360    0.06774
   1131.23000    1.81089    0.06859    5.01228    0.04927
   1136.04000    1.87318    0.07383    4.99640    0.03647
   1138.07000    1.90416    0.03391    5.04348    0.06964
   1139.98000    1.94494    0.07202    5.12113    0.06718
   1141.86000    1.82449    0.04456    5.10969    0.03329
   1145.19000    1.91111    0.07337    5.03194    0.05896
   1148.32000    1.92895    0.06391    5.10048    0.02982
   1151.44000    1.78731    0.06818    5.26099    0.06989
   1152.55000    1.94224    0.05464    5.13390    0.05165
   1155.53000    1.90664    0.04311    5.08681    0.05663
   1158.72000    1.89822    0.06601    5.12135    0.07033
   1163.16000    1.90980    0.03143    4.91937    0.07550
   1167.70000    1.77108    0.08578    4.91664    0.03984
   1171.38000    1.94051    0.02015    4.81520    0.04571
   1174.67000    1.91856    0.08773    4.83526    0.06217
   1177.55000    1.83351    0.07099    4.89846    0.02609
   1178.77000    1.93667    0.04571    4.82682    0.04775
   1180.68000    1.87979    0.03575    4.86510    0.03480
   1183.65000    1.77734    0.07719    4.73729    0.06048
   1187.68000    1.90705    0.03420    4.78519    0.07031
   1190.58000    1.88715    0.01815    4.82261    0.04583
   1194.54000    1.83536    0.04691    4.76764    0.06103
   1197.39000    1.89037    0.03648    4.79039    0.06097
   1199.79000    1.92712    0.06986    4.77964    0.03346
   1202.98000    1.96946    0.07493    4.76642    0.03438
   1204.97000    1.90827    0.05508    4.79644    0.05944
   1206.88000    1.88162    0.05059    4.89709    0.06491
   1209.49000    1.89609    0.05811    4.77420    0.02314
   1213.06000    1.91954    0.06086    4.82767    0.06828
   1460.91000    2.00951    0.03432    5.12722    0.06286
   1463.82000    1.97835    0.06197    5.07038    0.05701
   1466.80000    1.95977    0.07079    5.09013    0.07027
   1468.00000    2.11611    0.03895    5.26540    0.06681
   1472.22000    1.97434    0.04448    5.25216    0.05387
   1474.15000    1.96673    0.04017    5.24183    0.02439
   1476.42000    2.07665    0.03464    5.27083    0.05431
   1478.41000    1.98094    0.07891    5.29548    0.03150
   1480.62000    2.20316    0.08205    5.40130    0.05863
   1481.12000    2.02762    0.07157    5.20602    0.04022
   1482.63000    2.04405    0.04114    5.30208    0.02433
   1485.72000    2.09401    0.04801    5.29778    0.05152
   1490.44000    2.17636    0.06483    5.31166    0.05368
   1493.23000    2.11262    0.04596    5.35790    0.04247
   1496.79000    2.04889    0.08136    5.33860    0.05875
   1498.98000    2.12955    0.06340    5.25069    0.06811
   1499.91000    2.10397    0.06181    5.32548    0.05422
   1503.82000    2.11818    0.06612    5.36163    0.06211
   1506.44000    2.20323    0.02177    5.32321    0.02638
   1511.24000    2.19756    0.07095    5.25142    0.06208
   1513.49000    2.30157    0.05329    5.33068    0.05379
   1516.37000    2.20369    0.07000    5.24748    0.05664
   1519.97000    2.18168    0.05070    5.26596    0.05192
   1521.56000    2.21727    0.02204    5.24712    0.04835
   1525.68000    2.16350    0.05337    5.31197    0.05926
   1528.06000    2.15130    0.05959    5.47179    0.04936
   1531.12000    2.28570    0.05783    5.59577    0.07011
   1535.14000    2.24537    0.04342    5.36191    0.03761
   1539.71000    2.29120    0.06185    5.26299    0.05958
   1543.33000    2.19919    0.04272    5.37546    0.07009
   1546.98000    2.15714    0.04853    5.30349    0.07856
   1549.45000    2.23168    0.06037    5.29576    0.04185
   1550.65000    2.19781    0.07889    5.24072    0.02267
   1554.36000    2.23150    0.08594    5.27782    0.06050
   1556.69000    2.22768    0.04982    5.30605    0.07108
   1560.39000    2.22382    0.01069    5.25436    0.04132
   1564.13000    2.30565    0.05547    5.25980    0.05673
   1567.51000    2.21834    0.06104    5.36385    0.03453
   1570.15000    2.27658    0.03511    5.29277    0.03915
   1572.17000    2.25540    0.04621    5.20866    0.06065
   1575.58000    2.28811    0.02178    5.23234    0.04988
   1579.60000    2.36127    0.05396    5.26237    0.07528
   1828.22000    2.37844    0.05474    5.39945    0.04200
   1830.71000    2.32750    0.04565    5.34548    0.04429
   1834.67000    2.38214    0.06861    5.26183    0.08949
   1836.47000    2.54402    0.06741    5.43301    0.06206
   1839.21000    2.64445    0.07503    5.51202    0.06365
   1842.59000    2.54883    0.05693    5.59895    0.06334
   1844.96000    2.46868    0.03417    5.53881    0.07231
   1847.06000    2.53154    0.07247    5.45506    0.08417
   1849.69000    2.60773    0.05962    5.54083    0.05902
   1851.50000    2.46238    0.04111    5.64552    0.04467
   1854.02000    2.58523    0.06225    5.48720    0.02736
   1854.92000    2.56963    0.07650    5.50449    0.00890
   1857.89000    2.47550    0.05454    5.57712    0.02853
   1861.95000    2.47525    0.02034    5.54381    0.04004
   1863.76000    2.43006    0.06944    5.52856    0.05323
   1866.50000    2.37947    0.03404    5.50030    0.05990
   1870.68000    2.43112    0.07148    5.59645    0.05252
   1874.58000    2.29811    0.05422    5.67549    0.06147
   1879.40000    2.37223    0.04379    5.48920    0.03932
   1882.52000    2.25985    0.06028    5.40050    0.07023
   1885.37000    2.29805    0.06324    5.54147    0.03259
   1888.38000    2.25063    0.04403    5.57015    0.06529
   1893.58000    2.27496    0.03464    5.60036    0.04390
   1895.75000    2.31246    0.04123    5.50506    0.08737
   1899.35000    2.34078    0.04598    5.71014    0.07187
   1902.33000    2.20793    0.04730    5.61268    0.04898
   1903.98000    2.26051    0.04618    5.57187    0.08483
   1907.66000    2.20263    0.03330    5.65007    0.07612
   1910.58000    2.27720    0.04250    5.67350    0.05558
   1914.90000    2.29337    0.03198    5.66473    0.07123
   1918.23000    2.26892    0.04852    5.66297    0.05578
   1920.14000    2.24862    0.04520    5.52684    0.04449
   1922.97000    2.25896    0.03518    5.61879    0.05696
   1925.13000    2.28031    0.07349    5.64112    0.08205
   1926.72000    2.28954    0.07448    5.51884    0.06469
   1930.18000    2.32174    0.07089    5.43020    0.04886
   1933.97000    2.34989    0.04067    5.51763    0.04490
   1937.56000    2.36356    0.06558    5.46069    0.05292
   1941.33000    2.31187    0.04285    5.60056    0.07461
   1943.83000    2.34314    0.07728    5.42527    0.05415
   2191.61000    2.44773    0.06278    5.17046    0.03823
   2194.31000    2.36877    0.06483    5.24314    0.06109
   2198.81000    2.33511    0.04724    5.44106    0.07622
   2200.03000    2.41219    0.06011    5.30289    0.05694
   2203.23000    2.42757    0.04990    5.29151    0.06680
   2205.12000    2.41274    0.06185    5.33861    0.05615
   2208.36000    2.53494    0.05082    5.27682    0.05734
   2211.15000    2.51818    0.06440    5.24431    0.07004
   2214.52000    2.46074    0.05999    5.29972    0.04551
   2215.49000    2.41609    0.04199    5.34892    0.03598
   2216.53000    2.50887    0.07870    5.29007    0.03124
   2220.06000    2.44671    0.03683    5.31850    0.05437
   2221.72000    2.47186    0.03918    5.14691    0.03460
   2222.67000    2.49279    0.03275    5.19003    0.03320
   2226.85000    2.29226    0.07448    5.27482    0.07047
   2229.33000    2.35412    0.04643    5.30533    0.05667
   2233.23000    2.44320    0.05230    5.26758    0.04202
   2236.48000    2.41602    0.04519    5.12491    0.08445
   2238.01000    2.44328    0.04504    5.28655    0.05220
   2241.89000    2.34681    0.04470    5.08949    0.05585
   2245.45000    2.39414    0.06316    5.09298    0.03848
   2250.03000    2.37020    0.05777    5.12147    0.04622
   2252.76000    2.31134    0.05786    5.00775    0.04677
   2257.10000    2.34721    0.04441    4.95637    0.05438
   2259.17000    2.26339    0.07013    4.89409    0.04703
   2261.78000    2.35820    0.06419    4.98782    0.04364
   2266.19000    2.32449    0.05705    4.93593    0.04599
   2269.24000    2.28695    0.07396    4.92797    0.06144
   2270.96000    2.24582    0.05615    4.86302    0.05841
   2273.56000    2.40659    0.07141    4.88750    0.03205
   2276.67000    2.20161    0.06009    4.81024    0.07174
   2280.64000    2.21608    0.03132    4.79999    0.09018
   2281.56000    2.14659    0.06628    4.92626    0.06270
   2284.88000    2.24370    0.02741    4.80327    0.06166
   2288.14000    2.17314    0.07716    4.73462    0.07854
   2289.71000    2.14806    0.06063    4.84089    0.06021
   2292.28000    2.15461    0.04934    4.85681    0.03509
   2295.30000    2.16458    0.03926    4.82211    0.05546
   2297.55000    2.21280    0.06581    4.86867    0.01141
   2300.07000    2.25521    0.04936    4.76677    0.04081
   2303.41000    2.22520    0.05843    4.98881    0.05757
   2307.73000    2.12340    0.05040    4.91768    0.03214
   2309.66000    2.08212    0.05057    4.92867    0.05726
   2557.98000    2.23727    0.04820    4.80690    0.03523
   2559.84000    2.21595    0.05963    4.78940    0.07397
   2563.78000    2.19067    0.04665    4.82215    0.05646
   2566.68000    2.26824    0.05045    4.91362    0.06059
   2569.85000    2.31096    0.03485    4.81142    0.06224
   2571.70000    2.38585    0.05120    5.05842    0.07291
   2574.04000    2.35151    0.06148    4.93677    0.04463
   2576.91000    2.35212    0.04710    4.86112    0.06902
   2578.74000    2.33026    0.06705    4.91558    0.04151
   2581.34000    2.37275    0.04309    5.01203    0.03998
   2585.13000    2.40430    0.05639    4.92921    0.05414
   2588.83000    2.38816    0.03485    4.72237    0.05497
   2591.45000    2.38767    0.07260    4.85870    0.06188
   2592.79000    2.41837    0.04319    4.84491    0.05232
   2596.41000    2.42974    0.01735    4.91776    0.06288
   2599.49000    2.49544    0.04089    4.93711    0.06969
   2602.47000    2.49692    0.06685    4.87586    0.02860
   2605.78000    2.48647    0.00669    4.92847    0.03931
   2608.42000    2.51174    0.04964    4.73944    0.07889
   2611.27000    2.45724    0.03702    5.07121    0.06950
   2612.85000    2.50023    0.06862    4.96485    0.06557
   2615.92000    2.47864    0.04751    4.81489    0.05233
   2619.88000    2.44524    0.06343    4.96890    0.06213
   2622.34000    2.59353    0.04729    5.04853    0.04058
   2626.30000    2.60968    0.06428    5.07958    0.05806
   2628.42000    2.71921    0.05608    4.99811    0.05882
   2631.80000    2.58969    0.06014    5.12916    0.03769
   2635.00000    2.71264    0.06870    5.12620    0.04024
   2639.21000    2.62211    0.04416    4.98202    0.05228
   2641.42000    2.66654    0.08644    5.10644    0.05732
   2644.48000    2.60351    0.03895    5.01812    0.05200
   2646.43000    2.61039    0.04845    5.07370    0.05971
   2649.76000    2.49805    0.04747    5.00757    0.03016
   2651.18000    2.66504    0.06959    5.08805    0.03946
   2654.15000    2.48432    0.08271    5.01875    0.07901
   2657.25000    2.66917    0.06288    5.00865    0.03794
   2658.62000    2.56295    0.05323    4.96982    0.04940
   2662.02000    2.71013    0.06261    4.95089    0.03987
   2664.77000    2.52476    0.10073    4.98399    0.05724
   2668.42000    2.60072    0.03759    5.01342    0.03811
   2672.11000    2.49346    0.08116    4.96147    0.03900
   2673.97000    2.58279    0.05534    5.03961    0.04201
   2920.31000    2.73719    0.04668    5.38381    0.04878
   2923.20000    2.76524    0.06071    5.37831    0.03258
   2926.07000    2.74079    0.05930    5.33366    0.06604
   2929.01000    2.73768    0.07162    5.33657    0.07159
   2931.27000    2.74528    0.06373    5.40808    0.05335
   2934.88000    2.63797    0.07154    5.51883    0.02534
   2938.62000    2.76648    0.07675    5.60523    0.09643
   2942.34000    2.75905    0.06500    5.64385    0.08598
   2947.00000    2.68978    0.04736    5.73238    0.07953
   2950.82000    2.71753    0.03341    5.58364    0.01983
   2954.65000    2.64069    0.05455    5.60983    0.05135
   2956.55000    2.63283    0.03423    5.52029    0.04686
   2959.91000    2.67068    0.05975    5.50040    0.06126
   2963.54000    2.54991    0.03911    5.43146    0.06178
   2966.60000    2.56625    0.03132    5.39968    0.06887
   2969.41000    2.54242    0.03190    5.24503    0.04845
   2973.04000    2.52521    0.05328    5.30466    0.04434
   2975.97000    2.47751    0.05609    5.24752    0.04201
   2979.19000    2.51027    0.06469    5.27418    0.03774
   2982.09000    2.51780    0.07613    5.21886    0.04248
   2984.91000    2.42647    0.04578    5.20503    0.03786
   2987.45000    2.43732    0.06015    5.10646    0.08311
   2991.61000    2.37088    0.06135    5.15216    0.05140
   2995.86000    2.44620    0.05153    5.03721    0.06831
   2997.77000    2.52451    0.02808    5.11839    0.04330
   3001.14000    2.53615    0.03100    5.16081    0.05038
   3004.04000    2.55727    0.02407    5.19032    0.03517
   3008.47000    2.52851    0.07274    5.17787    0.04988
   3009.41000    2.57851    0.04743    4.99492    0.07637
   3012.78000    2.63298    0.03980    5.17956    0.03845
   3015.24000    2.56197    0.06663    5.13933    0.03889
   3018.33000    2.65368    0.05503    5.15804    0.06522
   3022.08000    2.64880    0.05605    5.22328    0.04675
   3024.20000    2.70360    0.05257    5.20366    0.03999
   3028.24000    2.72753    0.06020    5.26214    0.04623
   3030.85000    2.85393    0.07368    5.28687    0.03550
   3033.67000    2.77766    0.03954    5.17112    0.04749
   3038.92000    2.77380    0.07585    5.29609    0.05251
   3287.93000    2.55973    0.06586    5.50645    0.03908
   3291.64000    2.66297    0.04600    5.46904    0.07537
   3294.80000    2.59905    0.05566    5.47039    0.06387
   3297.72000    2.60955    0.05391    5.55253    0.06287
   3302.30000    2.70719    0.04167    5.73187    0.07108
   3307.03000    2.79659    0.04030    5.61997    0.02505
   3309.51000    2.75778    0.06606    5.61236    0.03939
   3312.59000    2.72350    0.04928    5.64939    0.05847
   3317.55000    2.78717    0.07384    5.68749    0.03990
   3319.50000    2.71123    0.04520    5.72188    0.05156
   3322.68000    2.85666    0.07800    5.76450    0.02611
   3325.38000    2.83347    0.04962    5.78755    0.04816
   3328.33000    2.72364    0.04243    5.82579    0.04788
   3330.81000    2.85523    0.04873    5.81310    0.03674
   3335.28000    2.83018    0.06819    5.70651    0.06123
   3339.07000    2.78432    0.04772    5.62771    0.03355
   3342.41000    2.87472    0.03884    5.63908    0.04925
   3345.87000    2.78341    0.03753    5.70705    0.04924
   3348.38000    2.75478    0.04731    5.62678    0.03275
   3349.25000    2.81094    0.05289    5.59651    0.04994
   3351.64000    2.79150    0.05276    5.77134    0.04866
   3354.96000    2.78526    0.01971    5.59030    0.08060
   3360.03000    2.85651    0.04237    5.63294    0.03063
   3363.45000    2.79299    0.03265    5.59639    0.00147
   3365.57000    2.74294    0.06628    5.61094    0.05829
   3370.46000    2.78873    0.03196    5.56822    0.06580
   3374.23000    2.80443    0.03237    5.62423    0.05293
   3377.56000    2.82280    0.04501    5.64547    0.06994
   3379.23000    2.91569    0.07662    5.53017    0.04076
   3382.36000    2.97614    0.05910    5.47216    0.02656
   3385.69000    2.85063    0.02453    5.50642    0.06548
   3389.51000    2.79596    0.07414    5.44166    0.04198
   3392.19000    2.90327    0.03650    5.41197    0.05557
   3396.48000    2.80951    0.07338    5.28796    0.05886
   3400.40000    2.94829    0.04212    5.15938    0.06817
   3403.10000    2.90708    0.04620    5.20192    0.04160
