## Time Delay Challenge light curves
##
## [time]=days, [lc]=[err]=flux in nanomaggies
##
##       time       lc_A      err_A       lc_B      err_B
##-------------------------------------------------------
      2.01000   10.49317    0.06319    1.09840    0.05686
      4.97000   10.59156    0.06937    1.10012    0.06382
     10.08000   10.76246    0.06322    1.15617    0.05742
     12.03000   10.75168    0.04156    1.12780    0.06613
     15.90000   10.72552    0.08201    1.21769    0.03959
     20.03000   10.92525    0.06336    1.16407    0.03370
     23.15000   10.72022    0.06052    1.19826    0.03844
     25.66000   10.92390    0.04338    1.24912    0.05985
     28.75000   10.83833    0.04053    1.23538    0.08497
     32.19000   10.68096    0.06633    1.11806    0.07915
     34.68000   10.72473    0.09442    1.29422    0.06495
     36.70000   10.72179    0.03414    1.19029    0.06127
     39.06000   10.65967    0.04005    1.14847    0.04024
     41.01000   10.62851    0.05218    1.13420    0.05010
     43.30000   10.66380    0.04929    1.23602    0.06024
     46.68000   10.57576    0.02818    1.17395    0.03964
     49.74000   10.55513    0.04370    1.30803    0.04767
     53.57000   10.30940    0.07103    1.23347    0.04627
     56.85000   10.31947    0.06125    1.23533    0.05094
     61.84000   10.24176    0.05483    1.12179    0.07956
     65.44000   10.08991    0.06818    1.12916    0.05450
     69.79000    9.99588    0.04800    1.25753    0.05321
     71.97000    9.92481    0.04673    1.25247    0.02947
     77.45000    9.75387    0.05834    1.26985    0.08214
     78.57000    9.82394    0.05218    1.17218    0.04812
     82.51000    9.74754    0.08991    1.27796    0.05972
     86.14000    9.73290    0.05657    1.32044    0.05727
     88.36000    9.73847    0.03649    1.26848    0.02327
     92.75000    9.47943    0.08773    1.25081    0.04403
     96.03000    9.46980    0.05599    1.25322    0.05707
    100.29000    9.40829    0.09815    1.17908    0.07358
    105.20000    9.27558    0.01246    1.24885    0.05622
    108.71000    9.29857    0.05478    1.17745    0.04096
    109.95000    9.33908    0.05755    1.18435    0.04765
    112.53000    9.02604    0.05745    1.20533    0.04291
    113.92000    9.25864    0.06386    1.14212    0.05229
    116.82000    9.15008    0.07520    1.12273    0.06440
    119.89000    9.08215    0.02952    1.19802    0.04346
    366.10000    6.59348    0.05597    1.01575    0.03369
    369.41000    6.42054    0.05329    0.97012    0.04241
    372.96000    6.30055    0.02528    1.01027    0.05689
    375.98000    6.31523    0.05523    1.06048    0.03716
    378.76000    6.22894    0.06933    1.08694    0.05401
    380.47000    6.35067    0.05671    1.11160    0.05053
    383.77000    6.35485    0.05969    0.97792    0.03520
    385.67000    6.20967    0.02711    1.04952    0.08897
    389.79000    6.12113    0.03243    1.04436    0.07036
    392.32000    6.16503    0.07953    1.06155    0.04742
    394.13000    6.09345    0.04529    0.93485    0.06590
    396.47000    6.08937    0.06588    1.05826    0.06124
    399.94000    6.17233    0.08029    1.14318    0.07717
    402.59000    6.26872    0.04698    1.08204    0.03902
    405.05000    6.19085    0.07810    1.07328    0.08397
    408.23000    6.13266    0.00516    1.12340    0.04787
    410.39000    6.04165    0.05418    1.03691    0.04765
    413.38000    6.00204    0.04319    1.12466    0.05442
    416.66000    6.04289    0.04920    1.04586    0.03388
    418.33000    5.93840    0.04691    1.09884    0.04733
    420.76000    5.98987    0.02818    1.04981    0.05959
    426.55000    5.99599    0.05409    0.99085    0.06612
    429.34000    5.85772    0.06134    1.10589    0.04741
    433.62000    5.82241    0.04874    1.11784    0.04548
    438.11000    5.85771    0.05681    1.11423    0.06809
    442.23000    5.72476    0.05138    1.10461    0.07238
    445.29000    5.58381    0.06447    1.08066    0.06050
    447.83000    5.63317    0.06037    1.05761    0.07768
    451.30000    5.61106    0.04999    1.09010    0.04710
    454.98000    5.60624    0.06792    1.14346    0.06578
    459.48000    5.40227    0.05006    1.05878    0.07423
    464.04000    5.34866    0.08440    1.08218    0.04918
    465.64000    5.32717    0.03916    1.01679    0.07154
    469.95000    5.33813    0.04267    1.00451    0.06595
    473.20000    5.23893    0.08165    1.03355    0.06419
    474.69000    5.16154    0.05058    0.98066    0.06791
    478.13000    5.12847    0.04389    1.06313    0.04352
    480.59000    5.09236    0.03733    1.13631    0.04932
    483.53000    5.12527    0.04237    1.16725    0.08783
    730.97000    3.43301    0.04339    1.13015    0.05570
    733.94000    3.49502    0.03035    1.17946    0.03880
    737.31000    3.27707    0.07931    1.06604    0.08214
    741.55000    3.36594    0.04048    1.13525    0.05853
    744.24000    3.39907    0.04956    1.12648    0.03871
    745.41000    3.46494    0.05444    1.15709    0.04028
    747.43000    3.51779    0.04233    1.08296    0.05725
    748.57000    3.54394    0.06592    1.16509    0.06571
    752.12000    3.49091    0.02220    1.05562    0.07074
    754.89000    3.43643    0.06117    1.20192    0.05683
    757.73000    3.42322    0.05254    1.12334    0.04705
    759.52000    3.58150    0.05965    1.10290    0.04865
    762.21000    3.52251    0.06309    1.08068    0.04991
    764.39000    3.45967    0.01286    1.10711    0.06273
    766.41000    3.38816    0.04109    1.11586    0.04577
    769.35000    3.38590    0.03442    1.04212    0.06639
    771.39000    3.44907    0.02201    1.05836    0.04331
    773.14000    3.50951    0.05051    1.16905    0.06478
    774.22000    3.42984    0.03118    1.05128    0.05219
    776.79000    3.37322    0.03922    1.05605    0.04751
    780.58000    3.32774    0.04918    1.08741    0.05560
    782.78000    3.37382    0.08174    1.12481    0.03795
    785.90000    3.34673    0.06378    1.07315    0.04235
    790.47000    3.35419    0.05697    1.08689    0.01095
    792.97000    3.46877    0.05494    1.11200    0.05621
    795.05000    3.41005    0.05272    1.29092    0.08478
    798.67000    3.41116    0.06192    1.02569    0.03385
    801.60000    3.41502    0.04094    1.04532    0.06597
    804.39000    3.46044    0.03103    1.08431    0.02566
    806.77000    3.37485    0.05373    1.08822    0.04795
    808.76000    3.51499    0.04023    1.08852    0.07285
    811.50000    3.60933    0.05854    1.08417    0.07427
    816.19000    3.50229    0.06628    0.93296    0.05976
    818.09000    3.51661    0.05316    0.98684    0.02871
    821.51000    3.51128    0.05351    1.10943    0.06126
    824.09000    3.43883    0.06188    0.92629    0.07210
    826.95000    3.47558    0.05377    1.10327    0.05330
    831.28000    3.52668    0.06342    0.97326    0.05936
    834.47000    3.53643    0.06495    1.01966    0.05524
    837.44000    3.44799    0.05487    1.03429    0.03855
    841.10000    3.52129    0.05876    1.05661    0.02893
    842.96000    3.48869    0.02575    1.10781    0.03982
    844.43000    3.51292    0.03369    0.94237    0.05749
    848.59000    3.47554    0.04870    1.08499    0.02941
   1097.91000    4.07570    0.05308    1.06419    0.03620
   1101.52000    4.19910    0.04473    1.11666    0.06940
   1105.47000    4.16259    0.03788    1.12203    0.03748
   1108.94000    4.09944    0.04670    1.14787    0.02988
   1109.83000    4.14612    0.04587    1.10636    0.07004
   1112.27000    4.09644    0.04743    1.07047    0.02993
   1114.24000    4.09744    0.05852    1.07408    0.04161
   1117.52000    4.15473    0.05728    1.14406    0.06570
   1119.89000    4.09048    0.03956    1.11541    0.03188
   1122.67000    4.13615    0.04337    1.11590    0.05774
   1123.96000    4.12626    0.05087    1.09991    0.06309
   1128.73000    4.18263    0.03335    1.12380    0.02674
   1132.03000    4.14399    0.04776    1.11834    0.07779
   1135.48000    4.15264    0.06858    1.12999    0.04549
   1137.85000    4.15955    0.04982    1.06097    0.07894
   1140.85000    4.25787    0.05434    1.16832    0.06738
   1143.49000    4.21058    0.08267    1.15966    0.06685
   1145.23000    4.16660    0.01946    1.00129    0.07017
   1146.85000    4.10441    0.02953    1.06601    0.05936
   1150.32000    4.09825    0.05629    1.14723    0.05014
   1153.15000    4.09118    0.04281    1.15656    0.03983
   1154.62000    4.08280    0.06264    1.11816    0.04399
   1157.19000    4.18976    0.02770    1.04262    0.04824
   1160.18000    4.25620    0.04215    1.14777    0.06632
   1163.67000    4.25132    0.05610    1.13113    0.05621
   1167.42000    4.21060    0.06544    1.09318    0.01928
   1171.96000    4.30428    0.05051    1.11305    0.06787
   1174.23000    4.23912    0.03635    1.18830    0.07223
   1178.33000    4.28124    0.07301    1.04572    0.08767
   1181.22000    4.32878    0.02809    1.06284    0.05311
   1184.58000    4.37469    0.05981    1.05343    0.05425
   1188.32000    4.30437    0.05242    0.97523    0.07340
   1192.95000    4.27859    0.07757    1.01039    0.04885
   1195.43000    4.34001    0.04042    1.09057    0.04185
   1199.92000    4.32254    0.04632    1.09101    0.05721
   1205.39000    4.36080    0.06321    1.06573    0.07645
   1208.46000    4.33832    0.05688    1.02391    0.04060
   1212.12000    4.33846    0.01150    1.12030    0.04548
   1214.17000    4.31858    0.02453    1.03821    0.04596
   1461.80000    4.69680    0.04395    0.98618    0.04682
   1465.51000    4.66034    0.05035    0.97170    0.06562
   1466.83000    4.61882    0.03835    1.06401    0.06470
   1472.08000    4.68871    0.09051    0.91648    0.05760
   1475.06000    4.63296    0.05477    0.97001    0.04619
   1478.67000    4.68044    0.01921    0.99370    0.04197
   1480.79000    4.77330    0.06143    0.93825    0.04627
   1483.57000    4.65816    0.07279    1.04637    0.06031
   1485.72000    4.72305    0.06879    0.92467    0.04389
   1488.73000    4.85977    0.06016    0.78023    0.05685
   1490.70000    4.80385    0.04347    0.89647    0.06507
   1493.64000    4.79382    0.06501    0.93856    0.04108
   1498.42000    4.76865    0.04734    1.00439    0.05517
   1500.63000    4.70680    0.10478    0.86441    0.05797
   1502.49000    4.79594    0.04529    0.86481    0.06130
   1504.76000    4.77969    0.01108    0.90051    0.07151
   1507.26000    4.86133    0.06044    0.88543    0.07014
   1511.11000    4.74809    0.06454    0.87814    0.07096
   1514.07000    4.80934    0.05001    0.86061    0.05243
   1517.96000    4.81424    0.04631    0.90450    0.05168
   1519.66000    4.77288    0.05581    0.90646    0.02343
   1520.78000    4.82210    0.02372    0.99802    0.05464
   1522.95000    4.80807    0.02809    1.00244    0.06865
   1524.49000    4.88206    0.03158    0.94102    0.06338
   1527.77000    4.82505    0.06467    0.92064    0.04608
   1530.99000    4.83226    0.04719    0.98758    0.06620
   1535.48000    4.80913    0.05720    0.93937    0.06303
   1538.57000    4.92561    0.01139    0.93003    0.04506
   1541.09000    4.86025    0.05599    1.03916    0.05584
   1545.39000    4.95830    0.04182    0.82470    0.05631
   1547.58000    5.01331    0.03831    0.81797    0.03523
   1551.25000    4.90475    0.04821    0.84119    0.05133
   1553.18000    5.00111    0.06383    0.78085    0.08253
   1555.97000    4.89252    0.10768    0.98039    0.06009
   1558.72000    5.10985    0.04914    0.89077    0.08416
   1562.90000    5.06172    0.04580    0.85558    0.03577
   1565.74000    5.18626    0.04877    0.81849    0.06030
   1566.42000    5.02513    0.04056    0.92842    0.05605
   1569.21000    5.08884    0.04710    0.85862    0.06139
   1570.90000    5.19717    0.05642    0.93692    0.05258
   1574.33000    5.21478    0.02944    0.92985    0.04577
   1579.03000    5.12764    0.03662    0.95684    0.09032
   1825.82000    5.02407    0.06954    0.97134    0.06994
   1828.44000    4.91158    0.05080    1.00143    0.05271
   1830.50000    4.90165    0.03545    0.88970    0.04591
   1833.53000    4.87659    0.07727    0.92351    0.05720
   1836.03000    4.88838    0.04857    0.93243    0.06741
   1839.88000    4.81393    0.03697    1.00017    0.06431
   1843.81000    4.79015    0.04373    1.03207    0.07190
   1846.13000    4.88234    0.06085    0.83015    0.06352
   1848.06000    4.78832    0.05602    1.02376    0.07346
   1851.74000    4.76554    0.02923    1.01975    0.04188
   1855.73000    4.66227    0.04445    1.03964    0.04946
   1858.86000    4.60856    0.08657    0.93373    0.06225
   1860.69000    4.65039    0.05327    0.99267    0.04523
   1863.24000    4.57651    0.04092    0.98332    0.06727
   1866.91000    4.64567    0.06317    1.05290    0.04075
   1869.57000    4.59166    0.02217    0.96574    0.04670
   1871.38000    4.58681    0.04708    0.92783    0.04250
   1875.08000    4.64645    0.06649    0.96317    0.04006
   1879.70000    4.49720    0.06203    0.93109    0.06624
   1882.28000    4.37167    0.04825    1.00358    0.02813
   1885.47000    4.55143    0.06773    1.02638    0.05725
   1889.26000    4.35500    0.06190    0.93263    0.05189
   1891.15000    4.39965    0.05275    0.95996    0.07353
   1893.32000    4.30937    0.05328    0.83291    0.06884
   1895.59000    4.22391    0.08446    0.91469    0.05770
   1899.73000    4.35839    0.07663    0.97338    0.04298
   1903.84000    4.24934    0.02595    1.11015    0.06961
   1906.92000    4.22597    0.09249    0.90541    0.06534
   1910.87000    4.15784    0.04019    1.00964    0.05606
   1911.87000    4.09145    0.02543    1.04026    0.02761
   1914.78000    4.11320    0.03179    0.99974    0.06438
   1917.93000    3.97188    0.07859    1.05430    0.04725
   1919.51000    4.02470    0.04592    0.92862    0.04044
   1922.55000    3.95917    0.06292    0.93597    0.04938
   1927.49000    3.88825    0.05642    1.00175    0.05836
   1932.02000    3.81614    0.03888    1.04541    0.05234
   1934.38000    3.86400    0.04305    1.06436    0.03879
   1938.83000    3.62040    0.05064    1.06353    0.05103
   1940.46000    3.74303    0.06345    0.97982    0.05276
   1943.65000    3.65859    0.06880    1.05469    0.05606
   2193.10000    2.81488    0.06130    0.81369    0.03814
   2196.74000    2.84277    0.07690    0.92599    0.04390
   2198.51000    2.70370    0.07524    0.92977    0.01920
   2202.02000    2.78367    0.04319    0.88820    0.03512
   2203.54000    2.67410    0.06630    0.78374    0.06900
   2209.03000    2.75675    0.02710    0.95132    0.06330
   2212.73000    2.72739    0.06358    0.86087    0.06001
   2214.83000    2.70565    0.03674    0.89735    0.00984
   2218.23000    2.61929    0.06025    0.90723    0.07662
   2221.38000    2.48232    0.07586    0.87691    0.05203
   2223.71000    2.65735    0.06949    0.86599    0.05225
   2225.52000    2.59242    0.04069    0.84667    0.06253
   2229.59000    2.58770    0.06723    0.92900    0.07086
   2232.07000    2.41552    0.06209    0.95376    0.05129
   2235.07000    2.48257    0.05242    0.92485    0.05882
   2237.69000    2.61612    0.05075    1.04644    0.06995
   2241.57000    2.57765    0.04933    0.89221    0.03649
   2245.20000    2.44659    0.03290    0.98814    0.05002
   2248.74000    2.42639    0.04934    0.91115    0.05538
   2252.05000    2.41266    0.06143    0.79754    0.04451
   2255.87000    2.38983    0.06903    0.92041    0.05984
   2258.85000    2.36081    0.02485    0.88896    0.05035
   2261.18000    2.36003    0.04715    0.88600    0.06277
   2263.78000    2.43928    0.06125    0.93703    0.04102
   2269.05000    2.40511    0.05538    0.85844    0.05530
   2273.06000    2.27023    0.04881    0.85965    0.07312
   2277.13000    2.23954    0.05948    0.90249    0.07573
   2280.13000    2.25368    0.04700    0.94402    0.04540
   2281.88000    2.30065    0.04566    0.92456    0.04533
   2285.18000    2.19635    0.06207    0.90658    0.05261
   2285.28000    2.22696    0.05162    0.91026    0.07015
   2289.54000    2.19920    0.03119    0.96502    0.06479
   2293.46000    2.16556    0.07673    0.87792    0.04083
   2297.96000    2.22949    0.04298    0.89780    0.07583
   2300.59000    2.09236    0.04912    0.96056    0.04215
   2303.45000    2.14905    0.04859    0.88396    0.05756
   2306.19000    2.14237    0.06804    0.95341    0.07312
   2309.26000    2.04177    0.06212    0.93909    0.03544
   2556.85000    1.42181    0.04792    1.11418    0.07627
   2560.03000    1.41802    0.02692    1.05855    0.05504
   2564.52000    1.45743    0.04696    1.06972    0.05241
   2567.44000    1.48066    0.05405    0.97786    0.07095
   2570.53000    1.44297    0.04132    0.95781    0.06736
   2573.51000    1.41599    0.03253    0.99260    0.03591
   2578.28000    1.40179    0.02628    0.96347    0.07175
   2581.15000    1.45338    0.04143    0.97406    0.03695
   2584.18000    1.36446    0.04989    1.00098    0.05855
   2586.71000    1.39188    0.05248    0.99136    0.06202
   2591.24000    1.39488    0.04775    0.96051    0.06307
   2593.70000    1.46660    0.04751    1.03012    0.03892
   2595.94000    1.39319    0.06921    0.95894    0.03158
   2599.74000    1.31199    0.07313    1.10674    0.07034
   2603.48000    1.29990    0.05701    0.94279    0.04770
   2606.30000    1.37559    0.04664    0.98168    0.07552
   2608.96000    1.31796    0.06437    0.94874    0.06912
   2612.28000    1.33188    0.06249    0.88034    0.03659
   2615.57000    1.38005    0.05613    0.99358    0.04123
   2619.36000    1.37231    0.07021    1.02471    0.05060
   2622.09000    1.29454    0.06342    0.99796    0.05472
   2623.72000    1.32371    0.05475    0.96284    0.05436
   2628.58000    1.29538    0.03527    0.92461    0.04260
   2632.09000    1.29717    0.00853    0.97697    0.02807
   2635.64000    1.30675    0.07876    1.00795    0.07366
   2639.44000    1.27629    0.05033    0.93470    0.02208
   2643.89000    1.20998    0.05269    0.95747    0.05295
   2646.48000    1.18917    0.06942    0.94826    0.04954
   2647.22000    1.29242    0.03933    0.89566    0.07579
   2650.99000    1.17164    0.04545    0.96649    0.04046
   2653.47000    1.21054    0.08803    0.97117    0.07415
   2655.04000    1.18192    0.03682    0.99849    0.05461
   2658.16000    1.08540    0.06143    0.94052    0.05591
   2661.92000    1.12967    0.05473    0.85794    0.06840
   2666.07000    1.11365    0.05447    1.01475    0.05635
   2669.83000    1.14512    0.03711    0.95272    0.03062
   2673.68000    1.13043    0.05323    0.93659    0.03265
   2921.42000    0.86237    0.05622    0.95505    0.05978
   2924.89000    0.85950    0.04295    0.98481    0.06182
   2926.93000    0.82975    0.05484    1.05088    0.04903
   2929.35000    0.79491    0.07192    0.95864    0.02991
   2931.88000    0.98048    0.05572    0.94664    0.04230
   2935.30000    0.98262    0.07333    1.01563    0.08015
   2938.37000    0.92312    0.05103    0.94660    0.05449
   2939.64000    0.81189    0.07042    0.98216    0.05724
   2942.30000    0.89915    0.04448    0.91655    0.05908
   2944.86000    0.81614    0.05351    0.98176    0.05876
   2948.43000    0.87475    0.03465    1.01278    0.05792
   2953.16000    0.99899    0.06466    0.96432    0.08126
   2956.83000    0.83177    0.05309    0.96768    0.05605
   2960.06000    0.97249    0.04304    1.04258    0.04075
   2963.35000    0.88074    0.02561    0.98198    0.04455
   2965.52000    0.89942    0.02703    0.92588    0.06091
   2968.21000    0.98410    0.05236    0.96295    0.05296
   2973.40000    0.87110    0.03825    0.95652    0.01568
   2978.30000    0.99635    0.04653    0.99327    0.04684
   2980.03000    0.96705    0.02002    0.90381    0.05571
   2983.23000    0.88881    0.05041    1.04449    0.04130
   2986.10000    0.89864    0.05860    0.96663    0.04094
   2988.56000    0.98700    0.03803    1.02398    0.07229
   2992.40000    0.98940    0.04227    0.96332    0.05101
   2995.98000    0.89339    0.03174    0.82670    0.06690
   2998.90000    0.93075    0.05994    0.98452    0.05113
   3001.87000    0.87740    0.04792    1.06830    0.05439
   3003.93000    0.94817    0.02664    0.91699    0.05965
   3006.94000    0.98382    0.04033    0.94051    0.05481
   3010.76000    0.88235    0.04595    0.87752    0.07740
   3013.40000    0.86124    0.06473    0.98205    0.04960
   3016.26000    0.94296    0.05647    0.98425    0.04518
   3019.55000    0.91225    0.06480    1.04506    0.06857
   3024.00000    0.99384    0.05807    0.94822    0.04792
   3029.08000    0.95937    0.03959    1.07277    0.06931
   3031.82000    0.91097    0.05050    1.04332    0.07578
   3033.30000    0.90855    0.07154    0.97205    0.04269
   3036.86000    0.92912    0.06629    0.87908    0.07004
   3039.14000    0.92760    0.03490    0.93328    0.02487
   3285.67000    0.76880    0.05283    1.10920    0.06014
   3288.82000    0.74962    0.04226    1.19064    0.07195
   3291.53000    0.84215    0.05660    1.18355    0.08721
   3293.78000    0.67308    0.07309    1.14297    0.05668
   3297.47000    0.80039    0.04825    1.14022    0.05303
   3301.50000    0.71064    0.04976    1.20976    0.06011
   3303.78000    0.71898    0.05019    1.15450    0.04052
   3307.18000    0.65012    0.04857    1.14939    0.04502
   3309.66000    0.69937    0.02954    1.13323    0.05364
   3314.07000    0.68621    0.03817    1.05461    0.07614
   3318.07000    0.58144    0.05355    1.14495    0.04540
   3321.66000    0.71754    0.04314    1.21348    0.06872
   3324.38000    0.72995    0.03887    1.12695    0.03815
   3326.73000    0.72730    0.07039    1.15615    0.07411
   3330.03000    0.75916    0.02736    1.15122    0.04986
   3332.78000    0.77141    0.02746    1.16676    0.05036
   3334.06000    0.65037    0.05884    1.24257    0.07135
   3338.55000    0.71436    0.04371    1.21273    0.02253
   3340.78000    0.65784    0.07105    1.20059    0.03566
   3343.77000    0.66935    0.03123    1.25521    0.06238
   3346.16000    0.65843    0.06708    1.12666    0.05439
   3351.24000    0.66075    0.05894    1.08843    0.05557
   3354.59000    0.74399    0.06315    1.19513    0.05460
   3357.52000    0.71918    0.04090    1.21939    0.05534
   3361.31000    0.65019    0.06679    1.19963    0.04198
   3364.11000    0.70362    0.08717    1.21897    0.03100
   3366.21000    0.78760    0.07554    1.15459    0.07350
   3369.18000    0.82498    0.05748    1.18442    0.07193
   3371.60000    0.67725    0.03964    1.22420    0.07694
   3375.99000    0.66899    0.04481    1.16066    0.07192
   3380.41000    0.63205    0.06613    1.25445    0.04533
   3382.36000    0.68587    0.05150    1.18537    0.03620
   3384.96000    0.69500    0.05140    1.06836    0.05687
   3386.38000    0.71503    0.03172    1.13995    0.02902
   3389.90000    0.62665    0.06163    1.22155    0.06889
   3393.56000    0.65452    0.04902    1.17255    0.05471
   3396.67000    0.65640    0.04662    1.19028    0.08279
   3400.32000    0.68969    0.05718    1.08067    0.03546
   3403.09000    0.62699    0.02945    1.14010    0.02808
   3404.55000    0.76156    0.06710    1.09569    0.07303
