## Time Delay Challenge light curves
##
## [time]=days, [lc]=[err]=flux in nanomaggies
##
##       time       lc_A      err_A       lc_B      err_B
##-------------------------------------------------------
      1.35000    0.66922    0.06530    0.69615    0.05211
      1.91000    0.63222    0.04101    0.73747    0.04437
      5.46000    0.72325    0.07442    0.59627    0.05949
      8.26000    0.64109    0.09234    0.62013    0.03493
     11.40000    0.72251    0.06055    0.61785    0.07151
     14.52000    0.96968    0.06791    0.64155    0.06163
     17.15000    0.90368    0.04731    0.69165    0.04284
     21.40000    0.89001    0.07961    0.79050    0.04130
     25.31000    0.89558    0.02925    0.82004    0.06594
     28.43000    0.79069    0.05553    0.79715    0.05424
     30.24000    0.82396    0.02841    0.85695    0.06981
     31.66000    0.91540    0.03801    0.73065    0.04980
     34.61000    0.89334    0.07104    0.76877    0.05324
     37.65000    0.74616    0.05749    0.75726    0.04866
     41.18000    0.86175    0.04073    0.83611    0.04479
     46.54000    0.76104    0.04208    0.76893    0.06352
     48.96000    0.80841    0.02714    0.70359    0.04461
     50.48000    0.75609    0.05770    0.62482    0.04760
     51.50000    0.78374    0.05737    0.77115    0.05796
     53.49000    0.82747    0.01658    0.72730    0.04117
     54.43000    0.73386    0.06089    0.79373    0.05327
     55.18000    0.86576    0.04495    0.67572    0.05118
     57.81000    0.81486    0.01438    0.66946    0.05249
     61.34000    0.82714    0.03793    0.69428    0.04367
     63.95000    0.88554    0.03899    0.71930    0.03977
     67.27000    0.83688    0.02654    0.73869    0.05479
     70.01000    0.77358    0.02015    0.71603    0.05575
     72.60000    0.80618    0.05780    0.78874    0.07814
     74.10000    0.66290    0.07974    0.75041    0.03596
     76.82000    0.76243    0.03357    0.68002    0.03668
     78.24000    0.75663    0.06352    0.73278    0.06380
     79.32000    1.00484    0.06531    0.81493    0.07588
     80.76000    0.83752    0.06353    0.68258    0.07500
     84.15000    0.79659    0.04179    0.66912    0.05469
     86.97000    0.81630    0.06351    0.63413    0.04794
     89.63000    0.83874    0.04049    0.55470    0.06050
     94.14000    0.85359    0.04736    0.65705    0.02815
     96.16000    0.86864    0.05994    0.63635    0.02867
     99.75000    0.84572    0.05730    0.71299    0.04915
    103.78000    0.69331    0.07547    0.75694    0.02890
    107.75000    0.88304    0.04353    0.67216    0.05286
    110.60000    0.85736    0.04605    0.79125    0.06539
    113.48000    0.84857    0.06082    0.74924    0.08736
    116.76000    0.85529    0.03688    0.73804    0.07978
    365.03000    0.87238    0.05494    0.65873    0.06418
    370.33000    0.94287    0.04460    0.67952    0.04454
    373.11000    0.88006    0.05542    0.76649    0.05430
    376.36000    0.93746    0.06087    0.81999    0.04643
    379.57000    0.89962    0.05128    0.78067    0.07057
    382.00000    0.97166    0.07590    0.76983    0.04600
    383.85000    0.91218    0.06850    0.79629    0.04197
    385.72000    0.87009    0.03803    0.79335    0.06367
    389.29000    0.94472    0.07532    0.73717    0.02871
    391.68000    0.80013    0.04946    0.79736    0.02872
    394.14000    0.87949    0.07480    0.73875    0.05051
    396.54000    0.90467    0.06827    0.77885    0.07809
    400.20000    0.84114    0.06789    0.74145    0.02995
    403.21000    0.90885    0.04767    0.77303    0.03738
    406.35000    0.86763    0.05400    0.78531    0.06398
    408.99000    0.90499    0.03100    0.79313    0.04534
    412.23000    0.86786    0.04188    0.78338    0.04379
    415.81000    0.93394    0.07213    0.67459    0.05920
    416.42000    0.84683    0.05145    0.75033    0.03517
    417.93000    0.81621    0.06807    0.82309    0.05521
    421.07000    0.75842    0.06573    0.73781    0.04339
    423.90000    0.80626    0.09203    0.66350    0.05165
    426.30000    0.82058    0.05070    0.67876    0.04755
    430.12000    0.78229    0.05244    0.66357    0.05789
    433.17000    0.84074    0.02657    0.77925    0.06919
    437.57000    0.74618    0.06117    0.74170    0.05632
    440.40000    0.85057    0.06920    0.67811    0.05461
    444.37000    0.74013    0.06607    0.66832    0.05391
    445.89000    0.76769    0.05459    0.69925    0.06686
    448.19000    0.72538    0.02034    0.69065    0.02738
    451.47000    0.70388    0.05177    0.67749    0.04279
    454.27000    0.82880    0.06926    0.65412    0.05451
    457.88000    0.69722    0.03484    0.66600    0.04252
    462.16000    0.85378    0.05371    0.76622    0.08805
    464.77000    0.75888    0.06143    0.67277    0.06371
    467.70000    0.75123    0.05107    0.73131    0.06066
    471.18000    0.59518    0.07048    0.57030    0.07869
    473.68000    0.72259    0.05001    0.66031    0.04459
    476.25000    0.67392    0.01197    0.65277    0.05818
    480.07000    0.72502    0.02708    0.52830    0.05614
    482.00000    0.67727    0.01666    0.47298    0.06839
    731.19000    1.07085    0.09016    0.80192    0.05492
    733.97000    0.83155    0.06217    0.79325    0.05045
    736.51000    0.86294    0.03720    0.75540    0.08081
    739.79000    0.81301    0.07223    0.82978    0.02316
    742.20000    0.87356    0.06324    0.85466    0.05293
    745.22000    0.72109    0.07090    0.73088    0.03326
    747.47000    0.78470    0.05840    0.77165    0.04592
    750.74000    0.80932    0.04768    0.92675    0.08805
    752.39000    0.75546    0.07478    0.75251    0.03456
    754.09000    0.80231    0.00150    0.74447    0.05309
    755.78000    0.71860    0.04101    0.70994    0.05158
    759.11000    0.68689    0.05633    0.71464    0.05416
    763.39000    0.85181    0.06067    0.70105    0.05066
    768.20000    0.79007    0.02789    0.72370    0.01250
    769.59000    0.75284    0.05667    0.77409    0.05085
    773.51000    0.79959    0.09904    0.75325    0.04898
    775.27000    0.81024    0.05024    0.81273    0.07848
    776.49000    0.87042    0.05622    0.78840    0.03619
    779.43000    0.83373    0.04809    0.67987    0.07347
    783.28000    0.88834    0.05007    0.82899    0.09372
    786.81000    0.84696    0.05105    0.66987    0.05320
    789.21000    0.79717    0.05727    0.68609    0.07165
    793.07000    0.80029    0.05448    0.68837    0.06289
    796.52000    0.78847    0.03995    0.69466    0.05915
    797.78000    0.86026    0.06329    0.72972    0.02911
    799.64000    0.80109    0.04232    0.70412    0.02091
    802.35000    0.88772    0.03728    0.69269    0.02216
    806.24000    0.81949    0.06836    0.85634    0.07521
    810.36000    0.89937    0.06778    0.75860    0.02291
    815.17000    0.80305    0.07936    0.83310    0.05361
    816.82000    0.77736    0.06598    0.79745    0.07389
    817.90000    0.89556    0.06231    0.80877    0.04898
    821.62000    0.84721    0.07637    0.73375    0.04848
    822.93000    0.89322    0.05186    0.79171    0.07215
    826.14000    0.86285    0.07471    0.79484    0.06057
    829.21000    0.85885    0.03880    0.75624    0.03110
    832.08000    0.83811    0.08662    0.73553    0.04604
    832.71000    0.97293    0.07030    0.64905    0.07507
    833.35000    0.88350    0.06587    0.77376    0.04456
    836.08000    0.84921    0.03232    0.81988    0.04587
    838.20000    0.84453    0.02961    0.88361    0.04504
    842.10000    0.85730    0.04146    0.76518    0.03400
    845.03000    0.87002    0.04382    0.72467    0.06449
    848.24000    0.87340    0.04252    0.73126    0.05238
   1098.68000    0.90091    0.06707    0.68088    0.07764
   1099.54000    0.87651    0.08785    0.84442    0.03940
   1102.07000    0.83405    0.05353    0.91800    0.05964
   1104.95000    0.94756    0.05031    0.83182    0.04876
   1106.82000    0.88528    0.07036    0.75530    0.05344
   1111.26000    0.76318    0.05494    0.78601    0.05967
   1114.82000    0.89333    0.02132    0.73286    0.02341
   1117.46000    0.87441    0.03513    0.82664    0.07264
   1120.27000    0.87138    0.04186    0.83255    0.06028
   1122.68000    0.98199    0.08025    0.79381    0.05550
   1125.40000    0.86869    0.02580    0.67837    0.05781
   1128.96000    0.80826    0.03511    0.70834    0.02542
   1131.89000    0.90965    0.04880    0.67013    0.06225
   1134.19000    0.82888    0.03708    0.77535    0.03625
   1136.81000    0.82399    0.04198    0.85267    0.08568
   1140.24000    0.86043    0.04916    0.77644    0.05843
   1143.74000    0.84373    0.03897    0.75540    0.05529
   1148.46000    0.91289    0.07774    0.68623    0.03710
   1152.01000    0.84262    0.04032    0.73311    0.04076
   1154.38000    0.83320    0.08260    0.67671    0.05050
   1158.23000    0.91289    0.06207    0.69679    0.04988
   1160.64000    0.95024    0.04642    0.71349    0.06105
   1162.36000    0.79782    0.04832    0.68423    0.04406
   1164.45000    0.80448    0.05193    0.79317    0.06342
   1168.89000    0.75379    0.06390    0.78901    0.05556
   1172.56000    0.84248    0.06860    0.69747    0.04164
   1175.37000    0.81733    0.07874    0.69673    0.01490
   1177.80000    0.76884    0.04811    0.71310    0.03020
   1180.92000    0.79327    0.07541    0.79870    0.04582
   1185.73000    0.86920    0.07435    0.69235    0.06470
   1189.31000    0.78282    0.03555    0.74858    0.05319
   1190.54000    0.84821    0.02353    0.74602    0.05857
   1193.12000    0.79388    0.03838    0.75462    0.01869
   1195.42000    0.77563    0.05159    0.67107    0.06671
   1198.66000    0.76843    0.04804    0.68363    0.06808
   1202.54000    0.75302    0.06432    0.68730    0.03912
   1205.34000    0.73707    0.03525    0.70329    0.02052
   1207.50000    0.76061    0.04153    0.66545    0.01551
   1210.03000    0.81437    0.04730    0.64949    0.04051
   1213.60000    0.86234    0.05629    0.66501    0.05225
   1461.02000    0.77892    0.03072    0.74204    0.03589
   1463.73000    0.81604    0.04557    0.82107    0.08774
   1466.48000    0.79633    0.03835    0.71094    0.05650
   1469.73000    0.70024    0.04937    0.69916    0.02612
   1472.10000    0.73238    0.05301    0.70117    0.05371
   1474.64000    0.74080    0.04131    0.68319    0.05422
   1478.13000    0.74506    0.05981    0.68607    0.07391
   1480.42000    0.72361    0.05201    0.76366    0.02328
   1481.91000    0.78317    0.03771    0.78646    0.07659
   1485.51000    0.79615    0.03144    0.89136    0.08456
   1488.65000    0.72741    0.04942    0.69001    0.06147
   1492.88000    0.70939    0.05821    0.70139    0.03607
   1495.70000    0.71499    0.06858    0.69462    0.03772
   1498.72000    0.69931    0.06257    0.66527    0.06601
   1502.05000    0.76746    0.07306    0.74143    0.05770
   1506.84000    0.77856    0.04582    0.79832    0.05093
   1510.67000    0.81742    0.03535    0.72564    0.06398
   1513.38000    0.79298    0.04372    0.71741    0.05119
   1518.07000    0.80160    0.04331    0.71871    0.04091
   1521.44000    0.81511    0.04909    0.74032    0.03233
   1524.67000    0.84374    0.06819    0.78176    0.06333
   1526.56000    0.85637    0.06647    0.76492    0.03782
   1528.70000    0.88917    0.05934    0.67761    0.05156
   1532.02000    0.86696    0.04526    0.76789    0.02698
   1535.30000    0.74402    0.08323    0.75178    0.04618
   1538.20000    0.83721    0.04791    0.73841    0.03008
   1543.44000    0.67241    0.05001    0.72820    0.05776
   1545.47000    0.75770    0.07171    0.65737    0.08768
   1549.73000    0.79540    0.07861    0.74793    0.06253
   1553.61000    0.78327    0.06756    0.57417    0.09273
   1556.63000    0.77124    0.02547    0.60330    0.07655
   1561.01000    0.80836    0.05478    0.73696    0.04911
   1563.43000    0.82651    0.07847    0.69647    0.08329
   1565.74000    0.83057    0.03687    0.73972    0.02537
   1568.89000    0.82242    0.04605    0.67776    0.05166
   1571.83000    0.88102    0.04845    0.77662    0.04263
   1575.14000    0.87907    0.08283    0.68967    0.07535
   1578.10000    0.75108    0.07064    0.66748    0.05013
   1825.36000    0.89115    0.05365    0.77946    0.04825
   1828.31000    0.90113    0.05938    0.83148    0.03669
   1831.75000    0.85137    0.04627    0.83109    0.03727
   1833.63000    0.76945    0.03706    0.71940    0.04768
   1836.76000    0.72413    0.05290    0.78893    0.05355
   1842.59000    0.77624    0.05790    0.80405    0.04034
   1845.63000    0.80592    0.05478    0.69096    0.02425
   1849.22000    0.80253    0.06333    0.75754    0.03445
   1852.50000    0.76505    0.05802    0.90866    0.06857
   1858.13000    0.85152    0.04115    0.63407    0.07313
   1863.70000    0.79918    0.04105    0.77745    0.03635
   1865.34000    0.75323    0.08630    0.76918    0.04307
   1868.70000    0.80327    0.03719    0.70758    0.07596
   1872.46000    0.83955    0.06227    0.79483    0.04518
   1874.19000    0.81728    0.05929    0.77807    0.04376
   1876.05000    0.74961    0.03963    0.65074    0.05207
   1879.11000    0.77600    0.02917    0.76314    0.06263
   1883.63000    0.72560    0.04022    0.68478    0.03406
   1887.03000    0.81289    0.05707    0.73775    0.04397
   1889.08000    0.74235    0.01658    0.71018    0.04589
   1891.80000    0.72001    0.06186    0.68398    0.05875
   1893.58000    0.82570    0.04964    0.65781    0.07141
   1895.93000    0.83480    0.08821    0.68256    0.03860
   1898.78000    0.70778    0.04164    0.60448    0.06168
   1900.81000    0.75876    0.03547    0.76312    0.06332
   1902.83000    0.72530    0.04624    0.72322    0.03716
   1905.29000    0.83892    0.04048    0.81039    0.03508
   1907.82000    0.77425    0.06511    0.72162    0.04982
   1910.43000    0.64094    0.05521    0.76622    0.05471
   1914.60000    0.70813    0.04712    0.79909    0.05254
   1917.78000    0.64793    0.07388    0.73984    0.07543
   1920.72000    0.76374    0.06777    0.68855    0.06639
   1922.85000    0.65710    0.05926    0.70536    0.08522
   1924.72000    0.82470    0.04257    0.65598    0.06900
   1926.89000    0.73448    0.05478    0.62607    0.04482
   1931.23000    0.71654    0.07514    0.70397    0.04706
   1934.74000    0.65390    0.05970    0.64286    0.06211
   1936.98000    0.73026    0.04370    0.74974    0.08000
   1940.02000    0.73083    0.04001    0.73241    0.01178
   1942.19000    0.71426    0.05874    0.76484    0.04143
   2190.39000    0.84489    0.03991    0.83530    0.05697
   2192.52000    0.94716    0.02912    0.85842    0.04237
   2194.43000    0.84482    0.04024    0.77583    0.05134
   2197.26000    0.95606    0.06618    0.81466    0.03422
   2199.80000    0.81839    0.05080    0.81024    0.06528
   2203.46000    0.87151    0.05018    0.79112    0.06209
   2207.41000    0.80436    0.03735    0.81949    0.02751
   2210.92000    0.84619    0.03490    0.85986    0.07144
   2214.67000    0.82381    0.04575    0.76964    0.05304
   2217.18000    0.86929    0.06367    0.74467    0.04573
   2220.89000    0.91098    0.06760    0.75350    0.07905
   2223.30000    0.97278    0.05032    0.87569    0.10317
   2224.94000    0.78937    0.07872    0.77983    0.04696
   2228.91000    0.96739    0.03536    0.92084    0.07044
   2230.66000    0.82963    0.08052    0.88283    0.06221
   2233.36000    0.88409    0.05103    0.93290    0.07077
   2233.42000    0.75327    0.04712    0.83917    0.06335
   2235.10000    0.71766    0.08824    0.77169    0.04126
   2238.99000    0.82686    0.06637    0.91807    0.06715
   2243.52000    0.89497    0.03781    0.76602    0.05817
   2245.38000    0.95962    0.07140    0.67705    0.06247
   2247.72000    0.91566    0.07378    0.69947    0.07094
   2250.27000    0.75812    0.02150    0.80397    0.10559
   2253.53000    0.67202    0.06424    0.76777    0.04677
   2256.05000    0.70194    0.08658    0.81077    0.05388
   2258.35000    0.76589    0.04438    0.87265    0.06444
   2260.94000    0.84054    0.04772    0.70521    0.03872
   2264.63000    0.78151    0.05348    0.78377    0.06524
   2265.89000    0.60730    0.05404    0.74537    0.03872
   2268.71000    0.72778    0.09258    0.81483    0.04489
   2269.87000    0.77460    0.06059    0.75136    0.04140
   2274.59000    0.66884    0.05843    0.71913    0.07295
   2277.38000    0.85425    0.05826    0.77300    0.03962
   2279.85000    0.75055    0.05890    0.77958    0.07996
   2280.86000    0.76082    0.05943    0.71333    0.03839
   2283.86000    0.78506    0.05261    0.76683    0.00575
   2286.79000    0.78512    0.04082    0.71688    0.03460
   2291.18000    0.86341    0.07805    0.85802    0.07633
   2293.40000    0.76908    0.04353    0.78626    0.04020
   2296.25000    0.81127    0.03083    0.75763    0.04916
   2300.98000    0.90888    0.07114    0.91907    0.05306
   2305.01000    0.75974    0.06572    0.64488    0.06669
   2305.90000    0.89296    0.06606    0.75932    0.06087
   2308.11000    0.65639    0.06275    0.72927    0.06632
   2555.94000    0.59052    0.06160    0.59098    0.02704
   2558.84000    0.61248    0.05370    0.54421    0.07385
   2562.21000    0.51511    0.05667    0.58861    0.07823
   2564.81000    0.66054    0.07510    0.65178    0.04516
   2568.46000    0.61034    0.03221    0.64930    0.04351
   2572.97000    0.65118    0.01965    0.67262    0.05369
   2577.24000    0.66416    0.01999    0.64203    0.04223
   2579.56000    0.67712    0.06918    0.66937    0.02283
   2582.16000    0.61816    0.07149    0.63413    0.04035
   2585.64000    0.50889    0.07856    0.73968    0.07403
   2590.28000    0.74483    0.06376    0.54270    0.04292
   2592.41000    0.66010    0.07152    0.60122    0.05815
   2595.22000    0.67191    0.05591    0.61741    0.08682
   2597.32000    0.63424    0.03046    0.62305    0.01575
   2599.83000    0.59847    0.04992    0.57523    0.02293
   2602.63000    0.69978    0.05720    0.65469    0.05422
   2605.63000    0.63952    0.06328    0.56169    0.06325
   2610.44000    0.79077    0.04368    0.72278    0.06098
   2612.25000    0.63262    0.06642    0.76631    0.04347
   2613.90000    0.62773    0.08631    0.72372    0.04366
   2617.07000    0.76566    0.03325    0.72467    0.04981
   2621.61000    0.74472    0.01618    0.79152    0.03879
   2624.04000    0.79360    0.06041    0.73621    0.02378
   2626.52000    0.75173    0.04408    0.83135    0.06625
   2629.55000    0.76938    0.04926    0.76971    0.08218
   2634.36000    0.81931    0.05646    0.69953    0.04948
   2636.14000    0.79937    0.01374    0.77881    0.02070
   2639.30000    0.75482    0.04298    0.67309    0.07257
   2642.51000    0.85178    0.03604    0.76749    0.04758
   2646.37000    0.82224    0.04600    0.79678    0.06722
   2648.78000    0.91907    0.05422    0.88661    0.06409
   2651.84000    0.71823    0.06986    0.89911    0.06374
   2655.23000    0.88015    0.07234    0.79255    0.02738
   2658.44000    0.67967    0.07192    0.77198    0.05763
   2660.88000    0.75416    0.07202    0.79429    0.04418
   2662.56000    0.73660    0.06187    0.71015    0.06296
   2666.01000    0.64523    0.08653    0.70602    0.06448
   2669.12000    0.77885    0.07062    0.73086    0.05971
   2670.35000    0.64403    0.07739    0.65082    0.03473
   2673.08000    0.66989    0.05671    0.77022    0.02650
   2921.77000    0.78038    0.07285    0.63334    0.05009
   2925.23000    0.65630    0.06376    0.68891    0.04715
   2928.44000    0.66609    0.03992    0.70742    0.05910
   2929.75000    0.65101    0.00602    0.71100    0.06115
   2932.21000    0.64720    0.04623    0.69743    0.02356
   2936.36000    0.71422    0.06397    0.63170    0.04548
   2938.63000    0.65804    0.01683    0.66764    0.04334
   2940.73000    0.70745    0.04417    0.65207    0.02878
   2943.29000    0.72680    0.06215    0.63492    0.04820
   2945.83000    0.68807    0.02950    0.70148    0.04669
   2948.98000    0.70899    0.04790    0.72419    0.03847
   2950.76000    0.67430    0.06441    0.69027    0.06780
   2953.47000    0.69282    0.05198    0.80474    0.05102
   2956.94000    0.56857    0.05413    0.69832    0.06960
   2960.86000    0.71897    0.03536    0.78891    0.07664
   2963.15000    0.67673    0.04096    0.67208    0.06982
   2966.56000    0.60893    0.05795    0.70030    0.07272
   2970.53000    0.75394    0.06729    0.60431    0.05419
   2972.43000    0.72720    0.06663    0.67202    0.06236
   2975.29000    0.73750    0.03817    0.81372    0.06299
   2978.80000    0.74027    0.03317    0.67493    0.02995
   2980.58000    0.76867    0.06794    0.67046    0.05319
   2984.31000    0.80246    0.05062    0.72178    0.03482
   2987.56000    0.60384    0.07287    0.84165    0.05135
   2990.27000    0.79024    0.09185    0.80083    0.03325
   2992.97000    0.62913    0.06061    0.69295    0.05454
   2996.87000    0.60883    0.06813    0.78064    0.07931
   2999.19000    0.65481    0.06199    0.81010    0.06173
   3001.25000    0.76256    0.05409    0.71090    0.03557
   3004.97000    0.69932    0.07321    0.75645    0.04702
   3008.57000    0.77626    0.04216    0.80705    0.04074
   3011.80000    0.84915    0.04661    0.73147    0.06410
   3014.62000    0.71817    0.03753    0.76481    0.06851
   3018.08000    0.70709    0.04802    0.79732    0.02738
   3022.08000    0.67615    0.06363    0.81169    0.04910
   3025.84000    0.75894    0.04683    0.75437    0.05379
   3030.06000    0.67903    0.04624    0.78325    0.05546
   3031.90000    0.68705    0.05365    0.68449    0.06628
   3035.29000    0.71664    0.04319    0.76773    0.05103
   3036.75000    0.82919    0.04746    0.73219    0.04990
   3285.03000    0.73909    0.06665    0.69473    0.06304
   3288.87000    0.61101    0.03633    0.68042    0.05541
   3291.93000    0.64226    0.05290    0.84281    0.07307
   3292.62000    0.63285    0.06685    0.70526    0.06300
   3294.80000    0.64920    0.05504    0.77704    0.07407
   3300.46000    0.58138    0.05649    0.73371    0.05749
   3303.25000    0.65694    0.05727    0.70655    0.05876
   3306.52000    0.54326    0.06431    0.60362    0.07756
   3308.91000    0.59186    0.04782    0.67086    0.06894
   3312.44000    0.50700    0.07711    0.57361    0.03418
   3315.42000    0.60547    0.05982    0.62085    0.03033
   3320.45000    0.71912    0.01734    0.65717    0.03007
   3323.83000    0.52423    0.05424    0.79629    0.06020
   3325.92000    0.71256    0.06232    0.63991    0.05690
   3328.46000    0.71122    0.05268    0.67592    0.05383
   3330.40000    0.69207    0.04117    0.72560    0.04992
   3334.82000    0.71285    0.02770    0.84631    0.07338
   3336.98000    0.66798    0.05994    0.77791    0.03506
   3337.61000    0.58514    0.04610    0.79147    0.07603
   3341.66000    0.60759    0.04447    0.73934    0.05691
   3346.70000    0.66444    0.04444    0.68470    0.05633
   3349.40000    0.72565    0.05663    0.60479    0.06135
   3352.38000    0.70697    0.04793    0.65720    0.02741
   3353.77000    0.58469    0.07759    0.76585    0.04629
   3358.27000    0.74488    0.04622    0.71337    0.04309
   3362.18000    0.68120    0.08034    0.63428    0.04650
   3364.72000    0.74315    0.03680    0.72401    0.05972
   3369.05000    0.71201    0.03479    0.69505    0.05466
   3372.40000    0.76198    0.03408    0.79425    0.05945
   3374.96000    0.83679    0.04902    0.70800    0.06624
   3380.50000    0.74294    0.04746    0.87139    0.05956
   3385.97000    0.89133    0.07313    0.82988    0.06132
   3388.70000    0.74537    0.04002    0.77207    0.05318
   3391.22000    0.68507    0.06619    0.93254    0.07203
   3395.81000    0.76998    0.05677    0.74739    0.06744
   3399.43000    0.89651    0.06529    0.79231    0.04872
   3404.82000    0.79306    0.03876    1.02559    0.06804
