## Time Delay Challenge light curves
##
## [time]=days, [lc]=[err]=flux in nanomaggies
##
##       time       lc_A      err_A       lc_B      err_B
##-------------------------------------------------------
      1.91000    0.74568    0.08188    0.25090    0.06575
      4.96000    0.47805    0.07375    0.31771    0.04975
      8.42000    0.61682    0.06560    0.29812    0.04601
     11.53000    0.60447    0.06276    0.20039    0.05078
     14.81000    0.59377    0.04258    0.28892    0.06143
     17.71000    0.60523    0.03695    0.10033    0.06277
     19.80000    0.58381    0.02889    0.28981    0.05282
     23.07000    0.56486    0.05673    0.23382    0.03553
     26.39000    0.50968    0.07050    0.26495    0.05314
     30.29000    0.59139    0.04812    0.25167    0.04312
     34.40000    0.61875    0.07584    0.13141    0.07853
     36.10000    0.56591    0.06215    0.25137    0.06579
     38.85000    0.41953    0.04520    0.32321    0.05121
     40.60000    0.47131    0.03914    0.29040    0.04248
     44.44000    0.70428    0.06315    0.34051    0.03001
     47.39000    0.73281    0.09330    0.22660    0.07069
     52.27000    0.74350    0.03850    0.30480    0.04338
     54.64000    0.61780    0.04244    0.27595    0.06575
     55.95000    0.65432    0.04862    0.22676    0.05020
     59.89000    0.66937    0.07580    0.25731    0.03611
     63.69000    0.50978    0.05456    0.34512    0.05746
     66.83000    0.51693    0.06650    0.27909    0.04573
     68.83000    0.60486    0.05010    0.32905    0.03633
     73.01000    0.59212    0.04411    0.33691    0.06191
     76.96000    0.64729    0.05256    0.24868    0.02775
     79.96000    0.69975    0.06387    0.39366    0.04506
     82.82000    0.75383    0.05962    0.29220    0.05574
     85.09000    0.49633    0.07133    0.48306    0.05109
     87.55000    0.70097    0.05009    0.40905    0.04846
     90.46000    0.73890    0.05404    0.33141    0.07891
     93.73000    0.81050    0.03801    0.21745    0.04509
     96.01000    0.84954    0.02924    0.35099    0.01895
     98.40000    0.75439    0.05976    0.35473    0.03481
     99.92000    0.78608    0.06107    0.36324    0.06380
    101.32000    0.82788    0.07072    0.33137    0.09960
    105.57000    0.84340    0.04546    0.32615    0.04086
    110.49000    0.76060    0.06943    0.12039    0.05018
    111.32000    0.71589    0.01715    0.23976    0.04418
    115.85000    0.61950    0.06957    0.23264    0.05888
    118.38000    0.54550    0.06022    0.34910    0.06771
    368.34000    0.96826    0.04636    0.43465    0.06645
    372.53000    0.75918    0.07649    0.30117    0.04456
    375.49000    0.70989    0.03887    0.33111    0.05897
    379.78000    0.76612    0.05927    0.25971    0.05191
    381.18000    0.74875    0.04231    0.29390    0.02801
    385.55000    0.59074    0.05809    0.41986    0.06560
    389.33000    0.60469    0.04658    0.25139    0.02986
    392.71000    0.65565    0.04794    0.29538    0.07136
    394.45000    0.69003    0.05164    0.24047    0.05328
    397.43000    0.59424    0.05126    0.24591    0.01390
    401.30000    0.64521    0.07779    0.27779    0.01145
    404.65000    0.50813    0.06279    0.17508    0.07202
    406.62000    0.53430    0.02377    0.32074    0.04984
    411.42000    0.64964    0.03436    0.36543    0.05611
    413.67000    0.65810    0.04540    0.18708    0.08024
    415.54000    0.63225    0.05559    0.22870    0.02992
    417.19000    0.64392    0.05985    0.17489    0.04677
    418.67000    0.55076    0.05788    0.26708    0.04106
    421.62000    0.52695    0.05186    0.17872    0.04116
    425.08000    0.49778    0.07411    0.25001    0.01829
    427.59000    0.58957    0.05481    0.31458    0.04737
    431.25000    0.45848    0.02821    0.19477    0.02516
    435.29000    0.61212    0.01892    0.18568    0.05780
    439.08000    0.49221    0.04962    0.35148    0.04791
    442.46000    0.54475    0.02048    0.36098    0.02759
    445.43000    0.65112    0.07777    0.23862    0.04984
    449.81000    0.85983    0.06345    0.27258    0.06163
    453.92000    0.67544    0.05305    0.32628    0.04794
    458.80000    0.67355    0.09381    0.34172    0.04792
    461.84000    0.64808    0.05897    0.46616    0.05403
    463.61000    0.68472    0.04587    0.38488    0.05160
    467.98000    0.92607    0.08191    0.39512    0.04440
    471.37000    0.98737    0.02050    0.38166    0.05629
    473.17000    1.06648    0.03732    0.21897    0.07855
    475.29000    0.86864    0.04441    0.37386    0.02664
    477.48000    0.80896    0.06547    0.39653    0.06077
    480.18000    0.78260    0.04452    0.49552    0.05242
    481.48000    0.80638    0.06591    0.29532    0.07918
    482.45000    0.69928    0.08204    0.42179    0.06781
    731.02000    0.77613    0.05523    0.37696    0.06699
    733.69000    0.74468    0.07481    0.34450    0.05075
    737.88000    0.66522    0.02630    0.29891    0.05606
    741.76000    0.76818    0.07342    0.30899    0.06703
    744.66000    0.71602    0.05264    0.34772    0.01769
    746.98000    0.66876    0.05550    0.19591    0.08041
    748.15000    0.60523    0.05024    0.37524    0.06695
    751.29000    0.68005    0.04675    0.16910    0.06944
    753.93000    0.75829    0.06548    0.22743    0.06292
    757.00000    0.76969    0.09416    0.22415    0.07815
    759.95000    0.54030    0.03674    0.25974    0.07178
    762.87000    0.69079    0.06373    0.23417    0.04991
    765.41000    0.50001    0.05388    0.29058    0.05861
    767.93000    0.33994    0.06292    0.36513    0.05127
    772.38000    0.39964    0.04907    0.30749    0.05085
    775.12000    0.50811    0.03970    0.34530    0.07313
    777.49000    0.46818    0.05098    0.26635    0.04341
    781.40000    0.61811    0.05121    0.28268    0.06982
    784.24000    0.49905    0.03025    0.22426    0.05613
    788.50000    0.35077    0.08949    0.20188    0.05122
    792.52000    0.48811    0.07254    0.27386    0.06580
    794.92000    0.60524    0.04234    0.29098    0.05276
    796.31000    0.58449    0.04041    0.32247    0.04669
    800.71000    0.73424    0.03803    0.21119    0.04372
    803.52000    0.62429    0.06337    0.26561    0.04879
    805.80000    0.58169    0.05780    0.31776    0.05617
    807.94000    0.61591    0.03982    0.27887    0.02713
    811.20000    0.50742    0.04131    0.39131    0.03744
    812.76000    0.63600    0.07167    0.40270    0.08551
    814.61000    0.59276    0.04799    0.39975    0.06159
    818.38000    0.55789    0.04968    0.43725    0.07676
    821.61000    0.83732    0.03891    0.36034    0.02160
    824.15000    0.86105    0.05612    0.26231    0.05533
    828.93000    0.82975    0.04441    0.21321    0.07123
    832.03000    1.02664    0.06584    0.34579    0.07061
    835.67000    0.77678    0.03054    0.29298    0.04859
    839.83000    0.89012    0.04529    0.23612    0.05742
    842.33000    0.74549    0.04928    0.24233    0.06323
    845.88000    0.69999    0.06286    0.33150    0.04743
   1097.02000    1.12226    0.04895    0.42133    0.07876
   1101.41000    1.00809    0.05870    0.49036    0.05433
   1104.11000    1.03578    0.04251    0.60375    0.06853
   1108.04000    1.13273    0.03050    0.48521    0.04648
   1111.16000    1.09301    0.06628    0.18927    0.06455
   1115.29000    1.22858    0.04808    0.45195    0.02364
   1118.88000    0.94872    0.03106    0.42926    0.07152
   1122.00000    1.03436    0.08161    0.56381    0.05834
   1124.06000    0.90679    0.06872    0.48930    0.02152
   1127.96000    0.95345    0.04781    0.49511    0.06327
   1131.83000    1.11202    0.04878    0.46739    0.03457
   1134.45000    0.99171    0.02967    0.51094    0.05455
   1137.20000    1.11336    0.05457    0.52673    0.04065
   1140.23000    1.08788    0.01735    0.59041    0.06220
   1144.89000    1.22947    0.08614    0.38720    0.08492
   1146.13000    1.21617    0.02995    0.46200    0.05248
   1148.45000    1.21106    0.03720    0.56739    0.05600
   1152.36000    1.07871    0.04907    0.51934    0.08242
   1154.94000    1.22884    0.05364    0.62599    0.04155
   1159.24000    1.22019    0.02558    0.50289    0.01546
   1162.28000    1.19997    0.06947    0.47393    0.05417
   1165.95000    1.06888    0.00679    0.51053    0.04606
   1168.93000    1.11889    0.08123    0.49991    0.07222
   1172.44000    0.99920    0.04260    0.42186    0.04191
   1174.57000    1.02729    0.03488    0.46539    0.03656
   1178.50000    0.91672    0.02624    0.39958    0.08547
   1179.33000    0.95107    0.02637    0.38879    0.06375
   1182.29000    1.07259    0.06078    0.31476    0.01683
   1184.57000    0.95453    0.04137    0.34792    0.04243
   1187.28000    0.86806    0.06234    0.35688    0.06193
   1189.90000    0.65544    0.06859    0.40354    0.05115
   1193.36000    0.95103    0.05850    0.37964    0.00954
   1198.31000    0.89214    0.07545    0.45132    0.04569
   1201.40000    0.72388    0.05827    0.46914    0.04192
   1204.50000    0.97905    0.07191    0.50257    0.07938
   1205.91000    1.03734    0.04737    0.41680    0.05433
   1209.34000    1.06389    0.01229    0.44793    0.06617
   1212.95000    0.84060    0.06188    0.37030    0.02241
   1460.28000    0.95473    0.03697    0.32777    0.06245
   1462.79000    0.91177    0.05768    0.32920    0.03402
   1466.42000    0.79046    0.03907    0.41265    0.05114
   1467.44000    0.77274    0.07220    0.47141    0.07913
   1470.00000    0.56182    0.05080    0.41605    0.04967
   1473.45000    0.75221    0.07587    0.42246    0.04258
   1476.66000    0.93579    0.05593    0.33955    0.08251
   1479.14000    1.05558    0.05534    0.39332    0.08186
   1482.81000    0.82343    0.05734    0.33814    0.07970
   1487.88000    0.62795    0.04681    0.54993    0.05795
   1491.23000    0.71364    0.04686    0.38024    0.03568
   1494.57000    0.78622    0.05327    0.27476    0.04115
   1496.51000    0.88935    0.03269    0.18017    0.07524
   1499.21000    0.88744    0.05945    0.32108    0.06801
   1501.98000    0.62465    0.05295    0.31668    0.05477
   1504.43000    0.64749    0.04864    0.38547    0.08026
   1506.59000    0.66687    0.05320    0.30173    0.05171
   1510.55000    0.63046    0.03982    0.26573    0.03597
   1513.18000    0.61008    0.03565    0.36287    0.03469
   1516.89000    0.68212    0.04790    0.43711    0.06426
   1517.23000    0.59642    0.01346    0.37974    0.02154
   1521.23000    0.63669    0.09024    0.40449    0.03798
   1524.93000    0.79315    0.06789    0.36737    0.04989
   1528.15000    0.82548    0.05819    0.36090    0.06548
   1530.31000    0.78449    0.02247    0.36827    0.08309
   1533.53000    0.86911    0.07300    0.44867    0.06513
   1535.04000    0.84231    0.05715    0.44736    0.07196
   1536.96000    0.84493    0.06902    0.37568    0.04615
   1540.85000    0.92293    0.06390    0.37734    0.03657
   1545.27000    0.78918    0.04294    0.47978    0.03536
   1547.77000    0.84072    0.04763    0.42659    0.07143
   1549.72000    0.94745    0.05210    0.40942    0.04523
   1553.59000    0.82407    0.02847    0.40918    0.05721
   1554.12000    0.83583    0.03846    0.39027    0.04635
   1556.91000    0.97786    0.05362    0.43279    0.03888
   1557.84000    0.86614    0.06668    0.46895    0.05599
   1562.32000    1.02157    0.07875    0.48553    0.04849
   1566.53000    1.11293    0.05143    0.55615    0.05390
   1568.22000    0.98204    0.05469    0.51971    0.06976
   1572.96000    1.00594    0.01834    0.55380    0.06024
   1575.58000    0.96402    0.04005    0.51090    0.06545
   1579.57000    1.17128    0.07363    0.54390    0.07753
   1827.57000    0.37294    0.07045    0.18194    0.07779
   1831.55000    0.34171    0.04726    0.12361    0.04208
   1835.01000    0.29259    0.05421    0.19808    0.05016
   1838.69000    0.35822    0.07331    0.12113    0.04958
   1842.49000    0.58867    0.08265    0.25915    0.06078
   1846.27000    0.38203    0.03972    0.18227    0.05995
   1849.22000    0.40076    0.00721    0.20780    0.03448
   1851.15000    0.44323    0.05765    0.20008    0.06820
   1854.38000    0.34167    0.07399    0.31307    0.04455
   1856.81000    0.44235    0.05368    0.30370    0.06039
   1859.38000    0.45350    0.04975    0.32323    0.03471
   1862.34000    0.59993    0.05935    0.29202    0.03036
   1862.72000    0.60691    0.05193    0.34780    0.01568
   1864.07000    0.51791    0.04658    0.30565    0.03994
   1866.87000    0.66920    0.05469    0.31572    0.06755
   1869.68000    0.62525    0.02695    0.52321    0.05101
   1870.72000    0.72841    0.06236    0.48371    0.02557
   1873.67000    0.79609    0.03148    0.29820    0.07039
   1875.25000    0.72574    0.03497    0.32215    0.04452
   1877.82000    0.97435    0.04857    0.39630    0.02192
   1879.92000    0.81479    0.05752    0.51435    0.06562
   1882.87000    0.73512    0.07862    0.59489    0.03867
   1886.01000    0.87103    0.06090    0.57240    0.05278
   1889.47000    1.07834    0.04992    0.50523    0.05699
   1891.75000    1.13023    0.07768    0.45861    0.04023
   1895.39000    1.13645    0.05972    0.46225    0.07869
   1898.30000    1.08584    0.05469    0.51952    0.04181
   1901.17000    1.18550    0.03197    0.58773    0.03043
   1903.33000    1.27550    0.04854    0.59360    0.04752
   1907.13000    1.16932    0.04593    0.51798    0.03131
   1910.02000    1.10555    0.03396    0.39896    0.07570
   1910.32000    1.04823    0.03026    0.37553    0.03486
   1913.15000    0.90335    0.03581    0.40229    0.04705
   1918.35000    0.82209    0.07149    0.34213    0.05585
   1920.71000    0.87739    0.03294    0.32437    0.05995
   1925.00000    0.70392    0.05385    0.30699    0.03219
   1928.23000    0.74210    0.01506    0.30637    0.02745
   1931.22000    0.81413    0.06527    0.39054    0.04938
   1932.54000    0.68733    0.06367    0.37580    0.06123
   1936.11000    0.61150    0.04642    0.38630    0.05050
   1939.32000    0.65615    0.06017    0.40368    0.04281
   1942.78000    0.76795    0.06501    0.36230    0.03908
   1944.42000    0.89565    0.03182    0.39146    0.05823
   2190.34000    0.67913    0.06096    0.41504    0.03948
   2193.93000    0.61338    0.04396    0.34770    0.02836
   2197.27000    0.73129    0.04870    0.30535    0.05548
   2201.43000    0.70318    0.06470    0.34561    0.05535
   2204.23000    0.85862    0.04747    0.34446    0.04347
   2207.50000    0.82002    0.05145    0.34753    0.02879
   2209.85000    0.74604    0.04369    0.34954    0.04559
   2212.00000    0.91470    0.08095    0.35654    0.04913
   2214.70000    0.73182    0.04657    0.40641    0.05255
   2218.60000    0.74777    0.06278    0.36821    0.07578
   2222.31000    0.74788    0.04626    0.30796    0.04037
   2226.54000    1.03363    0.07326    0.33994    0.05565
   2230.93000    0.66718    0.04329    0.41600    0.05518
   2234.30000    0.89001    0.05118    0.45171    0.06054
   2237.59000    0.84640    0.06165    0.46423    0.05776
   2239.69000    0.74122    0.05465    0.44806    0.04490
   2242.37000    0.78555    0.05465    0.40204    0.02742
   2243.47000    0.76008    0.03993    0.40188    0.07302
   2245.35000    0.88984    0.04698    0.30178    0.08613
   2248.01000    0.93335    0.03872    0.42904    0.05573
   2251.94000    0.75805    0.05984    0.36658    0.05542
   2255.53000    0.65253    0.03336    0.53441    0.09597
   2259.56000    0.81319    0.06652    0.47178    0.06078
   2262.25000    1.02286    0.03778    0.37212    0.03947
   2264.62000    0.82626    0.04777    0.56745    0.05894
   2266.88000    0.90507    0.07042    0.42325    0.08411
   2267.94000    0.88840    0.05676    0.53542    0.04551
   2271.77000    1.01958    0.07222    0.59457    0.06360
   2276.25000    1.14725    0.04220    0.37569    0.03480
   2279.49000    1.12759    0.03094    0.41405    0.03980
   2283.03000    1.04535    0.06556    0.46642    0.06818
   2284.97000    0.87067    0.06195    0.37221    0.03820
   2288.41000    0.69384    0.03995    0.42274    0.04547
   2292.20000    0.97104    0.05241    0.42542    0.02200
   2295.29000    1.10341    0.05433    0.41132    0.03900
   2298.48000    1.00313    0.02088    0.45283    0.03224
   2301.07000    0.86976    0.04777    0.55803    0.05565
   2303.37000    0.80012    0.03566    0.49624    0.06974
   2304.34000    0.81235    0.06627    0.52206    0.08062
   2307.25000    1.01023    0.07268    0.51782    0.05732
   2309.58000    1.12469    0.06587    0.45527    0.05011
   2556.27000    0.35477    0.10100    0.32377    0.02319
   2560.58000    0.53779    0.05111    0.26106    0.05723
   2561.92000    0.65675    0.04682    0.35566    0.07629
   2565.96000    0.61217    0.05449    0.31707    0.06898
   2568.20000    0.49734    0.07335    0.33333    0.05345
   2571.19000    0.63988    0.03810    0.36598    0.03295
   2575.17000    0.66863    0.06856    0.41788    0.04414
   2577.99000    0.85781    0.05313    0.45372    0.06241
   2580.68000    0.63107    0.03279    0.39969    0.04931
   2584.34000    0.74687    0.05390    0.45237    0.06582
   2587.16000    0.74739    0.05491    0.29793    0.06045
   2590.51000    0.93826    0.07294    0.21363    0.05043
   2594.50000    0.66817    0.05060    0.25479    0.04202
   2596.28000    0.62245    0.04858    0.24271    0.03599
   2598.80000    0.62173    0.05395    0.07034    0.06077
   2602.35000    0.58002    0.04794    0.17083    0.06077
   2604.57000    0.39171    0.06653    0.24733    0.02866
   2606.81000    0.53702    0.04191    0.27428    0.05191
   2611.14000    0.44421    0.02980    0.33940    0.03262
   2612.35000    0.46288    0.02827    0.29658    0.06400
   2614.64000    0.64116    0.06463    0.33029    0.04209
   2619.39000    0.51022    0.04607    0.44947    0.04045
   2621.63000    0.67930    0.06981    0.52033    0.02760
   2624.76000    0.66742    0.04708    0.48112    0.05954
   2626.47000    0.78272    0.05934    0.34975    0.06083
   2628.69000    1.01473    0.03982    0.39367    0.05572
   2631.28000    1.05368    0.05460    0.43336    0.06802
   2634.74000    0.79562    0.06631    0.28589    0.08005
   2637.27000    0.85248    0.06189    0.36119    0.04809
   2639.15000    0.68563    0.04231    0.51252    0.05756
   2642.66000    0.73707    0.06298    0.29382    0.05395
   2646.25000    0.96091    0.04903    0.38689    0.04606
   2648.37000    0.85243    0.06924    0.42211    0.08186
   2649.80000    0.67846    0.07462    0.30420    0.03951
   2654.26000    0.94170    0.06169    0.23704    0.08500
   2657.37000    0.65878    0.03675    0.38787    0.05845
   2660.20000    0.60659    0.04188    0.36211    0.04421
   2660.98000    0.53190    0.06250    0.35775    0.06799
   2664.73000    0.61106    0.06727    0.30038    0.04440
   2667.58000    0.73979    0.07031    0.22124    0.05413
   2671.14000    0.69565    0.04628    0.38122    0.06825
   2674.19000    0.59369    0.04385    0.41111    0.03830
   2920.68000    1.26435    0.05702    0.37318    0.03435
   2924.35000    1.27915    0.06268    0.23301    0.08528
   2927.29000    0.94429    0.05790    0.44034    0.04870
   2930.63000    0.83335    0.06176    0.39114    0.03118
   2933.59000    0.80953    0.06352    0.31844    0.02236
   2938.22000    0.59627    0.07834    0.33589    0.04112
   2942.48000    0.68306    0.05970    0.26627    0.06893
   2945.73000    0.69926    0.06848    0.35119    0.03663
   2948.63000    0.66677    0.05936    0.47666    0.01976
   2951.16000    0.81937    0.02597    0.48047    0.03628
   2952.70000    0.86918    0.04468    0.46856    0.06385
   2956.47000    0.96118    0.04165    0.43438    0.02954
   2958.29000    0.97693    0.03807    0.35802    0.05948
   2961.25000    0.84627    0.04945    0.27912    0.04384
   2962.62000    0.86610    0.04559    0.37740    0.03800
   2966.83000    0.73074    0.03444    0.32959    0.05199
   2969.95000    0.63240    0.06097    0.51495    0.06890
   2974.55000    0.78958    0.05492    0.35815    0.08061
   2977.35000    0.88853    0.07134    0.25082    0.03913
   2980.35000    0.71875    0.06168    0.22487    0.05672
   2983.54000    0.58398    0.06093    0.19285    0.06281
   2985.62000    0.48765    0.00702    0.23284    0.06500
   2989.66000    0.41849    0.03729    0.28233    0.06149
   2994.90000    0.54533    0.07169    0.24003    0.06970
   2998.79000    0.50388    0.04672    0.27650    0.03744
   3000.52000    0.51105    0.04501    0.29993    0.02991
   3004.20000    0.49014    0.03797    0.34419    0.04776
   3004.97000    0.48489    0.04408    0.38755    0.06278
   3008.43000    0.61740    0.08351    0.32737    0.03237
   3010.29000    0.61372    0.05433    0.28934    0.04922
   3012.26000    0.73875    0.06450    0.39925    0.04674
   3014.92000    0.66861    0.03068    0.33047    0.05062
   3017.60000    0.84465    0.09784    0.37001    0.07037
   3020.85000    0.74568    0.05721    0.37225    0.03447
   3025.55000    0.80895    0.05429    0.39553    0.04509
   3028.74000    0.58134    0.04996    0.27962    0.05377
   3030.05000    0.65877    0.04113    0.29623    0.06071
   3031.89000    0.73284    0.03306    0.35938    0.02598
   3033.33000    0.73305    0.06231    0.29003    0.04915
   3034.01000    0.80199    0.04243    0.29515    0.04646
   3036.30000    0.63731    0.06492    0.24739    0.01866
   3038.47000    0.61698    0.05794    0.32472    0.07021
   3287.74000    0.68978    0.05466    0.43454    0.06263
   3292.26000    0.67376    0.03020    0.34867    0.05256
   3295.73000    0.81049    0.04812    0.27112    0.07448
   3299.91000    0.73456    0.07171    0.37091    0.03917
   3303.23000    0.62232    0.05226    0.37303    0.06376
   3306.48000    0.68104    0.06028    0.27594    0.04636
   3311.01000    0.64523    0.05951    0.32270    0.05382
   3315.16000    0.54192    0.04377    0.33148    0.04446
   3318.74000    0.62398    0.04998    0.22057    0.05586
   3321.61000    0.92102    0.08352    0.33961    0.07837
   3326.12000    0.62924    0.04897    0.37211    0.03253
   3329.79000    0.81545    0.06798    0.26525    0.05331
   3333.68000    0.60059    0.06233    0.30674    0.06342
   3335.46000    0.64825    0.05934    0.29241    0.04839
   3338.55000    0.63155    0.07617    0.32912    0.05672
   3341.39000    0.67752    0.06252    0.24853    0.06424
   3344.45000    0.69230    0.04649    0.33323    0.05094
   3347.30000    0.66215    0.06355    0.19708    0.04535
   3351.48000    0.56585    0.05438    0.21110    0.05679
   3354.72000    0.54476    0.05025    0.29740    0.06575
   3359.17000    0.41352    0.07523    0.31914    0.05200
   3362.34000    0.53723    0.06629    0.16707    0.07043
   3364.36000    0.54789    0.05503    0.31965    0.05077
   3367.28000    0.52553    0.04521    0.31223    0.02179
   3368.77000    0.53790    0.06601    0.27956    0.05501
   3370.78000    0.48136    0.04280    0.30099    0.07052
   3372.54000    0.51244    0.03718    0.26028    0.06529
   3376.26000    0.55512    0.03305    0.41648    0.04607
   3377.79000    0.54425    0.03770    0.31933    0.03185
   3380.63000    0.66061    0.04813    0.37165    0.04908
   3383.05000    0.64584    0.03166    0.37897    0.07635
   3385.05000    0.74704    0.04917    0.28192    0.05266
   3387.68000    0.77186    0.04182    0.34562    0.03874
   3391.78000    0.79363    0.07787    0.29601    0.05546
   3393.31000    0.82982    0.06216    0.44506    0.07741
   3397.03000    0.77659    0.04922    0.35936    0.03473
   3401.21000    0.63875    0.04213    0.36227    0.05228
   3403.69000    0.82568    0.06579    0.36016    0.05433
