## Time Delay Challenge light curves
##
## [time]=days, [lc]=[err]=flux in nanomaggies
##
##       time       lc_A      err_A       lc_B      err_B
##-------------------------------------------------------
      0.21000    1.25678    0.06854    0.90138    0.05355
      2.55000    1.23483    0.05978    0.83119    0.04557
      3.91000    1.14648    0.06481    0.83204    0.05287
      7.31000    1.26739    0.08243    0.74411    0.03780
     11.88000    1.16140    0.06031    0.95503    0.09474
     14.74000    1.32134    0.06693    0.74393    0.05490
     18.33000    1.25135    0.06674    0.77254    0.07381
     21.56000    1.30523    0.07007    0.77617    0.05443
     25.62000    1.06923    0.08145    0.84690    0.03076
     29.07000    1.35396    0.04795    0.84860    0.07844
     34.28000    1.24437    0.05227    0.80205    0.05610
     37.11000    1.32097    0.06580    0.85968    0.05299
     40.42000    1.47241    0.03876    1.46472    0.04647
     43.04000    1.29608    0.05494    0.85269    0.04924
     46.93000    1.33608    0.04843    0.66540    0.07396
     49.93000    1.31269    0.03889    0.85316    0.05654
     54.62000    1.27966    0.01846    0.79724    0.03433
     57.16000    1.29446    0.05811    0.87727    0.05000
     60.26000    1.30891    0.07834    0.84782    0.05129
     64.71000    1.25143    0.05363    0.80904    0.03589
     70.18000    1.23322    0.06220    0.90692    0.05701
     72.54000    1.29555    0.04923    0.86995    0.09034
     75.25000    1.20161    0.07004    0.81683    0.05500
     76.98000    1.63974    0.06228    1.12787    0.06924
     78.36000    1.30304    0.05008    0.79669    0.05183
     81.88000    1.22879    0.05866    0.90144    0.03782
     84.99000    1.30468    0.06061    0.89832    0.07377
     87.00000    1.35980    0.06433    0.94296    0.06214
     90.18000    1.34183    0.07564    0.90199    0.03343
     92.69000    1.43206    0.06017    0.91283    0.04694
     96.67000    1.43232    0.05379    0.58061    0.05078
     99.48000    1.30765    0.04462    0.96124    0.03788
     99.91000    1.23350    0.04563    0.97218    0.05249
    101.45000    1.34688    0.06508    0.91901    0.05144
    104.57000    1.30300    0.01605    0.87140    0.03305
    107.37000    1.33935    0.07950    0.86382    0.04709
    110.56000    1.43093    0.06802    0.90545    0.03797
    114.04000    1.17249    0.07283    1.03583    0.05633
    116.19000    1.41849    0.05160    0.85446    0.05122
    118.29000    1.30239    0.02165    0.85351    0.03780
    368.53000    1.24292    0.05552    0.79703    0.04897
    370.88000    1.36963    0.03154    0.90716    0.05496
    374.03000    1.21390    0.07108    0.82127    0.04951
    376.45000    1.25025    0.05345    0.83217    0.03685
    378.91000    1.27170    0.05456    0.88292    0.04965
    383.27000    1.25314    0.06307    0.81208    0.06808
    386.82000    1.29187    0.06571    0.85891    0.05392
    391.42000    1.24839    0.04709    0.87761    0.04401
    395.05000    1.17584    0.06131    0.86191    0.05589
    397.41000    1.17408    0.04479    0.82608    0.06174
    401.38000    1.22466    0.04588    0.95320    0.06688
    407.13000    1.27449    0.05035    0.79347    0.06697
    409.69000    1.31618    0.04704    0.59975    0.08886
    412.86000    1.22753    0.04983    0.86093    0.03534
    416.74000    1.21765    0.06477    0.87302    0.06023
    419.38000    1.23076    0.03448    0.86498    0.03779
    421.10000    1.24433    0.05038    0.81353    0.04650
    423.29000    1.30266    0.04988    0.81202    0.04004
    427.21000    1.21888    0.04694    0.90420    0.07833
    429.31000    1.14821    0.05459    0.86077    0.06139
    430.78000    1.20905    0.04078    0.91884    0.05143
    434.82000    1.31987    0.06516    0.91015    0.06165
    439.79000    1.31927    0.05288    0.86341    0.05883
    441.88000    1.34478    0.04350    0.93674    0.05743
    444.77000    1.27725    0.03675    1.11319    0.04155
    447.06000    1.31499    0.02964    0.91624    0.04458
    450.93000    1.29564    0.04704    0.88607    0.05304
    455.75000    1.33180    0.05888    0.83382    0.07723
    460.11000    1.26074    0.04606    0.80307    0.06043
    463.53000    1.22802    0.03718    0.86898    0.07294
    464.62000    1.32123    0.04975    0.83951    0.05342
    468.07000    1.28552    0.05350    0.80962    0.07239
    470.41000    1.29343    0.07751    0.87767    0.04329
    474.23000    1.28049    0.05549    0.85656    0.01749
    476.82000    1.31689    0.03588    0.86594    0.03598
    478.55000    1.25848    0.02834    0.98866    0.07505
    481.32000    1.67598    0.04159    0.77135    0.05408
    484.22000    1.31644    0.02567    0.87473    0.05167
    732.20000    1.22897    0.05762    0.86233    0.03433
    736.79000    1.16773    0.04210    0.83659    0.05917
    740.38000    1.02389    0.07948    0.85484    0.07461
    744.14000    1.14748    0.06408    0.86155    0.06970
    746.38000    1.21663    0.06241    0.95483    0.08133
    750.56000    1.11930    0.05023    0.94083    0.03912
    755.04000    1.22697    0.06505    0.86050    0.07384
    756.36000    1.07233    0.07715    0.86698    0.07355
    760.69000    1.18537    0.06553    0.72830    0.08984
    764.90000    1.19498    0.04712    0.92250    0.04483
    769.05000    1.15047    0.06085    0.72828    0.05855
    773.81000    1.14005    0.03624    0.83375    0.03285
    778.05000    1.19179    0.06727    0.78702    0.06832
    779.86000    1.04356    0.08074    0.83867    0.04464
    785.13000    1.28881    0.04659    0.51703    0.03792
    788.77000    1.21896    0.05777    0.82393    0.05104
    792.54000    1.16249    0.06495    0.84281    0.04593
    796.19000    1.28910    0.07642    0.71820    0.06549
    800.18000    1.17151    0.04530    0.82236    0.05300
    801.96000    1.15132    0.09852    0.77664    0.06614
    804.24000    1.20681    0.07099    0.78574    0.04785
    808.26000    1.00577    0.05181    0.70592    0.04601
    809.95000    1.12035    0.07236    0.74758    0.04493
    815.26000    1.17593    0.03319    0.81880    0.06041
    818.24000    1.15339    0.05066    0.68826    0.06530
    821.17000    1.14029    0.03120    0.85295    0.05852
    823.43000    1.20526    0.01083    0.89817    0.05826
    825.39000    1.14827    0.07058    0.82318    0.03568
    829.88000    1.10042    0.07927    0.77500    0.06844
    834.67000    1.30230    0.06543    0.87302    0.05605
    837.02000    1.14318    0.03428    0.90114    0.05997
    839.58000    1.20482    0.03657    0.94770    0.04236
    843.17000    1.12187    0.07886    0.85468    0.04948
    844.84000    1.24518    0.03240    0.66016    0.09050
    848.73000    1.20216    0.05117    0.78883    0.05399
   1096.76000    1.35013    0.05021    0.89035    0.05645
   1100.40000    1.27162    0.07884    0.88269    0.05929
   1104.17000    1.22896    0.03879    0.92648    0.06005
   1106.11000    1.15732    0.07513    0.89148    0.04963
   1109.49000    1.23189    0.06544    0.88780    0.05306
   1112.30000    1.13786    0.05167    0.89546    0.04953
   1114.55000    1.02747    0.03407    0.88558    0.05999
   1115.86000    1.25586    0.08196    0.79683    0.04547
   1119.78000    1.19770    0.06404    0.95794    0.04948
   1124.17000    1.30208    0.07519    0.88704    0.03817
   1127.42000    1.21720    0.05442    0.87641    0.04029
   1130.47000    1.19033    0.05435    0.87341    0.07204
   1131.92000    1.30522    0.06005    0.86051    0.03334
   1135.41000    1.24991    0.04368    0.90422    0.06812
   1138.49000    1.31345    0.06995    0.71710    0.07331
   1142.02000    1.26553    0.05233    0.91132    0.02865
   1143.48000    1.18270    0.06915    0.89889    0.03871
   1148.12000    1.38559    0.06257    0.92644    0.04551
   1150.36000    1.39147    0.06150    0.91784    0.05449
   1153.79000    1.24709    0.06022    0.89303    0.06787
   1157.01000    1.25722    0.06268    0.84998    0.05823
   1160.32000    1.27676    0.06694    0.91131    0.04860
   1163.89000    1.28707    0.03676    0.82810    0.05355
   1166.29000    1.38599    0.04387    0.85713    0.04586
   1169.47000    1.42800    0.04069    0.75904    0.04350
   1172.13000    1.27353    0.06614    0.80931    0.04982
   1173.83000    1.27039    0.07442    0.76873    0.04774
   1176.27000    1.31862    0.05857    0.89093    0.03087
   1179.43000    1.24763    0.07813    0.93135    0.06165
   1181.59000    1.28512    0.05695    0.92397    0.05080
   1183.65000    1.29454    0.04119    0.91626    0.05160
   1187.24000    1.41026    0.08608    0.86764    0.05674
   1187.87000    1.35041    0.05359    0.90522    0.04522
   1192.37000    1.32991    0.07445    0.93713    0.06007
   1194.50000    1.36263    0.05841    0.89873    0.04748
   1195.17000    1.44300    0.05584    0.93187    0.05361
   1199.38000    1.53134    0.03993    0.84412    0.03899
   1201.73000    1.24092    0.07166    0.91866    0.04899
   1203.27000    1.35292    0.05873    0.87070    0.05797
   1205.76000    1.29244    0.04618    0.93941    0.06027
   1209.30000    1.24982    0.02665    0.91353    0.05746
   1211.50000    1.30674    0.05652    0.83552    0.05490
   1213.50000    1.29392    0.03697    0.93678    0.04356
   1462.15000    1.26998    0.03738    0.89667    0.03319
   1466.16000    1.29452    0.05358    0.81378    0.05644
   1467.78000    1.26242    0.05173    0.83428    0.05087
   1472.15000    1.35290    0.07204    0.86894    0.03564
   1475.68000    1.29816    0.05087    0.85475    0.05674
   1479.65000    1.23347    0.04741    0.84689    0.05626
   1481.89000    1.02503    0.04263    0.98333    0.05788
   1484.06000    1.25430    0.03646    0.79023    0.05688
   1487.06000    1.21488    0.06758    0.89375    0.04538
   1489.04000    1.17889    0.07796    0.89701    0.04735
   1492.42000    1.23904    0.04029    0.91113    0.06425
   1495.38000    1.29429    0.04500    0.93904    0.06049
   1499.22000    1.23417    0.05739    0.88555    0.03942
   1500.77000    1.17524    0.04210    0.83123    0.05629
   1504.95000    1.16044    0.06138    0.83873    0.03654
   1507.93000    1.27882    0.09598    0.79361    0.05072
   1510.13000    1.12368    0.06854    0.84913    0.02153
   1513.39000    1.35742    0.08212    0.83133    0.04425
   1516.23000    1.27130    0.05787    0.70130    0.06946
   1517.94000    1.14640    0.04285    0.84457    0.03259
   1521.10000    1.25119    0.05521    0.85659    0.07167
   1524.34000    1.12144    0.06500    0.84612    0.05099
   1526.51000    1.20054    0.06755    0.83305    0.05530
   1529.84000    1.29447    0.09085    0.88580    0.04266
   1531.60000    1.39847    0.06431    0.80098    0.05961
   1532.64000    1.36486    0.07389    0.87152    0.01601
   1534.85000    1.31258    0.05565    0.93194    0.03986
   1537.29000    1.13154    0.07431    0.87082    0.05730
   1539.47000    1.15568    0.05043    1.11217    0.05031
   1542.23000    1.26717    0.04742    0.97112    0.09674
   1544.60000    1.18187    0.07912    0.82610    0.04877
   1547.28000    1.17546    0.06354    0.82115    0.07909
   1550.54000    1.26623    0.02568    0.73668    0.05680
   1553.93000    1.29826    0.04074    0.88016    0.04748
   1558.36000    1.28643    0.05844    0.76130    0.08000
   1562.12000    1.27091    0.06618    0.78624    0.06102
   1564.70000    1.10484    0.05409    0.76911    0.04692
   1567.23000    1.20865    0.05486    0.81328    0.05515
   1571.57000    1.27076    0.05784    0.79004    0.06482
   1574.25000    1.26413    0.06837    0.92872    0.03875
   1576.59000    1.34891    0.04615    0.96359    0.07931
   1579.33000    1.18054    0.06007    0.90421    0.04684
   1825.87000    1.24731    0.06519    0.88315    0.01394
   1828.44000    1.37270    0.07057    0.92075    0.04997
   1830.90000    1.36762    0.06380    0.91381    0.03793
   1831.74000    1.40908    0.03315    0.95041    0.07125
   1835.46000    1.15006    0.05775    0.93769    0.03349
   1838.80000    1.31173    0.05561    1.04503    0.06556
   1841.15000    1.39568    0.04250    0.97414    0.04725
   1844.91000    1.31019    0.05396    0.84719    0.05241
   1846.88000    1.30721    0.06803    0.94530    0.05440
   1849.77000    1.29580    0.03938    0.98548    0.04453
   1852.70000    1.32688    0.06808    0.84949    0.06102
   1855.08000    1.29553    0.05564    0.92745    0.03695
   1856.39000    1.30219    0.06798    0.81073    0.05524
   1859.54000    1.43393    0.06877    1.18839    0.04794
   1861.87000    1.28984    0.05883    0.93020    0.03469
   1868.07000    1.37335    0.04053    0.94370    0.05459
   1870.89000    1.32894    0.03706    0.93044    0.08340
   1874.34000    1.27792    0.05847    0.89248    0.06316
   1879.37000    1.29881    0.04315    0.95988    0.03504
   1882.87000    1.32766    0.05691    0.90861    0.05783
   1886.23000    1.40913    0.04728    0.88651    0.09220
   1889.93000    1.05456    0.05922    0.79984    0.05077
   1892.23000    1.20769    0.05303    0.97375    0.05477
   1894.95000    1.20792    0.04913    1.01502    0.07758
   1895.73000    1.27066    0.06868    0.82643    0.07309
   1898.31000    1.30774    0.05216    0.92386    0.04093
   1902.44000    1.42156    0.05380    0.92166    0.06620
   1907.48000    1.24627    0.04475    0.84458    0.03738
   1909.44000    1.20590    0.07205    0.98975    0.06255
   1911.78000    1.28499    0.08080    0.93659    0.03002
   1914.80000    1.11311    0.06408    0.97488    0.05801
   1916.45000    1.40305    0.06595    0.96272    0.05359
   1918.48000    1.30529    0.03518    0.84213    0.07144
   1918.64000    1.31679    0.04112    0.90808    0.02346
   1922.39000    1.18394    0.04716    0.84546    0.05806
   1926.84000    1.28521    0.05878    0.88717    0.04713
   1928.68000    1.30360    0.06618    0.83660    0.06389
   1932.10000    1.31124    0.05465    0.89640    0.04059
   1934.69000    1.68452    0.07230    1.59602    0.07920
   1939.06000    1.24925    0.05224    0.92052    0.01647
   1943.93000    1.24213    0.08125    0.84671    0.04928
   2190.22000    1.29547    0.06069    0.98860    0.05256
   2191.65000    1.29861    0.03673    0.88648    0.05607
   2195.33000    1.30534    0.02614    0.87210    0.06120
   2199.04000    1.22281    0.07370    0.90014    0.06196
   2201.78000    1.29349    0.07416    0.85906    0.03731
   2204.83000    1.38175    0.05547    0.94117    0.04416
   2207.14000    1.40171    0.01961    0.89522    0.04855
   2209.79000    1.56166    0.05190    1.08090    0.03425
   2212.54000    1.31607    0.04886    1.06421    0.07285
   2217.07000    1.29300    0.07170    1.06133    0.05429
   2218.85000    1.33848    0.03006    0.86521    0.04732
   2222.05000    1.41263    0.06433    0.97307    0.05061
   2227.05000    1.32101    0.03510    0.94718    0.05022
   2230.92000    1.33971    0.05099    0.88637    0.05468
   2234.37000    1.28749    0.05830    0.83770    0.07234
   2237.61000    1.31327    0.04684    0.83726    0.05050
   2240.00000    1.29339    0.05927    0.87065    0.03738
   2243.66000    1.28977    0.06556    1.18129    0.06026
   2246.32000    1.14693    0.07578    0.88557    0.06311
   2249.76000    1.25806    0.04567    0.87814    0.03330
   2252.27000    1.32374    0.06458    0.85240    0.04061
   2254.41000    1.39414    0.09222    0.91082    0.06135
   2257.62000    1.28061    0.06550    0.99500    0.07004
   2260.13000    1.32146    0.04403    0.97572    0.06214
   2265.02000    1.33611    0.05273    0.84661    0.06948
   2268.93000    1.37348    0.03690    0.91349    0.05618
   2272.69000    1.48209    0.05836    0.92450    0.04425
   2275.64000    1.39850    0.06444    0.89724    0.05628
   2277.41000    1.35916    0.06116    0.87850    0.05475
   2280.23000    1.77660    0.04665    1.13862    0.04025
   2283.70000    1.35750    0.05121    0.83107    0.06716
   2287.17000    1.32421    0.04707    0.89255    0.03374
   2292.04000    1.18127    0.04066    0.88548    0.03210
   2296.28000    1.27443    0.04094    0.82305    0.06935
   2300.14000    1.26205    0.06383    0.90893    0.05493
   2303.14000    1.03385    0.05572    0.85372    0.04527
   2307.99000    1.43213    0.04138    0.99006    0.06038
   2555.69000    1.26772    0.05206    0.85618    0.06787
   2556.76000    1.17274    0.07999    0.84682    0.02429
   2559.01000    1.28354    0.03194    0.89698    0.02405
   2561.13000    1.22729    0.04174    0.49846    0.06647
   2563.61000    1.33443    0.04690    0.78480    0.04266
   2567.08000    1.14628    0.06985    0.86711    0.03933
   2569.63000    1.27315    0.03718    0.84604    0.08793
   2572.37000    1.30893    0.05617    0.87915    0.03387
   2574.24000    1.29161    0.04462    1.10884    0.03936
   2576.55000    1.04474    0.06558    0.86037    0.02735
   2578.40000    1.09599    0.07424    0.89160    0.05748
   2582.35000    1.25078    0.05148    0.88194    0.06598
   2584.57000    1.29596    0.05455    0.79343    0.07605
   2588.63000    1.28211    0.05761    0.91692    0.03643
   2593.29000    1.22143    0.06993    0.84436    0.06576
   2595.72000    1.44908    0.05103    0.69244    0.08692
   2598.89000    1.30223    0.04657    0.88654    0.07161
   2602.40000    1.28219    0.04638    0.88592    0.03793
   2605.97000    1.29585    0.05876    0.80178    0.05400
   2609.70000    1.16140    0.07064    0.80564    0.06480
   2613.49000    1.27385    0.02026    0.86008    0.06945
   2616.90000    1.31008    0.03914    0.85764    0.01229
   2620.91000    1.40795    0.06864    0.85147    0.05023
   2624.00000    1.23366    0.04571    0.91244    0.04763
   2625.74000    1.35264    0.07391    0.81424    0.04258
   2628.66000    1.39993    0.06270    0.90169    0.04568
   2633.30000    1.20336    0.06308    1.18319    0.05771
   2636.10000    1.26707    0.04650    0.83459    0.06600
   2638.97000    1.31787    0.05289    0.82922    0.05387
   2642.80000    1.25339    0.03984    0.91228    0.08563
   2646.62000    1.34682    0.05168    0.92742    0.07832
   2647.79000    1.22474    0.05448    0.94287    0.03899
   2649.38000    1.22713    0.05426    0.83234    0.03652
   2652.08000    1.24894    0.01536    0.90806    0.05086
   2655.99000    1.18673    0.04350    0.89443    0.03781
   2659.96000    1.12975    0.05456    0.88642    0.04499
   2663.28000    1.16514    0.07974    0.91051    0.04266
   2666.96000    1.27930    0.07386    0.89509    0.05539
   2669.99000    1.20134    0.01818    0.77975    0.06921
   2674.57000    1.16616    0.03647    0.88100    0.05854
   2922.48000    1.39546    0.04948    0.93087    0.05242
   2926.12000    1.31726    0.04033    0.90427    0.03073
   2930.26000    1.36417    0.04376    0.88985    0.03108
   2932.82000    1.47552    0.04914    0.94963    0.09323
   2936.29000    1.44252    0.05278    0.89806    0.04953
   2940.49000    1.41668    0.04803    0.86942    0.04391
   2944.45000    1.38668    0.04579    0.82605    0.06345
   2948.47000    1.32196    0.08509    0.91705    0.06733
   2950.82000    1.40422    0.06315    0.85269    0.05258
   2953.53000    1.44765    0.07059    0.86922    0.07028
   2957.26000    1.32428    0.05152    0.81695    0.04277
   2959.89000    1.37170    0.04345    0.86937    0.06088
   2962.38000    1.31810    0.05366    0.87685    0.04709
   2964.59000    1.26350    0.04924    0.84701    0.06970
   2965.76000    1.27982    0.04424    0.97838    0.05971
   2968.23000    1.23770    0.04401    0.93801    0.05648
   2971.08000    1.37832    0.04819    0.90372    0.02954
   2974.09000    1.25151    0.01456    0.87752    0.05022
   2976.56000    1.22907    0.03862    0.96949    0.05605
   2980.50000    1.33975    0.08823    0.79973    0.08442
   2983.55000    1.00412    0.05513    0.70785    0.08114
   2987.82000    1.27981    0.05950    0.87675    0.06077
   2991.02000    1.34603    0.03383    0.92067    0.04882
   2993.38000    1.27482    0.05774    0.81249    0.05569
   2996.91000    1.33119    0.03944    0.82040    0.04758
   2998.79000    1.28211    0.04764    0.85389    0.04115
   3002.19000    1.20982    0.06325    0.95631    0.03279
   3006.19000    1.29456    0.04617    0.95783    0.07707
   3008.98000    1.33350    0.04147    0.86088    0.06567
   3011.20000    1.38822    0.06978    0.93597    0.02381
   3013.81000    1.30794    0.05427    1.03752    0.07532
   3017.14000    1.34603    0.06146    0.86696    0.02352
   3020.54000    1.26404    0.05250    0.97731    0.04938
   3022.99000    1.46252    0.07045    0.84510    0.04205
   3025.64000    1.34371    0.03763    0.80654    0.05241
   3028.35000    1.32739    0.04486    0.86802    0.05947
   3032.45000    1.29423    0.04779    0.87759    0.04515
   3035.51000    1.29612    0.07747    0.85651    0.04002
   3038.70000    1.27533    0.05474    0.81160    0.06050
   3285.17000    1.16243    0.05901    0.74358    0.05651
   3289.40000    1.71995    0.06978    0.74766    0.03909
   3292.84000    1.22519    0.04544    0.86107    0.04587
   3297.93000    1.21583    0.03444    0.83617    0.07137
   3301.77000    1.25181    0.07170    0.83979    0.08269
   3303.84000    1.18479    0.05565    0.87539    0.04887
   3307.28000    1.25433    0.05212    0.81126    0.03402
   3309.51000    1.28064    0.06357    0.90266    0.04191
   3311.09000    1.14734    0.06145    0.78352    0.02613
   3312.98000    1.27792    0.04120    0.84579    0.05541
   3314.50000    1.16467    0.03951    0.82637    0.05936
   3318.26000    1.21166    0.03540    0.79606    0.06355
   3321.18000    1.16088    0.03201    0.80627    0.06188
   3324.02000    1.28449    0.07655    0.78263    0.03916
   3329.02000    1.27188    0.06615    0.75939    0.05253
   3331.23000    1.29859    0.04335    0.81048    0.05322
   3333.52000    1.23759    0.00420    0.80697    0.06452
   3337.31000    1.22163    0.02641    0.85155    0.06009
   3339.72000    1.20583    0.03962    0.79693    0.06014
   3342.25000    1.31945    0.08055    0.76571    0.03212
   3345.99000    1.56972    0.05306    0.82528    0.04211
   3348.10000    1.30213    0.05006    0.77243    0.04881
   3350.55000    1.30368    0.03765    0.87923    0.05414
   3352.45000    1.44951    0.07168    0.82048    0.06325
   3357.52000    1.40069    0.06657    0.80869    0.03754
   3360.41000    1.37312    0.03595    0.85267    0.04473
   3363.25000    1.27150    0.06733    0.84231    0.05449
   3366.97000    1.56908    0.05374    0.87916    0.06917
   3371.09000    1.30747    0.05677    0.86253    0.05915
   3373.94000    1.36938    0.03733    0.71133    0.03678
   3376.25000    1.38049    0.06054    0.69749    0.07774
   3380.83000    1.39730    0.05394    0.71216    0.06134
   3383.40000    1.46652    0.05001    0.73228    0.03394
   3386.91000    1.32122    0.04365    0.73368    0.06756
   3390.09000    1.47048    0.05920    0.82143    0.06312
   3392.80000    1.40662    0.04422    0.68957    0.05721
   3394.90000    1.39276    0.03855    0.89686    0.07501
   3400.88000    1.49760    0.05885    0.78280    0.07745
