## Time Delay Challenge light curves
##
## [time]=days, [lc]=[err]=flux in nanomaggies
##
##       time       lc_A      err_A       lc_B      err_B
##-------------------------------------------------------
      2.25000    3.32271    0.04137    1.26582    0.04133
      4.28000    3.43486    0.03380    1.22633    0.06417
      5.76000    3.38729    0.06775    1.13970    0.02515
      8.88000    3.25829    0.05604    1.16463    0.06249
     12.40000    3.21287    0.04903    1.13832    0.04345
     15.95000    3.12266    0.05204    1.19023    0.06991
     18.76000    3.09331    0.04081    1.26712    0.04962
     23.51000    3.39220    0.04426    1.22307    0.05472
     24.20000    3.26325    0.05800    1.19568    0.03956
     26.82000    3.30386    0.04662    1.35451    0.06401
     29.22000    3.38793    0.05478    1.31511    0.04523
     32.68000    3.40058    0.07249    1.29676    0.07455
     37.48000    3.25225    0.05661    1.18040    0.03944
     39.99000    3.45465    0.09051    1.14573    0.06806
     44.09000    3.27341    0.03274    1.24875    0.04210
     47.01000    3.49008    0.08206    1.25151    0.06215
     52.37000    3.65114    0.06024    1.27701    0.07838
     53.72000    3.72796    0.02866    1.18982    0.03905
     58.52000    3.76391    0.04249    1.12863    0.06518
     62.79000    3.52656    0.04981    1.19943    0.04474
     65.44000    3.73497    0.02742    1.41003    0.03941
     70.61000    3.65581    0.04622    1.44554    0.03850
     72.46000    3.80851    0.05078    1.40791    0.03501
     76.79000    3.58491    0.03898    1.45648    0.04797
     80.42000    3.69925    0.01846    1.43609    0.07458
     84.05000    3.87454    0.02095    1.38125    0.03799
     85.97000    4.00735    0.04983    1.31802    0.03100
     88.38000    3.81082    0.05212    1.49339    0.06182
     90.89000    3.91219    0.05353    1.42768    0.06209
     94.07000    4.20703    0.07158    1.56033    0.06389
     96.68000    3.82931    0.08237    1.40814    0.01587
     98.76000    3.86076    0.06242    1.40946    0.06703
    101.05000    3.62350    0.06608    1.47735    0.05298
    103.73000    3.76882    0.09363    1.40618    0.09384
    105.62000    3.62552    0.06084    1.30933    0.06168
    107.86000    3.70433    0.04986    1.37195    0.02081
    112.06000    3.79527    0.05643    1.27091    0.02472
    115.37000    3.73732    0.03764    1.30586    0.02485
    117.31000    3.80579    0.03130    1.26840    0.02139
    367.39000    3.90809    0.08135    1.71629    0.05163
    371.68000    4.14099    0.06414    1.78109    0.05377
    373.72000    4.25866    0.03806    1.72355    0.02382
    376.85000    4.42358    0.02223    1.75537    0.02348
    378.95000    4.36413    0.05387    1.66779    0.05769
    379.99000    4.39060    0.03526    1.72527    0.04481
    383.31000    4.52439    0.05864    1.66302    0.07516
    387.63000    4.61344    0.04776    1.74276    0.04329
    389.29000    4.68957    0.04243    1.76945    0.03440
    390.97000    4.75133    0.07587    1.80725    0.04000
    393.38000    4.62726    0.03223    1.85072    0.05379
    395.80000    4.73530    0.04030    1.79649    0.05196
    398.31000    4.82491    0.05322    1.84147    0.07470
    402.20000    4.96850    0.03532    1.78784    0.03585
    405.33000    4.96418    0.06003    1.80482    0.04984
    408.19000    5.08467    0.05328    1.65398    0.05815
    412.48000    4.76385    0.03169    1.62544    0.04045
    416.48000    4.84809    0.05529    1.67391    0.04457
    421.74000    4.77220    0.07857    1.67035    0.04551
    424.10000    4.71832    0.04947    1.71555    0.06356
    427.79000    4.79570    0.05500    1.62834    0.05790
    433.00000    5.32276    0.04066    1.72458    0.05629
    436.86000    5.32580    0.07133    1.75662    0.05080
    440.06000    5.44591    0.04189    1.83182    0.05760
    443.90000    5.54845    0.04842    1.70585    0.02539
    446.22000    5.69725    0.04631    1.68205    0.04029
    449.69000    5.85596    0.05678    1.63001    0.03519
    452.43000    6.05381    0.05900    1.58411    0.05027
    456.96000    5.93558    0.05311    1.58700    0.07366
    459.77000    5.84225    0.06200    1.59349    0.08013
    461.21000    5.64739    0.03244    1.50804    0.04668
    462.01000    5.62642    0.05015    1.54786    0.04507
    466.17000    5.77254    0.06255    1.63076    0.03625
    469.91000    5.74810    0.03670    1.67890    0.07905
    471.38000    6.25213    0.07716    1.80191    0.06231
    474.83000    6.18843    0.03414    1.81530    0.01953
    479.82000    5.97543    0.03221    1.78683    0.06142
    481.85000    6.04149    0.05203    1.93536    0.05987
    730.31000    4.40535    0.06422    2.36873    0.04998
    733.06000    4.40824    0.04184    2.36823    0.03873
    736.45000    4.49714    0.04497    2.32864    0.05560
    739.79000    4.69224    0.08388    2.23008    0.03387
    743.19000    4.58356    0.06669    2.33575    0.07108
    746.38000    4.25934    0.06748    2.31179    0.07193
    748.87000    4.42659    0.02596    2.32589    0.04336
    751.39000    4.58041    0.05183    2.28094    0.04756
    755.36000    4.68976    0.05017    2.30745    0.05270
    759.49000    4.59572    0.04598    2.13310    0.06617
    761.88000    4.43299    0.06700    2.15969    0.03417
    765.32000    4.28641    0.04778    2.20490    0.05731
    768.31000    4.13198    0.05583    2.15817    0.04479
    770.78000    4.38557    0.02913    2.00162    0.04885
    774.21000    4.33782    0.06019    2.11908    0.05269
    778.21000    4.18432    0.04538    2.19311    0.04345
    781.40000    4.03239    0.08502    2.12491    0.04088
    783.63000    4.14716    0.05449    2.10954    0.04940
    787.23000    4.30623    0.02835    2.04275    0.05290
    789.57000    4.12545    0.02553    1.84718    0.05634
    793.47000    4.27039    0.07138    1.92403    0.04776
    795.04000    4.32508    0.02606    1.90808    0.05669
    797.73000    4.24641    0.03815    1.90396    0.04761
    801.65000    4.08908    0.07290    1.80760    0.06740
    804.58000    3.91566    0.05470    1.86333    0.06920
    808.10000    4.06162    0.03267    1.97602    0.10308
    811.41000    4.05887    0.07580    1.94696    0.03932
    814.34000    4.01442    0.06682    1.84984    0.05612
    819.16000    3.90098    0.04937    1.84538    0.04414
    822.01000    4.12358    0.02021    1.78196    0.09601
    823.24000    4.24758    0.05558    1.81089    0.06212
    826.04000    3.98735    0.05876    1.74877    0.06205
    829.56000    4.18710    0.03820    1.85661    0.03618
    831.35000    4.16797    0.06131    1.70421    0.08694
    833.97000    4.28395    0.04953    1.71766    0.04664
    838.23000    3.98218    0.05283    1.94310    0.03797
    841.49000    3.91924    0.09423    1.73766    0.05158
    844.17000    4.01092    0.05082    1.80094    0.05857
    846.83000    4.26814    0.07588    1.83405    0.06659
    848.86000    4.24128    0.02666    1.90052    0.05911
   1098.41000    5.78705    0.07316    2.26548    0.07300
   1101.28000    5.79459    0.05975    2.06476    0.06564
   1103.01000    6.00487    0.07535    2.15812    0.05165
   1105.99000    6.24306    0.04487    2.21615    0.07431
   1109.63000    6.18066    0.03183    2.08999    0.04789
   1113.59000    5.84596    0.06423    1.94092    0.05888
   1116.42000    6.12255    0.05923    1.96724    0.06106
   1120.11000    6.02946    0.05723    1.99380    0.02836
   1123.20000    6.12289    0.03964    2.04572    0.05295
   1127.06000    6.30626    0.04854    1.84034    0.07289
   1131.24000    6.53872    0.02305    2.02206    0.01775
   1133.41000    6.58232    0.03210    1.97588    0.04314
   1135.96000    6.51067    0.05973    2.05722    0.03294
   1139.55000    6.92943    0.07883    1.82182    0.05799
   1142.06000    6.54166    0.05469    1.94261    0.05154
   1146.86000    6.50889    0.06718    2.00277    0.05757
   1149.38000    6.57868    0.06974    1.90599    0.05032
   1152.19000    6.34363    0.03803    1.95032    0.05935
   1154.53000    6.57489    0.04124    1.85977    0.05899
   1155.99000    6.57245    0.07031    1.85070    0.05803
   1158.82000    6.25630    0.03667    1.86557    0.04700
   1161.06000    6.36839    0.02914    1.91198    0.07528
   1163.88000    6.45056    0.04109    1.89681    0.05947
   1167.41000    6.42709    0.05510    2.06274    0.03082
   1170.68000    6.58634    0.05051    2.05777    0.08716
   1171.17000    6.58094    0.06818    2.02516    0.03540
   1175.46000    6.70851    0.04547    2.08086    0.05220
   1180.01000    6.75350    0.05231    2.07161    0.03312
   1183.63000    6.87334    0.03410    2.12575    0.02738
   1185.51000    6.77033    0.07041    2.11832    0.05592
   1187.37000    6.49105    0.03513    2.11347    0.06318
   1190.67000    6.56028    0.04519    2.06568    0.07032
   1194.85000    6.54591    0.04061    2.31604    0.05769
   1198.35000    6.29493    0.04128    2.38155    0.03885
   1201.37000    6.26827    0.04270    2.48854    0.04830
   1203.43000    6.27101    0.05150    2.54283    0.04874
   1206.93000    6.50781    0.05052    2.47751    0.02989
   1208.93000    6.52080    0.07714    2.36387    0.05346
   1211.23000    6.65550    0.06250    2.38724    0.04243
   1214.34000    6.76585    0.05452    2.45618    0.04493
   1461.58000    5.30205    0.02288    2.22664    0.05672
   1465.18000    4.95846    0.04193    2.22558    0.05927
   1467.58000    5.19415    0.05674    2.34605    0.07068
   1471.07000    5.37023    0.05430    2.15725    0.08985
   1473.36000    5.38824    0.06530    2.29728    0.04432
   1476.64000    5.36816    0.03870    2.30279    0.03846
   1479.20000    5.30810    0.06016    2.35338    0.06584
   1481.55000    5.29220    0.04180    2.31111    0.06149
   1486.41000    5.24369    0.04323    2.17098    0.04473
   1489.71000    5.47754    0.04551    2.04466    0.06084
   1492.60000    5.45434    0.05014    2.07185    0.04671
   1494.78000    5.60803    0.06023    2.10342    0.06554
   1497.40000    5.83705    0.05867    1.98396    0.05731
   1500.61000    5.95888    0.04770    2.07363    0.05160
   1502.73000    6.21818    0.03386    2.08591    0.04678
   1504.52000    6.10150    0.05896    2.18659    0.06252
   1506.41000    6.18037    0.04279    2.29230    0.02920
   1508.88000    5.92698    0.04973    2.20117    0.07612
   1511.46000    5.87663    0.05886    2.38291    0.03649
   1516.14000    5.80921    0.09088    2.27338    0.04655
   1518.11000    5.75515    0.06025    2.08206    0.07106
   1520.87000    5.71775    0.05728    2.21352    0.07253
   1522.73000    5.81459    0.04363    2.20782    0.03295
   1525.80000    5.74959    0.05131    2.18481    0.05409
   1529.12000    5.83798    0.07358    2.31156    0.06146
   1532.51000    5.44055    0.03220    2.20512    0.06138
   1536.97000    5.26340    0.08128    2.08994    0.04155
   1537.14000    5.31379    0.06414    2.04309    0.04787
   1540.08000    5.29012    0.03210    2.21337    0.05732
   1544.36000    5.43863    0.04833    2.09999    0.07612
   1548.06000    5.52684    0.07246    2.15530    0.04848
   1549.23000    5.59165    0.05947    2.15891    0.05677
   1553.04000    5.46723    0.05500    2.17803    0.01452
   1555.40000    5.60953    0.04724    2.10064    0.04521
   1559.70000    5.65147    0.04496    2.11947    0.03891
   1562.71000    5.63085    0.06234    2.05209    0.05671
   1564.95000    5.94394    0.06081    2.19385    0.06440
   1567.51000    6.21726    0.07977    2.18970    0.07115
   1571.08000    6.18331    0.05597    2.18668    0.05729
   1574.61000    6.00806    0.04382    2.16258    0.03731
   1577.30000    5.76512    0.06317    2.20184    0.06373
   1827.53000    4.89510    0.04829    1.82804    0.07173
   1830.28000    4.78199    0.02801    1.85973    0.05250
   1834.26000    4.89021    0.03543    1.78761    0.04526
   1837.00000    5.05336    0.05210    1.72031    0.04314
   1840.28000    5.29822    0.03323    1.79868    0.05951
   1843.45000    5.24331    0.03413    1.80000    0.06361
   1845.83000    4.94151    0.08405    1.78034    0.07941
   1849.23000    4.60013    0.08167    1.67110    0.04358
   1851.01000    4.65471    0.06988    1.66290    0.06399
   1855.59000    4.58989    0.05355    1.71244    0.03373
   1858.15000    4.38325    0.05042    1.64856    0.03544
   1863.35000    4.40941    0.02465    1.65279    0.03854
   1867.20000    4.83845    0.08033    1.64463    0.05196
   1871.85000    4.63427    0.04529    1.79651    0.09914
   1873.60000    4.76241    0.02507    1.65502    0.06329
   1876.68000    4.64954    0.04820    1.70346    0.06577
   1880.62000    4.86121    0.03757    1.79602    0.06448
   1883.92000    5.13018    0.06158    1.79221    0.05661
   1887.56000    5.11894    0.06486    1.88122    0.05092
   1889.76000    5.31600    0.04387    2.00910    0.07938
   1891.36000    5.21853    0.04395    1.86196    0.06588
   1893.15000    5.22081    0.03887    1.84283    0.04707
   1897.44000    5.10202    0.04119    1.93457    0.04784
   1902.55000    4.95117    0.03273    1.85928    0.04772
   1906.48000    4.75719    0.04000    1.98452    0.04231
   1911.16000    4.58913    0.05581    1.96196    0.03381
   1914.48000    4.77150    0.06282    2.01097    0.04141
   1915.50000    4.70372    0.02187    2.03193    0.04437
   1920.22000    4.82990    0.04819    2.02909    0.04934
   1924.18000    4.83305    0.01761    2.00442    0.05934
   1926.80000    4.87646    0.07419    1.95781    0.05409
   1929.76000    4.70017    0.08861    1.97259    0.07342
   1935.67000    4.63737    0.07680    2.28293    0.07986
   1938.57000    4.91665    0.05551    2.29581    0.07602
   1940.97000    5.06840    0.05093    2.16971    0.01653
   1942.11000    5.12941    0.03530    1.97792    0.04355
   1944.42000    4.89155    0.04957    1.98607    0.05429
   2190.32000    4.91204    0.04757    1.80500    0.04881
   2193.45000    4.88471    0.02266    2.01169    0.05237
   2197.84000    4.63455    0.09352    1.90223    0.04182
   2200.43000    4.79422    0.05551    1.89207    0.02854
   2202.90000    4.64655    0.06420    1.82505    0.02810
   2203.72000    4.55246    0.08200    1.93027    0.02111
   2207.74000    4.62663    0.05001    1.93203    0.05354
   2209.61000    4.64994    0.04499    1.87474    0.08302
   2211.59000    4.65497    0.04703    1.87413    0.04387
   2212.73000    4.43044    0.07261    1.90309    0.05660
   2215.86000    4.41425    0.06390    1.91277    0.08863
   2218.01000    4.40939    0.08794    1.74627    0.04429
   2222.43000    4.45935    0.05022    1.86341    0.07391
   2227.93000    4.46667    0.06920    1.74991    0.02214
   2231.94000    4.25127    0.03536    1.85820    0.05996
   2234.57000    4.20575    0.06752    1.81462    0.07071
   2235.87000    4.19497    0.04578    1.84191    0.05775
   2237.92000    4.37646    0.08411    1.85307    0.04828
   2242.28000    4.23579    0.03272    1.78075    0.04117
   2245.02000    4.23798    0.03676    1.92418    0.04361
   2247.73000    4.23588    0.05253    1.84236    0.05093
   2249.90000    4.06307    0.03690    1.83820    0.02490
   2252.29000    4.18304    0.05904    1.88282    0.05288
   2256.19000    4.44394    0.04703    1.96209    0.05127
   2258.56000    4.40000    0.03588    1.90134    0.04399
   2262.65000    4.52185    0.04737    1.90230    0.04916
   2263.29000    4.43008    0.05803    2.05402    0.06332
   2267.50000    4.38958    0.04468    1.97855    0.03381
   2271.25000    4.39845    0.04976    2.03061    0.06105
   2274.56000    4.27325    0.02348    2.05984    0.04293
   2276.19000    4.29175    0.03470    1.97393    0.06481
   2279.11000    4.20943    0.06793    2.05879    0.05734
   2280.87000    4.28498    0.08036    2.00029    0.04710
   2283.29000    4.21143    0.00939    2.01283    0.05647
   2285.82000    4.26894    0.04223    1.95584    0.04286
   2288.63000    3.98360    0.04646    2.07739    0.02721
   2291.22000    4.05439    0.02804    1.94004    0.03203
   2296.40000    4.27829    0.04853    1.87306    0.02762
   2298.82000    4.27380    0.05475    1.83581    0.05089
   2302.06000    4.02330    0.05176    1.81045    0.04643
   2306.14000    3.92124    0.05437    1.95877    0.03412
   2309.74000    3.81580    0.06494    1.92736    0.05603
   2556.86000    4.07051    0.05677    2.13630    0.02734
   2559.28000    3.94233    0.04929    1.88637    0.07111
   2561.73000    4.09410    0.04318    1.95375    0.06273
   2564.97000    4.10873    0.06724    1.96617    0.04093
   2567.68000    4.01422    0.04809    1.88993    0.04897
   2571.98000    4.26100    0.09236    1.86861    0.06383
   2575.02000    3.86940    0.04729    2.01739    0.06356
   2579.22000    4.12757    0.07354    1.84992    0.06316
   2583.12000    4.01986    0.02799    1.80951    0.03873
   2588.07000    3.70855    0.04579    1.81753    0.05683
   2591.54000    3.50282    0.04769    1.73712    0.04454
   2595.34000    3.65542    0.03316    1.81742    0.05285
   2600.40000    3.61167    0.06488    1.76815    0.03040
   2601.65000    3.58492    0.04405    1.80297    0.06180
   2604.62000    3.67026    0.02860    2.04506    0.06488
   2607.05000    3.62196    0.04189    1.92196    0.02393
   2609.97000    3.56805    0.04520    1.79998    0.05447
   2612.61000    3.53893    0.06199    1.79869    0.07617
   2615.20000    3.46812    0.04308    1.70865    0.05674
   2617.51000    3.54998    0.08666    1.82183    0.08244
   2622.34000    3.69756    0.05295    1.76143    0.07149
   2624.30000    3.88557    0.05844    1.79600    0.04441
   2626.89000    3.74013    0.07017    1.79361    0.04511
   2631.34000    3.65002    0.06291    1.78621    0.05232
   2634.69000    3.74802    0.06277    1.78312    0.03896
   2638.03000    3.67494    0.05272    1.82309    0.04902
   2640.90000    3.63371    0.05467    1.66670    0.05771
   2643.69000    3.83023    0.05885    1.72252    0.08144
   2645.57000    3.50743    0.07946    1.68763    0.04546
   2647.87000    3.65517    0.03285    1.59957    0.03977
   2649.83000    3.68435    0.04870    1.56787    0.02244
   2653.15000    3.71548    0.06699    1.66068    0.04837
   2654.90000    3.67099    0.04910    1.72607    0.05058
   2657.50000    3.69314    0.05277    1.63254    0.05123
   2660.74000    3.51587    0.05599    1.68483    0.04566
   2662.07000    3.57060    0.06411    1.69045    0.06601
   2663.70000    3.72111    0.04183    1.74835    0.04856
   2667.90000    3.70870    0.01940    1.82568    0.03946
   2672.00000    3.57243    0.07735    1.60625    0.05885
   2674.55000    3.54064    0.05390    1.64342    0.03925
   2920.83000    2.61986    0.05629    1.13213    0.05345
   2925.06000    2.66966    0.05796    1.05703    0.05543
   2926.93000    2.62980    0.02564    1.06045    0.08252
   2930.66000    2.60614    0.06459    0.98430    0.06545
   2934.93000    2.70861    0.05290    0.93497    0.04132
   2937.52000    2.76251    0.07755    0.99924    0.08230
   2939.65000    2.78518    0.03114    1.00743    0.06400
   2941.52000    2.78510    0.07816    0.92447    0.05289
   2945.15000    2.89253    0.03243    1.02741    0.06533
   2948.23000    2.98031    0.06691    1.10055    0.06095
   2951.98000    3.05798    0.07538    0.99124    0.06194
   2954.67000    3.01581    0.07318    1.08837    0.02435
   2958.96000    2.92102    0.06365    1.00300    0.05773
   2962.99000    3.04612    0.05671    0.99964    0.06665
   2966.52000    3.06731    0.05603    1.03698    0.02538
   2968.41000    3.17309    0.02724    1.07982    0.02162
   2971.13000    3.05395    0.05551    1.11107    0.07291
   2972.92000    3.02135    0.06626    0.97925    0.04774
   2975.26000    3.15003    0.01621    1.07257    0.04239
   2977.76000    3.28814    0.07045    1.04319    0.05698
   2980.21000    3.25374    0.06861    1.08163    0.04755
   2982.03000    3.32127    0.04897    1.07280    0.05838
   2985.09000    3.12090    0.06154    0.99737    0.05971
   2989.41000    3.14627    0.06588    0.98377    0.04237
   2992.28000    3.15004    0.07851    1.01193    0.05750
   2996.57000    3.16645    0.06878    1.03821    0.05531
   2999.92000    3.10362    0.04498    1.02221    0.05932
   3001.60000    3.11448    0.05031    1.07693    0.05603
   3004.23000    3.25948    0.06057    1.07852    0.07877
   3006.93000    3.18717    0.03133    1.02666    0.05810
   3009.51000    3.39995    0.05223    1.16260    0.06222
   3012.46000    3.23272    0.04945    0.92021    0.06218
   3015.98000    3.35530    0.05553    1.03922    0.05839
   3020.12000    3.17224    0.05045    1.16036    0.05296
   3024.63000    3.18273    0.05845    1.14832    0.07331
   3028.98000    3.21837    0.05947    0.99254    0.05614
   3031.04000    3.16194    0.05501    1.08666    0.04002
   3032.84000    3.15451    0.04028    1.13458    0.04835
   3033.98000    3.16565    0.05749    1.36198    0.08915
   3038.46000    3.21199    0.05964    1.10827    0.04615
   3287.79000    4.44361    0.05237    1.59899    0.01523
   3293.15000    4.45680    0.03909    1.77301    0.04593
   3296.74000    4.20414    0.01773    1.61862    0.05482
   3299.29000    4.18813    0.07911    1.68340    0.05505
   3303.21000    4.16314    0.01684    1.67114    0.04885
   3304.95000    4.38907    0.05656    1.66878    0.07291
   3306.92000    4.45684    0.06399    1.68244    0.03880
   3309.68000    4.29122    0.04423    1.62121    0.04321
   3313.04000    4.16019    0.06872    1.63643    0.05335
   3315.47000    4.20421    0.05930    1.60974    0.08798
   3318.65000    4.09933    0.03062    1.48876    0.04762
   3323.41000    4.14448    0.04422    1.55643    0.03982
   3326.81000    4.12167    0.05439    1.52315    0.04344
   3329.43000    4.46118    0.04961    1.49350    0.04661
   3332.87000    4.41888    0.05532    1.59649    0.05909
   3335.19000    4.62893    0.03521    1.55240    0.05170
   3338.95000    4.53908    0.06696    1.55382    0.04331
   3342.31000    4.39561    0.07155    1.63850    0.04724
   3344.39000    4.32445    0.04753    1.67758    0.03669
   3347.76000    4.44834    0.06342    1.70127    0.03914
   3350.88000    4.37887    0.04443    1.74441    0.07139
   3353.90000    4.28382    0.01162    1.60125    0.04400
   3358.48000    4.12342    0.04935    1.61940    0.06613
   3361.17000    3.99687    0.03808    1.72464    0.04688
   3364.81000    4.17221    0.04100    1.64060    0.06365
   3369.09000    4.43633    0.08757    1.74939    0.05259
   3373.39000    4.31338    0.06587    1.79041    0.03965
   3374.26000    4.32138    0.04456    1.75406    0.07082
   3376.85000    4.18012    0.05414    1.99330    0.06446
   3378.78000    4.20717    0.05359    1.86008    0.05381
   3382.18000    4.40739    0.02085    1.85274    0.05205
   3387.18000    4.31724    0.04031    1.72895    0.03874
   3390.73000    4.28450    0.03549    1.91433    0.06202
   3394.31000    4.40051    0.06049    1.73726    0.02985
   3396.12000    4.41657    0.05730    1.65454    0.03834
   3398.28000    4.40986    0.06086    1.79384    0.06606
   3402.49000    4.55801    0.05774    1.91019    0.04937
