## Time Delay Challenge light curves
##
## [time]=days, [lc]=[err]=flux in nanomaggies
##
##       time       lc_A      err_A       lc_B      err_B
##-------------------------------------------------------
      3.01000    3.14651    0.05584    5.01168    0.03925
      6.24000    3.06270    0.02656    5.05986    0.04953
      8.36000    3.18909    0.04535    4.97668    0.03247
     10.91000    3.14211    0.05687    5.01951    0.05467
     14.33000    3.18851    0.05801    4.94388    0.06666
     17.07000    3.17212    0.08948    4.93117    0.07013
     20.55000    3.12856    0.05756    4.80364    0.04207
     22.74000    3.07150    0.06236    4.79987    0.07527
     25.84000    3.13439    0.02334    4.66557    0.04492
     28.30000    3.25264    0.03289    4.77337    0.05114
     29.70000    3.27771    0.02716    4.83377    0.01900
     32.72000    3.10671    0.04273    4.75246    0.05190
     34.72000    3.31852    0.06293    4.85717    0.03942
     37.50000    3.28703    0.08170    4.90693    0.04217
     40.37000    3.23073    0.05323    4.81921    0.03222
     42.35000    3.15591    0.04619    4.75895    0.05089
     45.07000    3.27487    0.03660    4.87953    0.06762
     48.53000    3.27132    0.05774    4.90381    0.07688
     50.85000    3.25713    0.06978    4.93218    0.04919
     53.34000    3.31283    0.05665    4.85169    0.06211
     57.04000    3.21723    0.05193    5.04755    0.01722
     60.04000    3.41796    0.05993    5.02181    0.05768
     62.81000    3.24358    0.04819    5.02111    0.03818
     64.67000    3.24860    0.05322    4.97835    0.03524
     68.86000    3.32603    0.05172    5.00733    0.04230
     72.23000    3.31874    0.05324    4.94634    0.02648
     74.90000    3.31890    0.04156    5.05562    0.05341
     76.13000    3.41755    0.05555    5.07561    0.07709
     79.12000    3.41587    0.06677    4.98361    0.06891
     81.03000    3.34182    0.05814    4.99001    0.06560
     84.43000    3.49627    0.06526    4.95733    0.03844
     86.70000    3.39340    0.05378    5.02480    0.04782
     90.76000    3.46584    0.07565    5.08670    0.04391
     95.14000    3.38537    0.04358    5.13438    0.05682
     97.39000    3.31051    0.07931    5.15014    0.01875
    100.53000    3.37307    0.04995    5.15109    0.07316
    103.41000    3.36181    0.05356    5.14834    0.04091
    105.81000    3.38366    0.04583    5.31009    0.07116
    109.14000    3.25164    0.05422    5.12229    0.03160
    113.48000    3.38671    0.06168    5.30899    0.03150
    116.92000    3.25860    0.06371    5.20366    0.04447
    365.78000    3.64230    0.07095    5.07437    0.07988
    367.95000    3.67553    0.02280    5.22994    0.05316
    371.25000    3.52518    0.05709    5.10597    0.04468
    374.65000    3.50470    0.05681    5.18727    0.06011
    375.57000    3.47039    0.05323    5.14241    0.04852
    377.72000    3.60808    0.07525    5.37001    0.03630
    379.91000    3.47845    0.05913    5.27398    0.03319
    383.66000    3.53655    0.05234    5.58263    0.05345
    386.88000    3.61821    0.05119    5.48669    0.04669
    390.26000    3.56650    0.01154    5.51020    0.06282
    393.98000    3.66819    0.05727    5.52252    0.04776
    396.75000    3.71644    0.08510    5.44190    0.04473
    399.28000    3.59169    0.05020    5.37721    0.05880
    402.83000    3.74698    0.08230    5.43777    0.06917
    405.61000    3.75264    0.05673    5.42857    0.08824
    407.84000    3.68405    0.03365    5.39140    0.03228
    411.48000    3.68849    0.04086    5.49858    0.04993
    416.23000    3.53361    0.08638    5.54381    0.06948
    419.40000    3.64041    0.02292    5.59339    0.03597
    423.35000    3.68689    0.05781    5.63481    0.03211
    425.87000    3.72183    0.06745    5.82154    0.06105
    431.20000    3.66873    0.05993    5.66850    0.04436
    437.44000    3.76656    0.04813    5.65114    0.06457
    440.09000    3.73505    0.07880    5.56706    0.02807
    441.92000    3.76792    0.06088    5.57374    0.04353
    444.29000    3.74703    0.07226    5.55370    0.05591
    447.06000    3.79944    0.03832    5.66134    0.07086
    449.21000    3.79568    0.03328    5.59204    0.05069
    452.29000    3.85751    0.07185    5.68778    0.05205
    455.80000    3.81160    0.06403    5.73534    0.05802
    455.80000    3.85562    0.04120    5.67939    0.02600
    459.22000    3.83291    0.05413    5.58449    0.07236
    462.38000    3.87476    0.05318    5.69963    0.08118
    464.65000    3.92903    0.02897    5.65876    0.03162
    466.87000    3.92433    0.03818    5.69542    0.04417
    469.39000    3.93108    0.04941    5.81247    0.05895
    470.61000    4.05204    0.05503    5.79113    0.06686
    474.39000    3.93056    0.05968    5.76790    0.05457
    476.96000    3.95509    0.07433    5.87345    0.07052
    481.08000    3.94414    0.04336    5.83602    0.04736
    733.09000    3.69010    0.06016    5.76595    0.05647
    736.85000    3.70001    0.04529    5.89798    0.08045
    739.74000    3.84129    0.03093    5.84056    0.07344
    741.19000    3.87285    0.05738    5.73320    0.03173
    744.04000    3.88012    0.06730    5.81401    0.05090
    747.05000    3.82098    0.07384    5.74926    0.04555
    750.15000    3.97117    0.05910    5.70500    0.05131
    752.46000    3.80850    0.06059    5.68276    0.07265
    754.52000    3.94926    0.03163    5.64734    0.07732
    758.15000    3.88469    0.05993    5.76373    0.05687
    762.69000    3.92533    0.05850    5.93867    0.03848
    765.01000    3.85982    0.05420    5.90627    0.07051
    769.26000    3.95044    0.02739    5.86792    0.06232
    770.56000    3.91878    0.03738    5.90789    0.03366
    771.91000    3.75420    0.05201    5.89966    0.04681
    775.46000    3.93576    0.03751    5.93624    0.06649
    778.72000    3.95692    0.04515    5.95460    0.02032
    780.53000    3.95982    0.07576    5.93303    0.06820
    782.58000    3.96003    0.06257    5.78950    0.07119
    785.49000    3.76104    0.07327    5.90568    0.06282
    789.79000    3.58221    0.08169    6.10414    0.05829
    794.76000    3.69261    0.05405    6.01523    0.07085
    797.54000    3.76308    0.04806    5.97651    0.06095
    801.61000    3.84795    0.04448    5.98835    0.05068
    804.48000    3.81553    0.06031    5.85920    0.09139
    807.71000    3.76994    0.04242    5.85692    0.04600
    810.06000    3.83025    0.03359    5.73656    0.04459
    812.69000    3.75222    0.03957    5.71960    0.07594
    815.89000    3.83641    0.05867    5.76053    0.04473
    819.97000    3.81318    0.03913    5.74476    0.04714
    824.24000    3.87329    0.04904    5.86426    0.04825
    826.64000    3.81998    0.06563    5.90641    0.02260
    830.21000    3.78016    0.03780    5.82250    0.05556
    834.09000    3.65152    0.05865    5.83116    0.01697
    837.69000    3.67567    0.06594    5.83885    0.03757
    841.81000    3.63950    0.06458    5.95697    0.05894
    847.56000    3.69445    0.03106    5.76426    0.05623
   1096.30000    3.56440    0.03452    5.38320    0.06622
   1100.08000    3.59700    0.06559    5.36267    0.08600
   1103.38000    3.47753    0.05364    5.51597    0.08798
   1106.78000    3.47289    0.05031    5.50843    0.06233
   1108.78000    3.44872    0.04398    5.40129    0.07265
   1112.76000    3.51016    0.05446    5.49699    0.05377
   1115.44000    3.45514    0.03647    5.43816    0.06375
   1119.63000    3.52917    0.06265    5.45685    0.05959
   1125.28000    3.56117    0.04754    5.21516    0.04304
   1128.84000    3.55007    0.03521    5.26669    0.08402
   1129.80000    3.48936    0.05633    5.35642    0.06265
   1130.84000    3.48373    0.03350    5.22791    0.04743
   1133.98000    3.48902    0.04647    5.28973    0.07454
   1137.02000    3.42064    0.07615    5.39796    0.02704
   1139.75000    3.49175    0.06196    5.34603    0.04282
   1143.34000    3.48842    0.06703    5.42291    0.03292
   1146.42000    3.37340    0.07848    5.35117    0.02035
   1148.64000    3.37921    0.03357    5.53582    0.05144
   1152.00000    3.39184    0.04661    5.25653    0.02855
   1154.19000    3.39988    0.03983    5.29936    0.06841
   1156.70000    3.30901    0.04758    5.12835    0.05078
   1160.88000    3.23740    0.06142    5.14746    0.03845
   1162.91000    3.27727    0.02813    5.11254    0.07184
   1164.49000    3.26641    0.03178    5.22387    0.05845
   1168.59000    3.34843    0.06732    5.25765    0.08008
   1172.11000    3.27631    0.05555    4.98433    0.07252
   1174.65000    3.35018    0.08457    5.09207    0.06719
   1177.99000    3.13604    0.04832    5.08501    0.05232
   1181.81000    3.19309    0.05682    4.98476    0.05149
   1185.53000    3.21618    0.05186    4.93935    0.04283
   1188.14000    3.17793    0.06984    4.97076    0.03317
   1190.55000    3.16851    0.06637    4.95670    0.05352
   1192.90000    3.15699    0.03133    4.88762    0.02576
   1196.33000    3.08453    0.06646    4.79942    0.03018
   1199.74000    3.29142    0.06531    4.80162    0.06116
   1202.11000    3.18602    0.05024    4.80106    0.08835
   1205.33000    3.12069    0.06751    4.80166    0.05765
   1209.05000    3.23464    0.04725    4.88504    0.05306
   1213.29000    3.28191    0.07291    4.88760    0.07203
   1461.90000    3.61158    0.04234    5.35558    0.06732
   1463.76000    3.57722    0.06124    5.44623    0.06144
   1467.51000    3.69948    0.05158    5.36642    0.05821
   1469.10000    3.63922    0.04821    5.39677    0.05106
   1472.79000    3.60256    0.04664    5.50813    0.03813
   1474.63000    3.60978    0.06050    5.50436    0.05147
   1477.66000    3.62308    0.05965    5.59074    0.03521
   1481.02000    3.61507    0.04706    5.53073    0.07204
   1483.36000    3.63644    0.06478    5.54049    0.04963
   1485.54000    3.61128    0.06446    5.70642    0.03698
   1489.50000    3.73979    0.06096    5.62801    0.04837
   1492.82000    3.71235    0.03073    5.56281    0.05693
   1493.72000    3.80325    0.03635    5.68773    0.06825
   1495.98000    3.81278    0.04579    5.66619    0.08918
   1499.44000    3.67180    0.05725    5.60929    0.05092
   1503.51000    3.82793    0.06481    5.66897    0.05139
   1505.74000    3.78777    0.04321    5.79008    0.06093
   1509.47000    3.68766    0.06105    5.78316    0.02902
   1513.07000    3.74029    0.06040    5.65423    0.03762
   1517.04000    3.80429    0.06672    5.85599    0.07416
   1518.21000    3.73781    0.07217    5.82166    0.05537
   1521.62000    3.82178    0.05565    5.80127    0.03793
   1523.56000    3.82357    0.05578    5.82782    0.03842
   1527.30000    3.91754    0.07321    5.74234    0.05155
   1528.50000    3.81672    0.04487    5.66502    0.04546
   1532.17000    3.81821    0.07191    5.76324    0.05792
   1536.49000    3.93296    0.09508    5.89161    0.06111
   1539.68000    3.61645    0.05729    5.79899    0.06100
   1542.61000    3.78646    0.05902    5.79355    0.05694
   1545.75000    3.83322    0.07330    5.79279    0.02790
   1548.55000    3.83931    0.07707    5.94831    0.06824
   1551.81000    3.85685    0.05904    5.92944    0.08684
   1553.93000    3.88126    0.01924    6.00449    0.04506
   1556.59000    3.79200    0.05216    5.86478    0.06596
   1558.43000    3.72234    0.06532    5.83059    0.04781
   1561.64000    3.80225    0.03236    5.73922    0.03192
   1564.07000    3.75249    0.05172    5.85788    0.03842
   1566.93000    3.68438    0.05321    5.77427    0.06945
   1569.08000    3.78780    0.05580    5.96614    0.06028
   1572.29000    3.70494    0.06160    6.04926    0.06439
   1574.11000    3.87146    0.04367    5.99627    0.07478
   1576.61000    3.95311    0.08574    5.86880    0.03291
   1578.22000    3.77198    0.06492    5.95733    0.04676
   1825.65000    4.03262    0.05227    6.05703    0.05898
   1828.86000    3.92427    0.05088    6.06807    0.04926
   1832.01000    4.12242    0.05213    6.24812    0.02458
   1835.61000    4.02452    0.02576    6.17924    0.05984
   1840.21000    4.05295    0.05654    6.28203    0.04559
   1843.06000    4.04287    0.04462    6.23887    0.04734
   1847.09000    3.98544    0.05388    6.03770    0.02538
   1851.90000    4.01950    0.03317    6.08074    0.03727
   1854.56000    4.00854    0.04863    6.22209    0.05727
   1858.45000    3.98426    0.07310    6.09040    0.02667
   1860.34000    3.77362    0.05074    6.25067    0.08217
   1863.82000    3.89462    0.05627    6.07530    0.04203
   1866.21000    3.91575    0.05744    6.03595    0.06091
   1870.75000    3.90243    0.01574    6.14519    0.05918
   1873.45000    3.91112    0.04994    6.22852    0.07224
   1877.20000    3.92710    0.06436    5.93876    0.06088
   1881.81000    3.89627    0.06793    5.86263    0.06728
   1885.57000    3.73383    0.04329    5.88845    0.06445
   1889.06000    3.73943    0.03632    5.96708    0.05978
   1891.24000    3.72389    0.04670    5.94558    0.04104
   1895.05000    3.65186    0.05986    5.80527    0.04488
   1899.65000    3.70914    0.03730    5.85771    0.06062
   1902.37000    3.74077    0.04863    5.83212    0.07419
   1905.22000    3.82209    0.08505    5.78604    0.06561
   1907.89000    3.80132    0.01797    5.73242    0.05726
   1911.28000    3.84100    0.05491    5.68664    0.03129
   1913.76000    3.72559    0.04345    5.59641    0.01758
   1916.32000    3.86166    0.06374    5.61035    0.06208
   1918.94000    3.91365    0.04373    5.62765    0.05847
   1921.41000    3.94241    0.05932    5.74332    0.04742
   1924.95000    3.81867    0.07856    5.56799    0.07275
   1927.56000    3.90099    0.05149    5.67760    0.05998
   1930.48000    3.77165    0.06922    5.80324    0.05959
   1933.07000    3.75501    0.08363    5.83430    0.06360
   1937.82000    3.69383    0.07019    5.86680    0.04183
   1940.81000    3.69717    0.03821    5.84613    0.06164
   1943.39000    3.73406    0.04834    5.95441    0.06194
   2190.13000    3.39117    0.03764    5.27366    0.04222
   2193.75000    3.27083    0.06495    5.23174    0.06724
   2196.55000    3.19222    0.04355    5.10219    0.04323
   2201.57000    3.36987    0.03163    5.23756    0.06842
   2203.33000    3.33873    0.03316    5.17054    0.04979
   2206.32000    3.22775    0.04465    5.12378    0.06008
   2209.88000    3.22468    0.05922    5.16793    0.04907
   2212.80000    3.23610    0.03129    4.93841    0.07748
   2217.65000    3.24474    0.04107    5.10768    0.05797
   2220.39000    3.18087    0.03875    5.25674    0.06617
   2222.36000    3.17364    0.06575    5.06940    0.02629
   2223.87000    3.14876    0.05975    5.04821    0.05518
   2226.83000    3.04216    0.06909    5.02788    0.09054
   2230.85000    3.18026    0.03793    4.95506    0.03436
   2235.05000    3.19599    0.05069    4.88745    0.05890
   2239.78000    3.22158    0.05040    4.80496    0.05341
   2241.75000    3.24759    0.04233    4.97171    0.06535
   2246.91000    3.23364    0.05649    4.81629    0.07025
   2250.16000    3.14890    0.06582    4.76580    0.07276
   2253.35000    3.29661    0.03174    4.90396    0.03797
   2256.89000    3.17170    0.04289    5.07049    0.07452
   2258.86000    3.33516    0.06263    4.99243    0.07214
   2263.04000    3.25035    0.06388    4.92578    0.06582
   2264.12000    3.28994    0.03425    4.92417    0.06559
   2268.44000    3.21198    0.04167    4.88765    0.05886
   2271.69000    3.21395    0.03207    5.00857    0.03880
   2274.49000    3.23434    0.01730    4.99001    0.06689
   2279.07000    3.24844    0.05839    5.03657    0.05639
   2282.63000    3.36350    0.06606    5.01054    0.03870
   2284.83000    3.35817    0.01339    4.99342    0.06237
   2290.01000    3.49928    0.08548    4.87161    0.03274
   2293.48000    3.38267    0.03984    4.96955    0.05529
   2295.25000    3.43753    0.05516    4.98018    0.05780
   2297.09000    3.38568    0.05335    5.05225    0.03248
   2298.53000    3.45414    0.03327    5.06371    0.03760
   2302.06000    3.49865    0.05880    5.05424    0.05578
   2304.86000    3.30679    0.04873    5.04298    0.05186
   2305.99000    3.24802    0.04957    5.06771    0.05307
   2307.43000    3.40155    0.03178    5.17082    0.02604
   2557.87000    3.43799    0.04914    5.02409    0.06291
   2558.54000    3.34422    0.05134    4.92398    0.06342
   2562.20000    3.37123    0.05166    5.02916    0.05298
   2564.30000    3.38005    0.07321    5.03992    0.05052
   2567.68000    3.34495    0.08362    5.00595    0.08732
   2570.84000    3.39567    0.03398    5.06605    0.05116
   2573.65000    3.39808    0.04455    5.17279    0.06528
   2576.38000    3.35623    0.06792    5.29817    0.04071
   2577.98000    3.27404    0.06606    5.21501    0.01920
   2580.96000    3.29626    0.04352    5.12936    0.06234
   2584.52000    3.26202    0.05505    5.06527    0.04947
   2585.68000    3.39883    0.05562    5.27369    0.09174
   2588.79000    3.24559    0.06047    5.09756    0.02906
   2591.89000    3.28302    0.05436    5.14424    0.04381
   2595.55000    3.24584    0.03317    5.11809    0.03627
   2599.24000    3.20793    0.05769    5.08148    0.06266
   2604.35000    3.17906    0.06528    5.05989    0.05477
   2607.83000    3.38190    0.03835    4.97469    0.04091
   2609.32000    3.36153    0.07006    5.12476    0.05684
   2612.76000    3.51225    0.05905    4.96704    0.03925
   2615.44000    3.33242    0.05243    4.98569    0.05798
   2618.32000    3.38131    0.05431    4.95182    0.07073
   2622.32000    3.33854    0.04597    4.97699    0.04671
   2624.31000    3.36248    0.03796    4.99084    0.07895
   2626.54000    3.29555    0.06433    4.96667    0.04662
   2629.80000    3.40168    0.05067    5.14226    0.04978
   2632.61000    3.43879    0.03394    5.30611    0.08001
   2637.05000    3.48599    0.04494    5.12728    0.08414
   2638.41000    3.33777    0.08956    5.05400    0.04756
   2642.27000    3.23578    0.08636    5.04810    0.09434
   2645.41000    3.35428    0.05922    5.06551    0.06874
   2649.91000    3.32330    0.04082    5.05304    0.04271
   2652.56000    3.34897    0.07271    5.12412    0.04050
   2655.04000    3.51901    0.03728    5.20076    0.04421
   2656.34000    3.27234    0.05599    5.27915    0.05681
   2658.77000    3.35041    0.03696    5.26596    0.05169
   2662.08000    3.35793    0.08266    5.13264    0.03998
   2665.99000    3.34726    0.05951    5.02345    0.07763
   2669.75000    3.49896    0.07269    5.08217    0.02160
   2671.09000    3.38315    0.04200    5.17190    0.03829
   2674.26000    3.41218    0.07207    5.18438    0.08099
   2921.61000    3.49754    0.04730    5.48644    0.05408
   2925.87000    3.51570    0.02919    5.67428    0.08599
   2928.73000    3.47269    0.05624    5.61475    0.04050
   2932.78000    3.48508    0.05918    5.51941    0.04478
   2935.65000    3.50860    0.09339    5.58385    0.03783
   2939.09000    3.76639    0.07156    5.46157    0.05568
   2943.83000    3.65705    0.06797    5.26846    0.05362
   2946.86000    3.72457    0.05510    5.38781    0.07548
   2950.02000    3.72277    0.03651    5.35070    0.05673
   2953.20000    3.86370    0.07588    5.36863    0.06962
   2954.31000    3.66036    0.05550    5.23816    0.06163
   2956.41000    3.67279    0.05263    5.50066    0.05259
   2958.39000    3.60194    0.04213    5.45176    0.06005
   2961.11000    3.79637    0.04571    5.37524    0.07637
   2965.51000    3.80653    0.03035    5.60061    0.07186
   2969.47000    3.55104    0.07282    5.66910    0.06093
   2971.43000    3.67490    0.06312    5.56448    0.06747
   2974.26000    3.77649    0.08328    5.60886    0.06870
   2978.17000    3.59500    0.07098    5.56961    0.04374
   2983.01000    3.48064    0.08243    5.77386    0.03274
   2987.20000    3.54938    0.05405    5.65454    0.07606
   2990.02000    3.63722    0.05677    5.72505    0.04872
   2992.46000    3.60078    0.05545    5.56663    0.02677
   2997.03000    3.50064    0.06345    5.55461    0.08066
   2999.33000    3.56164    0.02703    5.48457    0.02382
   3003.56000    3.65290    0.07815    5.44381    0.05532
   3006.75000    3.56544    0.06987    5.34635    0.06431
   3011.58000    3.57717    0.05050    5.52365    0.06888
   3013.13000    3.47959    0.06553    5.53138    0.05542
   3015.72000    3.47187    0.05577    5.41852    0.03828
   3017.67000    3.52989    0.05857    5.45749    0.04078
   3020.37000    3.35400    0.07982    5.40779    0.05168
   3023.31000    3.44880    0.05700    5.40796    0.03208
   3027.16000    3.42859    0.07263    5.46318    0.06170
   3030.41000    3.52994    0.04698    5.42709    0.06145
   3033.22000    3.64579    0.06653    5.31322    0.05833
   3036.69000    3.58809    0.04497    5.31400    0.03134
   3285.75000    3.87593    0.06497    5.65761    0.06588
   3289.37000    3.79416    0.04114    5.69187    0.05041
   3293.29000    3.92959    0.09030    5.59721    0.03872
   3297.60000    3.81109    0.05815    5.53593    0.05410
   3299.50000    4.03006    0.06388    5.64836    0.02558
   3302.57000    3.93500    0.02749    5.67635    0.05722
   3306.78000    4.05258    0.07259    5.86781    0.05621
   3310.00000    3.93966    0.06026    5.85680    0.06756
   3311.62000    3.99871    0.04715    5.91126    0.06898
   3314.10000    3.94973    0.05920    5.95818    0.04611
   3316.99000    3.91459    0.08037    5.95990    0.03944
   3319.07000    4.12792    0.07124    5.95979    0.05639
   3321.52000    4.04423    0.04475    5.99785    0.04452
   3324.21000    4.21575    0.08418    5.97901    0.04101
   3325.41000    4.10191    0.06213    6.06981    0.04502
   3328.66000    4.10698    0.03673    6.12427    0.05852
   3331.80000    4.10799    0.05607    6.15680    0.04707
   3335.16000    4.02245    0.05899    6.09768    0.02211
   3339.24000    4.01342    0.04765    6.20773    0.06217
   3342.40000    4.02478    0.07085    6.15165    0.04402
   3344.26000    4.03171    0.05908    6.13510    0.04361
   3346.90000    3.92534    0.05344    6.25203    0.03731
   3349.20000    3.97403    0.05831    6.18842    0.03884
   3353.21000    4.17452    0.06010    6.24330    0.05146
   3356.83000    3.95827    0.07952    6.23289    0.06399
   3359.11000    3.91661    0.05016    6.22499    0.01747
   3363.22000    4.08960    0.04582    6.17228    0.06046
   3366.03000    3.94028    0.03963    6.20552    0.07688
   3367.74000    4.01621    0.05521    6.03744    0.04887
   3371.31000    3.96366    0.03691    6.05323    0.06017
   3373.67000    4.00064    0.05562    6.01353    0.05915
   3376.00000    4.11642    0.05717    6.20823    0.05985
   3379.84000    3.98749    0.04627    5.99104    0.03616
   3382.25000    4.06660    0.07815    6.03187    0.04209
   3385.97000    4.13661    0.05980    5.90868    0.06049
   3390.76000    4.01181    0.05735    5.97375    0.04359
   3393.59000    4.06560    0.02772    6.03133    0.05675
   3394.92000    3.96620    0.05443    6.23854    0.06406
   3397.10000    4.03981    0.04832    6.21111    0.04272
   3401.27000    4.04742    0.04597    6.26135    0.07724
   3403.60000    4.04406    0.06028    6.23675    0.04878
   3404.79000    3.96111    0.04672    6.16126    0.06014
