## Time Delay Challenge light curves
##
## [time]=days, [lc]=[err]=flux in nanomaggies
##
##       time       lc_A      err_A       lc_B      err_B
##-------------------------------------------------------
      2.21000    5.74811    0.07876    0.41794    0.05605
      4.27000    5.71998    0.04558    0.34851    0.04946
      7.99000    5.84845    0.06065    0.42945    0.02819
     13.09000    5.75273    0.03613    0.39919    0.03842
     15.35000    5.94186    0.04803    0.45551    0.07690
     19.28000    6.23548    0.03940    0.30108    0.06312
     21.35000    6.02836    0.07889    0.46834    0.04334
     25.44000    5.76849    0.03164    0.37191    0.03859
     28.87000    6.14950    0.07134    0.37406    0.03959
     31.33000    5.88681    0.05458    0.40995    0.05828
     34.64000    5.72302    0.06129    0.37594    0.04215
     37.82000    5.38028    0.04905    0.36869    0.05173
     40.79000    5.68094    0.05681    0.33888    0.04720
     44.00000    5.51527    0.08702    0.43084    0.05527
     45.38000    5.42638    0.03697    0.33674    0.03663
     47.67000    5.43898    0.06855    0.35485    0.04184
     51.05000    5.41918    0.05781    0.34701    0.07504
     52.83000    5.64355    0.03922    0.52038    0.04824
     55.61000    5.37993    0.07934    0.34348    0.05806
     58.35000    5.45441    0.05309    0.34703    0.04027
     61.31000    5.72658    0.05696    0.41120    0.04383
     63.60000    5.45529    0.03100    0.29301    0.07529
     67.66000    5.36661    0.01871    0.33971    0.06307
     70.05000    5.16453    0.06706    0.35360    0.03979
     72.10000    5.04057    0.04016    0.42486    0.07261
     75.28000    4.77507    0.05540    0.39623    0.05648
     76.78000    4.46889    0.05606    0.26149    0.06307
     78.52000    4.55020    0.05224    0.34370    0.04148
     81.61000    4.79747    0.03588    0.33318    0.03205
     85.47000    4.47935    0.04572    0.37789    0.01989
     87.50000    4.57179    0.03055    0.31836    0.07070
     89.89000    4.49185    0.06558    0.36128    0.04821
     92.64000    4.52979    0.06237    0.31727    0.04865
     94.77000    4.32437    0.06196    0.42320    0.09255
     96.95000    4.16120    0.07161    0.28597    0.05881
     99.93000    4.28109    0.03673    0.29337    0.05186
    102.43000    4.31681    0.04921    0.31949    0.04814
    105.97000    4.42628    0.07288    0.28899    0.07701
    108.69000    4.29755    0.04390    0.30794    0.01985
    110.43000    4.35512    0.03753    0.32385    0.06323
    113.81000    4.13181    0.05830    0.21515    0.04893
    117.16000    3.71548    0.04185    0.28616    0.05071
    365.22000    4.15488    0.06700    0.20649    0.03681
    367.41000    4.37439    0.07082    0.36389    0.05308
    370.42000    4.28245    0.05676    0.23447    0.02747
    373.31000    4.43538    0.06192    0.30843    0.07034
    377.95000    4.43173    0.03135    0.32303    0.07772
    381.13000    4.62960    0.03897    0.18951    0.04000
    384.56000    4.64239    0.06389    0.26660    0.05263
    386.79000    4.52605    0.05419    0.20154    0.04013
    390.91000    4.28830    0.04132    0.27781    0.05992
    394.01000    4.25036    0.07180    0.13146    0.07252
    395.99000    4.14382    0.02682    0.28746    0.04680
    397.02000    4.36697    0.06126    0.22782    0.05508
    400.91000    4.37715    0.04241    0.27114    0.05497
    402.36000    4.45166    0.04125    0.34531    0.06731
    405.72000    4.23814    0.08412    0.28844    0.05504
    408.91000    4.25412    0.04433    0.24319    0.02969
    409.89000    4.27078    0.05857    0.29081    0.05237
    412.22000    4.21144    0.04754    0.33846    0.05962
    414.12000    4.28257    0.03570    0.27148    0.06438
    417.02000    4.31581    0.07815    0.24884    0.05843
    420.18000    4.35404    0.06606    0.29470    0.01015
    422.85000    4.43337    0.07040    0.32781    0.08099
    425.16000    4.36701    0.06596    0.32647    0.03563
    428.68000    4.28622    0.05744    0.20842    0.04793
    432.70000    4.40957    0.06769    0.30358    0.05769
    436.28000    4.45259    0.05568    0.30686    0.07283
    440.87000    4.21543    0.03821    0.33113    0.06331
    443.36000    4.48528    0.04382    0.30550    0.03111
    446.19000    4.26303    0.06070    0.21776    0.05569
    449.21000    4.34214    0.06629    0.24346    0.05822
    453.10000    4.27201    0.03223    0.25044    0.03016
    457.13000    4.24897    0.05754    0.37408    0.05899
    460.29000    4.02405    0.02103    0.29228    0.07142
    462.95000    4.04038    0.06593    0.25516    0.05689
    467.75000    3.97531    0.03595    0.29378    0.05198
    470.92000    3.98002    0.06088    0.28947    0.06785
    473.29000    3.89041    0.08194    0.29949    0.03449
    476.56000    3.93894    0.05271    0.25692    0.04628
    478.50000    4.02678    0.04935    0.20993    0.05907
    480.19000    3.98294    0.06584    0.29286    0.04739
    483.59000    3.72686    0.06994    0.26569    0.04447
    484.72000    3.61700    0.03044    0.26624    0.03602
    731.68000    4.76295    0.06099    0.35766    0.01983
    734.60000    4.51473    0.05652    0.43815    0.06295
    737.06000    4.12661    0.03826    0.36359    0.04191
    739.28000    4.15488    0.06076    0.35535    0.05141
    740.58000    4.14498    0.05263    0.38267    0.06583
    744.68000    4.36024    0.02554    0.36158    0.05698
    746.96000    4.28359    0.07064    0.30562    0.02667
    749.80000    4.18176    0.04581    0.23713    0.04629
    751.70000    4.15317    0.07624    0.31012    0.04597
    755.40000    4.21875    0.04272    0.33364    0.06651
    757.98000    4.20628    0.07301    0.25173    0.06993
    760.76000    4.13219    0.07343    0.30253    0.03966
    763.79000    4.03770    0.04326    0.29179    0.05332
    765.13000    3.96360    0.05254    0.25935    0.04674
    768.94000    4.18498    0.05226    0.16960    0.06833
    771.98000    4.04401    0.07138    0.27828    0.06605
    774.69000    4.16700    0.02673    0.24586    0.05328
    777.10000    4.41896    0.07756    0.23594    0.08617
    781.04000    4.10278    0.04859    0.38631    0.07410
    783.63000    4.13631    0.05439    0.16314    0.06306
    785.11000    4.09102    0.05099    0.22747    0.04051
    788.00000    3.85403    0.03699    0.21430    0.05227
    790.23000    4.03248    0.04066    0.25774    0.01885
    793.44000    4.02047    0.06126    0.27867    0.04243
    794.76000    4.09895    0.05538    0.27593    0.05754
    797.13000    4.11494    0.06128    0.29523    0.04232
    800.64000    4.38095    0.05742    0.20539    0.04083
    803.21000    4.45181    0.05016    0.36697    0.03889
    807.98000    4.31046    0.05521    0.26436    0.02823
    812.12000    4.10214    0.06715    0.30415    0.06197
    814.68000    4.13517    0.06160    0.30437    0.03171
    817.68000    4.04105    0.05059    0.22820    0.03842
    820.25000    4.13698    0.05009    0.28698    0.06353
    825.12000    4.38469    0.04273    0.33162    0.04785
    828.63000    4.36839    0.04742    0.19999    0.07149
    832.36000    4.38744    0.07235    0.26180    0.01685
    835.27000    4.16186    0.03093    0.21655    0.03662
    837.93000    4.14769    0.06727    0.25350    0.06848
    840.55000    4.18886    0.05533    0.25571    0.05076
    842.11000    4.20902    0.06942    0.25208    0.03093
    846.47000    4.26293    0.06331    0.27398    0.05466
    848.19000    4.24912    0.08344    0.28562    0.05103
   1096.25000    4.01706    0.05284    0.26025    0.04184
   1099.34000    4.03066    0.02816    0.24903    0.03203
   1101.42000    4.24710    0.04441    0.33006    0.07120
   1102.50000    4.28388    0.06539    0.23961    0.04027
   1106.59000    4.18383    0.06348    0.25758    0.02002
   1111.15000    4.03103    0.05923    0.23110    0.08738
   1115.51000    3.99426    0.06184    0.20795    0.04710
   1119.44000    4.00057    0.05678    0.25688    0.03096
   1124.85000    4.10053    0.06940    0.34134    0.04588
   1127.58000    4.16436    0.08390    0.27241    0.05622
   1131.60000    4.10430    0.07132    0.26735    0.01976
   1133.96000    4.15091    0.07355    0.26881    0.05390
   1138.75000    3.85029    0.06267    0.23777    0.05470
   1142.38000    4.02321    0.04295    0.26442    0.06726
   1144.92000    4.20284    0.01402    0.29627    0.04599
   1147.62000    4.25668    0.04969    0.30683    0.04643
   1149.91000    4.25520    0.05317    0.23300    0.06091
   1152.90000    3.97230    0.05450    0.30724    0.04258
   1155.79000    4.06528    0.04027    0.30056    0.07129
   1157.76000    4.04954    0.06069    0.28490    0.04489
   1159.66000    4.00288    0.02690    0.20588    0.05124
   1161.95000    3.98383    0.03642    0.27878    0.06432
   1164.69000    3.87246    0.08515    0.22872    0.01893
   1167.95000    4.12018    0.02598    0.26940    0.04192
   1170.74000    4.32952    0.09047    0.23339    0.05577
   1172.38000    4.36376    0.05698    0.28982    0.04732
   1175.25000    4.24044    0.07382    0.31542    0.05508
   1177.14000    4.09932    0.05461    0.27545    0.05407
   1180.02000    4.28085    0.07176    0.23306    0.05037
   1183.33000    4.50167    0.06855    0.23530    0.04170
   1183.92000    4.30623    0.05591    0.20947    0.05748
   1188.34000    4.21936    0.03121    0.15296    0.06780
   1192.35000    4.12959    0.08470    0.27550    0.02194
   1195.30000    4.24153    0.03929    0.34354    0.05366
   1196.05000    4.03218    0.08156    0.30354    0.06862
   1199.44000    3.82317    0.06078    0.17963    0.05501
   1203.48000    3.84173    0.06184    0.38058    0.05782
   1207.37000    3.89340    0.07158    0.28291    0.04380
   1210.38000    3.63772    0.06659    0.46165    0.05708
   1213.00000    3.76071    0.03086    0.23457    0.05516
   1460.35000    4.08114    0.02905    0.31595    0.04968
   1462.59000    4.06872    0.06131    0.29809    0.04517
   1464.97000    4.23332    0.06540    0.18038    0.05527
   1467.08000    4.34342    0.07826    0.29274    0.04598
   1471.30000    4.10551    0.06575    0.41032    0.09256
   1474.45000    4.17378    0.05289    0.18678    0.05828
   1477.59000    4.01252    0.07870    0.27865    0.05092
   1480.62000    4.09057    0.06557    0.20277    0.06046
   1483.95000    4.25149    0.04053    0.31036    0.06271
   1487.01000    4.41442    0.06440    0.18945    0.05632
   1489.89000    4.54887    0.07586    0.19996    0.05001
   1491.84000    4.61303    0.02832    0.30788    0.06652
   1495.18000    4.78802    0.02469    0.29869    0.07476
   1500.12000    5.10323    0.05590    0.23431    0.05079
   1502.89000    4.77664    0.02654    0.26140    0.07881
   1504.90000    4.86738    0.07204    0.25663    0.03976
   1507.88000    4.74372    0.03723    0.29317    0.05847
   1509.86000    4.67609    0.06194    0.35153    0.06636
   1512.87000    4.78876    0.02443    0.30207    0.05847
   1515.81000    4.48293    0.05399    0.26954    0.03070
   1519.76000    4.52863    0.05417    0.30998    0.05878
   1521.89000    4.44583    0.05157    0.36409    0.06798
   1524.34000    4.62042    0.06680    0.26404    0.04117
   1526.94000    4.93267    0.07796    0.30542    0.06253
   1529.35000    4.88187    0.04396    0.30736    0.04818
   1531.96000    4.99309    0.07103    0.37754    0.07387
   1534.78000    4.82072    0.06765    0.31237    0.06400
   1537.39000    4.91827    0.07397    0.28606    0.04342
   1540.72000    5.10218    0.07458    0.24009    0.05317
   1544.49000    4.78462    0.07687    0.26972    0.04981
   1548.73000    4.89478    0.06575    0.36892    0.06000
   1550.60000    5.03333    0.02989    0.26276    0.05865
   1552.30000    4.91293    0.05721    0.40501    0.05470
   1554.54000    4.88539    0.04825    0.28821    0.07514
   1555.43000    4.85522    0.06860    0.36693    0.03180
   1558.24000    4.78747    0.05126    0.35169    0.05867
   1561.53000    5.05565    0.02347    0.32753    0.05609
   1563.46000    5.21485    0.05891    0.28941    0.07835
   1567.31000    4.76286    0.05222    0.28700    0.03450
   1569.39000    4.90258    0.07092    0.32767    0.08141
   1572.93000    4.82280    0.03373    0.25233    0.07361
   1575.14000    4.82520    0.06094    0.27976    0.07930
   1577.91000    4.80741    0.06620    0.36928    0.05127
   1826.96000    4.69527    0.05156    0.25196    0.05725
   1831.66000    4.33732    0.06892    0.27427    0.06047
   1834.82000    4.37528    0.06553    0.29856    0.06768
   1837.83000    4.38773    0.05593    0.25803    0.04070
   1841.35000    4.59458    0.04519    0.28387    0.04335
   1845.53000    4.66991    0.06182    0.44471    0.08008
   1848.27000    4.98445    0.06217    0.34078    0.04729
   1852.86000    4.79717    0.04865    0.20319    0.06633
   1855.98000    4.58638    0.06726    0.29120    0.04946
   1856.64000    4.57841    0.06478    0.25861    0.03760
   1859.40000    4.55608    0.05225    0.26556    0.06822
   1863.15000    4.60000    0.04967    0.33507    0.03479
   1866.07000    4.92921    0.01633    0.21427    0.06840
   1869.79000    5.12948    0.03605    0.20325    0.07457
   1872.35000    5.12437    0.04728    0.27075    0.06675
   1876.01000    5.04380    0.05391    0.44639    0.06158
   1880.99000    4.87055    0.03969    0.27543    0.05604
   1883.71000    4.63348    0.07595    0.32699    0.06422
   1884.97000    4.75082    0.02238    0.29857    0.02082
   1889.74000    4.81875    0.05228    0.32369    0.03664
   1893.20000    4.67177    0.04822    0.28300    0.02851
   1896.76000    4.53188    0.08389    0.46620    0.05352
   1898.70000    4.58734    0.05190    0.26380    0.06518
   1901.27000    4.58739    0.05405    0.35192    0.03989
   1904.60000    4.93316    0.03683    0.31407    0.07410
   1908.18000    5.06279    0.06980    0.28419    0.06849
   1910.44000    4.75420    0.05362    0.26987    0.05405
   1913.95000    4.72277    0.04905    0.37103    0.07690
   1917.89000    4.80221    0.04372    0.20886    0.06731
   1920.51000    5.01951    0.07181    0.24667    0.05429
   1924.36000    5.14414    0.06030    0.31050    0.05114
   1926.44000    5.35095    0.04606    0.18522    0.06304
   1928.93000    5.31534    0.07027    0.30420    0.06105
   1932.44000    5.28380    0.05562    0.20531    0.05572
   1935.55000    5.12801    0.04326    0.26085    0.05221
   1938.84000    4.88761    0.03179    0.34118    0.03219
   1943.18000    4.67347    0.06359    0.33519    0.05188
   1944.97000    4.50014    0.04057    0.32438    0.04113
   2190.88000    3.86741    0.05067    0.22747    0.03806
   2193.13000    3.61621    0.03384    0.21389    0.07523
   2196.06000    3.73259    0.04029    0.07827    0.06618
   2198.25000    3.44508    0.04966    0.26699    0.03265
   2200.29000    3.45428    0.04385    0.29662    0.05720
   2202.32000    3.48412    0.05233    0.18162    0.03977
   2207.84000    3.18010    0.04589    0.25550    0.04245
   2210.66000    3.11343    0.05497    0.25786    0.04205
   2212.39000    3.24384    0.05395    0.24607    0.01544
   2215.85000    3.10125    0.07653    0.09301    0.08292
   2219.48000    3.17302    0.07788    0.26840    0.04724
   2224.93000    3.38019    0.06990    0.26423    0.05906
   2229.28000    3.35071    0.06182    0.14731    0.03770
   2231.94000    3.33907    0.03842    0.27879    0.03909
   2236.15000    3.41539    0.05629    0.19281    0.05110
   2238.90000    3.45173    0.07997    0.16286    0.03180
   2242.43000    3.23153    0.02935    0.21560    0.03911
   2245.94000    3.44404    0.01273    0.21026    0.05109
   2248.16000    3.68665    0.07875    0.14664    0.03757
   2249.60000    3.63136    0.05233    0.28497    0.08693
   2252.77000    3.65736    0.04165    0.20384    0.04285
   2255.40000    3.84069    0.04353    0.25446    0.05696
   2258.44000    3.97397    0.08976    0.07057    0.08449
   2262.67000    3.63990    0.03698    0.18169    0.03502
   2266.13000    3.49703    0.03359    0.33752    0.07736
   2269.26000    3.72385    0.03771    0.18724    0.03946
   2272.42000    3.55444    0.04485    0.16653    0.07674
   2274.32000    3.57553    0.04465    0.24513    0.05331
   2276.07000    3.56967    0.05645    0.16746    0.05500
   2277.58000    3.42827    0.04697    0.23411    0.06308
   2281.29000    3.39170    0.08377    0.21483    0.04353
   2285.46000    3.68391    0.05475    0.21549    0.06619
   2287.83000    3.83612    0.05733    0.29196    0.05832
   2292.48000    4.15954    0.02110    0.18987    0.06704
   2294.73000    4.34678    0.05957    0.19772    0.05534
   2296.46000    4.45462    0.06955    0.18388    0.01887
   2298.26000    4.25102    0.04140    0.20939    0.04809
   2300.49000    4.28547    0.03438    0.16675    0.03214
   2302.44000    4.07953    0.05873    0.26269    0.05209
   2306.13000    4.37070    0.06604    0.25126    0.03630
   2309.66000    4.47029    0.06409    0.22972    0.05497
   2557.14000    4.14602    0.06433    0.23212    0.05091
   2558.26000    4.15673    0.05158    0.26308    0.04371
   2562.09000    4.11976    0.06195    0.32688    0.06230
   2564.44000    4.18582    0.05389    0.32540    0.04282
   2565.85000    4.18269    0.04464    0.33275    0.05091
   2569.61000    4.14748    0.04704    0.36420    0.06178
   2571.67000    4.32296    0.06878    0.29666    0.02849
   2575.23000    4.32799    0.05705    0.24977    0.05968
   2577.52000    4.33788    0.06572    0.22262    0.04660
   2580.53000    4.37371    0.04294    0.24756    0.04830
   2583.75000    4.37587    0.08266    0.19672    0.09202
   2588.10000    4.43379    0.05559    0.35538    0.07654
   2589.15000    4.39558    0.06367    0.26507    0.07238
   2592.29000    4.21056    0.05020    0.25105    0.04144
   2596.39000    4.13366    0.06073    0.24532    0.03894
   2598.99000    4.04055    0.07367    0.25863    0.04772
   2600.72000    4.24480    0.05843    0.21992    0.05436
   2603.32000    4.27797    0.05884    0.16036    0.05730
   2605.76000    4.11358    0.05942    0.28554    0.06491
   2609.35000    4.00822    0.05594    0.30578    0.04243
   2611.76000    3.95871    0.05212    0.18523    0.07742
   2614.62000    4.01607    0.05650    0.26260    0.04836
   2618.47000    4.01507    0.06073    0.27359    0.08783
   2622.44000    4.32766    0.07152    0.24041    0.04650
   2624.64000    4.12065    0.07101    0.34466    0.08630
   2628.68000    4.03049    0.01864    0.22249    0.03437
   2632.18000    4.23925    0.02701    0.23093    0.03337
   2634.70000    4.44786    0.07724    0.18013    0.09979
   2637.69000    4.58483    0.06811    0.20687    0.04416
   2640.25000    4.60632    0.07272    0.27652    0.04135
   2642.15000    4.61391    0.05438    0.25019    0.01965
   2644.24000    4.69102    0.07180    0.23053    0.04452
   2645.95000    4.60711    0.04124    0.33409    0.08595
   2647.13000    4.58283    0.05277    0.30894    0.03883
   2649.45000    4.70073    0.05091    0.27646    0.04410
   2653.23000    4.51695    0.06986    0.26283    0.07727
   2655.12000    4.43838    0.05591    0.24648    0.06180
   2657.90000    4.36254    0.05920    0.30258    0.07077
   2661.27000    4.19496    0.05653    0.27309    0.06166
   2664.40000    4.24527    0.06595    0.24277    0.06036
   2668.44000    4.11300    0.04134    0.21199    0.07007
   2670.41000    4.25085    0.07337    0.27006    0.06583
   2671.85000    4.26122    0.07372    0.25045    0.06106
   2674.08000    4.20899    0.05484    0.31017    0.04279
   2921.37000    4.75763    0.05393    0.22171    0.05098
   2924.19000    4.73408    0.02671    0.25714    0.02576
   2928.40000    4.51571    0.04215    0.25305    0.03472
   2930.12000    4.77428    0.06182    0.20086    0.05726
   2933.91000    4.60082    0.07968    0.30469    0.06362
   2938.18000    4.61916    0.06317    0.39826    0.07241
   2941.62000    4.80240    0.04734    0.30876    0.05604
   2944.48000    4.60975    0.03304    0.24149    0.08808
   2946.15000    4.37134    0.05843    0.36154    0.03356
   2949.26000    4.05992    0.04064    0.23589    0.06637
   2952.73000    4.08995    0.06061    0.28255    0.06724
   2955.82000    4.23502    0.05228    0.30022    0.03439
   2958.21000    4.37409    0.04544    0.35018    0.06159
   2961.43000    4.25054    0.04938    0.34491    0.06059
   2964.66000    4.03853    0.05044    0.23571    0.07105
   2967.40000    4.18136    0.03783    0.29731    0.06155
   2972.59000    4.41703    0.04671    0.36926    0.05260
   2975.70000    4.35010    0.05958    0.32881    0.04001
   2978.52000    4.39084    0.06422    0.25019    0.04972
   2982.50000    4.12048    0.04408    0.31217    0.07052
   2985.03000    4.12654    0.03785    0.28775    0.05320
   2987.97000    4.16642    0.05977    0.18761    0.08799
   2990.84000    3.95974    0.04060    0.38967    0.05514
   2993.18000    4.02413    0.03938    0.18311    0.06370
   2997.66000    4.22473    0.06903    0.21415    0.07213
   2998.46000    4.18093    0.05493    0.33038    0.05557
   3002.14000    3.87110    0.05589    0.31510    0.06253
   3005.01000    3.69087    0.06322    0.22919    0.05204
   3007.45000    3.86945    0.02841    0.23392    0.05519
   3010.79000    3.83474    0.03960    0.28737    0.05203
   3011.73000    3.76022    0.05898    0.25140    0.02524
   3016.26000    3.77012    0.06330    0.17867    0.07630
   3019.69000    3.89872    0.03991    0.18044    0.05674
   3022.50000    3.73727    0.05987    0.37870    0.06277
   3026.88000    3.66406    0.07705    0.25031    0.06782
   3031.49000    3.52091    0.04688    0.16224    0.03590
   3034.83000    3.50407    0.03515    0.16709    0.05505
   3037.22000    3.67531    0.05401    0.24629    0.03257
   3039.81000    3.90027    0.04284    0.24703    0.06413
   3285.38000    3.72495    0.05706    0.30336    0.06605
   3290.02000    3.70672    0.05006    0.27853    0.06222
   3292.43000    3.61421    0.04933    0.32263    0.08132
   3295.98000    3.53568    0.06753    0.15041    0.08959
   3299.24000    3.63459    0.06021    0.25623    0.05423
   3302.14000    3.84948    0.07363    0.22576    0.05529
   3306.05000    4.09999    0.04775    0.23246    0.04301
   3308.20000    3.93840    0.04562    0.16964    0.06868
   3311.99000    4.09383    0.07088    0.27621    0.04578
   3315.11000    4.10063    0.03429    0.26255    0.05226
   3317.64000    4.14584    0.04806    0.18781    0.06678
   3320.65000    4.41775    0.00793    0.18043    0.07809
   3323.00000    4.36193    0.06351    0.16160    0.05391
   3324.57000    4.65303    0.07646    0.26883    0.03380
   3328.90000    4.62095    0.02425    0.23086    0.05465
   3331.16000    4.67646    0.03569    0.21102    0.05919
   3332.89000    4.72436    0.06740    0.25761    0.01980
   3337.01000    4.66061    0.04414    0.33439    0.05595
   3340.81000    4.53229    0.05741    0.25672    0.05133
   3343.45000    4.57824    0.02822    0.24097    0.04992
   3346.24000    4.64042    0.04089    0.25361    0.07441
   3349.53000    4.59815    0.06079    0.25293    0.05675
   3352.05000    4.65539    0.05695    0.29150    0.04027
   3355.34000    4.94669    0.05349    0.24808    0.04862
   3357.75000    5.30580    0.03602    0.32289    0.05528
   3361.48000    5.04209    0.05874    0.30635    0.02525
   3364.57000    4.98606    0.03950    0.34866    0.05506
   3366.84000    5.24074    0.06576    0.27986    0.07148
   3369.63000    5.18805    0.02119    0.31910    0.05715
   3374.59000    5.02588    0.04376    0.20133    0.08009
   3379.78000    5.41048    0.06139    0.18584    0.08239
   3382.01000    5.44058    0.03618    0.38097    0.08117
   3384.06000    5.52890    0.06881    0.35975    0.06745
   3386.22000    5.46088    0.04538    0.38108    0.04807
   3389.98000    5.74674    0.05312    0.30758    0.05996
   3394.01000    5.58894    0.06866    0.43449    0.06713
   3397.17000    5.72287    0.04132    0.31829    0.05505
   3399.89000    5.84721    0.02875    0.31218    0.04856
   3401.98000    5.63958    0.05467    0.33611    0.04026
