## Time Delay Challenge light curves
##
## [time]=days, [lc]=[err]=flux in nanomaggies
##
##       time       lc_A      err_A       lc_B      err_B
##-------------------------------------------------------
      1.40000    1.07347    0.04091    5.70506    0.04603
      3.51000    1.05648    0.03483    5.67653    0.05035
      8.37000    1.02271    0.05635    5.67135    0.03540
      8.95000    0.95543    0.06029    5.64508    0.02855
     12.08000    1.01221    0.05661    5.60548    0.03319
     14.68000    0.98052    0.05699    5.64286    0.04810
     18.81000    1.14894    0.05765    5.60998    0.05781
     22.20000    0.98556    0.05644    5.56577    0.05297
     26.67000    1.04390    0.05586    5.63742    0.04472
     30.11000    1.06837    0.04913    5.65376    0.05016
     32.90000    0.96446    0.05678    5.61474    0.05319
     35.04000    1.07606    0.04782    5.63356    0.04340
     40.01000    1.05366    0.06824    5.67955    0.05535
     40.39000    1.01851    0.05246    5.67503    0.03725
     44.07000    0.92157    0.06511    5.63101    0.07067
     48.39000    0.99417    0.02798    5.70316    0.06268
     51.68000    1.16094    0.06014    5.59967    0.07348
     55.29000    1.05582    0.03657    5.60789    0.08836
     60.07000    1.07827    0.04096    5.63989    0.04687
     61.54000    1.10440    0.04396    5.69045    0.04712
     65.33000    0.96243    0.03050    5.65723    0.02697
     68.70000    0.99306    0.07072    5.68920    0.03915
     72.44000    0.98728    0.08827    5.72408    0.04312
     74.91000    1.09612    0.07003    5.71828    0.03876
     79.48000    1.02122    0.04935    5.73343    0.06325
     82.24000    0.97587    0.05948    5.76110    0.04940
     84.54000    1.01372    0.04597    5.71682    0.03056
     85.82000    1.01146    0.05628    5.68194    0.03573
     89.67000    1.12790    0.06757    5.60999    0.04291
     91.12000    1.02342    0.04592    5.58668    0.08015
     95.01000    1.07981    0.04547    5.50625    0.04391
    100.38000    0.95783    0.07672    5.67089    0.06762
    101.45000    1.01937    0.07078    5.67671    0.05876
    104.13000    0.88541    0.07051    5.64719    0.04097
    109.30000    1.01970    0.05302    5.62396    0.01016
    113.49000    0.98655    0.02876    5.63195    0.02248
    116.48000    0.94800    0.03982    5.72922    0.06906
    119.28000    1.05263    0.05011    5.59793    0.04469
    365.46000    1.05740    0.07131    5.38891    0.05504
    368.94000    0.96048    0.02658    5.49734    0.05402
    371.13000    0.94416    0.04435    5.44308    0.04655
    374.59000    1.01439    0.06155    5.43084    0.03816
    376.37000    0.95981    0.04708    5.40230    0.06225
    380.19000    0.96174    0.05743    5.35147    0.05317
    382.71000    1.01873    0.04989    5.33764    0.03273
    386.98000    0.98087    0.06710    5.35368    0.05670
    391.51000    0.80975    0.07061    5.34263    0.02406
    395.90000    1.08649    0.04676    5.33355    0.05221
    396.86000    0.94352    0.05041    5.39037    0.04070
    401.17000    0.92670    0.06964    5.33248    0.03056
    405.39000    0.94490    0.03699    5.30923    0.05362
    407.98000    1.00488    0.06450    5.35188    0.05139
    411.10000    0.96368    0.04990    5.32400    0.04764
    414.86000    0.89357    0.06165    5.31015    0.04660
    417.61000    0.97395    0.03334    5.34178    0.03182
    420.77000    0.92965    0.03778    5.14010    0.07155
    423.87000    0.95360    0.04508    5.29975    0.07803
    426.34000    0.80840    0.06965    5.44923    0.06012
    429.36000    1.03921    0.07891    5.44445    0.05621
    431.50000    0.95751    0.04292    5.39920    0.08886
    432.97000    1.01685    0.03676    5.28222    0.03480
    436.13000    0.91608    0.04646    5.25948    0.06404
    440.67000    0.94749    0.03668    5.30265    0.02596
    442.05000    0.94191    0.03801    5.32927    0.04061
    445.06000    1.01722    0.04355    5.42720    0.04666
    450.00000    0.93602    0.05377    5.23018    0.04807
    451.80000    0.93680    0.05859    5.36839    0.05894
    454.12000    1.00235    0.05263    5.22001    0.06116
    455.53000    1.01517    0.05086    5.25742    0.03015
    458.27000    0.93417    0.03448    5.19348    0.04188
    461.78000    0.93536    0.06272    5.25657    0.04384
    464.77000    0.97937    0.04728    5.30442    0.03805
    469.11000    0.93955    0.03933    5.34481    0.05731
    471.91000    0.95087    0.06088    5.41904    0.06145
    472.34000    1.01061    0.05313    5.30439    0.06405
    476.86000    0.96895    0.04749    5.29346    0.09197
    478.89000    0.95131    0.03128    5.24850    0.06645
    482.43000    1.02512    0.06912    5.35981    0.03459
    732.40000    0.91037    0.05161    5.42009    0.03221
    734.46000    0.95998    0.02755    5.40109    0.04752
    736.68000    0.88348    0.06643    5.46776    0.04837
    738.62000    0.94823    0.08065    5.46370    0.02901
    742.14000    0.99625    0.03719    5.45667    0.06054
    746.07000    0.99398    0.06362    5.35319    0.07735
    748.92000    0.98763    0.04294    5.30568    0.07068
    750.90000    0.92999    0.02742    5.35527    0.02353
    755.09000    1.04362    0.06661    5.48027    0.05115
    760.92000    0.84643    0.07336    5.50746    0.07589
    763.87000    1.06575    0.06266    5.37442    0.06077
    766.17000    0.90937    0.06821    5.26336    0.04025
    769.42000    0.90489    0.05024    5.28911    0.05613
    773.04000    0.91578    0.03487    5.36804    0.06858
    775.53000    0.85493    0.04291    5.26744    0.02429
    778.89000    0.87338    0.06580    5.26875    0.08461
    784.98000    0.92886    0.07445    5.13447    0.03634
    788.22000    0.83110    0.04080    5.22155    0.04226
    791.14000    0.82883    0.06777    5.20876    0.02833
    795.15000    0.94671    0.05551    5.22642    0.03642
    798.18000    0.93211    0.08765    5.12350    0.05595
    801.86000    1.00473    0.06583    5.21407    0.08361
    804.31000    0.89647    0.06513    5.21487    0.04052
    809.09000    0.94290    0.06683    5.25253    0.03472
    812.02000    0.92803    0.07206    5.22725    0.02311
    815.58000    0.94044    0.04634    5.21236    0.00870
    818.90000    0.87650    0.08335    5.12208    0.08060
    821.71000    0.96432    0.04998    5.18402    0.07102
    823.07000    0.88437    0.03959    5.24447    0.04946
    823.81000    0.93393    0.08116    5.23407    0.04767
    827.64000    0.95734    0.03808    5.13502    0.03695
    830.09000    0.82356    0.07331    5.00906    0.09151
    834.38000    1.00135    0.07784    5.16756    0.02684
    836.73000    0.88649    0.05220    5.09831    0.04272
    838.79000    0.82818    0.09099    5.11025    0.03427
    841.30000    0.93921    0.03184    5.04179    0.05807
    844.92000    0.89133    0.07946    5.15668    0.03649
    847.74000    0.86512    0.04637    5.10246    0.02032
   1096.03000    0.96464    0.07408    5.25086    0.04418
   1099.07000    0.89091    0.03105    5.27159    0.04703
   1102.57000    1.01383    0.07399    5.22823    0.07217
   1105.31000    0.94883    0.02961    5.29193    0.07198
   1108.97000    0.90963    0.06516    5.30749    0.02876
   1112.17000    1.06150    0.06992    5.44522    0.07484
   1117.01000    0.98467    0.02548    5.26303    0.03426
   1120.64000    0.90028    0.06351    5.22695    0.06194
   1122.62000    0.94075    0.05002    5.20397    0.05299
   1127.03000    1.00274    0.07394    5.25049    0.02953
   1130.53000    0.88910    0.06044    5.35704    0.05533
   1133.94000    0.97348    0.05338    5.23116    0.04715
   1134.55000    0.91084    0.06729    5.28055    0.04885
   1140.39000    1.05816    0.05746    5.28568    0.05205
   1143.77000    0.87357    0.05132    5.28561    0.05065
   1146.83000    0.88634    0.04405    5.21595    0.04827
   1153.14000    0.94979    0.05270    5.23935    0.06241
   1155.52000    1.02947    0.05951    5.16639    0.05505
   1157.63000    0.89387    0.04525    5.18242    0.07395
   1159.54000    0.94204    0.05916    5.17889    0.06487
   1162.46000    0.92074    0.06402    5.19867    0.02184
   1164.88000    0.94360    0.09274    5.19494    0.06654
   1170.19000    0.83877    0.04687    5.15719    0.05198
   1172.44000    0.87410    0.06480    5.13787    0.07056
   1174.88000    0.78082    0.06150    4.99302    0.08772
   1175.48000    0.98973    0.05300    5.07118    0.04732
   1177.97000    0.87099    0.05823    5.12978    0.06517
   1181.89000    1.06488    0.07932    4.98048    0.05186
   1186.69000    1.01993    0.07265    5.25883    0.04517
   1189.00000    0.95439    0.02909    5.08678    0.03397
   1192.47000    0.95884    0.05157    5.05319    0.07270
   1195.31000    0.99489    0.08974    5.16365    0.06772
   1197.81000    0.91154    0.03591    5.16880    0.05317
   1200.83000    0.99934    0.03810    5.22169    0.03830
   1203.42000    0.85817    0.06472    5.40746    0.06112
   1207.63000    0.97233    0.01389    5.33493    0.05298
   1210.57000    1.00545    0.07693    5.38840    0.01667
   1214.98000    1.08586    0.08972    5.36517    0.05436
   1463.49000    0.99084    0.04803    5.71186    0.06881
   1468.12000    0.92831    0.06340    5.75822    0.06317
   1471.38000    1.02489    0.03264    5.68639    0.05469
   1473.75000    1.01290    0.04397    5.69250    0.04253
   1476.89000    0.94272    0.08139    5.53701    0.08079
   1479.05000    1.06674    0.04873    5.58506    0.10389
   1482.49000    0.96297    0.04300    5.65953    0.03353
   1485.00000    0.98989    0.01075    5.64257    0.06038
   1488.53000    0.99381    0.05005    5.62760    0.05134
   1492.41000    1.09236    0.06973    5.66830    0.04947
   1495.38000    1.01055    0.05875    5.58258    0.05618
   1499.92000    0.99019    0.03839    5.69104    0.04590
   1502.74000    1.01514    0.07086    5.66923    0.05372
   1504.45000    1.00855    0.02847    5.66498    0.05077
   1508.62000    1.03530    0.07857    5.74941    0.05731
   1512.39000    1.00373    0.01197    5.68900    0.05269
   1516.98000    1.07852    0.05039    5.79990    0.06789
   1520.81000    0.91300    0.03440    5.78174    0.05065
   1524.16000    1.07895    0.03778    5.73443    0.07009
   1527.89000    1.07906    0.08270    5.80314    0.05235
   1529.94000    0.96598    0.04295    5.73738    0.03970
   1530.93000    1.01835    0.03009    5.79110    0.03045
   1532.96000    1.00238    0.07246    5.72957    0.06261
   1536.70000    1.01779    0.03564    5.71972    0.05921
   1539.36000    0.98965    0.04996    5.62761    0.05621
   1542.29000    1.01222    0.05947    5.79419    0.04734
   1543.92000    1.08879    0.04161    5.60835    0.06181
   1548.14000    1.12926    0.06391    5.72969    0.07343
   1551.13000    1.06268    0.06792    5.71191    0.09703
   1553.34000    1.11181    0.05854    5.68342    0.01749
   1555.63000    1.04761    0.03526    5.71453    0.05532
   1557.97000    1.00036    0.06757    5.61491    0.05929
   1561.12000    1.00025    0.05224    5.73736    0.04611
   1563.30000    1.06626    0.05697    5.64173    0.04712
   1565.13000    0.93303    0.03536    5.70284    0.03677
   1568.58000    0.99424    0.06222    5.54779    0.04611
   1570.81000    1.00597    0.05031    5.52366    0.02680
   1574.78000    1.00454    0.01762    5.46309    0.04818
   1825.39000    1.01722    0.05980    5.15878    0.06685
   1829.26000    0.95693    0.05510    5.36683    0.07499
   1832.69000    0.92005    0.03309    5.51466    0.05944
   1835.21000    0.93029    0.03334    5.38471    0.03966
   1838.31000    0.89497    0.05109    5.35071    0.04942
   1841.87000    0.93902    0.01811    5.27709    0.04600
   1846.02000    1.03058    0.05152    5.21727    0.04870
   1847.84000    0.94002    0.06298    5.37451    0.04500
   1850.35000    0.98614    0.06702    5.18829    0.03062
   1853.52000    0.95117    0.04920    5.25507    0.07134
   1855.35000    0.99099    0.04420    5.07161    0.08913
   1858.67000    0.86416    0.05399    5.34493    0.08789
   1859.86000    0.96703    0.03249    5.29418    0.06870
   1862.09000    0.96395    0.06653    5.16946    0.09150
   1865.52000    0.92432    0.02269    5.14808    0.05205
   1868.60000    0.92101    0.05611    5.17141    0.07800
   1870.03000    0.93163    0.04764    5.09315    0.05582
   1873.65000    0.85940    0.05896    5.17456    0.04793
   1876.70000    0.93050    0.04381    5.07869    0.04531
   1878.09000    0.98033    0.05150    5.04982    0.06721
   1880.44000    1.02772    0.04984    5.11798    0.05924
   1884.09000    0.88395    0.06071    5.08683    0.05471
   1887.12000    1.01281    0.05926    5.14396    0.04616
   1890.37000    0.92877    0.04507    5.18491    0.03265
   1893.26000    0.94899    0.07551    5.14061    0.04611
   1897.00000    0.92106    0.05471    5.01196    0.07045
   1900.04000    0.87473    0.05633    5.09039    0.05734
   1903.14000    0.85761    0.04572    5.17500    0.02659
   1905.87000    0.94294    0.06438    5.22080    0.07143
   1908.65000    1.02487    0.06266    5.22084    0.04636
   1910.67000    0.93942    0.04400    5.18186    0.05657
   1912.18000    0.98930    0.07443    5.03563    0.05755
   1914.62000    0.96662    0.07318    5.31523    0.04835
   1917.17000    1.13579    0.06152    5.27004    0.06710
   1920.85000    0.99361    0.03555    5.20658    0.04120
   1921.76000    1.05793    0.05669    5.08417    0.06303
   1925.07000    1.11042    0.08732    5.19929    0.06896
   1928.72000    0.94010    0.05689    5.12972    0.08458
   1931.30000    1.02621    0.05395    5.04797    0.07339
   1934.68000    0.92885    0.03148    5.03635    0.04896
   1937.75000    0.97618    0.07626    5.16356    0.06451
   1940.37000    0.89514    0.04910    5.21799    0.04965
   1944.46000    0.96691    0.05528    5.26016    0.02967
   2191.39000    0.94502    0.04718    4.94898    0.06209
   2192.84000    0.85189    0.05745    4.78935    0.06400
   2194.85000    0.80434    0.06219    4.81380    0.05168
   2198.03000    0.94462    0.05536    4.72274    0.04242
   2201.06000    0.91146    0.03825    4.76473    0.03313
   2204.29000    0.88600    0.04186    4.73041    0.07470
   2208.22000    0.88779    0.04349    4.81605    0.04394
   2210.68000    0.84172    0.06892    4.86420    0.07058
   2214.79000    0.91257    0.05826    4.81290    0.06434
   2217.95000    0.85240    0.07642    4.80442    0.06268
   2221.24000    0.79061    0.07260    4.80025    0.05869
   2224.04000    0.86711    0.06893    4.86695    0.07723
   2228.48000    0.87959    0.06436    4.82704    0.03759
   2233.02000    0.85541    0.04444    4.84143    0.05261
   2236.44000    0.91051    0.04079    4.90806    0.04976
   2239.97000    0.91174    0.06229    4.89823    0.05220
   2245.29000    0.87622    0.05015    4.93882    0.04106
   2249.12000    0.87762    0.07620    4.94988    0.06947
   2252.09000    0.83889    0.04350    4.98574    0.03584
   2256.05000    0.91676    0.03923    5.09473    0.07001
   2260.84000    0.90728    0.04574    4.96445    0.06813
   2264.29000    0.89919    0.04736    5.00178    0.06554
   2267.06000    0.79400    0.05591    4.88612    0.07274
   2271.73000    1.02063    0.04988    4.91876    0.06102
   2274.10000    0.93201    0.06543    5.05105    0.09057
   2277.83000    0.90884    0.06447    4.88488    0.03627
   2281.14000    0.91575    0.03431    4.96889    0.06471
   2284.20000    0.99078    0.06606    4.91463    0.01718
   2286.72000    0.75799    0.05310    4.94405    0.06261
   2291.58000    0.90216    0.04963    4.85112    0.03943
   2295.21000    0.89585    0.05270    4.93116    0.02297
   2298.40000    0.81626    0.09186    4.92764    0.07090
   2300.88000    0.96883    0.05836    4.94622    0.07083
   2303.48000    0.89811    0.02430    4.96881    0.04441
   2309.26000    0.90533    0.05078    4.97469    0.06380
   2557.27000    0.86434    0.06947    4.73536    0.05897
   2559.01000    0.77704    0.06780    4.79847    0.05159
   2561.89000    0.82865    0.06483    4.76678    0.02564
   2565.38000    0.88295    0.04157    4.77576    0.07084
   2567.89000    0.86300    0.05590    4.76267    0.03871
   2570.85000    0.91388    0.04341    4.79103    0.04634
   2573.41000    0.86163    0.04453    4.73370    0.06713
   2579.58000    0.89507    0.08145    4.83450    0.05060
   2581.94000    0.83821    0.04739    4.82756    0.06784
   2584.73000    0.74975    0.05377    4.91234    0.04489
   2585.76000    0.82546    0.04781    4.84138    0.02885
   2589.09000    0.91379    0.02072    4.77921    0.04771
   2591.74000    0.85958    0.04868    4.82653    0.05055
   2593.80000    0.92082    0.06400    4.88845    0.03784
   2597.03000    0.89570    0.06096    4.88364    0.04868
   2600.39000    0.66839    0.06954    4.87499    0.04549
   2604.45000    0.87555    0.05636    4.85704    0.06660
   2607.20000    0.82525    0.05515    4.88534    0.06515
   2609.45000    0.92357    0.07028    4.99472    0.08165
   2613.69000    0.95746    0.07551    4.97588    0.07194
   2615.61000    0.98274    0.05650    4.97404    0.03642
   2618.90000    0.98776    0.04673    4.98570    0.07794
   2621.24000    0.92709    0.06054    5.11439    0.03417
   2623.54000    0.92110    0.02520    5.15425    0.06609
   2624.81000    0.88639    0.03001    5.12710    0.04044
   2628.96000    0.85162    0.04826    4.99853    0.02669
   2631.30000    0.88926    0.02203    4.84228    0.09440
   2634.98000    0.98988    0.05781    4.92758    0.03823
   2639.52000    0.78072    0.06599    4.91270    0.08951
   2642.58000    0.90410    0.06176    4.87864    0.03869
   2646.34000    0.83266    0.02329    4.76631    0.06043
   2648.52000    0.88178    0.06239    4.87108    0.04890
   2649.94000    0.86453    0.07697    4.90995    0.06669
   2651.71000    0.82886    0.07468    4.85841    0.04475
   2654.31000    0.84218    0.04607    4.76844    0.06086
   2657.32000    0.85891    0.05223    4.93976    0.06021
   2661.50000    0.81529    0.06166    4.65793    0.07471
   2665.16000    0.82213    0.03642    4.86791    0.08992
   2669.65000    0.85586    0.04550    4.89316    0.05902
   2673.79000    0.87405    0.07248    4.76172    0.04971
   2921.10000    0.83088    0.06998    4.71165    0.07039
   2923.57000    0.89601    0.08519    4.79916    0.05989
   2926.63000    0.82119    0.04344    4.58644    0.06070
   2929.33000    0.91891    0.06075    4.72582    0.02603
   2931.87000    0.65936    0.06512    4.72559    0.04953
   2935.82000    0.83231    0.03623    4.71429    0.00765
   2938.55000    0.86526    0.07713    4.65954    0.04048
   2941.12000    0.84899    0.04822    4.73148    0.05512
   2944.45000    0.77945    0.03120    4.59841    0.07119
   2946.73000    0.72526    0.04224    4.80186    0.08285
   2949.68000    0.81954    0.08301    4.71372    0.04010
   2950.45000    0.80129    0.08775    4.63550    0.02351
   2953.71000    0.86258    0.05893    4.46522    0.05910
   2956.69000    0.76381    0.05859    4.68085    0.05351
   2960.65000    0.83254    0.06261    4.59527    0.05148
   2961.24000    0.86866    0.07681    4.66824    0.05027
   2963.50000    0.86077    0.04956    4.65883    0.06252
   2964.58000    0.88598    0.04910    4.62925    0.03748
   2967.09000    0.83447    0.03880    4.70604    0.06388
   2968.96000    0.87517    0.04834    4.69695    0.06805
   2973.24000    0.77095    0.06711    4.66576    0.06129
   2978.02000    0.85006    0.04652    4.64543    0.04436
   2981.30000    0.85345    0.05953    4.57675    0.05233
   2985.47000    0.84556    0.04613    4.70770    0.07273
   2989.82000    0.88562    0.05211    4.67086    0.05190
   2993.41000    0.85271    0.02490    4.61198    0.06843
   2996.73000    0.90969    0.05398    4.68939    0.08239
   2999.19000    0.84714    0.02842    4.72983    0.02393
   3001.03000    0.91138    0.04026    4.85693    0.05219
   3003.76000    0.81716    0.09035    4.92013    0.05151
   3007.35000    0.88455    0.03910    4.85590    0.07779
   3010.48000    0.85571    0.03898    4.78087    0.07328
   3012.95000    0.90799    0.05425    4.80104    0.04489
   3016.71000    0.79798    0.05224    4.75927    0.05859
   3019.50000    0.85522    0.05244    4.71473    0.05457
   3021.60000    0.88232    0.05515    4.82695    0.04064
   3025.15000    0.83820    0.03981    4.74356    0.06078
   3027.61000    0.84787    0.07385    4.74473    0.06820
   3029.31000    0.85055    0.07019    4.87895    0.07810
   3033.04000    0.85990    0.02253    4.78321    0.05219
   3036.31000    0.73939    0.08445    4.77917    0.05149
   3039.39000    0.88692    0.05095    4.74913    0.05210
   3286.31000    0.85496    0.02986    4.82553    0.04441
   3289.61000    0.85661    0.05051    4.77634    0.02665
   3291.37000    0.78493    0.07276    4.78637    0.05762
   3296.11000    0.83801    0.05059    4.79663    0.06961
   3297.61000    0.85596    0.06481    4.80916    0.06297
   3301.87000    0.79663    0.04044    4.74493    0.05650
   3305.91000    0.88284    0.05936    4.72161    0.05157
   3308.64000    0.76154    0.06922    4.76025    0.03934
   3311.43000    0.78686    0.04258    4.84301    0.05541
   3313.07000    0.88126    0.07543    4.78498    0.04008
   3317.39000    0.88917    0.07271    4.69898    0.04967
   3320.75000    0.84949    0.05085    4.86376    0.06584
   3324.90000    0.85779    0.00685    4.85392    0.05949
   3326.00000    0.83431    0.03462    4.86889    0.02485
   3327.21000    0.82102    0.05321    4.87056    0.05676
   3330.42000    0.93739    0.07560    4.80628    0.04654
   3334.82000    0.93850    0.07246    4.92118    0.07815
   3337.55000    0.87812    0.05892    4.85289    0.06268
   3341.20000    0.75355    0.05841    4.93382    0.02098
   3343.14000    0.97284    0.06659    4.99698    0.06228
   3347.09000    0.84780    0.04809    4.84638    0.05290
   3349.74000    0.83498    0.04664    4.91955    0.04645
   3353.76000    0.81067    0.03123    4.95371    0.06793
   3357.16000    0.87997    0.03283    4.86894    0.04066
   3359.80000    0.79376    0.06539    4.86701    0.08002
   3365.74000    0.86367    0.04743    4.72469    0.08374
   3368.13000    0.88567    0.05246    4.80077    0.05384
   3371.81000    0.80585    0.02653    4.93237    0.07656
   3374.12000    0.81585    0.03703    4.82373    0.04691
   3376.77000    0.83071    0.06352    4.90325    0.05495
   3379.30000    0.81140    0.05035    4.85659    0.03525
   3383.04000    0.86871    0.05643    4.78242    0.06204
   3387.24000    0.88932    0.05134    4.82998    0.06866
   3389.48000    0.97559    0.06534    4.89513    0.06927
   3393.13000    0.80008    0.03164    4.76096    0.04576
   3395.54000    0.92342    0.05628    4.85690    0.06397
   3398.45000    0.87997    0.05186    4.81928    0.03679
   3401.58000    0.86819    0.05296    4.87404    0.06684
   3403.95000    0.88191    0.08336    4.91078    0.06824
