## Time Delay Challenge light curves
##
## [time]=days, [lc]=[err]=flux in nanomaggies
##
##       time       lc_A      err_A       lc_B      err_B
##-------------------------------------------------------
      2.42000    6.47718    0.03938    5.46651    0.01471
      5.37000    6.50158    0.04640    5.60085    0.04947
      6.84000    6.68003    0.04679    5.17125    0.04844
     10.44000    7.64044    0.03023    5.23916    0.04953
     13.61000    7.36625    0.02723    4.80860    0.07284
     16.78000    7.45024    0.04662    4.91818    0.05368
     17.02000    7.27801    0.03705    5.02659    0.07491
     18.59000    6.56761    0.07672    4.98783    0.04645
     22.42000    6.14746    0.06817    5.89008    0.05447
     26.94000    5.38597    0.04684    5.75609    0.06028
     29.54000    5.00525    0.06052    5.48114    0.03514
     34.59000    5.89753    0.03976    4.56246    0.06712
     36.57000    6.00243    0.06229    4.32235    0.05073
     38.54000    5.93285    0.01514    4.40389    0.07129
     40.58000    5.49221    0.06006    3.95131    0.07486
     43.79000    5.07129    0.04871    4.19526    0.04077
     48.08000    4.52454    0.03954    4.40086    0.05795
     50.00000    4.67396    0.02682    4.41377    0.04483
     53.94000    5.16579    0.05658    4.31266    0.07188
     57.26000    5.33993    0.04845    3.54069    0.05379
     60.28000    4.97418    0.06149    3.28558    0.01914
     63.27000    5.00567    0.03336    3.38751    0.05173
     66.14000    4.82660    0.05049    4.02475    0.04558
     66.25000    4.87188    0.06014    3.99587    0.06192
     67.64000    5.11325    0.03119    4.19251    0.07695
     71.76000    4.87068    0.03988    3.73087    0.03043
     75.38000    5.21522    0.07489    3.60117    0.03895
     77.14000    5.05985    0.04980    3.49529    0.05458
     81.41000    5.55753    0.08944    3.60417    0.04012
     83.78000    5.27347    0.02080    3.44433    0.04298
     87.01000    4.88931    0.05851    3.70679    0.04207
     90.21000    4.46344    0.05709    3.69579    0.05725
     92.38000    4.16488    0.05236    3.88767    0.03654
     96.38000    4.25765    0.04133    3.49247    0.05744
     99.47000    4.83099    0.05828    3.42164    0.05910
    103.19000    5.24074    0.04465    3.19197    0.03170
    105.94000    5.09171    0.04399    3.14840    0.06519
    110.10000    5.22901    0.05059    3.23287    0.04297
    113.62000    5.31218    0.06089    3.41867    0.04558
    116.76000    5.48661    0.03048    3.47745    0.05130
    119.60000    5.57632    0.05865    3.53818    0.05121
    366.98000    3.34668    0.05456    1.77099    0.05054
    369.69000    3.57722    0.03882    1.78894    0.06091
    373.22000    3.24889    0.04907    1.86329    0.04415
    375.73000    3.09916    0.06436    2.03384    0.07405
    379.13000    2.95664    0.06409    2.19720    0.06128
    382.26000    3.00847    0.06836    2.22161    0.04880
    384.41000    3.14204    0.06070    2.19762    0.05609
    386.47000    3.21798    0.04360    1.98791    0.06849
    389.07000    3.24990    0.04460    1.80069    0.07123
    390.71000    3.29799    0.05853    1.83321    0.03949
    393.14000    3.30062    0.08918    1.83979    0.06292
    394.90000    3.44328    0.04992    1.91592    0.05615
    399.17000    3.02671    0.05071    1.92802    0.03945
    402.28000    2.95536    0.05693    2.11259    0.03905
    405.28000    3.08335    0.06424    2.15142    0.04981
    409.73000    3.15249    0.05456    1.97002    0.04575
    413.51000    3.01453    0.07302    1.84151    0.03828
    416.32000    3.05576    0.06695    1.66636    0.07248
    418.56000    3.01453    0.03560    2.08951    0.04232
    421.44000    3.33065    0.06214    2.07144    0.07231
    424.21000    3.17244    0.05725    1.79208    0.06806
    426.72000    3.49165    0.03872    2.03986    0.06774
    429.89000    3.43662    0.05301    1.81012    0.07469
    433.97000    3.15976    0.03377    2.10184    0.05735
    438.01000    2.93996    0.06238    2.16437    0.04602
    441.79000    3.00292    0.07674    2.13893    0.06744
    443.11000    2.67394    0.05633    2.21844    0.07863
    446.89000    2.84844    0.05445    1.91438    0.05724
    450.26000    3.24929    0.06043    1.92450    0.07903
    452.71000    3.60460    0.06316    1.82933    0.07056
    457.30000    3.82434    0.04806    1.66230    0.07244
    460.87000    3.91812    0.05377    1.91787    0.06285
    462.93000    3.96486    0.02382    2.16725    0.06188
    465.50000    3.92527    0.03114    2.23756    0.08508
    469.12000    4.35575    0.03992    2.32160    0.05200
    472.67000    4.17899    0.04845    2.35733    0.02151
    476.34000    3.62252    0.06367    2.18030    0.06982
    478.27000    3.76930    0.04730    2.43781    0.02413
    480.43000    3.93799    0.06933    2.83004    0.03824
    483.30000    3.84774    0.04730    2.46551    0.06264
    484.90000    3.65814    0.02041    2.53399    0.05369
    733.91000    3.78742    0.03409    2.69559    0.04848
    738.89000    3.67339    0.07212    2.39962    0.05319
    741.63000    3.84980    0.07667    2.22624    0.04641
    743.60000    3.54342    0.03948    2.05583    0.05148
    746.71000    3.42823    0.06265    2.29432    0.04173
    748.83000    3.52084    0.06037    2.19560    0.05883
    753.05000    3.46223    0.02049    2.02310    0.06624
    756.19000    3.82000    0.06750    1.96866    0.03105
    758.92000    3.85019    0.05086    1.99202    0.08049
    762.71000    3.82164    0.05216    2.01982    0.03216
    765.36000    3.96775    0.03144    1.99774    0.05939
    767.29000    4.18352    0.05409    2.07869    0.03580
    768.02000    4.22897    0.06542    2.02548    0.06132
    771.80000    4.72013    0.03906    2.15887    0.04672
    774.76000    5.39362    0.03209    2.27699    0.06286
    777.10000    5.10595    0.06096    2.33314    0.05550
    779.54000    5.37974    0.04647    2.49796    0.07785
    781.54000    5.51967    0.06200    2.51126    0.05150
    783.44000    5.79608    0.06704    2.69060    0.06025
    786.05000    6.26037    0.05370    2.69481    0.06067
    788.96000    6.49810    0.05256    2.95324    0.02291
    792.72000    6.86823    0.04373    3.08857    0.03359
    794.81000    7.37436    0.01235    3.31223    0.03245
    796.26000    7.42852    0.06651    3.32966    0.04565
    798.23000    7.97489    0.06051    3.52972    0.06371
    800.16000    7.00810    0.04632    3.76859    0.05578
    803.09000    7.24280    0.02964    3.84096    0.05662
    806.49000    8.55878    0.04390    4.03239    0.04689
    809.49000    8.18578    0.06060    4.15630    0.05603
    812.83000    9.34780    0.04313    4.16234    0.05825
    815.51000   10.18050    0.05213    4.35520    0.06675
    818.84000    9.78748    0.07299    4.85531    0.05484
    820.13000   10.04769    0.06303    4.81269    0.03515
    823.67000   11.39512    0.04407    5.09587    0.04171
    827.00000   11.22321    0.06512    5.25345    0.04323
    828.30000   10.79241    0.04966    5.57139    0.04046
    829.69000   10.67911    0.03322    5.56970    0.05720
    832.39000   10.32809    0.04820    5.91548    0.03473
    834.88000    9.33491    0.06026    6.26985    0.05031
    838.39000    9.40436    0.04593    6.15112    0.04940
    840.64000    9.13358    0.04000    6.01627    0.02932
    844.17000    8.24656    0.06454    6.05301    0.05051
    846.50000    8.27376    0.05781    5.48530    0.05098
    848.65000    7.67688    0.06698    5.52984    0.05501
   1097.88000    4.46202    0.04146    2.09599    0.04537
   1103.29000    3.93099    0.08054    2.32199    0.05874
   1106.38000    4.15167    0.04261    2.26384    0.04915
   1110.17000    4.03042    0.07167    2.38455    0.04580
   1114.37000    3.46292    0.04108    2.32259    0.05730
   1117.44000    3.67237    0.05418    2.05475    0.06247
   1119.71000    3.63581    0.03902    2.19098    0.05389
   1122.01000    3.48627    0.05272    2.15743    0.03656
   1126.34000    3.99693    0.02801    1.90441    0.03108
   1129.02000    3.86558    0.04606    2.00472    0.04128
   1130.45000    4.14951    0.06310    2.00325    0.05905
   1131.65000    3.72750    0.05193    1.95439    0.05912
   1133.86000    4.08036    0.05389    1.78144    0.08420
   1138.15000    4.20423    0.06489    2.15576    0.07542
   1141.11000    4.43038    0.07549    2.13676    0.06782
   1145.23000    4.05215    0.05443    2.18391    0.06903
   1149.80000    3.95138    0.06343    2.25600    0.04383
   1151.95000    3.82456    0.04202    2.38028    0.05648
   1153.54000    3.57912    0.06814    2.57817    0.07715
   1156.75000    3.80999    0.03889    2.23797    0.04660
   1159.60000    4.06329    0.06723    2.17340    0.04986
   1161.35000    4.20562    0.05209    2.29667    0.04989
   1163.18000    4.18303    0.05650    2.04221    0.06155
   1167.42000    4.30672    0.05228    1.83824    0.05357
   1169.06000    4.39260    0.05046    2.24602    0.05562
   1173.05000    4.14120    0.06371    2.14868    0.06180
   1177.03000    4.08662    0.05833    2.29315    0.02617
   1180.80000    3.62203    0.05545    2.47173    0.05062
   1182.69000    3.94765    0.05772    2.20992    0.08354
   1185.50000    4.03793    0.07011    2.06304    0.08433
   1189.47000    3.99518    0.04568    2.17283    0.06812
   1192.52000    4.06652    0.06654    1.89701    0.08754
   1195.07000    4.54427    0.05415    2.10589    0.04842
   1198.26000    4.62665    0.05130    2.15845    0.05999
   1200.86000    4.62720    0.05133    2.25188    0.07564
   1203.49000    4.47415    0.04030    2.10648    0.04514
   1206.66000    4.30205    0.05967    2.33891    0.04504
   1208.28000    4.84279    0.08923    2.48012    0.05131
   1212.13000    4.35910    0.05806    2.41138    0.04939
   1213.40000    4.37272    0.06451    2.48560    0.05390
   1460.30000    3.98253    0.03832    1.62650    0.05697
   1463.23000    3.45927    0.09841    1.72493    0.04111
   1465.87000    3.37638    0.05041    1.79751    0.01503
   1469.05000    3.21658    0.05547    1.86194    0.04596
   1470.18000    3.63645    0.05428    1.79676    0.05531
   1473.15000    3.73637    0.06550    1.72391    0.05052
   1476.97000    3.80099    0.05892    1.51941    0.05663
   1478.77000    3.41612    0.01807    1.60277    0.03923
   1483.25000    3.67866    0.03069    1.69831    0.06038
   1485.28000    3.46431    0.06654    1.77573    0.05176
   1489.13000    3.59996    0.03492    1.73650    0.06527
   1490.17000    3.58984    0.04377    1.66661    0.06708
   1493.61000    3.58964    0.06744    1.55600    0.08622
   1497.08000    4.14569    0.05380    1.49506    0.05840
   1500.20000    3.81981    0.06555    1.66195    0.04722
   1503.91000    4.27378    0.05822    1.68012    0.06557
   1507.23000    3.93497    0.02403    1.78056    0.05964
   1511.00000    4.25502    0.03960    1.82339    0.04852
   1515.01000    4.07628    0.03270    1.85343    0.07110
   1517.19000    4.39095    0.05640    1.72255    0.06393
   1517.75000    4.47983    0.05250    1.85785    0.03486
   1520.01000    4.40826    0.08480    1.76606    0.04244
   1521.78000    4.14746    0.03740    1.95436    0.04785
   1525.30000    4.43864    0.07535    1.77790    0.04429
   1527.68000    4.69955    0.02884    1.79824    0.06272
   1530.05000    5.14200    0.04535    2.13190    0.05186
   1532.97000    5.14200    0.04479    1.80627    0.05837
   1537.06000    4.20450    0.06074    1.82428    0.07296
   1540.08000    4.06683    0.03980    2.14187    0.03447
   1542.05000    3.98608    0.04950    2.27300    0.05889
   1546.66000    3.57398    0.03802    1.97313    0.04348
   1550.56000    3.69049    0.05506    1.80503    0.06198
   1553.78000    3.65588    0.04029    1.53706    0.07258
   1555.19000    3.98549    0.04297    1.69650    0.03122
   1556.29000    3.78502    0.04739    1.65248    0.05782
   1560.17000    3.55030    0.04042    1.42396    0.04685
   1563.09000    3.64971    0.05648    1.65867    0.06546
   1565.66000    3.24506    0.07232    1.66834    0.05955
   1569.34000    3.04063    0.02949    1.46263    0.03515
   1572.44000    2.97069    0.06973    1.38141    0.05631
   1574.76000    3.09649    0.05339    1.53610    0.04528
   1576.63000    3.04153    0.04895    1.49976    0.05020
   1827.13000    4.67996    0.05907    1.84787    0.03824
   1830.36000    4.81094    0.05996    1.67111    0.02826
   1832.66000    4.79567    0.04979    1.70488    0.06967
   1835.60000    4.62584    0.04541    1.64829    0.06260
   1838.71000    4.67356    0.04250    1.80738    0.04146
   1842.01000    4.57408    0.06630    1.91092    0.06602
   1846.28000    3.85591    0.07546    1.96482    0.03064
   1849.23000    4.14628    0.07704    1.86127    0.04429
   1852.20000    4.31045    0.06434    1.86037    0.04765
   1855.24000    4.49679    0.04160    1.83998    0.03029
   1857.86000    4.33325    0.04579    1.66874    0.03597
   1862.44000    4.07225    0.07204    1.75993    0.04001
   1866.14000    4.06737    0.03915    1.91011    0.04246
   1868.54000    4.08081    0.04678    1.80787    0.06116
   1872.41000    4.78329    0.06271    1.71738    0.05804
   1876.97000    4.60927    0.05692    1.64510    0.03405
   1879.44000    4.47542    0.07680    1.63009    0.02195
   1881.79000    4.39339    0.06367    1.70432    0.04055
   1885.94000    4.67049    0.04596    1.86457    0.05801
   1889.76000    5.00147    0.03679    1.79582    0.07576
   1891.84000    5.19745    0.04274    1.76656    0.04763
   1896.13000    5.17097    0.05846    1.81904    0.05493
   1900.55000    4.70649    0.06288    1.99944    0.04867
   1903.43000    4.56949    0.04931    2.17450    0.05959
   1905.35000    4.62422    0.06021    2.13241    0.05425
   1909.04000    4.57412    0.05519    2.08011    0.05674
   1910.30000    4.53324    0.04129    2.12833    0.05058
   1912.41000    4.51426    0.04012    1.98643    0.05595
   1916.30000    4.62280    0.07359    1.75089    0.06074
   1919.99000    4.18315    0.04756    1.86141    0.03787
   1922.87000    4.13009    0.04898    1.83343    0.06204
   1925.70000    4.12535    0.04528    1.85660    0.05299
   1928.42000    4.39004    0.04288    1.86023    0.02661
   1929.53000    4.45809    0.05437    1.76320    0.07638
   1933.48000    4.57368    0.04902    1.70301    0.01835
   1937.23000    4.91196    0.09938    1.79719    0.06302
   1941.52000    4.41812    0.06851    1.78791    0.05093
   1944.09000    4.22222    0.07389    1.78467    0.04737
   2192.37000    3.84516    0.08276    1.96215    0.03306
   2195.16000    3.87707    0.05525    1.85518    0.04433
   2199.36000    3.88928    0.05402    1.54344    0.04249
   2201.37000    3.92801    0.03713    1.47362    0.05230
   2203.86000    3.39902    0.05174    1.56878    0.06596
   2206.60000    3.54163    0.04691    1.53470    0.06015
   2207.70000    3.67299    0.07248    1.53791    0.06093
   2210.91000    3.95973    0.04974    1.54439    0.04298
   2214.55000    4.33544    0.05936    1.38503    0.06019
   2217.36000    3.85365    0.08200    1.36032    0.03821
   2220.05000    3.89135    0.03652    1.42380    0.06604
   2221.61000    3.78512    0.09851    1.45391    0.05911
   2224.36000    3.74493    0.07868    1.78103    0.08377
   2228.22000    3.43213    0.05353    1.49184    0.04815
   2230.55000    3.58149    0.01144    1.61278    0.06628
   2233.16000    3.59503    0.04512    1.44978    0.06774
   2235.14000    3.47119    0.05265    1.47404    0.04070
   2238.56000    3.64299    0.04465    1.41772    0.05796
   2241.69000    2.94198    0.05714    1.31248    0.06968
   2247.38000    3.21614    0.04033    1.31748    0.02860
   2247.92000    3.20803    0.05985    1.39031    0.05585
   2250.83000    3.25267    0.07236    1.49031    0.05707
   2254.07000    3.24486    0.04205    1.24378    0.04987
   2257.75000    3.14242    0.05028    1.18396    0.04489
   2260.79000    3.17566    0.03154    1.26742    0.07542
   2263.68000    3.41877    0.04785    1.28724    0.07663
   2265.05000    3.73651    0.06517    1.30004    0.07183
   2269.63000    3.60707    0.04772    1.27868    0.06318
   2272.89000    3.44055    0.02841    1.22730    0.02237
   2277.64000    3.39337    0.07053    1.39959    0.03608
   2281.82000    3.51074    0.05935    1.49444    0.09238
   2285.58000    3.17802    0.05773    1.33098    0.05615
   2288.69000    3.41656    0.02757    1.21642    0.04627
   2291.72000    3.53146    0.06159    1.29448    0.03317
   2294.31000    3.49087    0.03039    1.22021    0.07174
   2297.39000    3.66578    0.05807    1.23401    0.04720
   2298.66000    3.65652    0.02912    1.29164    0.04164
   2302.13000    3.60300    0.04097    1.39805    0.04783
   2304.01000    3.33603    0.05715    1.52997    0.06123
   2307.98000    3.06336    0.06883    1.47393    0.06136
   2558.14000    7.19881    0.05267    2.16588    0.02213
   2559.72000    6.75861    0.04804    2.12060    0.03516
   2561.10000    6.73748    0.07466    2.11109    0.05220
   2563.47000    6.64506    0.02645    2.03592    0.05957
   2565.48000    6.37729    0.03468    2.22061    0.03532
   2567.32000    6.36851    0.07710    2.32426    0.03388
   2569.33000    6.46482    0.05542    2.46133    0.03388
   2570.54000    6.29183    0.06861    2.59596    0.05533
   2573.39000    5.95067    0.05666    2.41061    0.05854
   2577.48000    6.31439    0.05182    2.45701    0.04368
   2581.26000    6.12756    0.07778    2.44949    0.07510
   2583.13000    6.22211    0.09141    2.14341    0.04763
   2585.80000    5.99066    0.06508    2.15513    0.03022
   2587.01000    6.26375    0.02603    2.20721    0.05706
   2590.08000    6.36340    0.04395    2.38417    0.04742
   2592.72000    6.45575    0.03954    2.18525    0.05935
   2594.99000    7.15440    0.05503    2.35447    0.06473
   2596.24000    6.96288    0.03789    2.41934    0.08565
   2601.61000    7.12404    0.06388    2.54412    0.05542
   2603.91000    6.80059    0.08033    2.40453    0.06276
   2607.38000    7.12104    0.04521    2.76088    0.05000
   2611.67000    7.81266    0.06008    2.68391    0.07202
   2614.80000    7.31583    0.07388    2.56859    0.04169
   2618.69000    7.86298    0.05415    2.55389    0.04258
   2620.50000    8.32830    0.07394    2.68062    0.06272
   2623.43000    7.97276    0.04753    3.01087    0.07525
   2625.59000    7.60675    0.05778    2.78164    0.03663
   2628.53000    7.14680    0.05102    2.99736    0.06537
   2631.49000    6.41572    0.05004    3.11708    0.05104
   2634.52000    6.78142    0.06174    2.98413    0.03150
   2636.93000    6.43351    0.05933    2.99142    0.02628
   2639.71000    5.54422    0.05962    2.77627    0.04070
   2643.68000    5.40026    0.06814    2.50897    0.05021
   2647.70000    6.41726    0.04680    2.43195    0.04817
   2649.58000    6.81919    0.05705    2.26333    0.07858
   2652.79000    6.77214    0.04682    2.16702    0.06737
   2655.36000    6.57084    0.04485    2.11989    0.07576
   2660.87000    5.98180    0.06709    2.69065    0.07448
   2664.11000    5.56968    0.04256    2.72092    0.05202
   2667.07000    5.42562    0.04422    2.54818    0.06578
   2670.58000    5.37346    0.06207    2.43784    0.07329
   2674.27000    6.28719    0.01523    2.12854    0.03240
   2922.98000    5.17115    0.05052    2.04518    0.06471
   2927.65000    5.19550    0.04878    2.11073    0.05838
   2929.80000    5.15288    0.04041    2.10153    0.06296
   2930.75000    5.10596    0.04098    1.99439    0.05871
   2934.80000    5.17735    0.08379    1.96277    0.06778
   2937.01000    5.36842    0.04850    1.85784    0.07458
   2940.92000    5.44393    0.05356    1.91156    0.07048
   2944.83000    5.76343    0.03510    1.95563    0.07938
   2948.63000    5.47379    0.05030    1.98457    0.06000
   2951.20000    6.06697    0.06407    1.91441    0.04170
   2954.42000    5.88936    0.03310    1.92495    0.07666
   2956.11000    5.90557    0.05351    2.04550    0.03656
   2959.61000    6.44428    0.06683    2.02923    0.05070
   2962.86000    6.22410    0.01630    2.18834    0.03462
   2966.83000    5.34462    0.04665    2.12808    0.04993
   2969.70000    5.51095    0.04306    2.23265    0.07265
   2972.45000    6.21880    0.06297    2.24988    0.03950
   2975.96000    6.01557    0.03388    2.06828    0.03870
   2978.48000    5.27635    0.03155    1.89871    0.03871
   2981.90000    5.58268    0.06002    1.92673    0.07197
   2985.87000    5.05730    0.08010    2.13317    0.07442
   2987.54000    4.99523    0.04842    2.07750    0.03947
   2989.31000    4.72718    0.06284    2.19987    0.06460
   2991.82000    4.34383    0.04763    1.74748    0.04082
   2994.52000    4.49878    0.05242    1.98304    0.04538
   2997.26000    4.96075    0.05579    1.82823    0.07494
   2998.98000    5.25580    0.01863    1.91012    0.06780
   3001.53000    5.26730    0.05329    1.69364    0.03540
   3003.74000    5.03883    0.07462    1.43855    0.06039
   3007.92000    4.91962    0.06103    1.66721    0.04580
   3013.23000    4.64719    0.05122    1.74883    0.06059
   3016.15000    4.53406    0.04825    1.73148    0.06376
   3020.27000    3.87960    0.03714    1.64835    0.04555
   3023.52000    3.95798    0.05131    1.59692    0.03559
   3026.72000    4.27462    0.06547    1.47891    0.04017
   3028.71000    4.62912    0.04224    1.46351    0.07621
   3031.60000    4.36015    0.05082    1.37334    0.03588
   3034.54000    4.61322    0.04147    1.36496    0.05783
   3036.81000    4.27393    0.04591    1.29513    0.05902
   3285.56000    2.72976    0.08641    0.97325    0.05001
   3287.29000    2.95042    0.05904    0.97083    0.02498
   3291.34000    2.74999    0.05916    0.99233    0.03176
   3295.30000    2.77158    0.04644    0.84380    0.06791
   3297.63000    2.53572    0.03916    0.95238    0.06324
   3301.05000    2.71469    0.06787    0.96790    0.06301
   3305.21000    2.92918    0.04334    0.99529    0.07860
   3309.63000    2.70721    0.08134    0.86371    0.03882
   3313.16000    2.35020    0.07006    0.97087    0.05338
   3316.00000    2.34719    0.03299    1.02415    0.05497
   3322.33000    2.42310    0.01931    0.86945    0.04659
   3325.59000    2.36092    0.03644    0.80543    0.06317
   3328.96000    2.69658    0.02915    0.79469    0.04287
   3332.11000    2.88162    0.06078    0.86635    0.05845
   3334.54000    2.99048    0.04495    0.92399    0.04340
   3338.32000    3.29609    0.05696    0.79929    0.03805
   3341.48000    3.46433    0.05666    0.86772    0.06462
   3344.44000    3.36283    0.03637    0.95458    0.04019
   3347.93000    3.31208    0.04313    1.11991    0.06983
   3351.29000    3.27597    0.06055    1.19692    0.00941
   3355.12000    3.52013    0.04325    1.12794    0.04166
   3357.87000    3.60226    0.06594    1.11485    0.05174
   3358.90000    3.49245    0.07612    1.12070    0.03286
   3361.71000    3.60839    0.06060    1.14194    0.03809
   3364.31000    2.79323    0.05758    1.24513    0.05556
   3366.39000    2.95915    0.03324    1.20833    0.05649
   3367.93000    2.87148    0.05452    1.22164    0.04699
   3370.77000    2.69379    0.07985    1.29802    0.05322
   3372.44000    2.48548    0.03988    1.19530    0.07625
   3373.98000    2.52227    0.05666    1.07762    0.06754
   3377.06000    2.63607    0.05622    0.93113    0.07994
   3379.59000    2.87650    0.05867    1.02582    0.03685
   3382.53000    2.57593    0.04792    0.89324    0.04233
   3384.27000    2.48759    0.05301    0.73041    0.05860
   3388.45000    2.40641    0.06392    0.83304    0.05108
   3391.13000    2.71597    0.05755    0.82342    0.07393
   3395.13000    2.71002    0.07220    0.71916    0.08133
   3397.51000    2.51903    0.03758    0.65035    0.05760
   3401.11000    2.60833    0.07344    0.81777    0.03575
   3403.87000    2.53936    0.02472    0.92210    0.05841
