## Time Delay Challenge light curves
##
## [time]=days, [lc]=[err]=flux in nanomaggies
##
##       time       lc_A      err_A       lc_B      err_B
##-------------------------------------------------------
      2.84000    3.94345    0.06439    1.54946    0.06102
      5.22000    3.79205    0.05678    1.53967    0.05358
      7.65000    3.73466    0.04897    1.48920    0.06341
      8.99000    3.74808    0.04394    1.51029    0.04292
     12.78000    3.81167    0.07164    1.55319    0.05193
     15.10000    3.76999    0.05451    1.51176    0.05433
     18.71000    3.80397    0.04193    1.55552    0.07955
     20.55000    3.97106    0.05461    1.40008    0.04446
     22.88000    4.14929    0.05996    1.37227    0.05440
     24.53000    4.18689    0.05015    1.56597    0.06382
     26.76000    4.22800    0.03408    1.42015    0.03306
     29.53000    4.04313    0.07979    1.37372    0.01659
     32.45000    4.07443    0.06071    1.40365    0.00578
     35.71000    4.11312    0.05017    1.48554    0.07916
     40.58000    4.31438    0.03734    1.24074    0.05856
     45.38000    4.04327    0.04486    1.53205    0.05018
     48.11000    3.95304    0.04824    1.56458    0.06952
     50.28000    4.13274    0.03889    1.43388    0.04264
     52.31000    4.06545    0.06183    1.37755    0.06854
     54.97000    4.22874    0.04139    1.44345    0.02732
     56.34000    4.16136    0.03695    1.50440    0.02590
     58.33000    4.16470    0.07050    1.48339    0.06322
     62.80000    4.14916    0.02647    1.59200    0.04230
     66.92000    4.21898    0.05031    1.70982    0.06915
     70.54000    4.09793    0.06725    1.69371    0.05474
     72.74000    3.94383    0.05336    1.62822    0.05845
     75.63000    3.85459    0.05737    1.62214    0.04239
     79.95000    3.98772    0.05309    1.68448    0.02828
     81.94000    3.98403    0.07215    1.75371    0.03941
     86.06000    4.15101    0.05136    1.65698    0.07899
     88.26000    4.16849    0.06499    1.65530    0.03907
     92.05000    4.14546    0.03276    1.58196    0.06318
     96.18000    4.30526    0.06111    1.71623    0.03140
     98.80000    4.17078    0.04686    1.53338    0.06817
    101.26000    4.19262    0.04143    1.67075    0.05956
    103.22000    4.13164    0.03573    1.65990    0.04391
    105.41000    4.02221    0.06590    1.66155    0.03482
    107.11000    3.74434    0.02281    1.64144    0.02752
    109.23000    3.74704    0.05176    1.61951    0.05790
    112.06000    3.60988    0.03463    1.65439    0.04792
    116.16000    3.56583    0.03492    1.50360    0.04902
    119.52000    3.60952    0.05232    1.62598    0.05583
    367.18000    3.58912    0.05326    1.37882    0.03746
    372.09000    3.51394    0.03835    1.36375    0.03434
    374.83000    3.59989    0.07106    1.46548    0.06594
    376.49000    3.46015    0.03012    1.40656    0.06362
    379.44000    3.52638    0.04246    1.41464    0.04719
    382.97000    3.84687    0.04003    1.37655    0.06324
    384.80000    3.79979    0.03579    1.42896    0.03123
    387.53000    3.55766    0.04251    1.34611    0.06261
    389.87000    3.54378    0.04809    1.37240    0.05459
    393.83000    3.75135    0.04749    1.44379    0.04815
    397.67000    3.70707    0.03016    1.41353    0.05153
    401.57000    3.86752    0.06234    1.40252    0.04216
    405.36000    4.04255    0.04873    1.29404    0.04233
    408.94000    3.97500    0.06170    1.31689    0.06325
    410.97000    3.94680    0.06073    1.38940    0.06650
    413.45000    4.00221    0.07434    1.39516    0.04332
    417.22000    3.84799    0.04061    1.23310    0.05397
    420.34000    3.95651    0.03687    1.42325    0.05364
    424.40000    4.25056    0.07058    1.37955    0.04853
    427.93000    4.08541    0.07366    1.41319    0.02908
    430.50000    4.15857    0.06732    1.30325    0.05530
    432.65000    4.14207    0.04683    1.36406    0.04498
    435.70000    4.38815    0.04701    1.35966    0.04298
    439.44000    4.50490    0.09221    1.38171    0.05198
    442.91000    4.51957    0.07142    1.47631    0.07809
    446.13000    4.41870    0.06057    1.50804    0.04057
    448.57000    4.55431    0.04242    1.41913    0.05262
    452.89000    4.49085    0.05718    1.60133    0.05068
    457.04000    4.27030    0.03988    1.60304    0.08097
    460.56000    4.23272    0.08025    1.48296    0.03760
    461.87000    4.37712    0.01498    1.53008    0.05758
    465.48000    4.33725    0.05064    1.62237    0.03487
    468.15000    4.28122    0.05268    1.49662    0.02453
    469.98000    4.36731    0.04552    1.54749    0.03457
    472.52000    4.06644    0.03812    1.61460    0.03398
    476.11000    4.07789    0.03179    1.64303    0.04132
    479.03000    4.22586    0.04845    1.77281    0.04806
    481.85000    4.23646    0.06214    1.63807    0.03930
    484.11000    4.18543    0.03520    1.65175    0.04834
    730.81000    4.23965    0.06078    1.59313    0.05093
    732.33000    4.25247    0.04328    1.59458    0.04809
    734.06000    4.53318    0.04481    1.46696    0.05699
    739.02000    4.45111    0.04391    1.57501    0.06020
    742.39000    4.48594    0.06385    1.51305    0.05013
    745.59000    4.53063    0.03373    1.51503    0.01855
    747.24000    4.59273    0.06809    1.57397    0.07262
    750.25000    4.55262    0.00695    1.38564    0.08015
    753.32000    4.39781    0.05364    1.35599    0.05416
    757.33000    4.54323    0.07142    1.47311    0.04816
    760.57000    4.48615    0.05781    1.47344    0.06601
    763.67000    4.43829    0.02110    1.40626    0.03466
    766.84000    4.24412    0.02830    1.45663    0.03016
    769.56000    4.16569    0.03654    1.43589    0.04492
    773.06000    4.17136    0.04240    1.61816    0.06280
    775.33000    4.24132    0.03145    1.66311    0.05558
    778.00000    4.01840    0.04640    1.60667    0.05044
    781.66000    4.14448    0.01312    1.69945    0.04682
    783.93000    4.36514    0.04241    1.52677    0.03980
    787.78000    4.54855    0.05550    1.70672    0.05927
    791.82000    4.44108    0.05591    1.62313    0.06982
    795.04000    4.34551    0.04929    1.61772    0.04092
    797.13000    4.18400    0.06295    1.61261    0.04835
    800.66000    3.87054    0.04896    1.57709    0.06354
    804.11000    3.96522    0.03180    1.61448    0.04411
    805.79000    3.83652    0.05329    1.63269    0.05076
    806.86000    3.93332    0.03861    1.59167    0.02470
    811.54000    3.75473    0.04567    1.64240    0.06745
    814.12000    3.68593    0.05191    1.49189    0.04341
    816.99000    3.88095    0.06257    1.57820    0.05678
    820.32000    4.05591    0.07117    1.49499    0.06956
    824.07000    4.22147    0.03738    1.56125    0.04958
    827.95000    4.18503    0.04450    1.75655    0.06655
    829.74000    4.25086    0.05622    1.59469    0.06457
    832.71000    4.49391    0.04067    1.56100    0.05900
    835.42000    4.71279    0.07180    1.55205    0.05506
    837.73000    4.71525    0.05254    1.41248    0.07784
    840.90000    4.43043    0.07474    1.40646    0.04385
    845.14000    4.19758    0.05845    1.40038    0.06337
    847.84000    4.39612    0.06548    1.46724    0.02437
   1095.54000    4.38864    0.07666    1.83570    0.07036
   1099.64000    4.40369    0.05408    1.70968    0.04347
   1103.16000    4.62420    0.04455    1.77910    0.05913
   1105.04000    4.79143    0.04273    1.75882    0.05237
   1108.61000    4.68197    0.04995    1.67699    0.08535
   1113.48000    4.64916    0.04214    1.72424    0.04547
   1116.60000    4.53082    0.02943    1.69182    0.03089
   1116.89000    4.57047    0.05590    1.66983    0.04027
   1120.66000    4.73445    0.09642    1.66292    0.03513
   1123.63000    4.49682    0.03838    1.81805    0.06841
   1127.63000    4.74070    0.07779    1.72390    0.03653
   1130.71000    4.43025    0.05918    1.77824    0.07766
   1134.28000    4.14566    0.09208    1.80112    0.06248
   1138.28000    4.27828    0.03151    1.57772    0.04938
   1142.68000    4.09882    0.05843    1.60149    0.04481
   1145.14000    4.37287    0.04202    1.58037    0.06813
   1146.97000    4.43533    0.05257    1.70995    0.03917
   1151.85000    4.66388    0.01695    1.59878    0.03278
   1155.44000    4.69764    0.04244    1.63540    0.02133
   1161.58000    4.60143    0.04622    1.55940    0.04760
   1164.11000    4.61392    0.03808    1.72747    0.04098
   1166.24000    4.64670    0.04864    1.58568    0.06409
   1169.59000    4.80635    0.03671    1.61607    0.05026
   1173.17000    4.80087    0.02697    1.49499    0.04733
   1175.95000    4.59272    0.03634    1.45333    0.07227
   1179.43000    4.94177    0.05390    1.46940    0.09760
   1181.85000    5.15383    0.05312    1.44241    0.05818
   1185.86000    4.85949    0.06198    1.55326    0.06755
   1189.76000    4.82417    0.03773    1.49904    0.04895
   1194.27000    4.91591    0.07037    1.62679    0.02635
   1197.51000    4.86540    0.06950    1.65259    0.07129
   1199.45000    4.92376    0.07081    1.65369    0.03676
   1200.38000    4.90601    0.05412    1.56176    0.04947
   1203.02000    5.04808    0.07749    1.65537    0.06633
   1204.02000    5.06684    0.03852    1.42704    0.05402
   1204.70000    4.98196    0.02101    1.54185    0.04439
   1209.84000    5.10113    0.05550    1.53289    0.06277
   1211.63000    5.02914    0.04743    1.68722    0.00589
   1214.83000    5.18551    0.05317    1.61667    0.05175
   1460.81000    6.70359    0.08056    2.46826    0.02616
   1463.47000    6.82108    0.05473    2.56439    0.06181
   1466.70000    6.49083    0.04537    2.38738    0.05761
   1470.43000    6.55276    0.07229    2.12865    0.05564
   1470.62000    6.56545    0.05129    2.17390    0.01660
   1473.89000    6.33195    0.06282    2.02589    0.07084
   1477.65000    6.62374    0.04355    2.17228    0.08364
   1480.24000    6.70251    0.04616    2.24112    0.04537
   1483.35000    6.82807    0.05660    2.24660    0.05136
   1487.21000    6.61213    0.05141    2.27533    0.03772
   1488.87000    6.60045    0.04122    2.24600    0.04483
   1493.22000    6.13804    0.06684    2.42515    0.03949
   1496.01000    6.38117    0.02735    2.33296    0.04813
   1500.04000    6.43378    0.05578    2.36370    0.05247
   1501.64000    6.55821    0.05061    2.32246    0.03801
   1503.41000    6.37396    0.04912    2.34309    0.07706
   1506.16000    6.31097    0.07272    2.29266    0.07348
   1508.16000    6.35637    0.04869    2.16499    0.06198
   1512.71000    6.37057    0.07486    2.13825    0.05163
   1514.75000    6.27863    0.05377    1.93610    0.05981
   1517.35000    6.72966    0.05010    2.14972    0.05592
   1519.85000    6.31681    0.03615    2.25458    0.06925
   1523.93000    6.12872    0.05480    2.25362    0.04195
   1526.63000    6.40186    0.06451    2.31791    0.06449
   1530.55000    6.14847    0.03534    2.14568    0.06861
   1534.66000    6.29713    0.05626    2.08987    0.04505
   1536.93000    6.28090    0.05901    2.03988    0.04280
   1538.85000    6.67143    0.04752    2.17929    0.06669
   1542.08000    6.39310    0.06932    2.10184    0.04419
   1545.60000    6.12431    0.04465    2.13356    0.03518
   1548.15000    6.11186    0.04471    2.12294    0.04250
   1550.85000    6.06852    0.04124    2.06933    0.06579
   1553.74000    6.08373    0.05197    2.13819    0.06897
   1557.51000    6.25774    0.06359    2.17697    0.06176
   1561.54000    6.43677    0.06068    2.05443    0.04741
   1563.70000    6.21976    0.06586    2.07700    0.06296
   1567.33000    6.31149    0.04909    2.12536    0.09130
   1570.53000    6.26463    0.07781    1.90811    0.07404
   1573.92000    5.95448    0.05882    2.02210    0.03957
   1577.00000    5.91132    0.03685    2.14194    0.05998
   1825.31000    5.21361    0.06832    1.88589    0.03686
   1829.14000    5.10510    0.06229    2.06754    0.02540
   1833.04000    5.40812    0.06394    2.05463    0.07132
   1834.83000    5.38091    0.07434    1.88889    0.06727
   1838.67000    5.49789    0.02065    1.84897    0.04047
   1842.62000    5.78205    0.06191    1.79823    0.05990
   1847.39000    5.72455    0.06338    1.90075    0.05966
   1849.53000    5.66891    0.07030    1.92159    0.03651
   1853.38000    5.81431    0.06393    1.86920    0.04631
   1856.59000    5.94413    0.04884    1.77590    0.05850
   1858.53000    6.09456    0.05940    1.79327    0.05618
   1860.50000    5.72197    0.06073    1.85096    0.01500
   1862.57000    5.64041    0.04983    1.76203    0.07017
   1864.38000    5.95837    0.05269    1.74367    0.05606
   1867.30000    5.86387    0.05509    1.64422    0.06146
   1870.01000    5.59205    0.04494    1.55746    0.06699
   1873.66000    5.62041    0.04571    1.68968    0.04349
   1877.88000    5.48892    0.03421    1.72989    0.00839
   1882.30000    5.13132    0.08228    1.72065    0.05239
   1885.56000    5.03808    0.05872    1.64436    0.06726
   1888.51000    4.84806    0.06580    1.77903    0.04898
   1890.02000    5.18565    0.04928    1.79983    0.05649
   1892.21000    5.07700    0.03442    1.76174    0.07878
   1895.86000    5.11677    0.06162    1.87297    0.05650
   1900.04000    5.25170    0.05533    2.00719    0.06478
   1903.74000    5.04322    0.06525    1.72384    0.06824
   1906.46000    5.24967    0.05799    1.92251    0.03498
   1909.45000    5.29441    0.06151    2.03054    0.06018
   1912.19000    5.21693    0.06423    1.84230    0.02300
   1915.44000    5.19372    0.04077    1.73579    0.03210
   1918.45000    5.29605    0.05887    1.81873    0.05697
   1922.03000    5.34002    0.07667    1.85084    0.04732
   1925.90000    5.13453    0.04555    1.70308    0.05713
   1928.19000    5.27432    0.05991    1.53414    0.06315
   1930.57000    5.22416    0.05738    1.64601    0.05465
   1935.03000    4.90681    0.04900    1.51571    0.05616
   1936.74000    5.27149    0.07775    1.76137    0.05365
   1939.70000    5.18387    0.01387    1.70032    0.06422
   1943.43000    4.92870    0.03469    1.79803    0.05886
   2190.75000    7.37456    0.06093    2.42601    0.03446
   2191.27000    7.41777    0.03173    2.43392    0.04194
   2194.24000    7.94359    0.04621    2.44867    0.04426
   2198.16000    8.20535    0.04235    2.37848    0.04073
   2200.67000    8.10101    0.04999    2.47381    0.09357
   2202.79000    8.15630    0.04809    2.45219    0.03091
   2204.61000    8.44403    0.05488    2.48892    0.05940
   2207.85000    9.04169    0.05919    2.51888    0.07114
   2209.71000    9.01581    0.03670    2.56048    0.07382
   2213.76000    8.92811    0.03505    2.64701    0.04216
   2214.03000    9.16381    0.05620    2.65633    0.06005
   2217.52000    8.80133    0.05205    2.48146    0.03697
   2219.92000    9.27030    0.05671    2.43900    0.07023
   2223.08000    9.08783    0.05780    2.45671    0.03906
   2225.37000    8.76899    0.03062    2.33871    0.03669
   2227.61000    8.91944    0.04573    2.31984    0.06462
   2230.32000    8.94492    0.05593    2.26686    0.06297
   2233.56000    8.87998    0.03572    2.43207    0.06932
   2235.93000    9.01479    0.05815    2.53198    0.05115
   2240.12000    9.26938    0.05772    2.65340    0.07292
   2241.88000    8.90230    0.05478    2.65349    0.06451
   2244.99000    9.24833    0.02978    2.67258    0.06742
   2247.80000    9.65322    0.04746    2.68130    0.04218
   2249.61000    9.60785    0.05987    2.83751    0.03367
   2252.42000    9.30808    0.04172    2.81356    0.08063
   2254.92000    9.33294    0.07417    2.75006    0.07487
   2255.01000    9.38614    0.05625    2.81879    0.02040
   2258.64000    9.41154    0.06876    2.83311    0.05405
   2260.55000    9.13884    0.01855    2.85479    0.04143
   2261.98000    9.09715    0.07379    2.90196    0.05140
   2264.86000    9.01599    0.06108    2.78564    0.06277
   2266.50000    8.99702    0.06397    2.76704    0.03928
   2269.77000    8.73401    0.06625    2.74241    0.05725
   2271.78000    9.09587    0.02831    2.81472    0.03390
   2274.29000    9.38125    0.04472    2.73192    0.05499
   2278.09000    9.20161    0.06874    2.82568    0.06396
   2281.27000    9.09731    0.08109    2.90904    0.05095
   2284.60000    9.00147    0.05810    2.84159    0.07355
   2287.56000    9.25777    0.04811    2.87827    0.05860
   2289.62000    9.24824    0.04799    3.00507    0.01084
   2292.55000    9.26001    0.04759    2.88646    0.05191
   2296.06000    9.15134    0.06028    2.90740    0.04947
   2300.76000    8.97379    0.07623    2.72228    0.06670
   2305.03000    9.35386    0.02538    2.83749    0.06770
   2309.85000    8.88961    0.06311    2.81889    0.02657
   2555.53000    8.20594    0.04561    2.43403    0.05691
   2558.15000    8.27200    0.06571    2.55669    0.04363
   2560.41000    8.48458    0.07867    2.60891    0.04357
   2565.11000    8.99876    0.05409    2.66895    0.07843
   2569.14000    9.56983    0.05611    2.53494    0.03439
   2572.07000    9.60209    0.05218    2.39769    0.03456
   2576.12000    9.18727    0.05445    2.44407    0.04525
   2579.36000    9.13546    0.06281    2.58928    0.06534
   2581.91000    9.34064    0.05209    2.42685    0.06767
   2584.36000    9.73596    0.03551    2.40315    0.03994
   2586.73000   10.25703    0.06901    2.45865    0.03077
   2588.64000   10.24498    0.07273    2.39562    0.06100
   2589.68000   10.35590    0.03753    2.41747    0.05018
   2593.30000    9.87574    0.07703    2.57206    0.06956
   2596.87000   10.40380    0.02926    2.51490    0.03759
   2599.74000   10.13402    0.02940    2.63760    0.05235
   2603.12000   10.02451    0.05828    2.55464    0.05967
   2606.01000    9.31292    0.06895    2.76528    0.06237
   2608.08000    9.50528    0.04972    2.75047    0.02843
   2611.58000    9.04875    0.02521    2.95454    0.03651
   2614.35000    8.82131    0.06285    2.93807    0.03972
   2618.75000    9.07964    0.04709    2.67407    0.06830
   2622.88000    9.48497    0.03331    2.88078    0.04936
   2626.15000    9.64167    0.07029    3.07853    0.07892
   2628.80000    9.35049    0.06915    3.05535    0.05560
   2630.87000    9.61938    0.06787    3.03418    0.07019
   2635.05000    9.75027    0.06035    3.06475    0.03811
   2637.45000   10.04787    0.07618    3.18176    0.05389
   2640.50000   10.43054    0.08076    3.16668    0.05870
   2643.67000   10.12021    0.06924    3.12457    0.04821
   2646.10000    9.95016    0.05419    3.00277    0.06080
   2647.59000    9.85517    0.02321    2.84877    0.04770
   2651.18000    9.94529    0.03026    2.90645    0.07002
   2656.87000    9.86302    0.02881    2.76697    0.08793
   2660.40000    9.52154    0.06456    2.75938    0.06935
   2663.11000   10.14657    0.06512    2.75317    0.06214
   2666.84000   10.34012    0.06973    2.87876    0.04510
   2668.74000   10.28231    0.03445    2.82056    0.04806
   2671.63000   10.65546    0.04010    3.07830    0.06552
   2674.37000    9.73715    0.06505    2.92941    0.04505
   2920.17000    8.84257    0.04984    2.48699    0.06421
   2924.89000    9.06954    0.06860    2.72212    0.02525
   2927.28000    9.09913    0.04869    2.86932    0.08362
   2931.72000    8.94203    0.05331    2.66392    0.05012
   2934.99000    8.78599    0.03852    2.63574    0.03616
   2938.07000    8.71034    0.04704    2.69750    0.02854
   2940.96000    8.45793    0.05151    2.71078    0.05688
   2943.29000    8.43165    0.03204    2.63580    0.03402
   2947.63000    8.27174    0.04919    2.53173    0.06796
   2949.97000    8.06907    0.05597    2.54996    0.05407
   2953.20000    8.08704    0.05626    2.56002    0.07830
   2956.82000    7.60622    0.04798    2.68587    0.03869
   2960.74000    8.03871    0.03206    2.61635    0.06210
   2963.85000    8.01972    0.02151    2.65037    0.03920
   2967.16000    8.24711    0.07959    2.78986    0.03602
   2969.47000    7.72573    0.00959    2.80149    0.04598
   2972.09000    7.84438    0.05800    2.63173    0.05914
   2973.89000    7.90583    0.05971    2.64868    0.05057
   2976.55000    8.14487    0.03018    2.60496    0.07208
   2980.14000    8.09470    0.04686    2.61430    0.05283
   2982.55000    8.08528    0.05249    2.62824    0.03779
   2985.76000    8.16973    0.06048    2.55293    0.04179
   2990.59000    8.25835    0.06540    2.48976    0.06465
   2993.28000    8.57508    0.04875    2.54599    0.09688
   2995.77000    8.24096    0.03901    2.49224    0.02399
   2997.02000    8.23407    0.04229    2.35227    0.06591
   3000.89000    8.74549    0.05872    2.40971    0.01542
   3004.06000    8.41494    0.05383    2.58553    0.06633
   3006.72000    8.38973    0.03639    2.50517    0.04929
   3010.50000    8.18615    0.02532    2.40436    0.03509
   3013.30000    8.45926    0.07401    2.36428    0.05892
   3015.32000    8.67923    0.06420    2.45132    0.02963
   3017.72000    8.80786    0.05194    2.64528    0.06868
   3020.54000    9.38994    0.02681    2.40973    0.05202
   3024.40000    9.22986    0.04616    2.45472    0.05296
   3027.18000    8.70106    0.06029    2.47585    0.06031
   3029.62000    9.02366    0.02294    2.53345    0.07333
   3031.41000    8.82400    0.04393    2.52733    0.05895
   3034.10000    9.30232    0.02494    2.55256    0.07876
   3038.61000    9.09166    0.04337    2.47875    0.02491
   3287.07000    7.11384    0.04603    2.35193    0.03849
   3290.75000    7.31113    0.06445    2.33052    0.05321
   3293.23000    7.64820    0.08709    2.39524    0.03956
   3297.16000    8.22379    0.07552    2.54827    0.03936
   3300.55000    7.87414    0.03643    2.50792    0.01197
   3304.88000    7.73194    0.02860    2.51802    0.07119
   3307.18000    7.91326    0.10230    2.41849    0.08134
   3309.40000    8.08382    0.05167    2.61283    0.04001
   3312.71000    7.80949    0.04826    2.37522    0.05808
   3314.04000    7.83623    0.05647    2.39927    0.04158
   3317.07000    7.98265    0.03833    2.20781    0.06357
   3317.67000    7.99309    0.08102    2.35921    0.05895
   3321.60000    8.12479    0.06267    2.33394    0.02860
   3325.96000    7.89134    0.04291    2.12652    0.04120
   3327.54000    7.90975    0.06305    2.07760    0.06478
   3329.94000    7.74718    0.00485    2.15311    0.02988
   3332.00000    7.63495    0.05507    2.20971    0.02265
   3334.26000    8.05671    0.04764    2.26417    0.05140
   3336.74000    8.06334    0.07094    2.40501    0.03679
   3340.29000    8.43116    0.06619    2.40412    0.07280
   3343.39000    8.04557    0.06599    2.56031    0.03309
   3345.74000    8.30129    0.07488    2.43402    0.06280
   3348.55000    8.41078    0.04764    2.41965    0.03071
   3351.38000    8.50095    0.04867    2.39955    0.04442
   3353.56000    8.10187    0.05840    2.41278    0.05961
   3356.16000    8.23431    0.03292    2.32711    0.06068
   3359.20000    7.58036    0.08110    2.45201    0.05197
   3361.60000    7.42035    0.05334    2.42621    0.07587
   3363.95000    7.44879    0.02592    2.43088    0.06598
   3368.45000    7.58873    0.04849    2.42957    0.05144
   3371.59000    7.49903    0.05023    2.46189    0.05469
   3373.88000    7.96103    0.05312    2.53653    0.04359
   3378.00000    7.43491    0.06807    2.48962    0.07809
   3379.24000    7.24114    0.04369    2.41991    0.05384
   3385.06000    7.34074    0.03232    2.40543    0.04661
   3387.54000    7.58230    0.04916    2.63168    0.05503
   3389.37000    7.63486    0.02835    2.50845    0.06508
   3391.71000    7.70788    0.05669    2.63088    0.03670
   3394.35000    7.89785    0.04553    2.60952    0.02867
   3397.58000    7.83008    0.05592    2.47279    0.05933
   3399.76000    7.88299    0.04502    2.33038    0.03838
   3401.26000    7.56970    0.04270    2.31604    0.04738
   3404.08000    7.41134    0.06319    2.35218    0.06022
