## Time Delay Challenge light curves
##
## [time]=days, [lc]=[err]=flux in nanomaggies
##
##       time       lc_A      err_A       lc_B      err_B
##-------------------------------------------------------
      1.21000    3.37267    0.06202    7.41257    0.03017
      4.44000    3.55063    0.07973    7.02767    0.08430
      6.86000    3.39836    0.08460    7.32687    0.05171
      9.17000    3.34266    0.05839    7.43858    0.05455
     12.30000    3.34790    0.04221    7.18418    0.03797
     14.95000    3.41004    0.05568    7.38830    0.07556
     17.81000    3.50061    0.06977    7.28031    0.07551
     20.98000    3.44046    0.02100    7.45791    0.06687
     22.40000    3.39841    0.04409    7.53306    0.04854
     25.18000    3.48976    0.05288    7.60578    0.06974
     28.28000    3.52213    0.05251    7.48524    0.04695
     30.70000    3.60219    0.08404    7.66304    0.02441
     32.58000    3.59564    0.02615    7.54103    0.06529
     33.81000    3.61335    0.06172    7.80902    0.05127
     37.01000    3.49294    0.07132    7.34009    0.04068
     41.42000    3.55257    0.03500    7.51954    0.02746
     42.93000    3.46101    0.03559    7.67664    0.06411
     45.89000    3.42438    0.06227    7.52336    0.04202
     49.12000    3.48341    0.06035    7.52932    0.06806
     51.28000    3.33948    0.03664    7.43002    0.06418
     54.52000    3.40405    0.06283    7.25235    0.10142
     56.96000    3.44795    0.05622    7.60906    0.05108
     60.82000    3.46928    0.05985    7.54106    0.05673
     63.46000    3.47549    0.06981    7.46665    0.02632
     65.66000    3.46144    0.05756    7.16532    0.03630
     69.77000    3.53850    0.05625    7.10709    0.03238
     72.47000    3.37526    0.01896    7.17253    0.06290
     76.19000    3.43661    0.04456    7.42665    0.06542
     78.63000    3.41162    0.05076    7.32036    0.07438
     79.45000    3.52750    0.06856    7.52021    0.04105
     84.20000    3.44892    0.05534    7.91257    0.05212
     88.37000    3.44464    0.07286    7.91371    0.02689
     92.24000    3.42501    0.08159    7.61260    0.04758
     95.62000    3.39089    0.04641    7.78940    0.04800
     99.20000    3.28332    0.07127    7.88950    0.02817
    101.90000    3.46779    0.04414    7.83377    0.03345
    104.94000    3.49556    0.04481    7.92143    0.08016
    110.19000    3.52306    0.05238    7.61218    0.02515
    112.53000    3.51866    0.08094    7.46925    0.06583
    115.58000    3.59275    0.04355    7.27048    0.05056
    118.01000    3.48702    0.05205    7.41052    0.05966
    368.54000    3.28490    0.07168    7.57686    0.05541
    371.73000    3.27838    0.07330    7.53199    0.05829
    373.24000    3.18250    0.06653    7.43929    0.07612
    376.16000    3.37531    0.06092    7.66301    0.04055
    378.48000    3.14541    0.03773    7.73185    0.07191
    381.23000    3.03568    0.07742    7.63750    0.05298
    384.99000    3.22251    0.05285    7.63701    0.04357
    385.69000    3.26947    0.03551    7.76390    0.04010
    388.44000    3.20918    0.04682    7.43819    0.07964
    390.37000    3.34889    0.05213    7.43533    0.03835
    393.21000    3.34740    0.06283    7.21456    0.07580
    398.41000    3.28171    0.06212    7.03104    0.05687
    401.56000    3.24898    0.05291    6.90726    0.04585
    405.11000    3.29857    0.07160    6.66730    0.06447
    409.06000    3.28066    0.06321    6.92845    0.04059
    412.32000    3.49947    0.02190    6.63753    0.07634
    414.72000    3.53497    0.03127    6.37273    0.04364
    417.93000    3.48117    0.06919    6.43465    0.05382
    420.26000    3.57833    0.02494    6.68920    0.05998
    422.14000    3.51061    0.07686    6.83852    0.03839
    425.39000    3.52528    0.01934    6.93183    0.05401
    428.71000    3.58417    0.04347    6.86757    0.03731
    431.25000    3.60309    0.05429    6.97970    0.05131
    434.04000    3.54082    0.08581    6.99866    0.05352
    437.54000    3.51559    0.03073    7.04495    0.03971
    440.59000    3.67744    0.04803    6.91150    0.04151
    442.69000    3.46898    0.04447    7.27996    0.00832
    445.23000    3.56472    0.06888    7.11202    0.05945
    448.48000    3.52448    0.06093    7.34775    0.04646
    451.99000    3.42159    0.05686    7.27614    0.04183
    455.58000    3.41793    0.07538    7.09297    0.04178
    459.22000    3.48313    0.05209    6.86016    0.05226
    462.79000    3.37638    0.08073    6.91491    0.07915
    464.97000    3.45646    0.06433    6.98640    0.07292
    467.24000    3.53019    0.03219    6.80644    0.03798
    469.83000    3.39059    0.03069    7.01229    0.05066
    474.78000    3.19195    0.07049    6.92373    0.07164
    476.94000    3.27699    0.02708    6.62253    0.03791
    480.26000    3.24593    0.05169    6.51811    0.05184
    482.88000    3.18315    0.04461    6.74836    0.03292
    732.42000    3.43131    0.03923    7.03254    0.04218
    733.14000    3.43137    0.04405    7.06387    0.04533
    735.97000    3.46568    0.03363    7.13645    0.04496
    740.68000    3.25875    0.05012    7.16895    0.01093
    741.79000    3.23876    0.04080    7.39109    0.03511
    744.65000    3.40236    0.03759    7.30152    0.07118
    746.52000    3.46633    0.08067    6.79195    0.05641
    748.96000    3.43524    0.04207    6.82200    0.06988
    751.87000    3.44082    0.07155    6.64549    0.03070
    753.66000    3.47418    0.06436    6.46733    0.06230
    757.40000    3.53335    0.05621    6.50026    0.06402
    760.43000    3.48755    0.07494    6.31978    0.05182
    762.37000    3.45338    0.04803    6.26640    0.04386
    764.55000    3.50413    0.06384    6.47835    0.02556
    767.50000    3.36810    0.06144    6.84254    0.04113
    768.55000    3.62561    0.06403    6.85064    0.02702
    772.00000    3.63194    0.03783    6.84441    0.04290
    774.84000    3.47412    0.04607    6.86574    0.04240
    778.91000    3.38375    0.05152    6.31659    0.07571
    782.11000    3.49737    0.06389    6.42947    0.05844
    785.66000    3.33928    0.05060    6.55614    0.05690
    787.89000    3.39637    0.06057    6.66937    0.06573
    790.45000    3.41884    0.04286    6.38093    0.06574
    794.34000    3.37163    0.06794    6.24650    0.03537
    796.47000    3.33917    0.03352    6.33926    0.06333
    799.74000    3.31335    0.03431    6.20601    0.05137
    803.31000    3.31641    0.05595    6.09447    0.03863
    806.98000    3.40581    0.02824    5.84814    0.07690
    809.66000    3.32524    0.05682    6.07260    0.05428
    812.36000    3.26376    0.05465    6.01189    0.05275
    816.62000    3.27778    0.04456    5.84768    0.06152
    819.31000    3.27012    0.04960    6.24519    0.06494
    821.87000    3.39734    0.04536    6.18686    0.05606
    825.09000    3.43297    0.02621    6.47961    0.07853
    829.11000    3.21432    0.02876    6.32190    0.06461
    832.31000    3.23551    0.05514    6.26800    0.04082
    834.04000    3.14131    0.05092    6.31879    0.05400
    836.91000    3.01687    0.02061    6.34436    0.04000
    838.59000    3.06171    0.03117    6.52296    0.04130
    841.30000    3.11786    0.07189    6.39899    0.06298
    845.29000    2.90611    0.05124    6.11305    0.05671
    847.26000    2.98762    0.05724    6.18953    0.04310
    848.68000    3.07267    0.05037    6.09725    0.03073
   1096.02000    3.22888    0.06629    6.92672    0.04586
   1098.58000    3.11034    0.05743    6.91917    0.04427
   1102.66000    3.06162    0.05484    7.23486    0.03635
   1103.62000    3.06309    0.05674    7.33320    0.03673
   1106.74000    3.05300    0.05698    6.98298    0.04418
   1109.44000    2.88934    0.05214    6.81178    0.06180
   1112.56000    2.95093    0.05239    7.09928    0.08630
   1116.69000    3.04995    0.07576    7.19221    0.06584
   1119.73000    2.95627    0.05654    7.13884    0.05783
   1121.13000    3.07864    0.06880    6.80468    0.04077
   1124.89000    2.92654    0.06172    6.66128    0.06786
   1128.26000    3.02475    0.05475    6.86835    0.02923
   1131.66000    3.06122    0.05175    6.98653    0.03707
   1135.25000    3.26771    0.05376    7.25923    0.05835
   1137.93000    3.33061    0.03646    7.30365    0.05525
   1140.63000    3.35603    0.02242    7.22574    0.04912
   1144.30000    3.36863    0.07099    7.18117    0.05232
   1147.39000    3.41118    0.00936    7.17557    0.05736
   1150.27000    3.29772    0.05238    7.00012    0.06083
   1152.18000    3.42836    0.05389    7.00652    0.05541
   1155.97000    3.38476    0.06716    7.11422    0.04042
   1158.45000    3.53260    0.03653    7.01356    0.06361
   1160.45000    3.56450    0.07008    6.86929    0.04530
   1163.74000    3.49942    0.05537    6.82337    0.05239
   1166.95000    3.30916    0.07088    6.87989    0.01186
   1169.75000    3.45373    0.04959    6.74071    0.05645
   1172.72000    3.37905    0.00994    6.67202    0.04388
   1175.22000    3.50470    0.05644    7.00760    0.06334
   1178.33000    3.25112    0.04173    7.02601    0.06210
   1182.18000    3.44864    0.04637    7.42599    0.04638
   1185.57000    3.34657    0.06716    7.40358    0.05470
   1189.03000    3.23775    0.05440    7.04577    0.07041
   1192.13000    3.24419    0.02881    7.12173    0.03741
   1193.83000    3.40389    0.06078    7.08607    0.04011
   1197.18000    3.40760    0.03819    7.01714    0.05438
   1201.37000    3.36488    0.06813    6.93535    0.06502
   1202.27000    3.36988    0.02340    7.11745    0.07584
   1204.45000    3.12488    0.04927    6.82648    0.06664
   1206.78000    3.15953    0.02478    6.93706    0.05520
   1209.53000    3.26169    0.05216    6.85656    0.04408
   1212.70000    3.25455    0.07429    6.79021    0.04743
   1461.79000    3.87953    0.03461    6.39265    0.03893
   1463.57000    3.90504    0.04186    6.54319    0.05607
   1466.62000    3.81723    0.06647    6.73592    0.04615
   1470.20000    3.78699    0.07166    6.64370    0.04813
   1473.60000    3.69525    0.05852    6.28841    0.05197
   1475.82000    3.77623    0.05856    6.31209    0.05814
   1478.87000    3.72795    0.06248    6.04038    0.04476
   1483.45000    3.78169    0.04722    6.33098    0.08964
   1486.29000    3.67820    0.05170    6.23224    0.06167
   1490.32000    3.70520    0.03182    6.16386    0.05116
   1492.32000    3.63690    0.05391    6.05673    0.06048
   1497.07000    3.62026    0.04050    6.40270    0.07234
   1499.79000    3.58368    0.01579    6.52979    0.05193
   1502.00000    3.52956    0.06681    6.69531    0.04573
   1505.08000    3.44520    0.06221    6.63431    0.03214
   1508.12000    3.53657    0.04802    6.65880    0.05674
   1511.20000    3.47441    0.05623    6.57096    0.05168
   1515.17000    3.25807    0.03758    6.41284    0.04418
   1519.10000    3.21506    0.04201    6.34196    0.04896
   1522.90000    3.11657    0.08085    6.35197    0.05043
   1525.30000    3.13048    0.04240    6.21862    0.06723
   1527.04000    3.00788    0.07430    6.41776    0.03955
   1531.51000    3.06706    0.05300    6.25648    0.06829
   1532.51000    3.09525    0.05155    6.40954    0.03670
   1536.39000    3.02232    0.06302    6.81246    0.03261
   1540.27000    3.03523    0.02857    7.12398    0.02064
   1542.97000    2.92967    0.08381    7.08031    0.06609
   1547.13000    3.12176    0.04490    7.12180    0.05483
   1549.97000    3.06551    0.03298    6.98432    0.05400
   1552.96000    3.15328    0.04356    6.76881    0.03817
   1554.86000    2.94086    0.06610    6.87580    0.03562
   1555.58000    2.98532    0.03915    6.71585    0.01724
   1558.94000    2.76657    0.05397    6.81856    0.05540
   1562.21000    2.67762    0.07090    6.42444    0.05729
   1565.24000    2.84681    0.04204    6.45488    0.05414
   1568.03000    3.01056    0.05822    6.59479    0.06426
   1569.94000    2.78852    0.06779    6.60150    0.06763
   1571.03000    2.83194    0.06190    6.69462    0.04873
   1575.49000    2.83031    0.08263    6.54486    0.02552
   1579.31000    2.94175    0.05855    6.82789    0.05781
   1826.47000    3.34516    0.05940    7.54884    0.06773
   1828.62000    3.34315    0.05039    7.35212    0.07976
   1831.50000    3.45681    0.05334    7.37133    0.07766
   1833.51000    3.19638    0.05053    7.03195    0.03800
   1836.38000    3.32418    0.05510    6.89721    0.05213
   1838.85000    3.36661    0.04249    6.86470    0.05710
   1842.97000    3.40636    0.07179    6.62262    0.04579
   1845.44000    3.49103    0.04776    6.66420    0.03460
   1847.95000    3.31213    0.04775    6.60425    0.05522
   1850.09000    3.47220    0.03854    6.56828    0.06098
   1853.79000    3.38683    0.06813    6.92286    0.03291
   1857.67000    3.45667    0.03379    7.05492    0.04273
   1862.03000    3.35375    0.05809    6.87265    0.04737
   1864.93000    3.38595    0.06262    7.25588    0.07677
   1867.06000    3.13926    0.08215    7.16367    0.05236
   1869.44000    3.06356    0.04242    7.21646    0.05397
   1874.08000    3.36316    0.03825    7.43402    0.07536
   1876.20000    3.34747    0.06094    7.57261    0.05706
   1880.36000    3.44864    0.06750    7.23251    0.06791
   1885.58000    3.48014    0.01998    7.38746    0.04812
   1889.69000    3.61000    0.04565    7.25982    0.07546
   1893.41000    3.39023    0.07220    6.90513    0.06393
   1897.52000    3.57474    0.04625    6.98232    0.05670
   1900.78000    3.44452    0.03765    6.88397    0.01748
   1903.04000    3.37733    0.05709    6.88430    0.06062
   1905.81000    3.42813    0.05788    7.00976    0.07570
   1908.05000    3.53563    0.03177    7.17475    0.03248
   1910.77000    3.48531    0.03791    7.05069    0.05058
   1914.26000    3.23011    0.05820    6.81295    0.07245
   1918.78000    3.08642    0.06900    6.90140    0.04987
   1920.80000    3.14934    0.06831    6.74851    0.07181
   1921.59000    3.21251    0.06770    6.89165    0.03644
   1925.79000    3.01074    0.04231    6.66936    0.05998
   1929.40000    3.17879    0.05782    6.81699    0.03809
   1930.46000    3.04921    0.07205    6.58367    0.04457
   1933.40000    3.08474    0.05887    6.46277    0.04656
   1937.10000    3.23024    0.06587    6.33728    0.07741
   1941.58000    3.20938    0.03894    6.76067    0.08096
   1944.10000    3.20763    0.03223    6.62030    0.06597
   2191.90000    3.51443    0.02618    6.64064    0.01473
   2194.83000    3.55140    0.02517    6.65141    0.03890
   2196.97000    3.54958    0.04635    6.61449    0.05438
   2200.74000    3.61022    0.06236    6.69136    0.03604
   2202.48000    3.63447    0.07573    6.66546    0.06214
   2204.85000    3.69996    0.03476    6.63355    0.04318
   2207.93000    3.82464    0.05695    6.74971    0.03769
   2209.52000    3.75386    0.03467    6.90641    0.07817
   2213.04000    3.66135    0.05672    7.27241    0.05120
   2216.09000    3.35019    0.04741    7.12722    0.04728
   2219.85000    3.37643    0.07298    6.91710    0.05764
   2222.81000    3.34888    0.06594    6.90072    0.06518
   2226.34000    3.37018    0.04900    6.68733    0.04346
   2228.46000    3.30653    0.07171    6.50826    0.05544
   2231.54000    3.14683    0.06367    6.46582    0.07908
   2233.94000    3.27578    0.05045    6.17523    0.06844
   2236.23000    3.43307    0.04342    6.15944    0.04528
   2239.28000    3.25418    0.10551    6.35973    0.06586
   2243.06000    3.39451    0.08438    6.55176    0.03812
   2245.93000    3.32712    0.05917    6.62056    0.03526
   2247.09000    3.42511    0.05698    6.46051    0.03173
   2249.49000    3.24589    0.04494    6.58341    0.04309
   2252.39000    3.15575    0.05576    6.60555    0.03980
   2255.64000    3.20698    0.02501    6.74372    0.06489
   2258.99000    3.09899    0.06360    6.96164    0.03811
   2263.32000    2.97992    0.05255    6.84125    0.04329
   2265.23000    3.10420    0.05215    7.04127    0.04582
   2269.32000    3.07356    0.07117    7.36737    0.05854
   2273.00000    3.01742    0.06832    7.15074    0.01856
   2274.72000    3.05541    0.07003    7.14981    0.06500
   2278.76000    3.09009    0.05180    7.40201    0.06388
   2279.67000    3.04198    0.05020    7.33317    0.05314
   2282.24000    3.09213    0.06061    7.13080    0.06520
   2283.76000    3.01719    0.05248    7.15890    0.01869
   2287.25000    3.03745    0.04946    7.32553    0.08485
   2291.45000    3.07412    0.05375    7.31766    0.05815
   2295.00000    3.28236    0.03172    7.58151    0.04589
   2297.72000    3.27875    0.01350    7.24976    0.08574
   2300.40000    3.15948    0.03548    7.04364    0.05875
   2304.77000    3.20323    0.04401    7.06212    0.04893
   2307.13000    3.03474    0.04928    6.86724    0.04297
   2557.00000    3.63551    0.04200    7.57738    0.05839
   2558.92000    3.68422    0.05823    7.30107    0.05750
   2564.72000    3.63161    0.04807    7.25332    0.03813
   2568.15000    3.57262    0.06485    7.24508    0.07169
   2571.22000    3.46705    0.07502    7.50486    0.06221
   2572.93000    3.57791    0.03808    7.29640    0.06163
   2576.29000    3.63042    0.04578    7.55510    0.05396
   2578.06000    3.52148    0.04734    7.26642    0.06569
   2581.55000    3.57330    0.07793    7.34134    0.05706
   2585.77000    3.60894    0.06148    7.42323    0.03437
   2587.26000    3.62070    0.04924    7.39659    0.03070
   2589.50000    3.57823    0.07034    7.40444    0.03609
   2590.81000    3.43570    0.05311    7.50167    0.02284
   2593.56000    3.48057    0.06552    7.38609    0.03872
   2596.88000    3.32200    0.06320    7.15981    0.06638
   2600.54000    3.31820    0.06640    7.17590    0.05771
   2602.41000    3.16497    0.05793    7.27368    0.04371
   2605.91000    3.31303    0.02134    6.97852    0.05373
   2609.42000    3.24730    0.04841    6.68157    0.03998
   2614.38000    3.20948    0.08179    6.78582    0.05603
   2616.24000    3.21774    0.08323    6.98931    0.07185
   2618.27000    3.32539    0.04630    7.19140    0.07310
   2621.22000    3.26711    0.03268    7.27950    0.06392
   2624.83000    3.22197    0.04772    7.61532    0.04818
   2626.14000    3.25727    0.06328    7.59864    0.05804
   2631.21000    3.03285    0.05316    7.45258    0.07328
   2633.20000    3.03089    0.05725    7.55295    0.05161
   2635.20000    3.22775    0.04910    7.49585    0.03504
   2637.82000    3.29517    0.06516    7.66527    0.04849
   2641.30000    3.25312    0.05033    7.59909    0.05831
   2643.66000    3.19358    0.00692    7.50799    0.06648
   2645.18000    3.17412    0.07598    7.65910    0.05237
   2650.27000    3.13847    0.07725    7.88599    0.07754
   2652.93000    3.35563    0.06090    7.78063    0.05895
   2656.45000    3.22076    0.04648    7.91330    0.00869
   2661.11000    3.23949    0.05997    7.71274    0.06299
   2666.12000    3.28727    0.04795    8.04233    0.06350
   2669.81000    3.18208    0.08146    7.48699    0.02723
   2674.38000    3.25424    0.06125    7.48933    0.04148
   2920.57000    2.98259    0.04635    6.99972    0.02001
   2921.44000    3.11981    0.07237    6.94519    0.04444
   2923.67000    3.14569    0.02351    6.74818    0.04133
   2927.05000    3.19489    0.03912    6.38318    0.05737
   2929.80000    3.13538    0.04165    6.60532    0.04772
   2932.29000    3.16934    0.02010    6.45496    0.08236
   2935.52000    3.17196    0.04451    6.61196    0.06149
   2939.45000    3.30552    0.04565    6.58575    0.09468
   2942.14000    3.18433    0.05445    6.21222    0.07829
   2944.46000    3.10283    0.03793    6.45881    0.03786
   2948.64000    2.94141    0.06925    6.73493    0.04710
   2952.13000    2.92976    0.06299    6.44590    0.07369
   2955.25000    3.11356    0.03487    6.83494    0.04803
   2956.50000    3.03457    0.03645    7.00097    0.06942
   2960.34000    3.09117    0.03256    6.81750    0.07482
   2964.92000    3.10379    0.05504    6.88515    0.03616
   2967.04000    3.19556    0.05878    7.20557    0.05534
   2970.72000    2.85698    0.06362    7.30254    0.05218
   2973.04000    2.93392    0.02763    6.99293    0.05820
   2974.40000    3.09053    0.04239    6.91614    0.05685
   2977.80000    3.01353    0.04872    6.88623    0.06297
   2980.62000    2.94653    0.02677    6.83946    0.04681
   2984.33000    2.86647    0.05210    6.85081    0.06417
   2988.04000    3.06182    0.04463    6.64219    0.05746
   2990.67000    2.97747    0.04423    6.78228    0.05108
   2993.72000    3.18545    0.07039    6.81772    0.05702
   2996.01000    2.97660    0.04711    6.95225    0.04475
   2998.33000    3.07308    0.06279    6.70035    0.05146
   3000.19000    3.02057    0.07044    6.54197    0.04142
   3002.73000    3.22971    0.05800    6.31592    0.04707
   3008.17000    2.95992    0.06563    6.56595    0.03916
   3012.03000    3.05645    0.06851    6.82376    0.06309
   3014.54000    2.98269    0.02074    6.98444    0.07485
   3017.44000    2.98295    0.06833    7.17810    0.06524
   3021.75000    2.99386    0.06003    7.00578    0.04658
   3024.18000    2.90272    0.07215    7.15329    0.04513
   3026.61000    2.95608    0.05876    7.03197    0.06266
   3030.07000    2.98126    0.05399    6.76447    0.04670
   3034.32000    2.96547    0.04876    6.59589    0.06248
   3036.92000    3.13833    0.05950    6.51663    0.03809
   3038.77000    3.12854    0.04340    6.60089    0.03413
   3287.72000    3.48838    0.04938    6.71810    0.03137
   3289.38000    3.58067    0.06203    6.66782    0.05533
   3292.47000    3.30253    0.03821    6.89851    0.07962
   3295.06000    3.21599    0.03264    6.94981    0.04074
   3298.31000    3.35165    0.03714    6.97432    0.02753
   3300.91000    3.21278    0.05521    7.03606    0.04168
   3304.86000    3.22703    0.07012    7.10058    0.04709
   3307.52000    3.15239    0.07332    7.25259    0.01770
   3310.31000    3.11717    0.06448    7.13778    0.04691
   3312.16000    3.14525    0.04709    7.25959    0.03704
   3314.16000    3.08109    0.03695    7.44776    0.08982
   3316.70000    3.12330    0.04754    7.13617    0.06097
   3319.37000    3.19962    0.05019    7.24660    0.07001
   3323.81000    3.10425    0.07422    7.22433    0.04557
   3325.89000    3.11031    0.01895    7.15057    0.06138
   3328.25000    3.24947    0.04880    7.16136    0.04868
   3331.12000    3.24181    0.06167    7.20458    0.06379
   3334.30000    3.22133    0.02936    7.39946    0.05738
   3338.23000    3.25957    0.02721    7.41208    0.06307
   3341.85000    3.20358    0.06018    7.42648    0.07256
   3343.83000    3.39135    0.06429    7.72794    0.06693
   3345.69000    3.18589    0.08144    7.54498    0.05507
   3350.15000    3.48145    0.04276    7.79011    0.04820
   3353.05000    3.43506    0.06363    7.74838    0.03550
   3357.05000    3.15491    0.05821    7.62317    0.03657
   3359.96000    3.11039    0.07779    7.42601    0.02992
   3363.20000    2.99259    0.06731    7.26100    0.07556
   3365.07000    3.09993    0.05945    7.12889    0.05408
   3368.75000    3.07212    0.05344    7.04673    0.05716
   3374.28000    2.97570    0.04004    6.99946    0.05414
   3376.94000    3.26931    0.07535    6.80913    0.04614
   3380.10000    3.32466    0.06518    6.85953    0.06656
   3382.94000    3.17105    0.04886    6.55505    0.04833
   3386.34000    3.28458    0.02180    6.29486    0.07062
   3388.93000    3.31613    0.07240    6.44534    0.07919
   3391.58000    3.28482    0.03572    6.48858    0.07007
   3392.88000    3.21940    0.04031    6.64637    0.05762
   3396.16000    3.32188    0.04768    6.93505    0.08794
   3397.29000    3.35690    0.04934    7.14529    0.06294
   3401.51000    3.34537    0.06716    7.23203    0.05012
