## Time Delay Challenge light curves
##
## [time]=days, [lc]=[err]=flux in nanomaggies
##
##       time       lc_A      err_A       lc_B      err_B
##-------------------------------------------------------
      0.69000    3.21601    0.05303    7.21285    0.02872
      3.13000    3.39952    0.04605    6.86845    0.06569
      5.87000    3.11403    0.05214    6.83325    0.05590
      8.92000    3.09249    0.04725    6.95800    0.05748
     11.10000    3.13739    0.05650    6.80826    0.06211
     14.00000    3.22598    0.03039    6.82558    0.06260
     18.96000    3.12483    0.07861    6.16997    0.04649
     23.46000    3.00525    0.06965    6.40071    0.06596
     26.99000    2.80222    0.06464    5.96966    0.05265
     31.12000    2.80249    0.05828    6.11706    0.05282
     34.47000    2.89254    0.05537    6.46874    0.05166
     39.25000    3.04587    0.05325    7.51535    0.05412
     43.19000    3.34020    0.05697    7.99367    0.08000
     47.10000    2.75395    0.03606    8.04750    0.02649
     50.00000    2.47942    0.06512    8.33515    0.05198
     52.67000    2.46382    0.05234    8.50930    0.04934
     54.50000    2.52800    0.07213    9.29256    0.09739
     57.25000    2.46410    0.04489    8.78888    0.03493
     60.71000    2.36114    0.07439    9.54732    0.06995
     64.04000    2.51327    0.03854    8.92654    0.05144
     68.56000    2.66524    0.05631    8.90036    0.04153
     71.47000    2.39840    0.04456    9.11134    0.07664
     72.71000    2.45737    0.03141    8.97406    0.07119
     76.05000    2.48853    0.05174    9.07901    0.05802
     78.90000    2.59716    0.05389    8.82397    0.06815
     81.03000    2.68995    0.03694    8.47369    0.02146
     83.62000    2.49580    0.06833    8.50688    0.06326
     86.46000    2.62978    0.02172    8.05329    0.07702
     90.58000    2.85080    0.06537    8.53611    0.04566
     94.51000    2.47855    0.03494    9.26304    0.07867
     96.04000    2.46857    0.03629    8.78510    0.05224
     99.73000    2.43792    0.04663    9.43724    0.01981
    103.09000    2.46362    0.05847    8.37547    0.06169
    107.14000    2.70768    0.04866    7.78370    0.05180
    110.77000    2.53439    0.04755    7.20544    0.06979
    113.37000    2.49771    0.06321    6.93858    0.07186
    116.44000    2.56328    0.05147    7.24944    0.06856
    118.90000    2.67831    0.04285    7.58664    0.05667
    365.81000    2.12150    0.03308    6.92759    0.07030
    367.37000    2.22318    0.06275    6.82384    0.02533
    371.47000    2.23989    0.02746    7.00389    0.03972
    374.79000    2.26125    0.05758    6.52569    0.05273
    378.93000    2.41520    0.01048    5.99784    0.01953
    382.19000    2.36611    0.05580    5.98840    0.06825
    385.40000    2.66609    0.05042    6.05099    0.05637
    389.51000    2.70782    0.05717    6.05445    0.05276
    393.00000    2.84369    0.05271    5.96671    0.04848
    397.91000    2.93650    0.04316    5.58029    0.06302
    398.05000    2.98929    0.04025    5.50205    0.05872
    401.11000    2.76168    0.03881    5.60267    0.05027
    404.97000    2.76683    0.04954    6.04837    0.06550
    407.48000    2.69541    0.06416    5.68533    0.01693
    409.92000    2.65185    0.06070    5.82569    0.08134
    412.09000    2.59543    0.02715    5.65784    0.05189
    414.33000    2.66817    0.05400    5.84140    0.02450
    416.60000    2.60966    0.06320    5.97927    0.04318
    418.00000    2.70389    0.04696    6.11566    0.03040
    421.21000    2.78255    0.01859    6.46912    0.03988
    424.55000    2.73736    0.05190    6.59402    0.08352
    425.85000    2.67106    0.06831    6.42868    0.04447
    429.53000    2.67632    0.05288    6.58357    0.08229
    433.33000    2.99495    0.04984    6.91787    0.05273
    437.67000    3.00232    0.05047    7.47300    0.02867
    441.38000    2.78234    0.04474    7.65986    0.04724
    443.54000    2.62441    0.06510    8.04480    0.05755
    446.50000    2.52793    0.06136    8.30420    0.08256
    449.31000    2.59214    0.03996    8.20549    0.06786
    451.57000    2.59022    0.02081    9.00864    0.05322
    454.07000    2.55633    0.05714    9.23902    0.03930
    457.26000    2.71924    0.08026    8.91874    0.03816
    458.78000    2.83708    0.04126    8.51813    0.06963
    461.46000    3.09253    0.03546    8.51107    0.04076
    465.44000    3.01093    0.04911    7.83301    0.06423
    468.87000    2.99557    0.04368    7.96400    0.07842
    471.10000    2.97045    0.05398    7.97458    0.02897
    475.29000    3.34724    0.03884    8.11738    0.06264
    478.83000    2.96228    0.05624    8.52756    0.04500
    480.62000    3.02179    0.06237    8.08925    0.04085
    482.61000    3.20316    0.05383    8.16712    0.03015
    484.37000    3.11103    0.04816    8.39112    0.04003
    731.13000    2.32460    0.07183    7.72003    0.05246
    733.66000    2.12449    0.04097    7.43026    0.04117
    736.15000    2.08907    0.05356    7.31838    0.04818
    738.19000    2.24960    0.04379    7.43588    0.01497
    740.76000    2.07301    0.03897    7.11309    0.04670
    743.30000    2.11512    0.04198    7.57711    0.03063
    744.54000    2.05950    0.07197    7.49573    0.05377
    747.12000    2.04437    0.06766    7.87406    0.06647
    750.88000    2.21617    0.03863    8.70283    0.07806
    752.84000    2.31686    0.05751    8.92196    0.04213
    754.71000    2.32132    0.05486    8.39815    0.06279
    758.48000    2.35191    0.04880    8.45153    0.05005
    759.54000    2.30776    0.06769    8.29628    0.08338
    761.72000    2.21256    0.05403    7.89093    0.05114
    764.44000    2.16784    0.05630    6.75234    0.04677
    767.73000    2.38770    0.07032    6.43115    0.05626
    770.02000    2.20065    0.04563    6.31751    0.04925
    771.44000    2.24868    0.04282    6.23059    0.04473
    773.72000    2.24290    0.05944    6.46491    0.06595
    777.30000    2.23127    0.04486    6.56643    0.04381
    780.49000    2.06674    0.03092    7.36054    0.06658
    783.09000    2.10034    0.06314    7.39512    0.04759
    787.34000    2.12705    0.04984    7.76396    0.04898
    791.33000    2.45644    0.06429    7.07485    0.05343
    793.33000    2.34289    0.03424    6.72383    0.06680
    796.12000    2.35843    0.05141    6.98790    0.05632
    798.04000    2.16771    0.05013    6.53634    0.06619
    800.73000    2.21781    0.03420    6.71824    0.05077
    804.49000    2.03586    0.04768    6.46744    0.04027
    807.60000    2.26640    0.08632    7.12351    0.04653
    809.41000    2.09829    0.04702    7.23598    0.03381
    809.74000    2.28791    0.06095    7.45689    0.06121
    811.70000    2.06219    0.04805    7.27372    0.05834
    814.84000    2.45613    0.05853    7.03503    0.03187
    818.84000    2.34168    0.06259    7.00031    0.04337
    823.70000    2.54218    0.08374    7.07312    0.05996
    824.71000    2.39359    0.03526    7.23449    0.02537
    826.57000    2.49980    0.02162    7.06757    0.04737
    829.83000    2.72099    0.06023    7.30533    0.04755
    831.36000    2.87565    0.03691    7.18565    0.06841
    833.97000    2.94879    0.04448    6.98683    0.06076
    838.80000    2.80032    0.04717    6.59799    0.02742
    842.53000    2.74714    0.06311    6.70701    0.06904
    846.07000    2.59653    0.07093    6.84868    0.05204
    848.67000    2.54868    0.04816    7.46278    0.06448
   1096.02000    2.77046    0.05365    8.96867    0.03957
   1101.21000    2.80418    0.05836    9.01431    0.04015
   1104.20000    2.94245    0.05520    8.63149    0.06751
   1106.19000    2.89546    0.04894    8.26931    0.04796
   1109.40000    3.36864    0.04639    8.42494    0.06575
   1113.04000    3.43273    0.03476    8.35943    0.04068
   1115.50000    3.07632    0.06140    8.31088    0.07530
   1119.48000    3.12130    0.05244    8.09179    0.03243
   1122.87000    2.89799    0.03876    8.24698    0.04335
   1126.46000    3.11634    0.03906    8.26960    0.02035
   1129.56000    2.96616    0.04255    8.26596    0.05771
   1131.61000    3.00184    0.06315    8.55617    0.02497
   1133.28000    3.10098    0.04681    8.38589    0.03111
   1136.06000    3.17863    0.04703    8.21834    0.03332
   1139.86000    3.07924    0.07413    9.04681    0.05205
   1142.92000    2.68928    0.05336    8.67633    0.06889
   1145.06000    2.87956    0.07789    8.51034    0.04308
   1145.25000    2.83710    0.05568    8.60983    0.06543
   1146.38000    3.06097    0.06832    8.71659    0.03174
   1149.45000    2.75692    0.05774    8.83571    0.04399
   1152.66000    2.79095    0.05412    8.75878    0.03664
   1154.35000    2.75349    0.03834    8.51994    0.08668
   1157.81000    2.77973    0.01654    8.49503    0.02283
   1161.89000    2.54130    0.04575    8.60225    0.07486
   1164.41000    2.85908    0.04537    9.32641    0.04000
   1169.01000    2.74733    0.06238   10.37514    0.04113
   1171.87000    2.83228    0.06578    9.75388    0.02690
   1175.25000    3.06618    0.04227    9.86040    0.04133
   1179.20000    2.75883    0.06664    9.18114    0.04292
   1182.21000    2.96830    0.04089    8.78841    0.06407
   1184.16000    2.83383    0.03754    9.56913    0.04961
   1187.70000    3.07640    0.03870    8.48030    0.09012
   1189.31000    3.02694    0.07045    9.02520    0.03218
   1192.68000    2.99062    0.09186    9.32128    0.06630
   1196.10000    2.86916    0.07970    9.32226    0.04255
   1198.04000    3.03659    0.04710    8.77048    0.08111
   1200.13000    3.08335    0.04470    8.15211    0.07069
   1203.93000    2.83507    0.05403    8.64505    0.04357
   1208.70000    3.09367    0.05587    8.32616    0.05941
   1211.71000    3.13904    0.06121    8.09873    0.06176
   1461.70000    2.80899    0.05525    7.47388    0.05885
   1465.83000    2.65765    0.04756    7.34715    0.04776
   1468.03000    2.60149    0.05537    7.81937    0.05237
   1470.15000    2.40731    0.06170    7.89509    0.02676
   1473.43000    2.21849    0.08327    7.47985    0.06770
   1475.66000    2.15271    0.05446    7.87486    0.04723
   1478.60000    2.25710    0.06312    7.51654    0.05244
   1481.11000    2.23776    0.01280    7.99732    0.03772
   1485.27000    2.25582    0.04846    7.28984    0.06079
   1488.94000    2.38280    0.04707    7.75933    0.07248
   1492.04000    2.35137    0.03443    7.63755    0.05904
   1494.54000    2.24296    0.08990    7.25731    0.05485
   1498.28000    2.13107    0.06468    7.48978    0.03628
   1500.20000    2.11944    0.06689    7.53196    0.05142
   1502.06000    2.04035    0.05026    7.72485    0.07191
   1505.27000    2.13154    0.01971    8.40979    0.06838
   1506.84000    2.05379    0.06280    8.68078    0.03113
   1512.54000    2.31473    0.06413    8.10941    0.05433
   1515.64000    2.44558    0.02715    8.28689    0.03498
   1517.26000    2.53510    0.02376    8.19165    0.06327
   1520.19000    2.60645    0.04881    7.90709    0.05074
   1522.75000    2.65345    0.04554    7.31627    0.06313
   1528.17000    2.37201    0.05978    6.88951    0.05364
   1530.84000    2.25276    0.07943    6.90270    0.05746
   1533.04000    2.45903    0.03918    6.44410    0.10264
   1535.85000    2.54319    0.02490    6.26454    0.03303
   1537.30000    2.56056    0.04523    6.36137    0.03487
   1539.88000    2.59339    0.01665    6.50303    0.07087
   1542.97000    2.69743    0.06082    6.67432    0.04969
   1543.87000    2.61746    0.06982    6.63301    0.04324
   1546.04000    2.76669    0.02543    6.95020    0.05199
   1549.56000    2.73417    0.06158    6.77691    0.03241
   1554.26000    2.64124    0.02952    6.90618    0.04261
   1555.47000    2.68731    0.04730    6.90650    0.03948
   1559.19000    2.59762    0.05902    6.30087    0.05894
   1562.17000    2.50441    0.03866    6.33113    0.05851
   1565.39000    2.52483    0.04410    5.97251    0.07907
   1567.47000    2.61853    0.07098    6.64782    0.05680
   1571.67000    2.34881    0.05908    6.95925    0.05185
   1575.63000    2.63050    0.06968    7.16752    0.05533
   1578.47000    2.59820    0.05104    7.27579    0.05530
   1826.02000    2.80499    0.05960    8.36580    0.07346
   1830.03000    3.05549    0.06588    8.56707    0.07464
   1831.84000    3.08787    0.03564    8.67412    0.08224
   1833.71000    3.12402    0.06435    8.63104    0.04494
   1836.73000    2.84748    0.07509    8.90783    0.05442
   1840.01000    3.01808    0.04702    9.26125    0.05807
   1842.63000    2.90347    0.02674    9.19457    0.02435
   1845.72000    2.94656    0.04507    8.80709    0.01863
   1846.33000    3.02391    0.05383    8.45066    0.04549
   1849.45000    3.14823    0.07170    8.59540    0.06115
   1852.50000    2.90431    0.04522    8.90989    0.07642
   1854.09000    2.95961    0.03786    9.23433    0.06299
   1856.98000    2.96831    0.01238    9.32725    0.05813
   1858.88000    3.05062    0.04756    8.77808    0.06576
   1861.47000    2.91532    0.04159    8.29013    0.04500
   1863.66000    2.67603    0.04435    7.65619    0.04499
   1868.87000    2.94376    0.04988    8.36750    0.04478
   1871.95000    2.94332    0.06391    8.88839    0.03483
   1874.51000    2.87356    0.05082    8.34908    0.06943
   1878.37000    2.81245    0.05504    8.18032    0.07723
   1880.93000    2.87136    0.05708    8.62728    0.04586
   1885.47000    2.78205    0.08451    8.21023    0.06305
   1889.27000    3.05112    0.06002    9.17778    0.08655
   1892.20000    3.10844    0.04224    9.48806    0.04659
   1895.41000    3.15383    0.05005    9.24500    0.04848
   1899.26000    2.80252    0.07204    9.37207    0.05908
   1901.73000    2.86911    0.07787    9.02670    0.03560
   1905.34000    2.85254    0.04560    9.82832    0.06789
   1909.80000    2.71854    0.06916    9.16296    0.05120
   1912.19000    2.71487    0.05547    8.98900    0.05725
   1915.66000    2.50555    0.05235    9.00898    0.03987
   1919.40000    2.72456    0.02283    8.65679    0.04286
   1922.38000    2.69534    0.05994    8.42757    0.06575
   1926.94000    2.50671    0.08485    9.05615    0.05697
   1930.28000    2.65258    0.05213    8.73544    0.06937
   1932.74000    2.50163    0.05417    8.66889    0.04298
   1935.01000    2.46741    0.02929    8.27634    0.05791
   1938.44000    2.40477    0.07778    8.69324    0.04314
   1943.39000    2.71184    0.07108    8.76074    0.07289
   2192.09000    2.17271    0.05946    7.21144    0.07334
   2194.64000    2.17967    0.05708    7.39029    0.07970
   2197.07000    2.07133    0.06866    7.43141    0.05772
   2198.77000    2.15040    0.06662    7.62616    0.04999
   2201.67000    2.19141    0.02875    8.01271    0.05706
   2204.22000    2.34241    0.05797    8.15011    0.02203
   2207.22000    2.40397    0.05071    7.74176    0.05583
   2210.65000    2.64077    0.06848    7.62684    0.05622
   2212.96000    2.36763    0.06053    7.35377    0.05448
   2216.07000    2.25718    0.05342    6.66871    0.06798
   2220.36000    2.11345    0.05676    7.08922    0.06480
   2222.99000    2.04171    0.07969    7.19666    0.07308
   2226.30000    2.23446    0.01495    7.47644    0.03152
   2229.41000    2.20346    0.06479    6.84505    0.06708
   2231.90000    2.45471    0.06736    6.99054    0.06126
   2233.87000    2.24192    0.06733    7.42061    0.06801
   2235.90000    2.13247    0.06253    7.21762    0.03299
   2239.86000    2.31913    0.04332    7.58461    0.04887
   2243.37000    2.21853    0.05419    7.76755    0.05927
   2246.47000    2.16291    0.08189    7.51418    0.00100
   2249.20000    2.19570    0.06469    6.88716    0.04951
   2252.95000    2.14540    0.05493    6.81042    0.03795
   2254.70000    2.09628    0.07529    6.87711    0.05105
   2256.96000    2.25774    0.06228    6.87193    0.05926
   2257.50000    2.16107    0.00147    7.01587    0.05730
   2259.99000    2.20358    0.05546    7.18525    0.02971
   2264.61000    2.23559    0.05160    7.77566    0.03739
   2269.48000    2.22130    0.06653    7.87199    0.07577
   2271.09000    2.24789    0.02343    7.87894    0.05721
   2274.19000    2.20079    0.04139    7.46047    0.05828
   2276.66000    2.28921    0.04824    6.93801    0.06689
   2278.59000    2.47297    0.01844    6.81186    0.06404
   2280.37000    2.45887    0.04169    6.91587    0.04939
   2285.14000    2.63581    0.06161    7.27516    0.03305
   2287.71000    2.63494    0.06259    7.61451    0.07819
   2292.16000    2.58006    0.06370    7.52629    0.06630
   2296.55000    3.07042    0.07352    7.39164    0.03772
   2298.30000    3.01181    0.06178    7.62866    0.03922
   2301.96000    2.78636    0.04366    7.26798    0.05114
   2304.51000    2.74952    0.02735    6.91885    0.05312
   2307.99000    2.65881    0.07100    6.84298    0.08355
   2556.47000    2.31487    0.07426    8.72727    0.01359
   2559.50000    2.18896    0.04359    8.22350    0.05111
   2563.34000    2.50184    0.05080    8.54569    0.05957
   2566.61000    2.35977    0.05223    8.75908    0.06233
   2569.12000    2.23954    0.08020    8.32283    0.06728
   2572.57000    2.50912    0.05030    8.27012    0.03589
   2574.28000    2.46394    0.05989    8.89333    0.07120
   2578.54000    2.61196    0.02195    8.30728    0.09642
   2582.46000    3.01805    0.06211    8.96338    0.05422
   2584.42000    2.78989    0.03279    8.60134    0.05797
   2587.34000    2.70808    0.04459    8.64870    0.08729
   2589.26000    2.46120    0.05654    8.58836    0.05401
   2591.62000    2.39863    0.05108    7.71032    0.05012
   2594.86000    2.49912    0.05550    7.59306    0.05203
   2598.52000    2.45735    0.05996    7.55857    0.03618
   2599.73000    2.46696    0.07045    7.63585    0.05352
   2602.00000    2.47409    0.02818    7.47967    0.05019
   2603.81000    2.57907    0.04868    7.46906    0.02827
   2605.16000    2.37542    0.05777    7.50399    0.08935
   2607.89000    2.55485    0.03486    7.15577    0.04456
   2611.28000    2.52327    0.03923    7.66295    0.06557
   2614.34000    2.64116    0.04659    7.60243    0.06214
   2616.12000    2.46688    0.02674    7.35805    0.07328
   2618.69000    2.46954    0.01652    7.91256    0.04521
   2622.86000    2.84131    0.03573    8.18918    0.07581
   2625.84000    2.97844    0.04808    7.78883    0.04738
   2627.10000    2.84644    0.06550    8.03547    0.06226
   2630.72000    3.10981    0.05113    8.49385    0.03804
   2634.53000    3.31039    0.04142    8.22994    0.07714
   2636.69000    3.52591    0.08242    8.93172    0.04060
   2638.85000    3.37085    0.04659    9.27468    0.03942
   2642.38000    3.23739    0.03031    8.94101    0.08185
   2644.53000    3.22180    0.05393    9.00015    0.06932
   2647.23000    3.14073    0.02512    8.02219    0.06549
   2650.53000    3.26490    0.05161    7.89513    0.04681
   2653.04000    3.07240    0.06277    8.00608    0.05034
   2655.55000    2.94662    0.06914    8.40881    0.02153
   2659.55000    2.61297    0.06040    7.99512    0.06697
   2661.96000    2.70442    0.04589    8.15122    0.03790
   2663.38000    2.55021    0.02860    8.27041    0.05108
   2666.88000    2.39296    0.04235    8.50881    0.06388
   2668.67000    2.57039    0.06529    8.54659    0.07620
   2670.77000    2.41677    0.05547    8.53791    0.07137
   2672.24000    2.43667    0.09152    8.29124    0.06239
   2673.59000    2.62539    0.06069    8.05475    0.05148
   2921.37000    2.41146    0.04234    8.15387    0.06447
   2925.71000    2.62036    0.04066    7.67120    0.05572
   2927.70000    2.64576    0.04997    7.98499    0.05344
   2929.02000    2.63210    0.05829    7.95765    0.05920
   2932.03000    2.51083    0.04827    8.48301    0.04008
   2934.31000    2.80661    0.04997    8.80165    0.06511
   2934.56000    2.81507    0.07758    8.77270    0.06352
   2937.15000    2.90797    0.07930    8.15642    0.03404
   2940.06000    2.84856    0.00936    8.55299    0.05918
   2942.05000    2.84625    0.04641    8.83499    0.03236
   2944.68000    2.60472    0.05454    8.60350    0.05477
   2947.39000    2.54984    0.07928    8.63187    0.06154
   2950.13000    2.56316    0.09097    8.22983    0.07113
   2952.14000    2.65555    0.08856    8.27153    0.06030
   2955.29000    2.54990    0.03903    8.49894    0.02359
   2958.47000    2.64569    0.00725    8.14129    0.05828
   2961.55000    2.47484    0.02487    7.99393    0.05869
   2965.45000    2.67011    0.05194    7.99871    0.01791
   2969.08000    2.51202    0.05838    7.96093    0.04307
   2972.16000    2.44346    0.06659    8.12728    0.04633
   2976.39000    2.37304    0.08187    7.50406    0.06436
   2978.32000    2.53751    0.05384    7.79706    0.07441
   2981.76000    2.34421    0.04152    8.19560    0.06665
   2985.53000    2.31014    0.06348    8.65103    0.03806
   2988.52000    2.07391    0.04255    8.39365    0.02399
   2992.56000    2.10665    0.05455    8.86824    0.06991
   2995.80000    2.19611    0.06730    9.42003    0.03904
   2998.71000    1.93480    0.06819    9.13602    0.04694
   3000.32000    1.87348    0.05916    8.97243    0.07626
   3001.58000    2.09090    0.05083    8.79688    0.03583
   3005.15000    1.97814    0.06108    8.53151    0.04768
   3008.10000    2.04435    0.02155    8.61076    0.05782
   3010.95000    2.03790    0.05453    8.75164    0.03918
   3012.99000    1.94726    0.05336    8.22076    0.07354
   3017.76000    1.92408    0.05303    8.53480    0.06665
   3020.86000    1.98729    0.06689    8.15185    0.04636
   3024.20000    1.81573    0.06456    8.53282    0.06009
   3025.88000    1.96766    0.03423    8.15818    0.01529
   3027.92000    1.99325    0.04462    7.99476    0.05228
   3030.74000    2.07128    0.06185    7.92710    0.04043
   3034.25000    2.00880    0.06753    7.96429    0.08212
   3037.61000    1.97936    0.06709    8.21751    0.01435
   3288.22000    2.18666    0.03981    6.65520    0.04370
   3291.10000    2.22244    0.02793    6.87123    0.03959
   3293.68000    2.34598    0.04743    6.86207    0.06447
   3296.64000    2.28909    0.06651    7.03979    0.04763
   3299.25000    2.24468    0.04503    7.44305    0.07251
   3302.50000    2.02146    0.07065    7.41380    0.06459
   3305.62000    2.14576    0.06916    7.59611    0.05466
   3308.35000    2.11742    0.06919    7.29796    0.07900
   3310.92000    2.30888    0.05788    7.20262    0.05477
   3313.39000    2.20763    0.07894    7.57941    0.04796
   3316.18000    2.08152    0.06404    8.11927    0.04997
   3320.81000    2.22142    0.05416    8.29808    0.02821
   3323.48000    2.19975    0.04980    7.87031    0.06435
   3326.71000    2.16058    0.06639    7.47334    0.03591
   3329.73000    2.04157    0.05683    7.22298    0.04230
   3334.45000    2.15963    0.04900    6.78062    0.06045
   3338.44000    2.17040    0.05637    7.18394    0.03040
   3343.92000    2.04261    0.05941    7.80372    0.06682
   3344.59000    2.16020    0.07598    7.77382    0.05685
   3347.72000    2.07043    0.07258    7.28394    0.06004
   3350.92000    2.13033    0.04600    7.81096    0.05742
   3355.71000    2.13305    0.03911    7.83724    0.02887
   3358.75000    2.39206    0.03827    7.50022    0.06315
   3360.37000    2.30346    0.04557    7.09596    0.03540
   3363.93000    2.44875    0.06441    7.53752    0.06217
   3366.60000    2.34769    0.05145    7.75970    0.05437
   3368.08000    2.50233    0.05211    7.97517    0.03773
   3372.16000    2.40835    0.05459    7.13499    0.03484
   3375.36000    2.38763    0.06529    7.00544    0.05350
   3378.56000    2.62698    0.04577    7.56087    0.04605
   3383.21000    2.62390    0.02710    7.30062    0.02144
   3386.59000    2.81225    0.04911    7.07470    0.04868
   3389.65000    3.03627    0.04672    7.15521    0.06322
   3393.35000    2.89529    0.05421    7.28886    0.07158
   3399.79000    2.56376    0.05009    7.33605    0.06454
   3402.11000    2.57197    0.03932    7.22405    0.06298
