## Time Delay Challenge light curves
##
## [time]=days, [lc]=[err]=flux in nanomaggies
##
##       time       lc_A      err_A       lc_B      err_B
##-------------------------------------------------------
      2.68000    5.03561    0.06069    0.78729    0.05480
      5.18000    5.12606    0.04980    0.77611    0.04230
      7.45000    5.22362    0.06463    0.84283    0.05945
     10.30000    5.31248    0.05942    0.72960    0.06705
     12.39000    5.28813    0.03011    0.80186    0.04351
     14.64000    5.20350    0.03847    0.73670    0.05460
     19.03000    5.00916    0.02152    0.67861    0.04522
     20.97000    4.85212    0.03354    0.68153    0.05664
     22.39000    4.99851    0.05464    0.86355    0.05325
     26.26000    5.22887    0.05577    0.79989    0.04961
     29.54000    5.06212    0.06788    0.77490    0.05159
     30.89000    5.03513    0.06251    0.66017    0.04926
     33.86000    5.10809    0.05839    0.82673    0.03360
     36.96000    4.96969    0.04631    0.86017    0.04378
     39.26000    4.97709    0.03087    0.74713    0.04481
     40.61000    5.09104    0.05214    0.75592    0.02612
     43.17000    4.84223    0.04468    0.65283    0.07352
     44.02000    4.84558    0.07624    0.71218    0.08374
     48.93000    4.91809    0.06010    0.76538    0.05042
     52.70000    4.81818    0.02652    0.74034    0.05597
     55.91000    4.81407    0.05684    0.77845    0.04247
     60.74000    4.94637    0.05436    0.72692    0.02289
     62.43000    4.80824    0.05228    0.67294    0.06410
     67.41000    5.10634    0.05935    0.82642    0.09585
     69.52000    5.00263    0.05232    0.65888    0.03234
     73.86000    4.73248    0.05370    0.69431    0.04807
     75.90000    4.66056    0.03602    0.62964    0.06856
     78.88000    4.71552    0.04534    0.64097    0.03220
     79.88000    4.83604    0.03474    0.63160    0.03451
     83.10000    4.86779    0.06585    0.67404    0.05049
     84.31000    4.74010    0.05818    0.71639    0.05949
     86.27000    4.60491    0.07869    0.75975    0.06268
     87.44000    4.75872    0.03383    0.78908    0.05569
     92.01000    4.75579    0.07909    0.73875    0.05691
     95.38000    4.84477    0.05501    0.62767    0.04398
     99.71000    4.74698    0.04969    0.79075    0.08700
    103.64000    4.81456    0.05008    0.77707    0.06053
    107.76000    5.01703    0.06896    0.71658    0.05699
    109.75000    5.29753    0.07737    0.59965    0.04564
    112.51000    5.36853    0.06064    0.75648    0.04778
    116.50000    5.41535    0.04064    0.62429    0.08299
    118.87000    5.64104    0.07197    0.71440    0.04642
    365.24000    4.63806    0.06317    0.70573    0.08445
    368.90000    4.68615    0.06920    0.68085    0.04308
    374.30000    4.94499    0.04181    0.72753    0.05920
    378.44000    5.12301    0.05405    0.76559    0.06493
    380.73000    4.86319    0.05271    0.68122    0.02382
    381.12000    4.90388    0.07006    0.66970    0.07034
    383.48000    4.83661    0.05847    0.66457    0.07344
    386.75000    5.08449    0.05496    0.67519    0.03646
    389.56000    5.15630    0.03343    0.68184    0.04017
    392.05000    5.06083    0.05781    0.79762    0.06557
    393.70000    5.03449    0.07368    0.58859    0.05644
    399.01000    4.93984    0.05125    0.71285    0.02722
    401.42000    4.95023    0.04415    0.67562    0.06344
    404.57000    4.82424    0.07401    0.77210    0.05276
    407.44000    4.83477    0.07910    0.76695    0.06545
    409.66000    4.92317    0.03259    0.72531    0.00372
    411.75000    4.85278    0.06126    0.77890    0.04603
    415.69000    4.91635    0.06178    0.71355    0.05592
    418.80000    4.96326    0.05797    0.71895    0.05537
    421.46000    4.78867    0.06472    0.66699    0.06322
    426.73000    4.82868    0.04456    0.70581    0.06087
    429.96000    4.77937    0.04392    0.83812    0.06258
    433.25000    4.93278    0.07177    0.69485    0.03570
    436.77000    5.36155    0.06222    0.73836    0.04924
    443.28000    5.14045    0.05198    0.73447    0.05095
    446.14000    5.07888    0.05546    0.65540    0.05205
    450.69000    5.30373    0.05160    0.64520    0.05284
    452.78000    5.49312    0.05153    0.61451    0.07304
    453.80000    5.49679    0.02988    0.67053    0.04559
    456.23000    5.59519    0.05493    0.78009    0.05526
    459.72000    5.62485    0.04119    0.74464    0.03145
    462.61000    5.58228    0.06428    0.65715    0.05815
    465.85000    5.27901    0.03805    0.65933    0.05032
    466.52000    5.35030    0.06561    0.87654    0.06131
    469.12000    5.28986    0.06110    0.66198    0.07601
    472.56000    5.36880    0.07316    0.75819    0.03722
    474.53000    5.33362    0.06634    0.76934    0.04629
    478.73000    4.86697    0.04779    0.82727    0.03005
    483.24000    4.82050    0.03483    0.82643    0.06574
    484.87000    4.90655    0.05607    0.78735    0.04447
    730.12000    4.46606    0.02085    0.67017    0.06240
    733.59000    4.50271    0.06605    0.72433    0.08300
    737.96000    4.39115    0.05888    0.66516    0.03261
    741.33000    4.52500    0.02878    0.62928    0.03273
    745.43000    4.42680    0.07591    0.71168    0.06441
    747.28000    4.76174    0.05168    0.62323    0.05837
    748.66000    4.62400    0.04901    0.66965    0.03519
    752.62000    4.70538    0.07638    0.65853    0.05890
    756.91000    4.70546    0.04404    0.62481    0.05407
    758.62000    4.62339    0.05186    0.73368    0.04557
    761.17000    4.64582    0.04768    0.68448    0.06844
    763.75000    4.61960    0.05401    0.74445    0.06177
    767.40000    4.71822    0.06179    0.69500    0.05204
    770.60000    5.08553    0.04989    0.70186    0.07596
    773.97000    5.05730    0.08715    0.73478    0.05531
    777.44000    5.11928    0.08471    0.77292    0.05000
    779.20000    5.19252    0.04561    0.69209    0.06296
    782.47000    5.19057    0.07291    0.66736    0.03327
    784.84000    5.40554    0.03070    0.61551    0.05473
    788.48000    5.63467    0.05510    0.63476    0.06194
    790.18000    5.31615    0.07777    0.68399    0.02841
    791.37000    5.44892    0.04661    0.75384    0.07696
    795.10000    5.62863    0.07992    0.79332    0.06419
    796.59000    5.74954    0.07801    0.76617    0.03440
    800.42000    5.66133    0.02786    0.77105    0.03794
    802.75000    5.48857    0.06166    0.67643    0.03973
    804.14000    5.27106    0.04603    0.69489    0.04239
    805.50000    5.41395    0.04126    0.65572    0.04856
    808.71000    5.30141    0.05895    0.82044    0.06816
    812.42000    5.24973    0.05679    0.76503    0.06534
    814.25000    5.20928    0.06292    0.78330    0.03437
    817.18000    5.21247    0.02641    0.85021    0.05270
    822.01000    4.76726    0.06232    0.89396    0.05724
    825.49000    4.88077    0.03142    0.81731    0.06297
    827.53000    4.77402    0.05559    0.73281    0.06262
    830.93000    4.77774    0.02995    0.71146    0.04993
    834.73000    4.64099    0.06304    0.71699    0.04349
    837.33000    4.77718    0.04111    0.79917    0.05781
    841.48000    4.97559    0.07971    0.68743    0.04515
    844.61000    4.95697    0.03363    0.71159    0.05339
    846.66000    4.99785    0.08428    0.71334    0.04925
   1095.88000    4.03407    0.07243    0.50225    0.07925
   1098.28000    3.74236    0.06981    0.59874    0.04119
   1101.54000    3.76455    0.05438    0.61706    0.06165
   1104.86000    3.92793    0.03177    0.54649    0.07135
   1109.77000    3.91743    0.04880    0.52202    0.05925
   1113.28000    4.05792    0.04736    0.64694    0.04846
   1115.65000    4.02638    0.04102    0.54734    0.08716
   1118.96000    4.17160    0.05100    0.64200    0.06354
   1121.79000    4.16974    0.02507    0.57630    0.04428
   1126.91000    4.26554    0.05544    0.59149    0.06718
   1128.60000    4.14526    0.07135    0.54036    0.04648
   1130.38000    4.30999    0.05190    0.41166    0.06914
   1133.23000    4.25127    0.05183    0.61850    0.08245
   1135.45000    4.27780    0.05283    0.61754    0.06388
   1138.73000    4.25843    0.04289    0.60782    0.03995
   1142.12000    4.25375    0.03623    0.60205    0.02817
   1144.95000    4.32406    0.05533    0.51460    0.04205
   1148.27000    4.18514    0.05895    0.48510    0.07761
   1149.35000    4.08925    0.03024    0.64465    0.06436
   1152.33000    4.13323    0.05579    0.66254    0.05455
   1157.21000    4.05824    0.02260    0.61839    0.03805
   1161.39000    4.32648    0.04559    0.63736    0.05002
   1164.27000    4.24077    0.06360    0.59487    0.06383
   1167.69000    4.19432    0.07527    0.55227    0.04671
   1171.24000    4.19198    0.06193    0.54898    0.08977
   1173.57000    4.41045    0.07701    0.60120    0.01580
   1178.60000    4.51584    0.04789    0.58785    0.03133
   1181.54000    4.35073    0.06258    0.58430    0.05897
   1183.75000    4.53537    0.06071    0.58667    0.05219
   1187.94000    4.63288    0.03974    0.57828    0.06608
   1191.25000    4.69801    0.04296    0.69578    0.03978
   1194.23000    4.89925    0.05321    0.65396    0.05599
   1196.38000    4.84641    0.06226    0.68893    0.05489
   1199.69000    5.00499    0.06198    0.59651    0.04676
   1204.05000    4.93661    0.04506    0.57249    0.04083
   1207.08000    4.75709    0.03743    0.69649    0.05066
   1210.29000    4.54622    0.03956    0.72175    0.06518
   1212.13000    4.74250    0.02737    0.76211    0.04864
   1214.81000    4.63353    0.09898    0.70468    0.02477
   1462.85000    4.15113    0.02563    0.66006    0.02430
   1465.76000    4.23520    0.03862    0.66052    0.06289
   1468.59000    4.16483    0.06305    0.57573    0.07059
   1469.67000    4.39731    0.06166    0.65423    0.03737
   1471.63000    4.42315    0.04294    0.72810    0.04895
   1475.86000    4.70222    0.04451    0.70901    0.06617
   1477.65000    4.61079    0.06569    0.60061    0.07604
   1480.02000    4.77596    0.03543    0.60187    0.06834
   1482.90000    4.91374    0.05696    0.55823    0.06032
   1486.35000    4.95021    0.04989    0.59979    0.05674
   1489.75000    4.68613    0.05726    0.51193    0.06906
   1491.85000    4.90763    0.03199    0.55688    0.06293
   1496.00000    5.19469    0.03612    0.62018    0.04547
   1499.33000    4.94375    0.04244    0.61836    0.05171
   1501.63000    4.57048    0.06597    0.54622    0.06562
   1503.05000    4.71395    0.04979    0.67229    0.05982
   1505.43000    4.65494    0.04108    0.67218    0.06556
   1508.65000    4.43957    0.06420    0.71961    0.03402
   1511.31000    4.64698    0.06345    0.69194    0.04692
   1515.15000    4.46298    0.06977    0.68359    0.06197
   1517.65000    4.61918    0.06264    0.78546    0.06307
   1520.49000    4.42543    0.03473    0.72516    0.04598
   1523.39000    4.39415    0.04531    0.69598    0.03383
   1527.39000    4.43817    0.08949    0.69203    0.06716
   1531.24000    4.20608    0.06825    0.66023    0.04179
   1535.39000    4.14607    0.01946    0.58651    0.05712
   1540.53000    4.25160    0.09623    0.64256    0.04796
   1542.67000    4.45480    0.05604    0.58299    0.06804
   1544.36000    4.28339    0.05238    0.65275    0.05133
   1547.37000    4.52262    0.08310    0.48024    0.06084
   1549.16000    4.63612    0.05031    0.54526    0.04457
   1550.10000    4.59092    0.05405    0.54991    0.06019
   1555.07000    4.36932    0.06559    0.60832    0.00703
   1557.58000    4.28263    0.04879    0.63917    0.05134
   1558.36000    4.45004    0.05790    0.61276    0.04409
   1560.75000    4.39070    0.07225    0.52091    0.06488
   1562.14000    4.43467    0.02844    0.56784    0.04256
   1564.19000    4.48292    0.07107    0.60358    0.03517
   1566.84000    4.44744    0.04362    0.54861    0.05872
   1570.05000    4.40595    0.06684    0.61538    0.07217
   1572.32000    4.30340    0.01210    0.53482    0.06656
   1573.96000    4.39145    0.06644    0.63207    0.07769
   1578.06000    4.58085    0.06460    0.78389    0.08065
   1579.75000    4.39958    0.06699    0.47406    0.06634
   1829.03000    4.28789    0.05435    0.70345    0.04375
   1831.93000    4.36092    0.04846    0.69245    0.02660
   1833.00000    4.26568    0.04874    0.67432    0.05931
   1834.40000    4.42603    0.03554    0.56343    0.03908
   1837.40000    4.59904    0.03477    0.64591    0.04768
   1842.33000    4.41500    0.05963    0.78560    0.07086
   1844.79000    4.44124    0.06635    0.69955    0.06663
   1846.24000    4.49614    0.05999    0.57192    0.03920
   1849.59000    4.29197    0.07791    0.65538    0.06046
   1852.69000    4.04576    0.04592    0.65834    0.03481
   1855.71000    4.11325    0.04427    0.61370    0.03798
   1858.08000    4.13673    0.04347    0.63437    0.05902
   1859.72000    4.18417    0.03916    0.70506    0.04695
   1864.57000    4.26934    0.05017    0.64191    0.06864
   1868.30000    4.38733    0.07165    0.54013    0.05869
   1872.59000    4.43220    0.05099    0.61843    0.03020
   1876.08000    4.34114    0.05157    0.56427    0.05075
   1879.90000    4.37882    0.08147    0.53456    0.04930
   1883.63000    4.50190    0.03843    0.58043    0.05019
   1887.53000    4.57648    0.07542    0.65818    0.05954
   1891.41000    4.74025    0.03051    0.66955    0.05564
   1895.95000    4.91809    0.04038    0.70160    0.03693
   1898.94000    4.80375    0.03586    0.59448    0.05304
   1901.23000    4.95826    0.04623    0.62563    0.03646
   1903.30000    5.02068    0.05933    0.61795    0.05492
   1906.17000    4.98148    0.04616    0.61998    0.05152
   1909.69000    4.86581    0.03553    0.70036    0.04765
   1911.21000    4.90007    0.03623    0.68468    0.06322
   1912.15000    4.95345    0.04436    0.70942    0.06587
   1915.17000    4.82885    0.04685    0.65587    0.05497
   1918.90000    4.93843    0.03142    0.69145    0.02842
   1921.19000    5.02951    0.04560    0.67695    0.02930
   1924.04000    4.94930    0.07216    0.72324    0.05283
   1924.83000    4.99433    0.06569    0.68543    0.03724
   1929.17000    5.08731    0.04697    0.64603    0.04423
   1932.64000    5.24993    0.06985    0.67814    0.04042
   1934.14000    4.97796    0.02604    0.74743    0.03266
   1937.75000    4.84173    0.05671    0.65663    0.04246
   1940.62000    4.64443    0.06365    0.71039    0.04787
   1943.91000    4.29120    0.07345    0.68370    0.03723
   2195.20000    6.12316    0.05645    0.88742    0.04322
   2197.65000    5.92776    0.08287    0.86097    0.07067
   2201.87000    6.22497    0.04167    0.81924    0.04196
   2204.81000    6.39075    0.04653    0.77926    0.04950
   2207.30000    6.24360    0.05868    0.81703    0.05254
   2210.30000    6.37426    0.06582    0.92425    0.05473
   2212.96000    6.43121    0.06653    0.86099    0.04024
   2215.39000    6.36050    0.07634    0.89716    0.06745
   2217.35000    6.35522    0.05504    0.87104    0.04185
   2220.44000    6.47089    0.04561    0.69733    0.07691
   2223.86000    6.27406    0.01683    0.92003    0.06498
   2227.28000    6.34281    0.06324    0.79405    0.06709
   2230.76000    6.24329    0.04998    0.87393    0.05928
   2233.39000    5.98798    0.06152    0.80437    0.05799
   2236.61000    6.13146    0.02800    0.91792    0.06556
   2241.60000    6.07317    0.05030    0.92796    0.06940
   2244.37000    6.20395    0.06032    0.93267    0.04604
   2246.30000    6.25217    0.03768    0.85921    0.04842
   2249.30000    6.22151    0.05262    0.75783    0.08595
   2254.96000    6.36638    0.05786    0.82331    0.05271
   2256.93000    6.12264    0.04980    0.88445    0.02447
   2260.83000    6.02153    0.03900    0.81602    0.05734
   2263.80000    6.22640    0.06441    0.78726    0.05448
   2266.80000    6.11599    0.06500    0.87518    0.04412
   2268.03000    6.09334    0.04339    0.77343    0.06063
   2271.57000    5.92480    0.02916    0.88585    0.05494
   2275.65000    6.03257    0.04763    0.86904    0.02570
   2278.82000    6.37425    0.06020    0.90641    0.04671
   2281.84000    5.96927    0.05127    0.78345    0.03736
   2283.93000    5.95077    0.05585    0.88846    0.05895
   2287.02000    5.71303    0.04746    0.72754    0.05439
   2290.17000    5.65914    0.05644    0.89425    0.03259
   2295.11000    5.56545    0.06243    0.86733    0.03702
   2298.54000    5.55876    0.06705    0.87869    0.05206
   2300.66000    5.50830    0.05418    0.83658    0.07046
   2302.28000    5.70306    0.02674    0.91450    0.03538
   2306.68000    5.57259    0.03828    0.75250    0.06703
   2309.44000    5.65266    0.05422    0.76341    0.05484
   2556.85000    4.12484    0.07339    0.63570    0.07859
   2559.76000    4.13612    0.04594    0.57489    0.06960
   2561.25000    4.10797    0.04079    0.56480    0.02428
   2565.73000    4.25587    0.05313    0.54960    0.04137
   2569.61000    4.42326    0.03913    0.52279    0.04600
   2572.04000    4.30542    0.05209    0.51222    0.03965
   2573.87000    4.52842    0.04524    0.53198    0.06140
   2575.83000    4.34598    0.05413    0.62886    0.06530
   2578.55000    4.43791    0.03779    0.58540    0.03046
   2582.03000    4.56126    0.03732    0.57536    0.06144
   2584.91000    4.17525    0.06050    0.54215    0.05256
   2587.97000    4.36402    0.03326    0.57697    0.04541
   2590.36000    4.45638    0.03897    0.56826    0.04319
   2592.68000    4.52175    0.05225    0.60602    0.05945
   2595.96000    4.38977    0.06615    0.56939    0.04313
   2597.78000    4.32100    0.05674    0.49039    0.08555
   2601.18000    4.36319    0.05223    0.70020    0.06681
   2601.29000    4.29488    0.04536    0.71049    0.06433
   2604.32000    4.24360    0.07996    0.60099    0.04364
   2608.24000    4.54131    0.03530    0.51088    0.07247
   2610.62000    4.60651    0.03176    0.57585    0.05423
   2612.74000    4.59953    0.04764    0.67044    0.07841
   2616.10000    4.63679    0.05909    0.63979    0.03896
   2619.88000    4.56975    0.09551    0.58514    0.04766
   2621.47000    4.70982    0.05584    0.49056    0.08587
   2624.44000    4.80173    0.05676    0.62453    0.02697
   2628.67000    4.57472    0.04553    0.72904    0.06621
   2630.52000    4.48178    0.03303    0.59198    0.02952
   2635.08000    4.30727    0.02950    0.59087    0.04981
   2636.88000    4.54246    0.09961    0.71095    0.04007
   2638.64000    4.42797    0.05852    0.63739    0.06103
   2641.37000    4.38475    0.07607    0.61233    0.08455
   2644.48000    4.48059    0.05155    0.65082    0.03341
   2645.94000    4.37198    0.04487    0.59625    0.05090
   2646.88000    4.54611    0.04993    0.62927    0.03350
   2649.30000    4.47205    0.04980    0.68488    0.04453
   2651.31000    4.45946    0.03632    0.62802    0.08290
   2654.75000    4.33620    0.06999    0.61326    0.04741
   2657.63000    4.57696    0.05553    0.57640    0.08416
   2661.59000    4.74540    0.04346    0.71632    0.04753
   2663.63000    4.74166    0.06493    0.62972    0.00994
   2667.64000    4.88818    0.04304    0.57811    0.05152
   2670.78000    4.83394    0.05039    0.68886    0.03638
   2920.39000    4.25472    0.03951    0.61074    0.04819
   2924.05000    4.26145    0.03638    0.61938    0.02628
   2927.99000    4.18957    0.03607    0.51706    0.04727
   2932.70000    4.35881    0.02730    0.61210    0.03878
   2934.82000    4.63064    0.03179    0.70996    0.07700
   2937.11000    4.67551    0.04444    0.64059    0.07850
   2940.20000    4.71084    0.07240    0.67081    0.06885
   2943.18000    4.73580    0.07442    0.54322    0.06068
   2946.17000    4.67466    0.08739    0.52123    0.06684
   2948.55000    4.83649    0.06353    0.57065    0.05402
   2953.09000    4.68038    0.05943    0.55084    0.04880
   2955.42000    4.44883    0.03348    0.64177    0.03400
   2958.19000    4.54858    0.03384    0.61931    0.04520
   2961.14000    4.42620    0.04769    0.60788    0.05663
   2966.07000    4.53429    0.05211    0.64351    0.04901
   2968.43000    4.37989    0.05718    0.71977    0.08064
   2969.14000    4.45130    0.06042    0.53210    0.04687
   2971.80000    4.50719    0.04557    0.71018    0.07029
   2974.64000    4.28584    0.06318    0.63666    0.05461
   2976.68000    4.23491    0.06801    0.75261    0.07599
   2979.22000    4.14736    0.06740    0.56822    0.06996
   2982.69000    4.11814    0.04427    0.67167    0.03715
   2984.94000    4.37770    0.05874    0.57790    0.05927
   2987.40000    4.40123    0.04434    0.64267    0.05661
   2990.31000    4.72151    0.02954    0.58901    0.04212
   2993.14000    4.46358    0.05815    0.62407    0.05244
   2995.94000    4.33092    0.07081    0.55211    0.06698
   2997.17000    4.28553    0.07744    0.60854    0.07490
   2999.62000    4.25282    0.05154    0.61110    0.03733
   3001.04000    4.33780    0.05482    0.62877    0.03960
   3005.38000    4.27536    0.04078    0.66529    0.04081
   3009.79000    4.59305    0.05067    0.48008    0.07757
   3012.86000    4.29131    0.05116    0.41080    0.08144
   3017.00000    4.50474    0.03303    0.54278    0.05368
   3020.30000    4.62138    0.06201    0.51333    0.05870
   3022.31000    4.61039    0.04791    0.54018    0.05875
   3024.79000    4.51341    0.03554    0.55687    0.05417
   3027.62000    4.58651    0.04374    0.62044    0.05276
   3030.37000    4.66511    0.05328    0.62232    0.02389
   3034.23000    4.40052    0.01806    0.62874    0.07256
   3035.47000    4.29215    0.06164    0.67271    0.04517
   3038.12000    4.21058    0.06181    0.61860    0.04196
   3285.78000    5.44434    0.04546    0.83872    0.06900
   3290.22000    5.68365    0.05390    0.86267    0.03742
   3292.87000    5.63956    0.06294    0.76222    0.05366
   3295.23000    5.80145    0.09831    0.85740    0.07210
   3298.74000    5.52074    0.07487    0.75680    0.06400
   3301.00000    5.63957    0.05423    0.82087    0.05646
   3304.72000    5.14396    0.06084    0.84748    0.05207
   3307.67000    5.53808    0.04445    0.73824    0.06613
   3311.19000    5.58466    0.05356    0.85478    0.07298
   3313.69000    5.69184    0.10028    0.83876    0.03635
   3318.14000    5.47422    0.02900    0.82489    0.07399
   3320.85000    5.32431    0.03016    0.72724    0.06275
   3324.64000    5.42544    0.04679    0.77659    0.06522
   3327.78000    5.25397    0.05817    0.76841    0.02698
   3327.86000    5.30607    0.07598    0.77027    0.05369
   3332.58000    5.10815    0.05602    0.76964    0.04629
   3335.35000    5.35383    0.04053    0.76395    0.07097
   3339.97000    5.38452    0.05354    0.66779    0.06101
   3342.45000    5.42623    0.02443    0.76755    0.06028
   3344.67000    5.29986    0.02546    0.75310    0.02449
   3347.09000    5.08697    0.05860    0.68239    0.03749
   3349.39000    5.31666    0.02327    0.73086    0.04733
   3352.55000    5.31836    0.07108    0.72387    0.06049
   3355.92000    5.47366    0.05660    0.67465    0.04622
   3359.11000    5.43054    0.03638    0.71313    0.07769
   3362.01000    5.37569    0.04223    0.73429    0.06074
   3363.24000    5.28820    0.05980    0.66973    0.07175
   3365.36000    5.13842    0.03122    0.82265    0.05562
   3365.93000    5.33408    0.05126    0.81451    0.04020
   3369.30000    5.39086    0.04686    0.70085    0.05362
   3371.64000    5.33391    0.02611    0.67682    0.06030
   3372.99000    5.28710    0.08176    0.86514    0.06384
   3375.09000    5.17828    0.05597    0.82839    0.05876
   3378.43000    5.45464    0.05005    0.64797    0.06379
   3381.17000    5.13259    0.07985    0.70384    0.05274
   3384.09000    5.26618    0.03069    0.86949    0.07088
   3386.59000    5.40571    0.07166    0.79352    0.03712
   3390.88000    5.31811    0.06355    0.71273    0.06962
   3393.59000    5.55429    0.05742    0.75867    0.03316
   3395.01000    5.29553    0.02713    0.72419    0.03822
   3398.16000    5.27487    0.06930    0.71896    0.05986
   3400.58000    5.19905    0.06466    0.71367    0.02954
   3404.22000    5.29027    0.06212    0.69303    0.07439
