## Time Delay Challenge light curves
##
## [time]=days, [lc]=[err]=flux in nanomaggies
##
##       time       lc_A      err_A       lc_B      err_B
##-------------------------------------------------------
      0.76000    2.07980    0.04545    0.57546    0.03194
      3.05000    2.09929    0.06746    0.71012    0.04953
      6.06000    2.07417    0.06513    0.59842    0.04702
     10.01000    2.04355    0.05274    0.61080    0.02485
     13.99000    2.03309    0.05074    0.52027    0.07286
     17.39000    2.06532    0.03844    0.66232    0.03731
     20.00000    2.07618    0.03198    0.56400    0.09435
     24.66000    1.96046    0.03869    0.59087    0.05021
     27.77000    2.03587    0.07802    0.59052    0.02810
     31.93000    1.98562    0.06038    0.54933    0.04063
     34.77000    2.10363    0.03595    0.61550    0.03270
     38.01000    2.01101    0.04447    0.52316    0.04903
     40.97000    2.03415    0.08053    0.55984    0.06052
     44.95000    1.96584    0.03729    0.67789    0.07338
     47.30000    2.07322    0.05440    0.71461    0.05207
     49.42000    1.99268    0.05655    0.60789    0.06860
     51.30000    2.03590    0.06949    0.59058    0.03474
     55.01000    2.05319    0.06182    0.60827    0.06498
     59.06000    2.03850    0.04615    0.52611    0.05208
     62.75000    2.01520    0.06331    0.52636    0.04439
     63.58000    2.05498    0.04346    0.65218    0.07166
     66.95000    1.98582    0.07107    0.70229    0.05620
     71.69000    2.08935    0.07890    0.58794    0.03361
     74.59000    1.93333    0.08063    0.56742    0.08219
     78.30000    2.11477    0.07385    0.49823    0.07152
     80.16000    2.19713    0.08254    0.54354    0.06120
     85.63000    1.96013    0.05101    0.49074    0.08529
     87.09000    1.99044    0.02463    0.58053    0.03610
     89.51000    2.05552    0.03929    0.59868    0.04325
     93.52000    1.88946    0.08646    0.54350    0.05752
     93.87000    1.94555    0.02352    0.54582    0.02690
     97.91000    2.01166    0.06058    0.50702    0.04693
    101.34000    1.80350    0.04308    0.67811    0.05954
    103.86000    1.92791    0.05966    0.58679    0.04023
    106.87000    1.88697    0.04669    0.52208    0.05739
    109.60000    1.82803    0.04542    0.66609    0.06038
    113.35000    1.80877    0.05482    0.60950    0.04196
    115.81000    1.66406    0.06704    0.61503    0.07043
    119.11000    1.74269    0.03354    0.63490    0.04957
    366.44000    1.73448    0.04746    0.49578    0.04974
    370.04000    1.70921    0.07023    0.40097    0.06014
    373.12000    1.70426    0.06543    0.47348    0.05352
    374.85000    1.72827    0.05576    0.58534    0.04949
    377.60000    1.72518    0.04953    0.54812    0.06774
    382.37000    1.66477    0.04662    0.40423    0.03648
    384.83000    1.69956    0.05535    0.46941    0.06839
    386.61000    1.66218    0.06798    0.37085    0.05795
    389.35000    1.69866    0.05125    0.46748    0.07031
    391.76000    1.85518    0.07607    0.45983    0.03633
    396.17000    1.83491    0.04731    0.43961    0.05405
    400.97000    1.88730    0.02955    0.36292    0.05217
    403.77000    1.81677    0.04149    0.35010    0.07699
    408.12000    1.95091    0.06963    0.50561    0.02706
    410.84000    1.85468    0.05437    0.46373    0.05145
    412.54000    1.91495    0.06731    0.47556    0.05104
    415.29000    1.85767    0.04455    0.48773    0.03293
    418.83000    1.80873    0.05888    0.50190    0.05539
    422.13000    1.77425    0.06786    0.53126    0.04496
    426.01000    1.80213    0.05978    0.47935    0.05275
    429.31000    1.87006    0.04663    0.46906    0.03007
    430.61000    1.81549    0.02928    0.55442    0.06835
    433.71000    1.80557    0.07062    0.47192    0.06526
    437.02000    1.84389    0.08930    0.49427    0.03849
    440.22000    1.84371    0.02438    0.47475    0.05374
    444.22000    1.88320    0.04643    0.52928    0.06226
    446.73000    1.75044    0.05743    0.54598    0.04119
    449.40000    1.61829    0.07206    0.58741    0.04671
    451.57000    1.88355    0.06248    0.53638    0.05502
    455.73000    1.84143    0.05049    0.51887    0.04594
    457.89000    1.92564    0.04564    0.53841    0.03537
    460.38000    1.82329    0.03216    0.58752    0.06993
    464.03000    1.84282    0.02903    0.39837    0.05569
    464.93000    1.84232    0.05222    0.56125    0.05159
    466.15000    1.78681    0.04296    0.57065    0.05670
    469.17000    1.88062    0.05123    0.49127    0.05678
    473.28000    1.78597    0.03972    0.56113    0.05039
    476.64000    1.81117    0.05537    0.57820    0.04293
    480.73000    1.84778    0.03994    0.42899    0.09493
    484.00000    1.79062    0.02623    0.54944    0.06448
    730.02000    1.68530    0.04373    0.39358    0.04573
    732.24000    1.69847    0.05132    0.50022    0.06580
    734.95000    1.68325    0.07533    0.41351    0.02349
    739.39000    1.63224    0.03819    0.57378    0.05744
    742.76000    1.64477    0.01330    0.39090    0.05889
    743.40000    1.48065    0.08036    0.43450    0.05181
    746.41000    1.60922    0.02204    0.35364    0.05841
    750.97000    1.65226    0.05575    0.38377    0.05357
    753.87000    1.68589    0.05840    0.53282    0.06363
    758.64000    1.70379    0.03126    0.48382    0.05301
    762.14000    1.66984    0.05156    0.44149    0.04141
    764.58000    1.64429    0.05575    0.44914    0.02808
    765.83000    1.67710    0.05798    0.49803    0.04539
    770.13000    1.63989    0.04035    0.39423    0.05608
    773.10000    1.62034    0.05082    0.56206    0.09033
    775.39000    1.55569    0.07602    0.49663    0.07073
    778.29000    1.55775    0.04199    0.49697    0.04106
    780.43000    1.68356    0.07066    0.54546    0.05658
    782.68000    1.62786    0.05751    0.62095    0.07837
    786.86000    1.64376    0.07391    0.42953    0.07511
    791.04000    1.71217    0.04176    0.40187    0.07716
    793.66000    1.76215    0.06538    0.41761    0.03350
    797.05000    1.80570    0.05939    0.41716    0.02098
    801.66000    1.58378    0.04154    0.48024    0.02397
    804.99000    1.71816    0.07393    0.43574    0.02892
    807.01000    1.69780    0.06215    0.51261    0.05665
    809.87000    1.72714    0.04411    0.50351    0.03937
    813.56000    1.63918    0.04323    0.54222    0.04303
    816.07000    1.55740    0.04487    0.44963    0.05922
    819.75000    1.62739    0.05441    0.53023    0.05174
    821.82000    1.48428    0.04682    0.41860    0.04444
    825.07000    1.61403    0.05555    0.44988    0.01743
    827.62000    1.43274    0.06356    0.44370    0.06263
    831.21000    1.51416    0.05283    0.47129    0.06898
    833.78000    1.61914    0.05956    0.41201    0.05009
    836.50000    1.60403    0.05200    0.53795    0.07000
    841.36000    1.41880    0.07230    0.55119    0.04582
    843.06000    1.50686    0.05115    0.47621    0.03695
    846.95000    1.49771    0.04858    0.50500    0.05486
   1097.34000    1.57945    0.03496    0.45270    0.02339
   1100.90000    1.57924    0.04674    0.55840    0.05184
   1103.55000    1.65077    0.06315    0.64042    0.07236
   1107.78000    1.59678    0.05099    0.44331    0.05166
   1111.33000    1.64657    0.04481    0.41006    0.05577
   1115.23000    1.49194    0.07096    0.49081    0.05251
   1118.90000    1.48484    0.04991    0.47953    0.03747
   1121.87000    1.53441    0.06374    0.49273    0.07293
   1125.23000    1.56893    0.05379    0.41904    0.07037
   1128.75000    1.59353    0.01812    0.49401    0.03266
   1133.05000    1.53074    0.06436    0.43936    0.04960
   1136.12000    1.61014    0.07720    0.39109    0.06935
   1138.61000    1.65552    0.05731    0.44866    0.04719
   1141.42000    1.53362    0.03477    0.50620    0.05316
   1142.92000    1.54081    0.03425    0.46764    0.05643
   1146.98000    1.59935    0.03800    0.43372    0.04732
   1149.24000    1.56219    0.06006    0.53020    0.05616
   1151.57000    1.53338    0.03406    0.38665    0.02628
   1154.93000    1.50395    0.06546    0.43206    0.02874
   1158.67000    1.46210    0.09707    0.41010    0.04866
   1162.05000    1.56886    0.06750    0.39495    0.05483
   1163.53000    1.45994    0.05179    0.47009    0.05289
   1168.35000    1.63868    0.04779    0.39860    0.02979
   1170.10000    1.62577    0.02989    0.48092    0.06765
   1172.58000    1.65496    0.05130    0.42116    0.04259
   1175.81000    1.71833    0.02924    0.48190    0.04429
   1180.28000    1.74957    0.08343    0.53606    0.04385
   1181.73000    1.68876    0.05502    0.47001    0.04682
   1185.30000    1.76125    0.06695    0.47012    0.05785
   1187.64000    1.76423    0.05259    0.44465    0.04284
   1190.29000    1.73114    0.04965    0.45536    0.07846
   1192.71000    1.68972    0.06764    0.43668    0.05567
   1198.02000    1.80670    0.05647    0.44547    0.03564
   1200.51000    1.77586    0.01158    0.39647    0.05045
   1203.72000    1.92452    0.06747    0.44121    0.04917
   1207.93000    1.63998    0.06784    0.39080    0.03140
   1210.57000    1.73972    0.05000    0.50114    0.04519
   1213.63000    1.68560    0.05304    0.36634    0.05729
   1214.63000    1.65414    0.05170    0.30353    0.06753
   1460.16000    1.78289    0.06165    0.50356    0.05085
   1465.44000    1.88128    0.03943    0.50559    0.03478
   1469.27000    1.85186    0.05016    0.56420    0.05903
   1471.60000    1.91922    0.03972    0.42717    0.05003
   1473.89000    1.91333    0.05817    0.53414    0.04739
   1477.25000    1.92718    0.06385    0.49503    0.05573
   1479.64000    1.93867    0.04263    0.51930    0.06408
   1481.43000    1.92605    0.06338    0.42517    0.07228
   1484.13000    1.92584    0.03634    0.51157    0.04536
   1486.23000    1.86386    0.05035    0.46819    0.08038
   1489.41000    1.95906    0.03477    0.45305    0.05409
   1490.66000    1.94917    0.04697    0.48092    0.04831
   1493.01000    1.96869    0.06417    0.56947    0.06529
   1497.06000    2.10981    0.05652    0.46463    0.04856
   1500.44000    2.03353    0.02907    0.47475    0.08395
   1504.93000    2.04501    0.06709    0.51991    0.06400
   1507.59000    1.96103    0.05032    0.52697    0.01892
   1512.06000    2.01179    0.02302    0.50638    0.02757
   1517.30000    2.10466    0.04854    0.51594    0.06197
   1520.04000    2.05423    0.05652    0.48374    0.05017
   1522.98000    2.02890    0.04676    0.48953    0.04146
   1527.03000    2.11962    0.08477    0.67414    0.06580
   1530.36000    1.96947    0.03627    0.52766    0.01311
   1532.28000    2.05683    0.03347    0.55372    0.05941
   1535.14000    2.14328    0.04960    0.53699    0.02860
   1539.27000    2.04367    0.03284    0.56371    0.02658
   1540.98000    2.05635    0.06102    0.59345    0.04016
   1544.27000    2.02398    0.03677    0.57467    0.06272
   1546.53000    2.19644    0.05605    0.59062    0.04816
   1549.28000    1.94709    0.02951    0.54991    0.05694
   1552.51000    1.94133    0.06302    0.47441    0.06140
   1553.77000    2.01737    0.03132    0.63640    0.05658
   1557.55000    2.02910    0.04873    0.65190    0.06198
   1561.24000    2.00715    0.02437    0.56782    0.05959
   1563.79000    2.11656    0.04324    0.58486    0.05060
   1566.55000    2.01739    0.03987    0.65283    0.08339
   1568.82000    2.03163    0.04798    0.60883    0.03503
   1572.99000    2.02364    0.03502    0.58909    0.04796
   1576.15000    2.04490    0.04673    0.58256    0.03300
   1829.09000    2.03744    0.04127    0.66546    0.04224
   1832.06000    1.94603    0.05452    0.47902    0.04560
   1834.58000    2.02288    0.05186    0.56418    0.03692
   1836.96000    2.02113    0.03158    0.59333    0.07533
   1838.38000    2.02621    0.03142    0.48020    0.05689
   1840.31000    2.04381    0.04144    0.53776    0.06939
   1842.51000    1.99675    0.04874    0.62628    0.05138
   1845.69000    1.95605    0.04974    0.65796    0.03325
   1849.00000    1.85735    0.05652    0.64451    0.05532
   1853.55000    1.87565    0.06529    0.60787    0.05360
   1856.82000    1.97158    0.05701    0.63983    0.03367
   1860.20000    1.82599    0.02479    0.63840    0.05302
   1863.05000    1.92982    0.04957    0.61054    0.05254
   1864.98000    1.89672    0.04340    0.55265    0.01954
   1867.72000    1.93477    0.05278    0.70850    0.09250
   1870.22000    1.90487    0.06864    0.58634    0.06924
   1871.49000    1.83747    0.05412    0.49006    0.07859
   1875.70000    1.88992    0.04072    0.54482    0.04708
   1878.43000    1.93915    0.07406    0.54645    0.03210
   1881.84000    1.87215    0.03491    0.40342    0.06843
   1885.05000    1.89185    0.02141    0.49641    0.06383
   1887.36000    1.91046    0.04926    0.55055    0.05141
   1890.02000    1.81060    0.08286    0.56937    0.07943
   1892.57000    1.79085    0.03589    0.48644    0.04596
   1896.61000    1.85476    0.01854    0.46947    0.06199
   1900.39000    1.88362    0.04193    0.54838    0.05296
   1902.56000    1.77814    0.08198    0.51354    0.05285
   1905.86000    1.76225    0.04597    0.51927    0.01947
   1909.03000    1.64541    0.05516    0.49888    0.05541
   1912.78000    1.72956    0.04866    0.39315    0.07221
   1916.46000    1.69433    0.02610    0.50415    0.03472
   1919.23000    1.72759    0.04793    0.57301    0.04159
   1922.06000    1.77756    0.06638    0.49470    0.07277
   1925.34000    1.73447    0.03705    0.47475    0.06049
   1928.91000    1.76024    0.05262    0.49480    0.05099
   1930.96000    1.77572    0.03441    0.56836    0.06067
   1934.06000    1.65789    0.02716    0.60150    0.03756
   1937.38000    1.75977    0.05719    0.48659    0.04372
   1941.71000    1.60333    0.08335    0.49996    0.02712
   1942.89000    1.61770    0.05125    0.45438    0.06014
   1943.75000    1.70894    0.05544    0.58883    0.06987
   2192.03000    1.81062    0.07726    0.47823    0.05959
   2194.81000    1.83269    0.03701    0.50318    0.05334
   2197.12000    1.69670    0.06502    0.44419    0.04082
   2200.17000    1.81775    0.05290    0.43976    0.03588
   2203.58000    1.84425    0.04596    0.44805    0.06338
   2206.75000    1.71461    0.06535    0.48405    0.04926
   2210.01000    1.82527    0.03441    0.44235    0.04190
   2213.46000    1.70071    0.06481    0.51988    0.06775
   2216.93000    1.75204    0.04144    0.43346    0.04517
   2221.16000    1.67701    0.05740    0.48392    0.05432
   2225.38000    1.71609    0.04018    0.52940    0.06164
   2229.76000    1.70999    0.04857    0.45548    0.05869
   2232.00000    1.69250    0.03948    0.51584    0.04382
   2235.86000    1.64481    0.04111    0.47064    0.03955
   2240.44000    1.70291    0.04476    0.45216    0.06699
   2243.99000    1.65992    0.03670    0.49537    0.04816
   2250.42000    1.67546    0.05517    0.45128    0.04273
   2253.97000    1.71198    0.04483    0.38525    0.05695
   2258.88000    1.78896    0.06787    0.43018    0.03819
   2259.13000    1.70429    0.05665    0.41711    0.07004
   2261.75000    1.76019    0.04811    0.43135    0.07268
   2263.54000    1.69984    0.05276    0.47385    0.05106
   2267.84000    1.69326    0.03984    0.41502    0.07040
   2271.12000    1.75136    0.04974    0.55823    0.06702
   2274.52000    1.73194    0.03258    0.46206    0.06066
   2279.47000    1.82116    0.03949    0.45477    0.05745
   2283.66000    1.80150    0.03170    0.44037    0.02536
   2286.79000    1.83632    0.05034    0.40375    0.07509
   2289.83000    1.69152    0.04522    0.42472    0.06255
   2292.71000    1.82264    0.07719    0.47882    0.07832
   2295.29000    1.76135    0.04470    0.46264    0.05586
   2297.97000    1.68673    0.06091    0.44321    0.04824
   2302.44000    1.71400    0.05458    0.44843    0.05650
   2304.83000    1.73107    0.06948    0.30281    0.08622
   2306.92000    1.75330    0.04517    0.56549    0.06428
   2308.97000    1.71612    0.03397    0.49433    0.02255
   2556.16000    1.85708    0.04488    0.49359    0.03581
   2558.70000    1.84612    0.05431    0.46892    0.05708
   2560.30000    1.85093    0.09099    0.46389    0.03773
   2563.55000    1.90165    0.02796    0.49253    0.04318
   2566.40000    1.89829    0.04916    0.41370    0.07909
   2569.16000    1.86355    0.07065    0.50080    0.02504
   2572.29000    1.85701    0.07130    0.57427    0.07390
   2574.46000    2.02438    0.06334    0.56939    0.06264
   2577.98000    1.89973    0.03908    0.49659    0.06529
   2580.50000    1.81228    0.04243    0.53010    0.04950
   2582.96000    1.86536    0.09871    0.51276    0.02349
   2584.45000    1.81095    0.04279    0.50080    0.06397
   2588.93000    1.82396    0.05034    0.53160    0.03180
   2592.36000    1.84362    0.04196    0.48667    0.05348
   2595.24000    1.78183    0.05258    0.49572    0.04828
   2598.78000    1.82446    0.05307    0.52707    0.05151
   2602.72000    1.86890    0.04136    0.55567    0.04148
   2605.90000    1.87558    0.07668    0.48052    0.05402
   2608.58000    1.74587    0.03850    0.53668    0.08042
   2611.07000    1.67209    0.07038    0.54490    0.07027
   2613.34000    1.81755    0.05929    0.52024    0.04467
   2616.69000    1.76629    0.06392    0.52461    0.03994
   2619.63000    1.80560    0.05972    0.53533    0.04370
   2623.80000    1.80925    0.06331    0.38528    0.07731
   2625.60000    1.85331    0.03484    0.43264    0.03863
   2630.18000    1.82033    0.05614    0.46350    0.06332
   2632.27000    1.95688    0.04217    0.47569    0.04655
   2634.00000    1.94152    0.02457    0.49131    0.03260
   2638.00000    1.94143    0.04872    0.45189    0.06318
   2641.14000    2.02538    0.07196    0.46958    0.05567
   2643.98000    2.08283    0.05298    0.50609    0.06170
   2647.96000    2.03958    0.02529    0.60946    0.06169
   2650.61000    2.02918    0.06130    0.55334    0.05934
   2654.38000    2.05921    0.06766    0.49115    0.07035
   2658.09000    2.00967    0.07186    0.46321    0.06299
   2660.90000    2.09977    0.05117    0.41507    0.04493
   2665.08000    2.12637    0.04745    0.57324    0.04752
   2667.21000    2.13904    0.05332    0.48209    0.04791
   2667.60000    2.10140    0.03823    0.48303    0.05476
   2671.53000    2.00941    0.06349    0.51878    0.04050
   2674.68000    1.94996    0.05132    0.54605    0.07156
   2920.83000    1.68889    0.05425    0.45480    0.07607
   2923.18000    1.66676    0.01564    0.42994    0.05915
   2925.32000    1.70243    0.03781    0.46156    0.05682
   2928.75000    1.68995    0.05350    0.48194    0.03174
   2930.68000    1.62325    0.05823    0.40732    0.06947
   2932.09000    1.65087    0.05515    0.53055    0.08891
   2933.47000    1.69606    0.04079    0.45867    0.05116
   2935.64000    1.84675    0.07995    0.43338    0.05640
   2939.51000    1.61765    0.04946    0.55272    0.05750
   2944.21000    1.72220    0.03236    0.48289    0.05568
   2946.93000    1.69834    0.07221    0.44292    0.06133
   2950.08000    1.65381    0.05746    0.46036    0.06413
   2952.68000    1.73434    0.02249    0.41666    0.07151
   2954.79000    1.75093    0.06142    0.34747    0.04674
   2958.60000    1.81867    0.04953    0.44137    0.07959
   2959.71000    1.78978    0.06397    0.48704    0.02386
   2963.13000    1.84203    0.06133    0.49220    0.08103
   2965.88000    1.87855    0.07190    0.44207    0.05210
   2968.89000    1.81038    0.04147    0.53634    0.05541
   2970.99000    1.74605    0.06172    0.41837    0.02907
   2974.54000    1.78786    0.06790    0.31361    0.06913
   2976.18000    1.70029    0.03688    0.53536    0.06174
   2978.50000    1.78144    0.04966    0.51874    0.08982
   2979.84000    1.72750    0.04476    0.41947    0.07411
   2981.95000    1.82308    0.04218    0.45670    0.00349
   2985.11000    1.70590    0.06377    0.44728    0.01824
   2987.73000    1.75816    0.04402    0.49107    0.05811
   2989.52000    1.88648    0.04999    0.45278    0.03833
   2993.11000    1.88350    0.02275    0.49681    0.05442
   2996.13000    1.90177    0.03686    0.42290    0.05783
   2997.65000    1.84255    0.06034    0.46725    0.08135
   3001.22000    1.90337    0.04389    0.36256    0.05767
   3002.78000    1.81742    0.05865    0.36209    0.05040
   3005.16000    1.76849    0.04363    0.55386    0.06644
   3008.26000    1.84526    0.05531    0.53283    0.03698
   3011.63000    1.92518    0.06125    0.55232    0.03342
   3015.88000    1.93107    0.05388    0.51926    0.03520
   3018.38000    1.84214    0.04859    0.46659    0.05623
   3020.39000    1.81607    0.04377    0.45128    0.06829
   3023.20000    1.81190    0.06594    0.47363    0.05234
   3025.75000    1.90092    0.07472    0.62549    0.06897
   3027.98000    1.91421    0.03376    0.56574    0.06654
   3030.65000    1.88138    0.06431    0.48935    0.02092
   3033.12000    1.87890    0.04190    0.58427    0.06308
   3036.88000    1.90223    0.07054    0.49132    0.03929
   3286.92000    1.61440    0.04142    0.43795    0.04903
   3289.58000    1.68553    0.01283    0.48846    0.05867
   3291.87000    1.63700    0.06301    0.59787    0.07139
   3296.91000    1.72093    0.04791    0.50503    0.06693
   3300.23000    1.67367    0.07597    0.40804    0.04646
   3303.20000    1.67597    0.04864    0.49252    0.04601
   3305.94000    1.59552    0.05497    0.41136    0.04088
   3308.28000    1.61926    0.03421    0.36808    0.04801
   3309.62000    1.63608    0.02267    0.43348    0.04095
   3312.15000    1.67475    0.04390    0.36992    0.08011
   3316.64000    1.55320    0.04121    0.49615    0.09647
   3319.66000    1.51975    0.05632    0.42044    0.03762
   3321.62000    1.53346    0.03215    0.46120    0.04475
   3323.54000    1.60239    0.02620    0.52396    0.08433
   3326.92000    1.55937    0.07069    0.50613    0.06063
   3329.10000    1.61608    0.06545    0.39779    0.04114
   3332.27000    1.64630    0.04496    0.35879    0.04181
   3334.50000    1.81855    0.06205    0.37942    0.09190
   3337.57000    1.63645    0.06894    0.42478    0.06985
   3339.75000    1.72815    0.07738    0.56589    0.05063
   3342.65000    1.58096    0.06430    0.57550    0.06517
   3345.82000    1.51761    0.04106    0.51554    0.07626
   3348.93000    1.72731    0.05869    0.34418    0.07259
   3352.35000    1.62113    0.06876    0.46064    0.05214
   3354.15000    1.70267    0.05368    0.48642    0.05179
   3356.48000    1.62599    0.05346    0.42095    0.03881
   3359.51000    1.68070    0.05029    0.44539    0.05945
   3361.30000    1.56451    0.07184    0.36656    0.04259
   3364.08000    1.61961    0.02450    0.44988    0.03943
   3368.98000    1.55031    0.05416    0.37744    0.04399
   3373.04000    1.59902    0.04017    0.45877    0.05787
   3376.02000    1.56671    0.04774    0.46554    0.05551
   3378.82000    1.60357    0.03970    0.41302    0.03371
   3382.04000    1.67307    0.06980    0.45101    0.05510
   3384.34000    1.66248    0.06230    0.48140    0.05059
   3388.16000    1.67168    0.04254    0.47330    0.03140
   3392.67000    1.68805    0.05601    0.43624    0.05159
   3396.16000    1.61405    0.05249    0.42340    0.05747
   3397.34000    1.61710    0.05549    0.49259    0.05165
   3399.87000    1.66042    0.01749    0.45928    0.03761
   3403.28000    1.67342    0.03119    0.29130    0.07119
