## Time Delay Challenge light curves
##
## [time]=days, [lc]=[err]=flux in nanomaggies
##
##       time       lc_A      err_A       lc_B      err_B
##-------------------------------------------------------
      0.89000    0.58444    0.03073    1.10440    0.05473
      5.30000    0.62695    0.07968    1.03998    0.05798
      7.59000    0.69460    0.06653    1.08233    0.06241
      9.77000    0.56652    0.06593    1.08549    0.06413
     12.80000    0.64330    0.04647    1.12826    0.05015
     14.87000    0.56197    0.05258    1.01998    0.04910
     17.76000    0.58682    0.06562    1.09205    0.06699
     21.07000    0.60515    0.01220    1.07985    0.06213
     24.48000    0.58357    0.06399    1.09783    0.09748
     29.14000    0.70642    0.04184    1.12629    0.05694
     32.72000    0.65856    0.05056    1.04806    0.06503
     35.53000    0.62777    0.05517    1.11346    0.02847
     39.53000    0.62841    0.05999    0.99407    0.06078
     42.18000    0.65618    0.04936    1.05532    0.05181
     44.93000    0.54809    0.03854    1.08437    0.03584
     49.11000    0.54941    0.05842    1.17631    0.03951
     51.40000    0.63477    0.08108    1.15337    0.03804
     55.50000    0.60506    0.07172    1.11367    0.07591
     57.35000    0.61577    0.07251    1.07253    0.04711
     61.47000    0.59617    0.05078    1.06013    0.02058
     65.93000    0.62936    0.05725    1.08007    0.02737
     68.09000    0.69752    0.04240    1.08284    0.04326
     71.57000    0.63471    0.07819    1.03164    0.05800
     75.57000    0.56604    0.03034    1.00300    0.08023
     78.06000    0.62681    0.04208    1.01190    0.06736
     81.93000    0.68227    0.05523    1.05240    0.02088
     84.78000    0.67830    0.05060    1.06943    0.07794
     88.23000    0.66096    0.04205    1.08245    0.06628
     92.95000    0.64792    0.06575    1.07598    0.06360
     96.33000    0.63506    0.02913    0.97959    0.06837
     99.56000    0.67834    0.05811    1.07109    0.02471
    101.84000    0.55047    0.07260    1.03337    0.04128
    105.74000    0.64860    0.04586    1.04633    0.04454
    107.75000    0.76810    0.06811    1.12369    0.04355
    112.14000    0.58071    0.07082    1.01359    0.02866
    115.72000    0.80224    0.06130    1.01615    0.05107
    117.67000    0.71426    0.04041    1.06007    0.06184
    119.89000    0.70291    0.03801    1.03409    0.04411
    366.48000    0.59230    0.03878    0.87071    0.04399
    370.51000    0.48136    0.07082    0.69748    0.06825
    373.18000    0.63447    0.04066    0.77884    0.07015
    376.15000    0.61602    0.05541    0.83976    0.06159
    378.56000    0.63954    0.02593    0.77164    0.04338
    382.07000    0.63099    0.04583    0.81035    0.04105
    383.78000    0.63691    0.03364    0.77871    0.06199
    386.36000    0.65630    0.07187    0.77543    0.04139
    389.62000    0.70023    0.04304    0.81041    0.05750
    391.31000    0.68678    0.06912    0.84282    0.06674
    395.08000    0.73165    0.06397    0.82064    0.04426
    396.98000    0.64778    0.07171    0.86486    0.08094
    400.90000    0.56896    0.08616    0.84584    0.04106
    404.60000    0.58784    0.06093    0.82167    0.03952
    407.82000    0.60178    0.05538    0.77684    0.06220
    409.88000    0.69526    0.08723    0.78337    0.01609
    413.16000    0.63109    0.07031    0.79661    0.08024
    416.59000    0.58581    0.04198    0.86697    0.06175
    418.35000    0.64227    0.03759    0.75317    0.06220
    420.42000    0.64132    0.05266    0.91812    0.04605
    422.70000    0.73026    0.05544    0.78453    0.05429
    423.75000    0.60289    0.04676    0.76589    0.05140
    426.65000    0.62005    0.03926    0.73250    0.07287
    429.64000    0.65328    0.07008    0.79198    0.05513
    432.92000    0.63835    0.07279    0.76217    0.05734
    437.68000    0.63967    0.04059    0.74400    0.04665
    440.64000    0.64557    0.04222    0.72412    0.04667
    443.88000    0.70575    0.07938    0.74325    0.05590
    446.66000    0.62858    0.05915    0.71835    0.05364
    448.18000    0.59999    0.07835    0.89023    0.06444
    451.47000    0.57983    0.05429    0.81953    0.07084
    454.88000    0.62940    0.00639    0.68265    0.05435
    459.75000    0.65826    0.04078    0.82638    0.07061
    463.64000    0.66562    0.04367    0.86105    0.07350
    466.54000    0.58871    0.04873    0.78148    0.07867
    469.37000    0.61916    0.03841    0.72055    0.05877
    470.09000    0.53754    0.06948    0.75299    0.03814
    473.38000    0.57715    0.06315    0.68183    0.06229
    477.49000    0.64709    0.03779    0.75475    0.05432
    478.87000    0.60313    0.02098    0.80831    0.07024
    482.83000    0.56102    0.05198    0.74740    0.02160
    730.62000    0.68598    0.03815    0.67953    0.06625
    734.11000    0.72708    0.05752    0.57892    0.01825
    737.04000    0.63202    0.05446    0.57368    0.07307
    740.44000    0.67608    0.06011    0.61323    0.04969
    744.22000    0.64120    0.05133    0.56308    0.03705
    746.83000    0.53592    0.06767    0.68783    0.03475
    749.72000    0.61023    0.05780    0.60227    0.03261
    752.24000    0.59305    0.07605    0.60796    0.05359
    755.23000    0.64804    0.03930    0.56514    0.05842
    760.56000    0.53491    0.07699    0.65661    0.07652
    761.36000    0.59171    0.03584    0.48479    0.02923
    762.76000    0.65532    0.06566    0.50792    0.03775
    766.50000    0.54726    0.04608    0.56152    0.06318
    769.65000    0.62236    0.05173    0.49099    0.05738
    771.63000    0.68190    0.05840    0.53105    0.06562
    773.48000    0.59489    0.03231    0.52246    0.05659
    776.72000    0.66793    0.05904    0.55458    0.03075
    779.84000    0.55711    0.04634    0.53715    0.05050
    783.34000    0.50781    0.05509    0.63210    0.07089
    786.22000    0.64197    0.06057    0.55262    0.04994
    789.85000    0.56272    0.06741    0.64102    0.05862
    792.52000    0.63126    0.03358    0.51692    0.05742
    795.19000    0.58063    0.05616    0.57260    0.02629
    800.24000    0.51629    0.06556    0.57722    0.01423
    802.97000    0.58067    0.04565    0.55829    0.03081
    804.27000    0.61628    0.04355    0.47431    0.06862
    806.63000    0.57601    0.03003    0.54505    0.06181
    808.53000    0.54068    0.04863    0.51086    0.04760
    812.33000    0.63930    0.06022    0.44221    0.09012
    816.07000    0.64490    0.04276    0.57382    0.05790
    820.24000    0.63897    0.03808    0.55041    0.05216
    822.62000    0.55220    0.06185    0.54881    0.03759
    825.73000    0.66854    0.03155    0.61537    0.06231
    830.24000    0.58076    0.06459    0.56416    0.03911
    833.13000    0.59342    0.05911    0.52023    0.06308
    836.53000    0.64734    0.06092    0.56272    0.07424
    839.26000    0.63100    0.01850    0.64204    0.04437
    843.99000    0.55427    0.06623    0.60011    0.04597
    845.24000    0.56939    0.06230    0.58065    0.08002
    847.62000    0.61842    0.01601    0.52645    0.04004
    849.05000    0.63226    0.02206    0.58639    0.06602
   1096.98000    0.62025    0.05116    0.49730    0.05870
   1100.28000    0.56847    0.03512    0.48128    0.04180
   1103.84000    0.58833    0.05992    0.53468    0.05772
   1106.44000    0.56013    0.05087    0.50240    0.03925
   1109.39000    0.57570    0.03571    0.46040    0.01537
   1112.97000    0.54561    0.04143    0.59999    0.06975
   1115.62000    0.56075    0.05222    0.40879    0.04618
   1120.16000    0.51445    0.07801    0.42644    0.06580
   1121.05000    0.56216    0.06074    0.41157    0.07517
   1123.74000    0.53770    0.04974    0.49794    0.05956
   1124.57000    0.51902    0.06994    0.45723    0.07934
   1129.03000    0.55302    0.04794    0.47153    0.04396
   1131.15000    0.69210    0.05234    0.47975    0.07592
   1133.07000    0.63232    0.07472    0.51606    0.05974
   1135.66000    0.55534    0.05118    0.50021    0.07075
   1138.06000    0.59386    0.05413    0.49968    0.04258
   1141.32000    0.61517    0.03512    0.47539    0.07359
   1144.65000    0.60762    0.03556    0.47078    0.03554
   1147.53000    0.40878    0.06409    0.51020    0.05138
   1150.77000    0.58266    0.03203    0.46268    0.06536
   1155.55000    0.56204    0.06215    0.50602    0.04109
   1158.24000    0.52268    0.06577    0.52950    0.08855
   1160.97000    0.55380    0.05255    0.52794    0.05876
   1164.24000    0.56636    0.05483    0.53572    0.06979
   1168.10000    0.67877    0.08150    0.48464    0.05370
   1171.97000    0.53620    0.05434    0.46648    0.05223
   1175.63000    0.56429    0.05667    0.40851    0.06636
   1178.58000    0.56290    0.05269    0.44211    0.04323
   1181.88000    0.35547    0.09622    0.46256    0.04584
   1185.79000    0.50496    0.07542    0.39655    0.06890
   1188.86000    0.53842    0.05460    0.51511    0.04038
   1190.87000    0.44422    0.06846    0.53943    0.03841
   1193.08000    0.56223    0.03998    0.39182    0.04042
   1194.70000    0.53635    0.05651    0.41750    0.07112
   1198.15000    0.56161    0.03939    0.48391    0.05084
   1200.10000    0.57764    0.03430    0.48755    0.07999
   1202.98000    0.52917    0.05099    0.46751    0.06897
   1206.15000    0.50462    0.05090    0.47056    0.04601
   1210.37000    0.51958    0.05534    0.43838    0.05285
   1213.25000    0.62939    0.05977    0.46252    0.04088
   1461.00000    0.53553    0.07236    0.41850    0.02491
   1465.54000    0.54795    0.06072    0.37605    0.03523
   1468.26000    0.54278    0.05123    0.39216    0.07011
   1471.86000    0.58139    0.05265    0.27904    0.05450
   1474.12000    0.72989    0.07719    0.32223    0.05753
   1475.95000    0.69912    0.08033    0.36610    0.05388
   1479.32000    0.52264    0.07963    0.32273    0.03793
   1483.21000    0.61486    0.06294    0.31355    0.05752
   1487.11000    0.62907    0.03790    0.36687    0.05935
   1492.33000    0.61861    0.08602    0.44181    0.07610
   1495.86000    0.64659    0.06711    0.42565    0.04590
   1498.53000    0.51379    0.06684    0.39983    0.05138
   1500.64000    0.51881    0.02972    0.36636    0.05224
   1504.52000    0.62344    0.06950    0.31888    0.05480
   1507.07000    0.53588    0.04527    0.30932    0.06862
   1511.14000    0.60460    0.04767    0.40216    0.03476
   1514.95000    0.56695    0.01935    0.31741    0.05479
   1518.27000    0.53138    0.05874    0.44463    0.03405
   1521.99000    0.55562    0.03676    0.33645    0.05617
   1526.78000    0.60578    0.03803    0.51695    0.06701
   1528.97000    0.64373    0.05755    0.47167    0.08134
   1531.48000    0.74438    0.06424    0.38010    0.02930
   1535.65000    0.60312    0.07938    0.34619    0.04319
   1538.16000    0.45422    0.06512    0.34600    0.05034
   1539.89000    0.57413    0.08803    0.31805    0.04529
   1542.66000    0.56724    0.05428    0.46276    0.06996
   1544.54000    0.62328    0.06111    0.31646    0.06121
   1546.54000    0.53409    0.06119    0.39113    0.05337
   1549.75000    0.60163    0.02136    0.31804    0.06125
   1552.06000    0.62184    0.04128    0.34630    0.05142
   1554.72000    0.59810    0.06453    0.45278    0.04695
   1557.13000    0.56457    0.04000    0.43905    0.07031
   1559.89000    0.58248    0.03076    0.32671    0.06317
   1562.71000    0.59228    0.05308    0.37660    0.03709
   1567.28000    0.56396    0.04901    0.36157    0.05129
   1571.38000    0.50189    0.04638    0.39501    0.05365
   1572.67000    0.51751    0.08041    0.39848    0.05099
   1575.86000    0.55354    0.05459    0.45561    0.04041
   1579.42000    0.52360    0.02487    0.34234    0.04947
   1826.10000    0.49955    0.04135    0.44915    0.03907
   1828.13000    0.49197    0.04506    0.39545    0.04067
   1830.06000    0.45685    0.06179    0.53105    0.04809
   1833.88000    0.52706    0.06409    0.38125    0.07419
   1836.02000    0.51424    0.04236    0.41345    0.07264
   1837.61000    0.48346    0.06259    0.37385    0.04583
   1838.73000    0.54787    0.02900    0.41710    0.03680
   1841.24000    0.61701    0.05528    0.40311    0.03451
   1843.62000    0.57721    0.06674    0.28000    0.03630
   1846.59000    0.49742    0.04720    0.43016    0.07028
   1850.56000    0.57375    0.06821    0.40045    0.04847
   1853.99000    0.49753    0.07059    0.29571    0.05181
   1858.05000    0.45772    0.06692    0.42487    0.04357
   1861.27000    0.56172    0.06857    0.43658    0.05858
   1865.60000    0.49966    0.05986    0.31635    0.05402
   1868.59000    0.54304    0.03752    0.52684    0.09749
   1872.56000    0.46780    0.05444    0.32658    0.04118
   1876.30000    0.55353    0.05857    0.40461    0.03444
   1879.89000    0.57353    0.07093    0.43382    0.03742
   1885.05000    0.58029    0.06146    0.34689    0.04631
   1889.54000    0.50493    0.08526    0.43906    0.07139
   1891.97000    0.52828    0.04853    0.42797    0.05345
   1894.83000    0.52536    0.04888    0.41210    0.04658
   1896.83000    0.55726    0.03843    0.31536    0.05048
   1900.79000    0.59766    0.04784    0.43666    0.04081
   1905.20000    0.56800    0.03916    0.39519    0.06029
   1907.69000    0.55349    0.06719    0.44718    0.04771
   1909.68000    0.54664    0.06663    0.45214    0.07326
   1912.21000    0.61093    0.04069    0.33310    0.03574
   1914.58000    0.47609    0.05613    0.39580    0.04821
   1918.08000    0.67962    0.08206    0.31806    0.05774
   1921.12000    0.52154    0.05606    0.45904    0.09691
   1924.98000    0.53735    0.06016    0.40505    0.03930
   1926.17000    0.65508    0.06767    0.39952    0.06252
   1928.27000    0.53522    0.04598    0.39542    0.06319
   1931.28000    0.58461    0.05152    0.41312    0.06222
   1932.77000    0.54986    0.02652    0.36936    0.07964
   1936.38000    0.62431    0.06610    0.38597    0.05698
   1939.21000    0.67255    0.06476    0.34708    0.06426
   1941.24000    0.53575    0.05866    0.22307    0.05870
   1944.41000    0.57898    0.04641    0.34653    0.03970
   2190.38000    0.55917    0.06836    0.31542    0.05205
   2193.18000    0.65163    0.07179    0.22280    0.07464
   2197.25000    0.58505    0.06056    0.38721    0.05942
   2201.29000    0.59922    0.01292    0.31018    0.04277
   2205.30000    0.73624    0.06153    0.25342    0.07734
   2208.50000    0.56836    0.05428    0.37363    0.04813
   2210.84000    0.63486    0.07846    0.23106    0.06395
   2214.38000    0.55096    0.05987    0.30068    0.06038
   2216.86000    0.54322    0.01756    0.28683    0.05573
   2219.77000    0.54565    0.06379    0.40142    0.04870
   2223.53000    0.61524    0.08239    0.32502    0.06278
   2225.22000    0.44393    0.08056    0.27959    0.04486
   2229.19000    0.54473    0.05661    0.33139    0.05403
   2233.95000    0.48905    0.06535    0.26487    0.05660
   2236.40000    0.75418    0.06267    0.29031    0.05097
   2240.45000    0.51927    0.05843    0.41691    0.06551
   2243.80000    0.50486    0.08752    0.33133    0.01330
   2245.28000    0.45729    0.07590    0.33091    0.02453
   2248.12000    0.56247    0.07144    0.39385    0.08057
   2253.06000    0.65362    0.05802    0.26437    0.09380
   2256.15000    0.57938    0.01793    0.33973    0.03020
   2259.99000    0.48029    0.05756    0.30561    0.04390
   2263.12000    0.55978    0.04376    0.29331    0.03280
   2267.07000    0.63416    0.06145    0.27539    0.05505
   2269.93000    0.46776    0.04158    0.34128    0.05499
   2275.05000    0.63694    0.04624    0.35548    0.02276
   2279.12000    0.54018    0.05342    0.24317    0.05770
   2282.87000    0.59069    0.03328    0.33895    0.04530
   2284.30000    0.60344    0.06671    0.28579    0.04978
   2286.90000    0.57168    0.04471    0.35712    0.05366
   2288.15000    0.57231    0.05743    0.27264    0.05041
   2290.87000    0.49600    0.06509    0.45531    0.07867
   2294.64000    0.47959    0.05144    0.31011    0.02927
   2297.68000    0.64126    0.05104    0.29042    0.06345
   2299.80000    0.66645    0.06066    0.32496    0.01881
   2304.80000    0.59109    0.03636    0.40220    0.04754
   2555.05000    0.74296    0.06627    0.29636    0.05853
   2557.90000    0.64673    0.02425    0.40850    0.04355
   2560.47000    0.64070    0.04457    0.32913    0.04595
   2563.04000    0.65590    0.06116    0.35718    0.04062
   2566.75000    0.60674    0.04153    0.17948    0.07698
   2569.98000    0.61440    0.06891    0.43977    0.06408
   2572.15000    0.59456    0.02493    0.33451    0.07450
   2574.55000    0.64111    0.05723    0.33935    0.04172
   2576.52000    0.74444    0.04848    0.37298    0.03560
   2581.19000    0.57949    0.05333    0.36754    0.04067
   2584.41000    0.67801    0.06221    0.37883    0.05651
   2588.88000    0.64881    0.03762    0.41719    0.05718
   2592.39000    0.76038    0.07272    0.40444    0.05800
   2592.77000    0.61657    0.05066    0.34923    0.05458
   2595.46000    0.50084    0.08181    0.35186    0.06694
   2596.34000    0.66662    0.05507    0.35006    0.03746
   2599.39000    0.67874    0.07544    0.36171    0.04588
   2601.65000    0.64263    0.03130    0.35274    0.05243
   2605.08000    0.61865    0.05736    0.35387    0.06624
   2608.84000    0.59953    0.06632    0.35886    0.05807
   2610.69000    0.66878    0.04915    0.50254    0.07278
   2611.20000    0.74450    0.07714    0.32904    0.06294
   2615.62000    0.65230    0.05666    0.39846    0.04191
   2617.58000    0.70537    0.07156    0.32343    0.05733
   2620.80000    0.67715    0.04508    0.41251    0.05309
   2623.16000    0.77064    0.07764    0.51600    0.06432
   2624.92000    0.55977    0.06239    0.34199    0.05503
   2628.29000    0.55294    0.06452    0.34022    0.06295
   2631.11000    0.56321    0.06165    0.31275    0.04032
   2635.38000    0.65252    0.06267    0.35479    0.06567
   2637.33000    0.55782    0.08952    0.43318    0.06863
   2639.91000    0.60860    0.04859    0.25468    0.05849
   2642.94000    0.62958    0.04500    0.25921    0.06451
   2645.77000    0.62502    0.00173    0.46672    0.06016
   2648.20000    0.63046    0.03965    0.39938    0.06780
   2653.07000    0.66146    0.05028    0.34712    0.03065
   2657.59000    0.58936    0.05611    0.35525    0.04306
   2660.20000    0.65944    0.04896    0.36313    0.06483
   2664.72000    0.67077    0.03348    0.38657    0.06665
   2666.91000    0.63856    0.06259    0.37980    0.00100
   2669.53000    0.55637    0.06028    0.37158    0.05083
   2674.33000    0.61239    0.05019    0.31788    0.06866
   2922.39000    0.58024    0.04868    0.49852    0.03067
   2925.92000    0.70377    0.06136    0.47656    0.04888
   2929.54000    0.51109    0.03890    0.42108    0.05406
   2932.36000    0.63846    0.07465    0.50073    0.05591
   2935.06000    0.60661    0.05897    0.44645    0.05472
   2937.01000    0.63675    0.02525    0.36098    0.04705
   2939.82000    0.63202    0.06586    0.51269    0.07019
   2942.28000    0.60063    0.07031    0.45309    0.04145
   2945.40000    0.56787    0.05583    0.66743    0.06354
   2947.21000    0.50525    0.06609    0.50008    0.07722
   2949.79000    0.67918    0.03886    0.45463    0.07302
   2953.58000    0.65249    0.06211    0.51591    0.04776
   2957.26000    0.64983    0.00846    0.50282    0.07028
   2960.36000    0.71103    0.04418    0.41675    0.06223
   2962.32000    0.63739    0.06889    0.50542    0.06450
   2966.32000    0.66265    0.06521    0.55046    0.04844
   2969.04000    0.64132    0.04415    0.46796    0.04457
   2970.34000    0.71085    0.05546    0.40116    0.05762
   2973.98000    0.58839    0.07587    0.39400    0.06955
   2977.39000    0.63424    0.03051    0.40889    0.03676
   2978.76000    0.64791    0.03191    0.50377    0.06252
   2981.42000    0.69146    0.06314    0.43895    0.04727
   2983.35000    0.66288    0.08390    0.51874    0.04981
   2984.84000    0.64595    0.05671    0.49090    0.07220
   2987.63000    0.85976    0.06618    0.43563    0.05907
   2990.96000    0.67120    0.03914    0.57506    0.07352
   2992.85000    0.70069    0.04062    0.46291    0.05228
   2993.35000    0.64856    0.04451    0.38271    0.04354
   2997.97000    0.73790    0.06538    0.52389    0.04634
   3000.50000    0.59616    0.03942    0.34094    0.06851
   3002.56000    0.69246    0.05602    0.38413    0.06655
   3005.96000    0.71446    0.03206    0.61395    0.05631
   3008.58000    0.76392    0.09271    0.38189    0.05502
   3011.98000    0.77008    0.05375    0.51998    0.06619
   3016.05000    0.68897    0.06957    0.56643    0.05994
   3020.17000    0.56468    0.07172    0.45421    0.05728
   3022.10000    0.66639    0.03756    0.52622    0.06327
   3024.60000    0.63084    0.07106    0.52317    0.03973
   3026.93000    0.61377    0.04465    0.42345    0.04815
   3030.44000    0.74970    0.04802    0.53056    0.02969
   3032.58000    0.64392    0.05059    0.47427    0.04468
   3035.18000    0.71163    0.01860    0.53740    0.06055
   3037.31000    0.69568    0.05114    0.45502    0.06941
   3287.84000    0.74896    0.07162    0.61133    0.06556
   3289.40000    0.65990    0.04037    0.44959    0.04555
   3292.08000    0.62792    0.06241    0.45496    0.04564
   3293.59000    0.63779    0.03586    0.48932    0.07442
   3295.04000    0.75688    0.05484    0.43132    0.04531
   3298.95000    0.71433    0.05613    0.39731    0.06298
   3303.38000    0.71062    0.03066    0.67033    0.05937
   3305.03000    0.68541    0.03901    0.50246    0.06287
   3307.00000    0.69217    0.05536    0.45761    0.04439
   3310.98000    0.62723    0.05053    0.47498    0.06465
   3313.26000    0.79907    0.06230    0.50423    0.04556
   3314.06000    0.71741    0.07230    0.52818    0.05623
   3316.19000    0.68964    0.02159    0.52098    0.04566
   3318.25000    0.66152    0.04573    0.48859    0.04821
   3320.80000    0.78494    0.04700    0.64484    0.07611
   3323.15000    0.70701    0.04201    0.47756    0.05844
   3325.30000    0.69623    0.03563    0.48143    0.07973
   3328.37000    0.65750    0.06185    0.42536    0.04547
   3331.24000    0.77548    0.07567    0.46410    0.05218
   3333.07000    0.80421    0.07438    0.43994    0.06897
   3337.65000    0.65659    0.05015    0.52961    0.03813
   3340.72000    0.65236    0.05375    0.49560    0.05400
   3343.80000    0.57301    0.06633    0.40092    0.10578
   3347.69000    0.74880    0.07375    0.47348    0.01052
   3349.40000    0.69311    0.04186    0.51119    0.04563
   3352.86000    0.63876    0.04406    0.55611    0.05346
   3356.15000    0.73513    0.05508    0.46014    0.04502
   3358.78000    0.72311    0.05756    0.49717    0.06210
   3362.07000    0.67515    0.04451    0.45896    0.07416
   3365.48000    0.69287    0.08651    0.49415    0.03202
   3367.11000    0.61910    0.08497    0.48915    0.03450
   3370.63000    0.66427    0.02259    0.46221    0.02010
   3374.04000    0.71541    0.05006    0.51560    0.05123
   3377.38000    0.61733    0.05067    0.39724    0.06417
   3379.63000    0.61169    0.07221    0.55308    0.05759
   3381.97000    0.88431    0.08126    0.57481    0.05068
   3384.22000    0.69087    0.05758    0.58726    0.03965
   3387.68000    0.72986    0.04458    0.41472    0.06556
   3390.37000    0.75353    0.03689    0.46635    0.05699
   3394.06000    0.62304    0.04434    0.48587    0.04864
   3398.08000    0.65985    0.03425    0.47132    0.05448
   3400.12000    0.65526    0.04491    0.57963    0.08791
   3402.45000    0.68645    0.04648    0.51185    0.06951
