## Time Delay Challenge light curves
##
## [time]=days, [lc]=[err]=flux in nanomaggies
##
##       time       lc_A      err_A       lc_B      err_B
##-------------------------------------------------------
      1.94000    5.02115    0.04373    3.56126    0.06645
      5.47000    5.02133    0.02887    3.64347    0.06934
      6.66000    4.96794    0.05294    3.55867    0.05816
      9.32000    4.97957    0.04359    3.54832    0.05099
     11.64000    5.04801    0.03858    3.56451    0.03343
     15.64000    5.03726    0.05062    3.61801    0.04559
     18.18000    5.06810    0.04717    3.47204    0.05381
     21.46000    5.00313    0.05093    3.51626    0.06599
     24.87000    5.03174    0.05278    3.54359    0.04395
     29.85000    5.11264    0.04372    3.60274    0.05059
     34.32000    4.99533    0.05253    3.60130    0.04127
     35.62000    5.10546    0.03989    3.59739    0.03876
     39.86000    5.05511    0.04959    3.60530    0.06076
     42.60000    5.05801    0.05170    3.51152    0.05582
     44.97000    5.13321    0.06755    3.53099    0.04793
     47.24000    5.10800    0.07049    3.59743    0.04597
     50.99000    5.32696    0.04494    3.58877    0.04581
     55.01000    5.16406    0.04262    3.58115    0.04420
     57.09000    5.27153    0.08704    3.61823    0.06423
     59.95000    5.28547    0.06546    3.63434    0.05996
     63.09000    5.13871    0.05442    3.62876    0.05736
     65.85000    5.21646    0.04203    3.52609    0.04036
     68.52000    5.33622    0.05982    3.60563    0.01347
     69.93000    5.19788    0.04448    3.66267    0.04037
     72.22000    5.26486    0.03582    3.71699    0.08157
     74.99000    5.32279    0.07424    3.68804    0.06338
     78.67000    5.18458    0.07348    3.55521    0.04472
     79.40000    5.24516    0.06712    3.55431    0.03089
     82.09000    5.21235    0.05043    3.60868    0.05136
     84.97000    5.38034    0.08024    3.51311    0.09023
     86.80000    5.09695    0.05539    3.68077    0.04511
     88.37000    5.15277    0.04573    3.62782    0.04099
     90.30000    5.27803    0.04584    3.62208    0.05855
     92.85000    5.10782    0.08846    3.58049    0.04624
     95.45000    5.18208    0.05124    3.66790    0.02302
     97.50000    5.19940    0.05138    3.66866    0.04332
    101.45000    5.19939    0.05636    3.71270    0.07483
    104.18000    5.24920    0.04042    3.68219    0.03680
    107.94000    5.30346    0.07096    3.67603    0.06793
    111.12000    5.38425    0.03771    3.65718    0.05673
    114.20000    5.28447    0.03092    3.65732    0.05803
    116.64000    5.33290    0.02341    3.57965    0.05635
    119.59000    5.34716    0.04512    3.63257    0.05331
    367.08000    5.59609    0.03247    3.66683    0.08582
    371.51000    5.58286    0.03362    3.57939    0.06578
    375.36000    5.76444    0.08253    3.64965    0.06327
    379.79000    5.55977    0.04400    3.63111    0.02485
    382.63000    5.57073    0.07373    3.55600    0.03142
    383.96000    5.63577    0.04968    3.63995    0.06754
    386.65000    5.61295    0.05524    3.61100    0.03168
    390.86000    5.50265    0.05562    3.60311    0.06838
    393.69000    5.46125    0.03478    3.49685    0.03914
    396.91000    5.57302    0.06105    3.57155    0.06308
    399.39000    5.49287    0.04759    3.57019    0.05688
    401.27000    5.49452    0.05641    3.51368    0.05861
    406.44000    5.44820    0.03265    3.53588    0.02876
    410.08000    5.34969    0.08667    3.60219    0.07748
    412.28000    5.43793    0.05662    3.55583    0.06979
    416.50000    5.35211    0.08902    3.54020    0.05875
    418.32000    5.30092    0.09093    3.61562    0.03935
    420.86000    5.38263    0.06511    3.49954    0.07966
    422.83000    5.39705    0.03344    3.57046    0.03411
    426.34000    5.40181    0.04664    3.61522    0.08025
    429.63000    5.37620    0.06454    3.58293    0.03184
    433.62000    5.50674    0.06958    3.61549    0.03073
    437.89000    5.41185    0.05761    3.50620    0.05698
    440.92000    5.45106    0.04609    3.49174    0.07497
    443.21000    5.36953    0.04378    3.53279    0.07416
    445.60000    5.33856    0.09155    3.50290    0.02890
    447.35000    5.26236    0.07260    3.53056    0.02731
    449.23000    5.36834    0.03540    3.48345    0.05955
    451.98000    5.31787    0.06222    3.48097    0.05567
    454.27000    5.30071    0.03868    3.42308    0.02416
    457.56000    5.31788    0.07055    3.47216    0.04417
    460.31000    5.47301    0.06934    3.30308    0.07547
    461.90000    5.31534    0.05858    3.35193    0.06138
    465.08000    5.41221    0.03822    3.47114    0.04240
    467.28000    5.42743    0.05563    3.49221    0.04296
    471.40000    5.50022    0.05529    3.49640    0.03515
    474.08000    5.42222    0.07767    3.51757    0.06597
    476.23000    5.35697    0.04089    3.53162    0.04954
    479.55000    5.24586    0.06991    3.54160    0.03935
    481.46000    5.35216    0.04489    3.48578    0.05467
    733.20000    4.94490    0.08143    3.48797    0.04162
    736.29000    4.87903    0.08962    3.42830    0.00662
    736.75000    5.01060    0.05982    3.41360    0.04171
    740.41000    4.93072    0.06823    3.31150    0.04034
    744.28000    5.03624    0.06566    3.40390    0.05002
    747.58000    4.92576    0.07171    3.37222    0.03789
    751.23000    4.90879    0.07305    3.44969    0.02541
    755.16000    4.98552    0.04621    3.42663    0.07052
    757.08000    5.10470    0.05503    3.38639    0.06375
    760.72000    5.06644    0.06759    3.55720    0.05471
    762.49000    4.96289    0.09388    3.53065    0.04395
    765.70000    5.05461    0.03840    3.47271    0.03162
    768.07000    5.31372    0.05978    3.42353    0.05171
    770.66000    5.15772    0.05541    3.53422    0.06591
    772.82000    5.18828    0.08510    3.72982    0.07625
    776.45000    5.10062    0.06140    3.49243    0.07668
    779.64000    5.21060    0.04968    3.71677    0.06182
    780.99000    5.43070    0.07020    3.61793    0.08326
    781.62000    5.21007    0.06992    3.55728    0.05483
    784.50000    5.26993    0.05765    3.64789    0.05260
    786.77000    5.14748    0.06699    3.56332    0.08350
    791.76000    5.33435    0.05733    3.64025    0.07976
    795.00000    5.17935    0.04555    3.61065    0.07132
    797.04000    5.25831    0.06053    3.52532    0.06122
    799.79000    5.20215    0.03248    3.63657    0.06110
    803.83000    5.17610    0.04681    3.56378    0.03926
    806.53000    5.18403    0.03520    3.60036    0.05449
    808.81000    5.19425    0.05600    3.60318    0.04498
    811.46000    5.20027    0.05323    3.57719    0.06188
    816.04000    5.17310    0.08340    3.48040    0.08115
    819.85000    5.19755    0.03941    3.45331    0.07313
    824.09000    5.15384    0.04307    3.53208    0.05711
    827.23000    5.16925    0.07820    3.59710    0.06347
    829.85000    5.11864    0.06098    3.50898    0.06113
    833.69000    5.13971    0.05668    3.54563    0.05349
    836.96000    5.00704    0.02722    3.50851    0.05562
    840.25000    5.19282    0.07208    3.49072    0.05774
    844.52000    5.06087    0.05029    3.49968    0.04290
    847.99000    5.05081    0.05230    3.52798    0.04759
   1095.05000    5.16028    0.04117    3.63973    0.05511
   1097.67000    5.15149    0.04682    3.61511    0.08368
   1103.01000    5.09866    0.01940    3.59013    0.06454
   1106.49000    5.10390    0.04547    3.64742    0.03854
   1109.76000    5.12918    0.03381    3.52936    0.05565
   1113.71000    5.19892    0.04347    3.56528    0.04320
   1116.87000    5.16213    0.03433    3.53906    0.05056
   1119.81000    5.06748    0.05434    3.57357    0.03373
   1122.13000    5.15181    0.03232    3.53212    0.07403
   1124.99000    5.06206    0.05661    3.58363    0.02870
   1128.71000    5.17109    0.02684    3.56369    0.05145
   1132.58000    5.13094    0.04253    3.57557    0.08304
   1135.69000    5.05374    0.08294    3.49340    0.05116
   1138.54000    5.17901    0.04251    3.52221    0.02650
   1143.41000    5.07811    0.04637    3.46381    0.06254
   1146.76000    5.14262    0.03711    3.50089    0.02198
   1150.26000    5.09256    0.05204    3.47885    0.06257
   1152.42000    5.11727    0.04746    3.56573    0.03236
   1156.48000    5.18872    0.03685    3.32376    0.07779
   1159.07000    5.13597    0.05358    3.41751    0.05556
   1160.89000    5.21283    0.04610    3.44185    0.08430
   1163.88000    5.18484    0.05013    3.36230    0.05461
   1167.78000    5.08002    0.07035    3.32944    0.05887
   1170.42000    5.22105    0.05069    3.41248    0.01970
   1174.18000    5.23564    0.02380    3.32965    0.07119
   1176.40000    5.24205    0.04515    3.31577    0.06123
   1178.05000    5.25545    0.04154    3.42101    0.06899
   1179.26000    5.17890    0.06077    3.48487    0.07462
   1183.51000    5.26365    0.04295    3.41913    0.06312
   1186.10000    5.24512    0.06099    3.45922    0.05356
   1189.12000    5.31136    0.03323    3.44708    0.05304
   1193.07000    5.34922    0.04000    3.37630    0.05462
   1195.91000    5.40004    0.06260    3.38633    0.03538
   1200.51000    5.30772    0.04466    3.42502    0.04356
   1203.94000    5.46826    0.04759    3.37081    0.04656
   1207.66000    5.34292    0.06354    3.33113    0.04350
   1212.86000    5.33721    0.03503    3.28939    0.07875
   1461.54000    4.58925    0.04546    2.99936    0.05382
   1465.95000    4.61931    0.04558    2.98772    0.06721
   1468.13000    4.59466    0.07738    3.26217    0.06947
   1472.33000    4.58546    0.05558    3.10899    0.01043
   1475.34000    4.55669    0.04161    3.16031    0.05818
   1479.15000    4.44211    0.08295    3.16236    0.03666
   1481.80000    4.39874    0.04254    3.00174    0.05781
   1483.54000    4.42056    0.04995    3.15888    0.03877
   1486.67000    4.42107    0.04667    3.09155    0.07266
   1490.63000    4.44406    0.06882    3.01116    0.05356
   1494.17000    4.47120    0.08228    2.88281    0.06645
   1495.91000    4.41437    0.04004    3.09486    0.05038
   1498.84000    4.42516    0.07501    3.03381    0.06684
   1501.38000    4.33604    0.05175    3.05901    0.04413
   1507.29000    4.40552    0.04177    3.05117    0.02109
   1511.35000    4.37202    0.06984    3.07585    0.03573
   1513.58000    4.32812    0.05956    2.99751    0.03916
   1518.31000    4.44547    0.03099    2.99468    0.06690
   1521.04000    4.52659    0.03818    3.01867    0.06799
   1524.40000    4.46790    0.05974    2.99851    0.04640
   1526.34000    4.52807    0.05182    3.00719    0.05335
   1529.63000    4.64484    0.05315    2.97042    0.05583
   1534.77000    4.56419    0.04225    3.10380    0.04718
   1538.25000    4.53043    0.06094    3.04108    0.04892
   1542.06000    4.49508    0.07489    3.05822    0.03235
   1545.32000    4.48122    0.01874    3.07872    0.05304
   1546.41000    4.39387    0.06394    3.04171    0.05363
   1547.98000    4.47188    0.03887    3.02142    0.05528
   1550.22000    4.49680    0.05661    3.08400    0.04180
   1552.91000    4.53010    0.08526    3.03230    0.02485
   1556.03000    4.53107    0.04878    3.00874    0.03673
   1559.07000    4.54636    0.05100    3.08374    0.06268
   1561.96000    4.59791    0.02748    3.01907    0.03824
   1566.12000    4.66457    0.03938    3.08033    0.08072
   1569.83000    4.61033    0.08149    3.09937    0.08795
   1572.96000    4.65771    0.03255    2.98319    0.02307
   1576.62000    4.66502    0.05283    2.91874    0.04713
   1577.86000    4.56891    0.02507    2.91689    0.05882
   1825.91000    4.54239    0.05838    3.04757    0.04884
   1829.34000    4.56045    0.06454    3.05108    0.05253
   1831.87000    4.55714    0.06066    3.07619    0.06703
   1834.90000    4.53713    0.03811    3.10282    0.05566
   1838.58000    4.60052    0.04791    2.97268    0.05160
   1842.92000    4.54461    0.03999    3.02668    0.04754
   1845.24000    4.60185    0.01097    3.03146    0.01863
   1848.94000    4.56399    0.06204    2.99639    0.05990
   1851.75000    4.54257    0.09305    2.96416    0.05727
   1855.48000    4.55863    0.06895    3.05367    0.05491
   1859.54000    4.62462    0.04280    3.07434    0.04863
   1860.62000    4.64169    0.05158    2.97370    0.03992
   1864.62000    4.60107    0.03799    2.95878    0.03842
   1869.13000    4.53700    0.06011    2.88980    0.05020
   1873.13000    4.52325    0.09502    3.01652    0.09482
   1877.82000    4.57187    0.05414    2.93053    0.04590
   1881.88000    4.54542    0.05810    3.00178    0.05682
   1886.39000    4.50521    0.04015    3.05661    0.04567
   1890.15000    4.57894    0.03498    3.00382    0.04280
   1894.01000    4.50508    0.04963    2.91620    0.05519
   1897.80000    4.47589    0.06648    3.08985    0.06330
   1902.16000    4.60671    0.05846    2.98665    0.05772
   1906.01000    4.57875    0.03744    2.92871    0.05201
   1909.46000    4.60420    0.07348    3.00102    0.04198
   1911.45000    4.63879    0.06336    2.98465    0.05850
   1914.92000    4.52971    0.09657    2.93721    0.05859
   1920.11000    4.49462    0.05956    2.80817    0.06524
   1923.03000    4.42922    0.06805    2.99759    0.04003
   1925.32000    4.61025    0.06478    2.85968    0.07475
   1929.47000    4.49706    0.06462    2.96727    0.04724
   1934.48000    4.54663    0.04047    2.93195    0.08336
   1937.13000    4.44246    0.05129    3.04925    0.07046
   1940.54000    4.57875    0.03845    2.85275    0.05353
   1943.34000    4.50374    0.06774    2.95394    0.04992
   2191.40000    4.44003    0.06974    3.11185    0.03217
   2195.96000    4.33868    0.06639    3.06701    0.02717
   2199.16000    4.50474    0.06702    3.03283    0.06125
   2202.14000    4.42341    0.04937    3.10923    0.04944
   2204.80000    4.49509    0.04897    3.03623    0.00687
   2208.18000    4.48928    0.04771    2.99124    0.06218
   2211.79000    4.55077    0.05870    3.03028    0.02680
   2215.13000    4.53449    0.08743    3.03040    0.04053
   2219.34000    4.47228    0.01702    3.00053    0.07792
   2221.81000    4.47413    0.05964    3.12584    0.08833
   2222.99000    4.51111    0.05206    3.02052    0.04613
   2226.48000    4.46918    0.06098    2.97557    0.06788
   2229.77000    4.47902    0.05774    2.96007    0.06812
   2232.50000    4.50400    0.02351    2.94314    0.07798
   2234.84000    4.49945    0.04762    2.89927    0.08398
   2237.48000    4.54342    0.06575    2.93721    0.03893
   2239.17000    4.61864    0.05268    2.95329    0.05024
   2241.19000    4.65783    0.06279    2.96507    0.06145
   2245.39000    4.50550    0.04212    3.02610    0.04678
   2246.81000    4.54841    0.04775    2.88442    0.07105
   2249.61000    4.57332    0.05916    2.89808    0.03584
   2253.03000    4.57653    0.05179    2.91256    0.06231
   2255.98000    4.51152    0.00562    2.99862    0.06556
   2260.13000    4.53187    0.06290    2.93333    0.04971
   2263.42000    4.48503    0.08327    2.94887    0.05247
   2266.01000    4.55243    0.04564    3.12494    0.06334
   2270.18000    4.48524    0.03765    2.97928    0.02450
   2273.53000    4.50723    0.04462    3.05711    0.05988
   2274.62000    4.40750    0.07233    3.06375    0.07994
   2275.57000    4.33555    0.07757    2.95664    0.04975
   2278.80000    4.51293    0.07853    3.00456    0.04051
   2281.33000    4.56409    0.04917    3.02380    0.05364
   2284.26000    4.55125    0.06110    2.96205    0.05273
   2288.47000    4.62800    0.08317    2.98606    0.03594
   2289.72000    4.52739    0.07060    2.98604    0.04834
   2292.96000    4.58307    0.05015    3.02151    0.06615
   2295.69000    4.59897    0.07961    2.99381    0.07176
   2298.59000    4.52419    0.04466    2.97101    0.06596
   2301.81000    4.52222    0.03164    2.95864    0.04686
   2306.49000    4.56618    0.03838    3.00413    0.06386
   2308.40000    4.51012    0.04762    3.00415    0.03749
   2557.38000    4.51253    0.05540    3.12292    0.04823
   2561.09000    4.33791    0.06956    3.16150    0.03321
   2565.00000    4.71363    0.06724    3.15769    0.04668
   2567.77000    4.49639    0.02302    3.15412    0.04361
   2572.07000    4.57838    0.06694    3.18294    0.06503
   2574.22000    4.62564    0.04066    3.27359    0.04356
   2578.34000    4.58565    0.06709    3.15198    0.02120
   2580.69000    4.53159    0.05927    3.21723    0.03468
   2582.58000    4.50880    0.05644    3.10098    0.03317
   2585.25000    4.66357    0.06992    3.18854    0.06991
   2588.73000    4.56662    0.08847    3.11838    0.04822
   2592.24000    4.48611    0.05298    3.36200    0.06341
   2594.60000    4.55416    0.03170    3.14930    0.05030
   2596.30000    4.68973    0.05720    3.19549    0.02921
   2598.14000    4.65908    0.04438    3.13421    0.02823
   2601.37000    4.72412    0.04720    3.00941    0.05729
   2602.76000    4.62517    0.03752    3.19004    0.04266
   2604.69000    4.61361    0.02460    3.11620    0.07082
   2608.17000    4.62657    0.04300    3.13461    0.05947
   2611.13000    4.63741    0.04772    3.10216    0.02639
   2613.34000    4.60702    0.06026    3.13088    0.04267
   2615.79000    4.59947    0.05145    3.13295    0.04951
   2619.67000    4.67647    0.06034    3.18646    0.06076
   2624.16000    4.63168    0.03265    3.19791    0.05923
   2627.90000    4.58107    0.07036    3.12241    0.04785
   2629.66000    4.57877    0.06082    3.14997    0.05778
   2633.04000    4.58024    0.04354    3.00782    0.06043
   2636.91000    4.67027    0.04835    2.99195    0.03937
   2639.52000    4.74952    0.07019    3.06996    0.05736
   2643.61000    4.73647    0.04598    3.04941    0.05720
   2647.20000    4.72263    0.01633    3.05492    0.05234
   2650.59000    4.60470    0.03087    2.99068    0.06759
   2653.27000    4.73418    0.06294    3.05844    0.03680
   2656.22000    4.78765    0.07167    3.00260    0.03932
   2658.74000    4.81837    0.05650    2.94104    0.06241
   2663.24000    4.75512    0.03008    2.94782    0.05413
   2666.78000    4.74964    0.06525    2.88875    0.08370
   2669.37000    4.72115    0.08921    2.91602    0.05457
   2674.12000    4.75216    0.02153    2.93404    0.05297
   2921.50000    4.50410    0.05211    3.14282    0.06925
   2926.41000    4.48076    0.04746    3.17137    0.04327
   2928.61000    4.39334    0.05211    3.18469    0.06970
   2930.99000    4.51604    0.05364    3.24918    0.03459
   2934.23000    4.47043    0.06522    3.11443    0.06578
   2937.35000    4.48692    0.05974    3.14445    0.05714
   2942.03000    4.49854    0.06408    3.22301    0.05486
   2945.90000    4.75612    0.07867    3.30690    0.08586
   2946.39000    4.59776    0.02870    3.18094    0.05570
   2948.80000    4.56524    0.06991    3.08948    0.03604
   2951.55000    4.53420    0.05601    3.21872    0.06107
   2954.85000    4.47646    0.05087    3.21270    0.03311
   2958.87000    4.42842    0.06538    3.10563    0.05873
   2959.95000    4.35292    0.05126    3.21743    0.06058
   2962.11000    4.56890    0.05351    3.18599    0.05268
   2965.47000    4.55128    0.05050    3.22375    0.05056
   2967.69000    4.51160    0.03136    3.16461    0.05742
   2970.46000    4.38924    0.06588    3.11609    0.06757
   2973.39000    4.48176    0.04250    3.27594    0.05646
   2978.01000    4.61256    0.03848    3.24549    0.05170
   2981.28000    4.59792    0.03099    3.25377    0.07308
   2984.52000    4.54227    0.06830    3.20231    0.04341
   2987.53000    4.55912    0.07290    3.18485    0.05266
   2990.76000    4.59805    0.07166    3.12996    0.06284
   2993.77000    4.64399    0.01825    3.07349    0.06367
   2998.55000    4.70745    0.06385    3.07579    0.07099
   3000.79000    4.66298    0.04105    3.09998    0.05837
   3004.51000    4.65185    0.02733    3.11427    0.02818
   3008.33000    4.80404    0.04722    3.15035    0.04457
   3010.35000    4.82545    0.06028    3.19586    0.05003
   3013.98000    4.79538    0.06379    3.09202    0.03660
   3017.09000    4.74970    0.03435    3.15687    0.04415
   3020.67000    4.83587    0.06663    3.06422    0.04137
   3025.03000    4.78794    0.08805    3.12913    0.07663
   3029.06000    4.85095    0.04908    3.06948    0.07430
   3033.71000    4.74683    0.05046    3.06383    0.05451
   3037.83000    4.80581    0.06288    3.07235    0.06084
   3286.84000    4.95525    0.04495    3.21893    0.05003
   3290.86000    4.97407    0.03121    3.36301    0.08153
   3292.55000    4.98537    0.05958    3.35963    0.03786
   3296.91000    4.96799    0.06056    3.35406    0.01619
   3301.18000    5.05330    0.06068    3.29195    0.05916
   3302.89000    4.98395    0.05939    3.37311    0.03628
   3306.03000    5.09928    0.05245    3.37181    0.08610
   3309.84000    5.01588    0.06670    3.27748    0.03450
   3312.19000    4.97979    0.06562    3.31003    0.06961
   3315.74000    4.96316    0.02289    3.32695    0.08627
   3318.50000    5.05915    0.05188    3.31902    0.07642
   3319.96000    4.91024    0.08396    3.35797    0.05327
   3323.66000    4.88865    0.05542    3.35886    0.02660
   3326.82000    4.92998    0.05152    3.43194    0.07585
   3328.82000    4.92110    0.07524    3.49842    0.06281
   3331.62000    4.90511    0.05134    3.58673    0.07501
   3334.64000    4.89775    0.05388    3.39305    0.04684
   3336.88000    4.92277    0.05159    3.36044    0.04123
   3339.22000    4.88600    0.01695    3.42747    0.05000
   3340.75000    4.95788    0.05441    3.42592    0.04480
   3343.87000    5.01186    0.04772    3.52998    0.05700
   3346.61000    4.85532    0.06402    3.45731    0.05039
   3350.31000    4.96262    0.03761    3.40692    0.04744
   3353.73000    4.93198    0.05306    3.58751    0.06077
   3356.87000    4.94445    0.08577    3.50771    0.04181
   3360.11000    5.00648    0.06659    3.55214    0.02202
   3364.03000    5.07983    0.04366    3.63275    0.06284
   3368.58000    5.01228    0.03503    3.60049    0.05625
   3371.44000    5.09706    0.06185    3.61904    0.07333
   3375.84000    5.03480    0.07609    3.59187    0.04813
   3377.89000    4.95010    0.07015    3.69669    0.06539
   3381.33000    4.97899    0.07942    3.54886    0.05848
   3384.32000    4.97699    0.02678    3.61280    0.07571
   3387.28000    4.99675    0.03656    3.61913    0.05576
   3390.45000    5.07187    0.04386    3.54120    0.04989
   3394.81000    5.08124    0.07522    3.56568    0.03181
   3398.33000    5.12412    0.03474    3.57739    0.04140
   3401.16000    5.07737    0.05636    3.50990    0.06184
   3403.42000    5.06055    0.06398    3.59493    0.02261
