## Time Delay Challenge light curves
##
## [time]=days, [lc]=[err]=flux in nanomaggies
##
##       time       lc_A      err_A       lc_B      err_B
##-------------------------------------------------------
      1.58000    4.66174    0.05435    2.32740    0.01724
      5.53000    4.50290    0.06887    2.27382    0.04340
      9.18000    4.68300    0.03959    2.31233    0.03622
     11.74000    4.51215    0.08609    2.29716    0.05643
     15.60000    4.75817    0.05219    2.45591    0.05723
     18.15000    4.86670    0.05622    2.26018    0.05458
     21.17000    5.00342    0.06056    2.32401    0.05798
     23.91000    4.98929    0.02318    2.21214    0.06366
     26.43000    4.96580    0.05338    2.29148    0.06244
     31.40000    4.91513    0.05972    2.30871    0.05216
     34.66000    4.99961    0.05276    2.26878    0.05340
     37.49000    4.83925    0.06943    2.23178    0.06185
     41.31000    4.95036    0.05499    2.20607    0.06239
     45.87000    4.89889    0.06689    2.20050    0.06864
     48.61000    4.79702    0.06292    2.17167    0.09011
     51.23000    4.82437    0.02150    2.28106    0.04606
     54.68000    4.87859    0.07701    2.29648    0.04938
     57.22000    4.93690    0.03597    2.33425    0.04199
     60.47000    4.94383    0.07165    2.17870    0.06860
     62.93000    5.06991    0.08691    2.12383    0.05550
     67.34000    4.91609    0.05527    2.12070    0.06368
     71.22000    5.02973    0.05221    2.31499    0.06548
     73.99000    5.00679    0.05621    2.13537    0.04483
     77.38000    5.02951    0.07958    2.07440    0.04278
     78.68000    5.12778    0.03047    2.04796    0.05647
     82.15000    5.29188    0.04199    2.15937    0.02961
     83.81000    5.46771    0.03353    2.11057    0.04850
     87.61000    5.48241    0.06648    2.23022    0.03574
     90.27000    5.63798    0.04438    2.16415    0.06307
     93.34000    5.61948    0.05115    2.23144    0.04639
     97.84000    5.68618    0.02341    2.27626    0.04554
     99.06000    5.79590    0.07293    2.26794    0.06894
    102.88000    5.79022    0.05630    2.20293    0.07393
    105.29000    5.92128    0.06097    2.22815    0.06326
    108.44000    5.80772    0.05512    2.23420    0.03624
    111.83000    5.89416    0.04784    2.29896    0.06846
    115.34000    5.69832    0.06402    2.22103    0.04658
    119.52000    5.95354    0.03132    2.29082    0.05587
    366.87000    5.53838    0.04535    2.20875    0.06148
    370.01000    5.61368    0.05626    2.18969    0.05295
    371.68000    5.67380    0.04798    2.21568    0.04465
    375.62000    5.87571    0.03866    2.24322    0.05395
    380.23000    5.70736    0.02630    2.09692    0.05958
    384.16000    5.54429    0.05371    2.16786    0.05256
    388.52000    5.40940    0.04837    2.15769    0.06726
    392.91000    5.34749    0.06435    2.19197    0.05596
    397.16000    5.50213    0.04794    2.23567    0.06381
    399.40000    5.30769    0.06531    2.29332    0.05220
    401.87000    5.45772    0.07670    2.36352    0.04742
    405.90000    5.38723    0.03294    2.25737    0.05684
    408.09000    5.39911    0.06139    2.33924    0.05234
    410.24000    5.42198    0.03077    2.35255    0.06187
    411.93000    5.24924    0.07653    2.37908    0.05741
    415.69000    5.63582    0.06909    2.36459    0.06203
    416.35000    5.63199    0.05701    2.41931    0.06677
    420.23000    5.58359    0.05306    2.56716    0.05164
    423.65000    5.44579    0.06155    2.58930    0.05438
    427.34000    5.38661    0.02811    2.52208    0.04601
    431.16000    5.32377    0.06918    2.64810    0.09553
    434.94000    5.27747    0.02871    2.49792    0.05131
    437.51000    5.28326    0.04225    2.60990    0.06545
    439.50000    5.28143    0.04795    2.56637    0.04012
    443.00000    5.25751    0.05735    2.56236    0.04101
    447.06000    5.27307    0.05295    2.59432    0.04589
    451.03000    5.12987    0.05548    2.65753    0.03129
    454.65000    5.09051    0.05347    2.60695    0.02811
    457.68000    4.99376    0.03968    2.49001    0.06863
    460.34000    5.09403    0.03678    2.49622    0.03117
    463.43000    5.18074    0.04385    2.43257    0.03128
    466.02000    5.15684    0.03873    2.58141    0.06887
    467.42000    5.13913    0.05267    2.54472    0.08165
    470.69000    5.18760    0.05893    2.47913    0.05307
    473.93000    5.01826    0.02781    2.48670    0.05916
    477.97000    4.93427    0.03843    2.50057    0.05633
    480.44000    5.00992    0.07465    2.47899    0.01225
    484.41000    5.06607    0.03635    2.45328    0.03603
    730.76000    4.89951    0.03397    2.26890    0.03439
    731.96000    4.94253    0.04858    2.35579    0.06009
    735.17000    5.02757    0.03864    2.23663    0.05246
    738.37000    5.15585    0.04818    2.22032    0.05704
    741.96000    5.08107    0.02766    2.22539    0.04066
    745.63000    5.18526    0.05004    2.33094    0.03689
    749.25000    5.16877    0.05349    2.11082    0.06147
    752.81000    5.02157    0.05136    2.25110    0.05308
    754.96000    4.84391    0.05992    2.38510    0.03657
    758.05000    5.05257    0.06125    2.29361    0.06773
    759.38000    4.89577    0.03311    2.25359    0.03962
    762.70000    4.84149    0.03426    2.32054    0.05450
    766.16000    4.94738    0.04585    2.19869    0.05344
    769.76000    4.68593    0.03197    2.03564    0.08681
    773.04000    4.69068    0.07236    2.18717    0.05812
    776.73000    4.64914    0.06236    2.21210    0.02298
    779.74000    4.78160    0.05824    2.22387    0.07088
    783.34000    4.77508    0.07077    2.15677    0.04668
    785.65000    4.90762    0.05355    2.15686    0.01530
    788.05000    4.87926    0.05462    2.16864    0.07924
    791.83000    5.10501    0.07061    2.09278    0.03068
    794.26000    5.04957    0.03799    2.19311    0.06578
    797.01000    5.09905    0.03960    2.15596    0.04305
    799.29000    5.12054    0.05474    2.13856    0.05605
    800.96000    5.18678    0.05139    2.14218    0.05868
    802.92000    5.13926    0.03816    2.21458    0.05708
    805.66000    5.18511    0.04848    2.27915    0.05672
    807.86000    5.11954    0.05075    2.42991    0.07790
    810.44000    5.27906    0.05111    2.30409    0.05943
    812.74000    5.37694    0.04248    2.36825    0.09134
    816.75000    5.41135    0.04565    2.36334    0.04534
    820.57000    5.32850    0.07298    2.39065    0.05192
    820.84000    5.24079    0.04089    2.41206    0.05517
    824.17000    5.04595    0.05858    2.33533    0.02879
    828.23000    4.98550    0.06898    2.17765    0.03544
    833.73000    5.08350    0.05078    2.17820    0.05539
    838.16000    4.84154    0.06643    2.16694    0.07186
    841.83000    4.97762    0.03034    2.24784    0.07944
    846.33000    5.08340    0.08390    2.13148    0.03140
    848.17000    5.19541    0.05223    2.11963    0.04312
   1097.32000    4.81191    0.03620    2.44123    0.05570
   1101.26000    4.88042    0.04207    2.40421    0.04218
   1103.62000    4.98003    0.04561    2.61632    0.05395
   1107.22000    4.73812    0.05289    2.42304    0.06717
   1109.02000    4.91356    0.02876    2.50411    0.04247
   1112.53000    5.06800    0.06196    2.60731    0.00843
   1114.58000    4.97934    0.03830    2.59256    0.03389
   1115.74000    4.97013    0.04488    2.53471    0.04866
   1118.65000    5.15362    0.02943    2.54089    0.07453
   1121.85000    5.20939    0.06740    2.55576    0.07098
   1123.90000    5.33663    0.03497    2.60678    0.04166
   1127.32000    5.44392    0.04440    2.67787    0.06000
   1128.24000    5.34673    0.09300    2.39828    0.05343
   1132.16000    5.59289    0.05117    2.53580    0.02335
   1135.93000    5.37999    0.04951    2.51315    0.05839
   1139.14000    5.34203    0.04981    2.51481    0.05178
   1143.35000    5.30682    0.08505    2.47111    0.04982
   1146.74000    5.26610    0.01975    2.37651    0.06931
   1148.90000    5.38720    0.07371    2.48006    0.05973
   1150.80000    5.52400    0.08089    2.39518    0.05877
   1153.94000    5.48470    0.06395    2.39371    0.07604
   1156.86000    5.30731    0.08834    2.39255    0.01493
   1158.60000    5.40988    0.07190    2.46004    0.06765
   1162.29000    5.56878    0.04574    2.24039    0.09134
   1164.70000    5.46523    0.09052    2.33055    0.04857
   1167.19000    5.40925    0.07358    2.18507    0.04781
   1170.27000    5.35667    0.04584    2.22751    0.03923
   1171.93000    5.46001    0.07094    2.23534    0.05250
   1174.81000    5.53804    0.07133    2.25265    0.06837
   1178.10000    5.52855    0.05446    2.26978    0.03027
   1181.44000    5.49833    0.06839    2.14034    0.05295
   1183.59000    5.60318    0.06319    2.20803    0.02960
   1185.72000    5.64925    0.06221    2.34247    0.06712
   1188.41000    5.50426    0.06208    2.32343    0.05106
   1190.82000    5.55719    0.05232    2.25682    0.05281
   1194.77000    5.54266    0.07029    2.33820    0.06269
   1195.10000    5.61247    0.05843    2.40464    0.06242
   1199.16000    5.54920    0.06489    2.44297    0.04084
   1203.23000    5.64439    0.05307    2.52540    0.06081
   1208.35000    5.57421    0.05776    2.40828    0.03535
   1212.03000    5.51222    0.07607    2.48299    0.06713
   1214.25000    5.63827    0.05732    2.37517    0.06148
   1460.87000    5.72712    0.06039    2.33406    0.03361
   1463.30000    5.70738    0.02770    2.31167    0.04305
   1464.87000    5.66712    0.03961    2.30473    0.02964
   1468.41000    5.96893    0.03597    2.41175    0.05925
   1472.94000    5.97181    0.02910    2.41906    0.05658
   1475.92000    6.01225    0.05104    2.53291    0.04127
   1478.84000    5.93010    0.05411    2.50263    0.07481
   1481.31000    5.88177    0.07104    2.48447    0.04182
   1483.49000    5.61496    0.02686    2.53730    0.04983
   1486.17000    5.56767    0.04645    2.56433    0.04941
   1490.04000    5.67069    0.06140    2.46133    0.04097
   1492.50000    5.96545    0.06209    2.46965    0.02920
   1495.04000    5.73513    0.03073    2.39377    0.06078
   1496.41000    5.77304    0.07850    2.37606    0.02448
   1498.95000    5.58140    0.05572    2.35672    0.02907
   1501.41000    5.60048    0.04474    2.50330    0.00630
   1504.95000    5.71477    0.09372    2.54799    0.05161
   1507.62000    5.78783    0.07224    2.50511    0.07692
   1510.37000    5.57489    0.02193    2.63252    0.05225
   1511.93000    5.57786    0.05327    2.71534    0.04461
   1514.27000    5.56895    0.07010    2.47567    0.03172
   1516.49000    5.45234    0.03854    2.49387    0.03754
   1521.14000    5.58847    0.07202    2.58318    0.07008
   1522.66000    5.37846    0.05310    2.47205    0.09205
   1525.66000    5.11382    0.05285    2.57105    0.04508
   1529.35000    5.14581    0.05059    2.49199    0.05382
   1532.37000    5.07377    0.07024    2.63237    0.08335
   1535.34000    5.22124    0.03968    2.67981    0.08170
   1538.00000    5.21908    0.04085    2.61944    0.04548
   1541.96000    5.02314    0.04517    2.78052    0.05464
   1545.17000    4.96814    0.05085    2.70033    0.03605
   1548.79000    5.16527    0.04264    2.76464    0.02712
   1551.84000    4.92485    0.05575    2.73683    0.05431
   1553.78000    4.95417    0.06519    2.71204    0.06840
   1557.99000    4.99228    0.05152    2.60443    0.04775
   1560.89000    4.95948    0.04329    2.55513    0.06721
   1564.00000    4.86280    0.05548    2.66626    0.04384
   1565.21000    4.77751    0.05451    2.66189    0.07875
   1568.92000    4.76301    0.02627    2.52352    0.05570
   1571.07000    4.88694    0.04917    2.34570    0.05367
   1574.80000    5.03660    0.02026    2.68591    0.04018
   1577.22000    4.94548    0.05620    2.59958    0.06996
   1825.23000    5.01313    0.05571    2.47755    0.02994
   1827.25000    5.29906    0.05794    2.48799    0.07164
   1830.25000    5.27051    0.04138    2.38473    0.02618
   1831.75000    5.19947    0.06072    2.44848    0.07829
   1834.85000    5.46185    0.05291    2.47045    0.04432
   1839.15000    5.43356    0.08374    2.44144    0.05205
   1842.74000    5.18730    0.05211    2.39351    0.03765
   1845.92000    5.27993    0.04958    2.35255    0.08791
   1850.03000    5.22804    0.03817    2.48710    0.05770
   1853.33000    5.38584    0.05462    2.25330    0.04207
   1856.12000    5.57302    0.07206    2.39022    0.04420
   1859.04000    5.49427    0.03573    2.19779    0.07223
   1861.08000    5.60698    0.03097    2.14857    0.07365
   1863.58000    5.68905    0.06397    2.13689    0.05473
   1866.71000    5.38319    0.02985    2.27657    0.03579
   1870.45000    5.45635    0.04639    2.33651    0.07078
   1873.49000    5.03385    0.05526    2.34511    0.04690
   1876.39000    5.18347    0.03239    2.29855    0.04018
   1879.40000    5.03571    0.05288    2.34651    0.03239
   1880.51000    5.16939    0.04982    2.37042    0.06098
   1883.19000    5.37902    0.05308    2.37071    0.05843
   1886.77000    5.41611    0.04539    2.27006    0.06370
   1890.50000    5.37147    0.04523    2.23447    0.06591
   1894.49000    5.29384    0.03823    2.29545    0.03456
   1898.95000    5.31300    0.04722    2.32082    0.02565
   1900.81000    5.44515    0.04828    2.39862    0.04354
   1904.25000    5.16195    0.06804    2.39868    0.05676
   1906.45000    5.42870    0.04495    2.39525    0.04604
   1910.15000    5.20030    0.04217    2.57001    0.08809
   1913.99000    5.15412    0.07429    2.46597    0.07501
   1917.40000    5.24463    0.05860    2.44664    0.07375
   1920.84000    5.10812    0.04768    2.40352    0.06650
   1921.60000    5.24785    0.01603    2.28048    0.09471
   1925.95000    5.27251    0.02369    2.41059    0.02527
   1927.23000    5.32349    0.06287    2.53134    0.06011
   1932.17000    5.40652    0.04282    2.44866    0.07010
   1935.79000    5.53698    0.08691    2.48764    0.06544
   1938.89000    5.34982    0.06099    2.58120    0.05323
   1940.04000    5.28312    0.06655    2.49303    0.03698
   2193.23000    5.42379    0.06853    2.46443    0.05009
   2196.98000    5.27204    0.04639    2.54542    0.04640
   2199.74000    5.10481    0.07467    2.48194    0.04424
   2202.24000    5.25674    0.07644    2.58720    0.02830
   2206.28000    5.42951    0.02974    2.62757    0.04092
   2208.55000    5.51525    0.04789    2.54417    0.04202
   2212.02000    5.67324    0.04109    2.53183    0.04332
   2214.35000    5.60310    0.03326    2.43544    0.03963
   2217.06000    5.50245    0.04574    2.44601    0.03864
   2219.72000    5.48422    0.05548    2.63151    0.06717
   2222.03000    5.59449    0.06277    2.45764    0.04736
   2224.51000    5.47846    0.06698    2.54154    0.05284
   2226.37000    5.47012    0.05100    2.61808    0.04583
   2230.07000    5.66255    0.04925    2.55024    0.02705
   2231.71000    5.62595    0.05371    2.51825    0.06330
   2235.63000    5.34434    0.04724    2.41785    0.03327
   2238.10000    5.42743    0.05218    2.52000    0.04606
   2240.13000    5.31025    0.08321    2.46580    0.07023
   2245.52000    5.16088    0.06174    2.42878    0.04935
   2247.58000    4.99902    0.07879    2.56299    0.05355
   2252.20000    4.92464    0.06173    2.51842    0.03019
   2253.26000    4.92599    0.04009    2.49218    0.07342
   2256.71000    5.00292    0.04105    2.52404    0.04203
   2259.89000    5.05735    0.04131    2.56286    0.06820
   2261.51000    5.13435    0.03863    2.49032    0.04278
   2265.29000    5.13145    0.05789    2.37739    0.05694
   2267.06000    5.15328    0.02383    2.29745    0.07876
   2269.25000    4.92103    0.04645    2.36724    0.02322
   2273.89000    4.84735    0.06177    2.43756    0.06946
   2276.52000    4.94846    0.06314    2.55205    0.07958
   2279.35000    4.85075    0.04199    2.49947    0.05382
   2280.88000    4.86605    0.05857    2.49271    0.04258
   2285.51000    4.81944    0.04851    2.57660    0.03391
   2288.96000    4.94215    0.03074    2.54833    0.07413
   2291.54000    4.79730    0.05421    2.63346    0.05393
   2295.20000    4.81621    0.04273    2.65189    0.07039
   2299.46000    4.83743    0.04585    2.51708    0.08228
   2303.02000    4.93425    0.07385    2.50919    0.04652
   2305.50000    4.79373    0.02403    2.48788    0.05418
   2308.41000    4.84403    0.02810    2.45438    0.06022
   2555.32000    5.19444    0.06095    2.31178    0.04983
   2558.49000    5.31126    0.03685    2.22113    0.05889
   2561.74000    5.54276    0.06721    2.28863    0.06984
   2565.34000    5.55414    0.02390    2.16171    0.05209
   2569.08000    5.66227    0.04642    2.23765    0.05044
   2570.74000    5.54536    0.05272    2.26921    0.04646
   2574.12000    5.54877    0.03347    2.25152    0.07871
   2577.20000    5.46667    0.06077    2.23970    0.04903
   2577.99000    5.44789    0.04411    2.27696    0.05233
   2579.60000    5.42364    0.04087    2.20009    0.03382
   2584.16000    5.55679    0.04531    2.34171    0.06736
   2587.34000    5.48314    0.03411    2.38441    0.04408
   2590.97000    5.64466    0.03445    2.39348    0.04248
   2592.87000    5.58704    0.04524    2.38758    0.04800
   2596.38000    5.56145    0.05693    2.36568    0.08142
   2601.16000    5.52569    0.04992    2.20226    0.04881
   2604.08000    5.36333    0.06198    2.30206    0.07037
   2605.84000    5.45933    0.08077    2.28880    0.05221
   2610.27000    5.28184    0.05859    2.41633    0.07432
   2615.89000    5.53155    0.05467    2.39027    0.03314
   2619.60000    5.55762    0.04813    2.24945    0.04800
   2623.35000    5.37405    0.04421    2.33372    0.06215
   2624.05000    5.43830    0.03436    2.41379    0.02602
   2626.60000    5.47799    0.02314    2.45291    0.03548
   2629.34000    5.33950    0.05864    2.39495    0.09907
   2631.80000    5.26067    0.05931    2.34686    0.06498
   2632.90000    5.24788    0.04063    2.39628    0.02208
   2634.62000    5.30807    0.04806    2.44422    0.07180
   2637.91000    5.10176    0.05379    2.51098    0.07512
   2640.54000    5.26255    0.05435    2.50639    0.05568
   2644.15000    5.22742    0.06139    2.62049    0.04751
   2647.92000    5.20072    0.07926    2.50983    0.05590
   2652.09000    5.29060    0.07695    2.47601    0.04697
   2655.17000    5.16644    0.06327    2.33113    0.06188
   2657.81000    5.18039    0.01758    2.54661    0.06466
   2660.67000    5.27139    0.06461    2.53984    0.04967
   2663.91000    5.35600    0.03834    2.55107    0.05589
   2666.14000    5.37231    0.06414    2.44898    0.05639
   2669.11000    5.43361    0.08026    2.45334    0.05236
   2671.89000    5.47945    0.05901    2.63638    0.04918
   2672.73000    5.25957    0.06447    2.51903    0.05223
   2674.69000    5.37690    0.05659    2.42138    0.04922
   2922.59000    5.80925    0.07694    2.47776    0.04564
   2924.04000    5.88704    0.05815    2.42166    0.07841
   2928.78000    5.84526    0.05955    2.46646    0.05364
   2932.58000    5.85923    0.03824    2.57255    0.08745
   2934.01000    5.71529    0.04846    2.35726    0.08129
   2935.50000    5.94688    0.05458    2.47304    0.06771
   2938.59000    6.18698    0.03311    2.43822    0.07400
   2941.29000    6.22905    0.03922    2.40074    0.02369
   2944.17000    6.19879    0.04023    2.53265    0.05596
   2947.54000    6.08125    0.03966    2.51916    0.05525
   2950.33000    6.14566    0.05125    2.64207    0.06344
   2951.81000    6.21112    0.03625    2.58814    0.04057
   2953.74000    6.26967    0.05804    2.59600    0.02339
   2954.82000    6.33080    0.04772    2.59374    0.05611
   2958.55000    6.11529    0.05949    2.68679    0.05592
   2961.75000    6.02021    0.02535    2.65724    0.05646
   2965.06000    5.99402    0.04176    2.62928    0.05027
   2969.62000    6.05099    0.05334    2.80407    0.03247
   2972.04000    5.81895    0.04703    2.83995    0.04471
   2973.57000    5.79293    0.04685    2.74407    0.03272
   2977.50000    5.74183    0.03804    2.88331    0.04563
   2980.52000    5.58692    0.05490    2.80581    0.03966
   2985.25000    5.68192    0.09000    2.81649    0.05384
   2986.60000    5.53840    0.05592    2.73089    0.06361
   2990.02000    5.69299    0.05483    2.73830    0.02919
   2992.59000    5.93071    0.04454    2.61344    0.06729
   2995.92000    5.83861    0.01485    2.66475    0.01852
   2999.79000    5.95303    0.07687    2.68260    0.04892
   3004.17000    5.56074    0.04868    2.65395    0.00631
   3006.44000    5.58301    0.03483    2.68070    0.04108
   3008.47000    5.71620    0.03810    2.73948    0.05667
   3011.40000    5.58673    0.04452    2.75621    0.05174
   3013.75000    5.58904    0.04391    2.80976    0.05421
   3017.69000    5.57085    0.04660    2.83275    0.06024
   3021.40000    5.52204    0.05674    2.87712    0.06163
   3024.65000    5.52393    0.06151    2.80001    0.06428
   3029.12000    5.49162    0.04810    2.96700    0.06114
   3031.48000    5.34208    0.03734    2.72928    0.06360
   3035.13000    5.28634    0.01267    2.55746    0.07322
   3037.25000    5.28116    0.07593    2.72658    0.04798
   3039.57000    5.13787    0.06948    2.74488    0.01391
   3286.60000    5.20825    0.04520    2.28751    0.05841
   3291.15000    5.15826    0.06358    2.23127    0.03776
   3294.92000    5.16210    0.04156    2.22315    0.06900
   3299.35000    5.20416    0.07030    2.36186    0.05474
   3302.04000    5.27839    0.05495    2.50931    0.07228
   3305.65000    5.24022    0.03356    2.37833    0.05521
   3308.39000    4.92741    0.06790    2.42846    0.05725
   3310.08000    4.94757    0.05099    2.34357    0.05148
   3313.25000    5.03543    0.04021    2.37815    0.04895
   3313.90000    5.01612    0.03542    2.29466    0.03709
   3316.91000    4.86972    0.05442    2.35310    0.04765
   3319.06000    4.96130    0.05834    2.23455    0.05145
   3322.06000    5.13123    0.06737    2.13488    0.03372
   3325.67000    5.01313    0.04052    2.22721    0.04822
   3327.80000    5.05800    0.04985    2.17185    0.05914
   3330.61000    4.88857    0.02817    2.13003    0.03222
   3335.07000    4.72291    0.05693    2.19634    0.01254
   3337.45000    5.04809    0.06278    2.17067    0.04047
   3340.32000    4.79586    0.05649    2.18355    0.05345
   3344.12000    4.68845    0.04649    2.17153    0.01909
   3345.39000    4.84134    0.03885    2.19005    0.05039
   3348.15000    4.85382    0.04490    2.01160    0.08731
   3351.71000    4.80386    0.09294    2.14870    0.03290
   3354.27000    4.84706    0.01223    2.34524    0.06338
   3356.14000    5.00521    0.05592    2.33190    0.04044
   3360.86000    4.63885    0.04698    2.38273    0.04472
   3363.51000    4.85701    0.05203    2.51381    0.07809
   3365.91000    5.00963    0.05767    2.30581    0.04737
   3369.17000    4.83167    0.03904    2.33182    0.03562
   3372.84000    4.73423    0.04920    2.40121    0.02771
   3375.94000    4.77903    0.09266    2.49873    0.07718
   3379.67000    4.64700    0.03345    2.31877    0.06028
   3381.88000    4.58089    0.05991    2.33194    0.03253
   3384.89000    4.58086    0.03842    2.34632    0.05860
   3387.00000    4.55756    0.06996    2.24568    0.04959
   3390.61000    4.41595    0.05740    2.26385    0.07068
   3393.84000    4.57784    0.05097    2.29463    0.04731
   3395.33000    4.78365    0.04372    2.31266    0.01159
   3399.42000    4.64564    0.06007    2.25579    0.04314
   3403.01000    4.79175    0.05074    2.40305    0.05660
   3404.74000    4.82227    0.05623    2.27530    0.05115
