## Time Delay Challenge light curves
##
## [time]=days, [lc]=[err]=flux in nanomaggies
##
##       time       lc_A      err_A       lc_B      err_B
##-------------------------------------------------------
      2.15000    2.57703    0.05359    4.71930    0.04656
      6.86000    2.61984    0.04346    4.66276    0.07383
     10.80000    2.57286    0.05191    4.89489    0.05407
     14.91000    2.61341    0.03403    5.01336    0.04775
     18.15000    2.63697    0.06998    5.26332    0.04221
     19.63000    2.68789    0.05044    5.47097    0.08773
     23.97000    2.69759    0.05213    5.41402    0.02171
     28.09000    2.65383    0.05066    5.72119    0.03409
     31.75000    2.69611    0.05048    5.60827    0.03087
     34.91000    2.73686    0.06676    5.58972    0.04970
     38.25000    2.72189    0.04028    5.86082    0.08178
     41.97000    2.80285    0.06249    5.58883    0.07152
     44.25000    2.96625    0.04358    5.68505    0.03667
     46.87000    3.12951    0.04812    5.61804    0.06673
     51.87000    3.30459    0.06620    5.57863    0.02873
     55.44000    3.22351    0.07689    5.47191    0.06105
     57.67000    3.24832    0.04189    5.30227    0.06300
     60.57000    3.15565    0.04594    5.12025    0.03709
     62.90000    3.22861    0.04614    5.27205    0.06256
     66.98000    3.27378    0.04280    5.32354    0.06813
     70.33000    3.25138    0.05331    5.57822    0.04992
     72.21000    3.23570    0.06949    5.39475    0.03465
     75.80000    3.08626    0.05797    5.42383    0.04343
     79.30000    3.18428    0.05825    5.32271    0.04728
     83.29000    3.08817    0.06491    5.30770    0.02224
     85.71000    2.89881    0.05788    5.33450    0.03747
     89.02000    3.00246    0.06334    5.11303    0.06217
     93.72000    3.12913    0.04051    4.89131    0.05210
     95.05000    3.16352    0.09481    5.11197    0.02878
     97.74000    3.18560    0.07015    5.21666    0.04954
    100.61000    3.20729    0.04247    5.14436    0.02567
    103.61000    3.06882    0.03535    5.04817    0.06097
    107.61000    3.03591    0.04826    5.10818    0.05570
    109.61000    3.13491    0.03752    5.13590    0.02952
    112.69000    2.99115    0.08158    4.92257    0.07173
    114.38000    2.91293    0.04583    4.85758    0.05153
    116.87000    2.94629    0.06717    4.88970    0.04694
    119.87000    2.84420    0.06712    4.76917    0.05987
    365.29000    2.74333    0.06056    5.24963    0.04592
    367.78000    2.90174    0.05726    5.18579    0.03401
    371.18000    2.72223    0.02003    5.20986    0.04150
    373.95000    2.80372    0.06650    5.42037    0.03069
    376.43000    2.80681    0.05818    5.49148    0.04804
    379.09000    2.78202    0.03625    5.23892    0.08720
    383.69000    3.09404    0.05885    5.35620    0.04113
    387.48000    2.86197    0.06788    5.43456    0.05479
    390.32000    3.16162    0.07755    5.47397    0.04646
    393.13000    2.98712    0.04568    5.51861    0.05784
    397.39000    2.94113    0.02882    5.32469    0.00842
    401.35000    3.06211    0.06153    5.40580    0.07571
    404.46000    2.90985    0.05663    5.13463    0.05725
    407.94000    3.04229    0.06011    5.17192    0.04573
    411.38000    3.14052    0.08156    4.80895    0.06506
    414.17000    2.99906    0.07036    4.91103    0.05241
    417.58000    3.12598    0.02931    4.90368    0.04265
    419.35000    3.11736    0.03619    4.84725    0.06617
    423.64000    2.93234    0.07100    4.77549    0.06494
    425.65000    3.00157    0.04571    4.74929    0.06910
    430.48000    3.15454    0.06120    4.76794    0.05679
    434.07000    2.87887    0.00329    4.58036    0.06083
    437.06000    2.86659    0.06605    4.63069    0.02280
    439.37000    2.78818    0.07068    4.55506    0.06144
    443.09000    2.84806    0.10299    4.62242    0.06124
    445.77000    2.75915    0.02708    4.85684    0.04923
    448.06000    2.65118    0.05036    4.61012    0.06041
    451.90000    2.78637    0.04734    4.88366    0.07103
    455.11000    2.67374    0.02592    4.74233    0.05995
    456.69000    2.71279    0.07860    4.81651    0.02848
    461.69000    2.70517    0.04144    4.99928    0.06786
    465.25000    2.61597    0.03416    4.93044    0.07645
    468.50000    2.64886    0.05400    5.04746    0.05875
    471.50000    2.83175    0.05277    5.16154    0.03465
    473.94000    2.65893    0.06054    5.05383    0.08372
    476.89000    2.81666    0.05665    5.20599    0.03313
    479.28000    2.69525    0.05083    4.98240    0.10098
    482.56000    2.68304    0.03330    4.99788    0.07882
    484.35000    2.56501    0.07082    4.68680    0.03867
    732.99000    2.94701    0.04384    5.07527    0.06258
    735.97000    2.94990    0.05889    4.99200    0.05521
    739.16000    2.89612    0.07770    5.35290    0.04310
    740.46000    2.83650    0.05960    5.09375    0.04207
    744.20000    2.92573    0.07736    5.39169    0.05185
    748.11000    2.86110    0.06228    5.33180    0.04099
    751.10000    2.96577    0.04308    5.30865    0.04433
    754.50000    2.97274    0.05781    5.27888    0.04494
    759.84000    2.97378    0.04235    5.45441    0.04532
    763.98000    2.95180    0.06377    5.28749    0.05831
    767.15000    3.06571    0.05224    5.44892    0.06603
    770.70000    3.10067    0.06223    5.52002    0.07259
    772.58000    2.96392    0.05562    5.77896    0.05611
    774.97000    2.97308    0.06168    5.65575    0.05344
    778.61000    3.00098    0.02256    5.74151    0.02870
    781.53000    2.99128    0.08914    5.65500    0.02560
    784.95000    2.97244    0.05446    5.39800    0.02850
    787.89000    2.83425    0.02851    4.99010    0.05760
    791.41000    3.00426    0.06220    5.23977    0.03840
    794.02000    3.09662    0.05466    5.06314    0.03862
    797.32000    3.23180    0.06149    4.89928    0.05359
    800.39000    3.23734    0.05463    4.96106    0.08718
    803.99000    3.29084    0.06846    4.94747    0.04100
    807.67000    3.06520    0.07975    5.02857    0.02401
    809.89000    3.11808    0.05991    4.97174    0.04696
    811.94000    3.11273    0.03276    4.84841    0.06135
    814.91000    3.05411    0.04869    4.72515    0.02724
    817.29000    2.89663    0.06379    4.71001    0.06356
    820.16000    2.82967    0.03482    4.73400    0.04294
    825.94000    2.86067    0.06258    4.62398    0.04807
    830.97000    2.80598    0.03721    4.93381    0.06714
    834.85000    2.84257    0.06576    4.93997    0.03495
    836.48000    2.79690    0.04836    4.94908    0.06050
    839.01000    2.75113    0.08899    5.04270    0.05619
    842.63000    2.58438    0.05973    5.07812    0.08056
    844.53000    2.68113    0.06829    5.10797    0.03068
    845.82000    2.68863    0.07844    5.16553    0.05116
    847.87000    2.80055    0.04797    5.14928    0.04717
   1095.18000    2.29054    0.05807    4.77048    0.08050
   1099.32000    2.52897    0.06233    4.78670    0.05775
   1100.94000    2.56283    0.05676    4.71169    0.03521
   1102.01000    2.53895    0.05104    4.85411    0.04430
   1105.79000    2.59409    0.02263    4.67206    0.05356
   1110.62000    2.67800    0.05369    4.81788    0.03513
   1114.18000    2.74007    0.02265    5.01267    0.05806
   1116.56000    2.71215    0.05926    5.09779    0.06169
   1120.43000    2.66810    0.05829    5.00538    0.07595
   1123.01000    2.72837    0.05218    5.19272    0.05499
   1125.19000    2.58416    0.05145    4.87147    0.06496
   1127.36000    2.80493    0.05160    4.91679    0.05566
   1132.93000    2.72345    0.05729    4.97603    0.06730
   1136.72000    2.55800    0.07982    5.10533    0.05873
   1139.81000    2.77222    0.03737    4.91588    0.03237
   1142.09000    2.95183    0.05238    4.93623    0.04466
   1145.18000    2.80841    0.08068    5.28895    0.07439
   1147.71000    2.81461    0.04050    4.97762    0.03999
   1150.95000    2.76294    0.04815    4.98801    0.05340
   1155.46000    2.89412    0.07358    5.14700    0.04907
   1158.82000    2.85801    0.05171    4.94036    0.04815
   1161.61000    2.85315    0.08246    4.74370    0.08589
   1166.18000    2.74059    0.05813    4.67715    0.06136
   1169.85000    2.87152    0.04567    4.78567    0.04808
   1172.82000    2.93062    0.06805    4.85849    0.06380
   1174.83000    2.97672    0.05459    4.66474    0.07252
   1178.95000    2.91009    0.01311    4.59556    0.06512
   1180.23000    2.80839    0.04607    4.35209    0.04559
   1183.39000    2.80424    0.08729    4.62274    0.04760
   1186.15000    2.68095    0.05240    4.71754    0.05787
   1188.89000    2.65184    0.04681    4.72331    0.05247
   1192.40000    2.99157    0.06517    5.15552    0.05930
   1192.90000    2.70375    0.06010    4.82067    0.03416
   1194.35000    2.76807    0.06318    4.73075    0.05954
   1196.63000    2.86128    0.06997    4.85416    0.04862
   1198.89000    2.64803    0.07561    5.01222    0.06009
   1201.68000    2.70004    0.04225    5.12755    0.04481
   1203.41000    2.60499    0.04592    5.27840    0.03864
   1207.50000    2.57025    0.05091    5.45751    0.07288
   1210.79000    2.49265    0.05615    5.11223    0.04901
   1212.54000    2.61362    0.06475    5.20237    0.07295
   1462.26000    2.96518    0.04954    5.18618    0.02257
   1465.44000    3.13359    0.07237    5.40276    0.04393
   1469.76000    3.14653    0.04457    5.65988    0.04802
   1473.69000    3.10825    0.06030    5.75810    0.05280
   1477.14000    3.12891    0.04594    5.78066    0.02367
   1478.09000    3.12505    0.03201    5.59591    0.03102
   1481.14000    2.92118    0.03795    5.57744    0.04496
   1482.72000    2.95002    0.05628    5.52061    0.05988
   1486.62000    2.95603    0.04288    5.71026    0.06922
   1487.58000    3.04495    0.01554    6.10920    0.05289
   1490.37000    3.07528    0.05493    5.81615    0.05747
   1493.72000    3.25280    0.06595    5.44632    0.03941
   1496.24000    3.27142    0.02990    5.08800    0.06774
   1497.60000    3.24145    0.04301    5.08921    0.07809
   1499.75000    3.27064    0.04112    5.10096    0.05340
   1502.38000    3.28355    0.05678    5.08508    0.05108
   1505.71000    3.10008    0.04119    5.07346    0.05758
   1508.43000    3.10812    0.05339    5.25705    0.06873
   1512.51000    3.23382    0.06914    5.51612    0.05400
   1515.59000    3.29482    0.05392    5.34783    0.06815
   1516.45000    3.37931    0.06680    5.49592    0.09067
   1518.62000    3.14113    0.01276    5.30240    0.07288
   1522.27000    2.93513    0.04425    5.49914    0.08343
   1523.58000    2.91956    0.05678    5.54069    0.03883
   1527.87000    2.88541    0.07451    5.80835    0.03746
   1530.31000    2.94373    0.06832    5.75588    0.03350
   1534.57000    2.97139    0.04493    5.77030    0.04303
   1535.57000    3.05785    0.03847    5.76690    0.07834
   1540.75000    3.02822    0.07272    5.68508    0.06028
   1544.70000    3.14329    0.05211    5.35232    0.01526
   1548.26000    3.27098    0.04983    5.35425    0.00836
   1551.96000    3.22776    0.05984    5.48061    0.03686
   1555.61000    3.25410    0.04586    5.37097    0.06012
   1558.99000    3.33561    0.02733    5.51908    0.04911
   1561.95000    3.27364    0.02988    5.41873    0.06185
   1566.18000    3.15135    0.06496    5.49607    0.06090
   1570.32000    3.62475    0.06516    6.15189    0.07279
   1572.86000    3.00836    0.04052    5.15886    0.05666
   1577.02000    3.09918    0.05583    5.15512    0.04464
   1825.50000    2.65327    0.06576    4.45044    0.04754
   1827.09000    2.76915    0.07239    4.36848    0.09327
   1830.38000    2.69644    0.02754    4.49140    0.02538
   1832.71000    2.62431    0.05184    4.29263    0.04542
   1835.94000    2.85189    0.06526    4.25957    0.06739
   1838.87000    2.81910    0.05589    4.31401    0.07656
   1841.45000    2.69224    0.05654    4.50911    0.02808
   1844.55000    2.47609    0.05984    4.34127    0.05989
   1847.47000    2.55573    0.04859    4.37638    0.07177
   1850.90000    2.48773    0.04947    4.20275    0.05174
   1854.08000    2.81498    0.05030    4.34574    0.01857
   1857.61000    2.52047    0.02343    4.10330    0.05091
   1859.35000    2.57468    0.05969    4.15370    0.05816
   1861.80000    2.53758    0.07463    4.15162    0.06209
   1865.10000    2.51030    0.05970    4.14948    0.06176
   1867.13000    2.67074    0.07166    4.23968    0.07895
   1871.89000    2.51736    0.06769    4.57874    0.05527
   1873.40000    2.52435    0.03594    4.71530    0.08446
   1876.69000    2.58153    0.09681    4.92948    0.04318
   1881.64000    2.35456    0.04559    5.08190    0.08127
   1884.36000    2.27904    0.05476    4.95496    0.01509
   1888.31000    2.27656    0.09003    5.05726    0.04770
   1893.12000    2.33992    0.06730    5.20638    0.04641
   1895.57000    2.75951    0.08144    5.19314    0.04493
   1899.81000    2.88849    0.06463    4.93325    0.04488
   1903.80000    2.82397    0.08052    5.08322    0.04441
   1905.99000    2.93577    0.04538    5.08970    0.07785
   1908.07000    2.90084    0.03310    4.92703    0.02461
   1911.44000    2.92531    0.04500    4.80673    0.07256
   1914.07000    2.98261    0.05062    4.81679    0.03295
   1917.84000    2.95172    0.07853    4.80767    0.05454
   1920.93000    2.86983    0.04727    4.91102    0.06481
   1924.33000    3.07000    0.07223    5.00381    0.06348
   1927.14000    3.01568    0.06520    4.88112    0.03311
   1930.79000    3.06489    0.06389    4.90621    0.06923
   1932.13000    2.91460    0.03866    4.94207    0.05869
   1936.15000    2.80336    0.03824    4.87798    0.04185
   1938.69000    2.78017    0.05692    4.92379    0.05882
   1941.96000    2.74211    0.04808    4.82394    0.04391
   1943.76000    2.66471    0.09753    4.72854    0.06475
   2190.93000    3.06642    0.03251    4.86194    0.05846
   2194.12000    2.94106    0.01964    4.77733    0.05066
   2196.50000    2.66580    0.09006    4.64644    0.03547
   2200.40000    2.90543    0.05161    4.64863    0.05524
   2203.93000    2.91670    0.06262    4.75554    0.03914
   2204.26000    2.88407    0.05719    4.84728    0.04074
   2209.13000    2.73695    0.05995    4.82996    0.03418
   2212.16000    2.63111    0.09203    4.90522    0.06969
   2216.49000    2.80499    0.05643    5.15100    0.04319
   2219.93000    2.61130    0.05320    4.93424    0.09336
   2223.04000    2.76215    0.05010    5.02986    0.04252
   2223.47000    2.63885    0.06450    5.10834    0.05246
   2226.59000    2.70881    0.04424    5.15103    0.05187
   2230.25000    2.71533    0.04055    5.22151    0.04383
   2232.70000    2.68411    0.07234    5.28515    0.04678
   2233.95000    2.79792    0.03517    5.16401    0.05225
   2237.42000    2.80272    0.03907    5.50258    0.07335
   2239.87000    2.92037    0.06081    5.43645    0.03235
   2242.49000    2.90249    0.06554    5.34357    0.04849
   2243.83000    2.94955    0.05254    5.38573    0.07290
   2247.60000    2.84503    0.07049    5.41420    0.02514
   2252.83000    2.85496    0.03772    5.18696    0.06538
   2255.93000    3.13516    0.06183    5.23253    0.03578
   2260.69000    2.95352    0.04186    5.27453    0.06459
   2264.80000    3.12175    0.04959    5.23917    0.06134
   2267.68000    3.06255    0.03028    5.55767    0.08777
   2271.97000    3.16514    0.02132    5.37389    0.03744
   2273.58000    3.06128    0.08350    5.28294    0.05667
   2274.61000    2.96299    0.06086    5.00851    0.06629
   2278.80000    2.88653    0.07613    5.26282    0.05038
   2280.71000    2.74078    0.05395    4.92040    0.05564
   2283.83000    3.13608    0.04213    4.90459    0.06418
   2285.07000    3.12076    0.05520    5.00942    0.05984
   2286.71000    3.08357    0.04961    4.96236    0.05111
   2289.55000    3.08570    0.05652    4.93434    0.06563
   2295.12000    3.21277    0.02952    4.69451    0.05239
   2298.05000    3.12609    0.05112    4.84913    0.03953
   2301.93000    2.82704    0.06479    4.96435    0.06214
   2304.54000    3.00182    0.04742    4.82035    0.05072
   2307.82000    2.94643    0.05792    5.03297    0.04537
   2555.57000    2.80136    0.04599    4.61307    0.03375
   2558.45000    2.74160    0.05594    4.62059    0.05798
   2560.97000    2.83576    0.05120    4.69724    0.05151
   2562.72000    2.91625    0.08201    4.57845    0.06607
   2564.20000    2.82534    0.03610    4.53372    0.07604
   2566.95000    2.87260    0.10021    4.63085    0.05908
   2570.86000    2.80938    0.05387    4.96197    0.06038
   2574.66000    2.69133    0.04624    4.91751    0.04378
   2578.16000    2.75103    0.01810    4.87391    0.03485
   2580.94000    2.74562    0.03381    5.02329    0.06064
   2584.33000    2.67758    0.06197    4.84849    0.05716
   2587.88000    2.64974    0.03894    4.84251    0.06032
   2590.84000    2.70690    0.04844    4.98585    0.07005
   2593.17000    2.62853    0.06462    4.88128    0.06817
   2594.90000    2.80322    0.04754    4.89370    0.04699
   2599.71000    2.76518    0.04274    4.91727    0.03444
   2602.14000    2.75667    0.02816    4.89661    0.03598
   2604.26000    2.80663    0.02996    4.77406    0.06259
   2607.89000    2.84632    0.08087    4.98948    0.06074
   2610.96000    2.79883    0.06368    4.91408    0.03836
   2614.72000    2.50141    0.06646    4.44766    0.04200
   2618.02000    2.82498    0.03472    5.10843    0.04436
   2620.73000    2.88984    0.05820    4.96213    0.04357
   2624.62000    2.70922    0.06424    5.07817    0.05098
   2627.27000    2.76656    0.06329    4.98194    0.03653
   2630.14000    2.73569    0.07076    4.99678    0.03478
   2632.42000    2.89227    0.04619    5.26836    0.06606
   2634.97000    2.93786    0.05978    5.13146    0.04572
   2636.27000    2.79789    0.05972    5.14130    0.05598
   2639.60000    2.68659    0.05685    5.06611    0.06506
   2641.47000    2.98757    0.03747    5.05223    0.03342
   2645.24000    2.88676    0.07601    4.88491    0.06676
   2649.12000    2.84867    0.03129    4.93738    0.03588
   2652.87000    2.94561    0.04170    4.83651    0.03605
   2655.82000    2.87789    0.04217    4.99684    0.05856
   2660.29000    2.94966    0.07037    5.08309    0.03664
   2662.38000    3.22055    0.05051    5.70889    0.07876
   2666.52000    2.89671    0.05121    5.27045    0.05286
   2670.36000    2.74191    0.04283    5.30517    0.05446
   2674.13000    2.81919    0.05544    5.17343    0.05596
   2921.30000    3.17940    0.05936    5.15101    0.06735
   2924.09000    3.15536    0.05856    5.11770    0.04777
   2925.89000    3.17667    0.03529    5.43753    0.07145
   2928.13000    3.01306    0.03730    5.13418    0.06034
   2931.18000    3.01584    0.05256    5.13194    0.05173
   2935.21000    3.09895    0.05692    4.95464    0.02292
   2937.52000    2.94244    0.07076    5.04955    0.07088
   2941.37000    2.98417    0.05114    5.18023    0.05928
   2944.06000    2.93891    0.04987    5.26990    0.05586
   2947.90000    2.95254    0.03645    5.07375    0.04364
   2950.35000    2.95537    0.07414    5.04640    0.05950
   2954.79000    2.95942    0.08269    4.89493    0.04850
   2957.08000    2.94565    0.03597    4.78029    0.06415
   2962.11000    2.94270    0.06347    4.89156    0.05448
   2964.56000    2.97236    0.04279    4.76183    0.04218
   2967.54000    2.96738    0.05350    4.83749    0.06071
   2969.30000    3.09113    0.06910    4.94034    0.06555
   2972.30000    2.99672    0.06055    4.73037    0.03930
   2975.58000    2.90499    0.04959    4.74886    0.02507
   2978.69000    2.76713    0.05520    4.59161    0.04132
   2980.74000    2.72135    0.04765    4.54582    0.03466
   2983.19000    2.76719    0.04807    4.52081    0.04176
   2988.00000    2.70809    0.04506    4.62789    0.07024
   2992.57000    2.72094    0.03691    4.60584    0.05755
   2995.86000    2.55082    0.06682    4.33219    0.03193
   2998.06000    2.79448    0.07269    4.24643    0.04917
   2999.87000    2.75256    0.06530    4.17026    0.06141
   3002.36000    2.77701    0.05549    4.22304    0.06497
   3006.66000    2.68651    0.03507    4.15400    0.02555
   3009.83000    2.64735    0.03289    3.98550    0.06340
   3012.13000    2.73895    0.04078    4.13696    0.03273
   3015.41000    2.68824    0.04958    3.96506    0.06549
   3019.62000    2.77851    0.07969    4.24881    0.05324
   3022.98000    2.47751    0.05110    4.22846    0.04723
   3025.07000    2.46155    0.05557    4.08408    0.04028
   3026.81000    2.49495    0.05259    4.16036    0.05449
   3027.97000    2.45693    0.06810    3.87981    0.05238
   3031.40000    2.42331    0.05132    4.18715    0.06130
   3033.02000    2.33508    0.04270    4.14893    0.02066
   3035.82000    2.27553    0.04331    4.12134    0.01246
   3285.43000    2.92626    0.08156    4.39936    0.05189
   3287.98000    2.73796    0.06471    4.49364    0.02855
   3291.18000    2.71540    0.04347    4.29156    0.03915
   3294.95000    2.67197    0.05955    4.11185    0.05505
   3296.63000    2.70042    0.04615    4.18482    0.06230
   3298.93000    2.72971    0.02975    4.12754    0.05931
   3300.91000    2.73565    0.05475    4.21959    0.05594
   3304.33000    2.57941    0.04199    4.22684    0.03827
   3307.28000    2.64012    0.04792    4.36662    0.05658
   3309.91000    2.55235    0.04776    4.51078    0.03582
   3312.37000    2.53632    0.03863    4.55989    0.05521
   3316.48000    2.46731    0.04063    4.56241    0.03032
   3319.62000    2.19671    0.06282    4.25801    0.04651
   3323.63000    2.35047    0.05967    4.43037    0.03488
   3326.71000    2.50811    0.04290    4.33321    0.03912
   3327.57000    2.38079    0.04172    4.19886    0.04990
   3330.69000    2.38059    0.06961    4.15503    0.03072
   3331.29000    2.45316    0.04383    4.17248    0.06967
   3334.06000    2.54646    0.07444    4.23750    0.08445
   3336.97000    2.59830    0.05676    4.23920    0.03900
   3340.23000    2.68320    0.07096    4.42478    0.03446
   3342.84000    2.48456    0.04347    4.51050    0.06084
   3346.42000    2.56878    0.04718    4.48420    0.03659
   3349.52000    2.65131    0.07405    4.56173    0.04647
   3351.83000    2.25399    0.04291    4.12313    0.06313
   3355.03000    2.42407    0.04439    4.67322    0.05445
   3358.98000    2.46725    0.03987    4.71303    0.04346
   3362.06000    2.50018    0.05045    4.66494    0.03252
   3365.54000    2.60291    0.02721    4.55253    0.04423
   3366.72000    2.55821    0.03918    4.66852    0.03783
   3368.08000    2.56488    0.04029    4.60589    0.04052
   3370.12000    2.67653    0.06361    4.63835    0.05823
   3373.47000    2.77043    0.03927    4.72729    0.04729
   3377.23000    2.65267    0.03346    4.68015    0.06205
   3380.12000    2.79598    0.05766    4.80342    0.05825
   3384.60000    2.69859    0.01608    4.79895    0.06360
   3388.30000    2.65701    0.05600    4.71828    0.04404
   3389.68000    2.61903    0.06145    4.76004    0.02665
   3392.90000    2.73967    0.06946    4.65386    0.05262
   3394.34000    2.70025    0.02462    4.66291    0.06443
   3398.71000    2.66022    0.06561    4.54372    0.00996
   3402.32000    2.77337    0.05851    4.46106    0.05787
