## Time Delay Challenge light curves
##
## [time]=days, [lc]=[err]=flux in nanomaggies
##
##       time       lc_A      err_A       lc_B      err_B
##-------------------------------------------------------
      1.46000    0.56871    0.07482    0.26540    0.05871
      3.76000    0.62515    0.05650    0.46177    0.07719
      7.70000    0.62182    0.03278    0.27487    0.04221
      9.37000    0.58497    0.04526    0.26019    0.08171
     11.44000    0.64429    0.04927    0.24837    0.06968
     15.88000    0.62324    0.06834    0.13543    0.07724
     20.65000    0.59939    0.06568    0.35090    0.06040
     21.74000    0.50101    0.07059    0.37235    0.04824
     25.48000    0.58650    0.08219    0.31918    0.05513
     29.59000    0.71494    0.05816    0.29438    0.07251
     32.15000    0.72066    0.07354    0.42657    0.04683
     34.29000    0.64527    0.05159    0.33044    0.05340
     39.05000    0.64397    0.07163    0.43995    0.07756
     41.23000    0.77220    0.04894    0.31461    0.08073
     43.10000    0.77659    0.06054    0.37360    0.05371
     47.62000    0.59777    0.04061    0.32908    0.03059
     50.12000    0.74445    0.06296    0.27112    0.04961
     54.04000    0.66428    0.05196    0.26225    0.05098
     57.15000    0.71243    0.01039    0.37187    0.07476
     60.45000    0.65431    0.05181    0.32124    0.07718
     64.98000    0.67669    0.06910    0.30296    0.06062
     67.29000    0.64875    0.04723    0.39488    0.04028
     71.26000    0.52081    0.06503    0.37005    0.06327
     74.15000    0.67985    0.06009    0.35582    0.07486
     78.36000    0.49224    0.07231    0.32589    0.05410
     81.34000    0.61682    0.04392    0.39046    0.02520
     85.60000    0.58011    0.06798    0.26498    0.08836
     90.06000    0.43242    0.05213    0.38773    0.06877
     91.88000    0.62732    0.04820    0.48058    0.06848
     95.45000    0.60671    0.05333    0.46819    0.04434
     98.70000    0.64219    0.04618    0.41276    0.05599
    100.53000    0.71780    0.07042    0.37800    0.04657
    102.38000    0.57341    0.02579    0.41504    0.02285
    105.39000    0.46930    0.04393    0.42553    0.02241
    108.75000    0.49814    0.05867    0.40335    0.04492
    111.01000    0.60959    0.04091    0.39177    0.04737
    113.77000    0.56759    0.06213    0.43192    0.06568
    117.65000    0.57732    0.05316    0.39556    0.06119
    365.39000    0.55687    0.04021    0.32035    0.05108
    368.00000    0.53604    0.06218    0.31510    0.04469
    371.53000    0.50514    0.03094    0.41771    0.06132
    374.58000    0.60816    0.06349    0.30980    0.04634
    377.78000    0.62801    0.04727    0.30619    0.02271
    379.98000    0.54020    0.08075    0.29723    0.07563
    381.88000    0.65746    0.07495    0.48044    0.04587
    385.34000    0.52318    0.08330    0.32862    0.05041
    386.12000    0.58802    0.05048    0.31349    0.05310
    389.72000    0.47070    0.07533    0.30022    0.03714
    390.26000    0.70953    0.06443    0.36255    0.05806
    392.76000    0.61881    0.06947    0.33284    0.06856
    397.66000    0.54043    0.03455    0.33605    0.06635
    402.40000    0.44576    0.05967    0.32062    0.07967
    407.71000    0.47070    0.04235    0.26728    0.05376
    410.20000    0.47286    0.02856    0.40117    0.04926
    411.34000    0.54234    0.07851    0.30390    0.01770
    415.03000    0.45473    0.03220    0.32701    0.05560
    417.64000    0.44994    0.05663    0.17118    0.06573
    421.64000    0.52745    0.03442    0.24331    0.06236
    426.01000    0.44424    0.05271    0.33687    0.04728
    429.36000    0.47080    0.05437    0.37054    0.02084
    431.95000    0.54821    0.04767    0.39648    0.04738
    435.07000    0.48867    0.05971    0.38363    0.06593
    439.01000    0.48927    0.05505    0.48186    0.05945
    440.61000    0.42133    0.05886    0.28813    0.06040
    443.64000    0.43928    0.07186    0.42277    0.05617
    447.17000    0.54706    0.06445    0.31955    0.02669
    449.86000    0.47652    0.07408    0.32768    0.03566
    451.53000    0.59204    0.07102    0.28851    0.04901
    454.82000    0.52182    0.04684    0.34076    0.06596
    458.99000    0.53658    0.03803    0.25694    0.03218
    463.83000    0.57733    0.04241    0.27395    0.06432
    467.36000    0.50079    0.04004    0.27210    0.07123
    470.28000    0.47086    0.06418    0.32535    0.03253
    472.23000    0.47356    0.05063    0.30389    0.02028
    474.56000    0.57292    0.04375    0.23095    0.04761
    478.21000    0.66554    0.05401    0.31620    0.05796
    481.61000    0.53060    0.07191    0.24367    0.05575
    732.49000    0.39191    0.05351    0.25927    0.01994
    734.68000    0.43485    0.07799    0.24444    0.05729
    736.77000    0.54695    0.06450    0.21283    0.05727
    738.94000    0.49840    0.06301    0.33278    0.05334
    741.61000    0.62380    0.04777    0.15779    0.06762
    744.68000    0.43571    0.06408    0.27376    0.04571
    747.47000    0.57686    0.03852    0.25553    0.03278
    751.02000    0.52130    0.06322    0.34925    0.05653
    754.02000    0.45196    0.05228    0.28888    0.04455
    758.06000    0.52755    0.04601    0.24053    0.06682
    761.97000    0.60334    0.03931    0.25730    0.04365
    763.76000    0.53482    0.02531    0.30855    0.02876
    766.80000    0.53263    0.05106    0.35808    0.04556
    769.61000    0.56653    0.05836    0.26791    0.05720
    772.62000    0.56580    0.04671    0.25677    0.02610
    774.87000    0.63378    0.05286    0.23953    0.04443
    777.96000    0.53592    0.04244    0.26108    0.07012
    779.26000    0.56828    0.07923    0.28615    0.03466
    784.20000    0.64770    0.03453    0.24439    0.01655
    787.46000    0.52730    0.04374    0.26604    0.03606
    790.80000    0.45239    0.06236    0.33571    0.02831
    794.13000    0.47939    0.04453    0.25453    0.05683
    797.30000    0.58565    0.06573    0.17970    0.06291
    801.27000    0.64163    0.05238    0.29877    0.04433
    802.37000    0.56468    0.05156    0.37184    0.02924
    805.79000    0.64912    0.04724    0.31439    0.06693
    807.96000    0.64354    0.04630    0.30197    0.04144
    810.56000    0.64394    0.04293    0.29572    0.02938
    813.06000    0.60245    0.06379    0.34076    0.06166
    814.71000    0.57324    0.04610    0.24622    0.04669
    817.70000    0.69223    0.05062    0.32265    0.03191
    820.61000    0.55807    0.04819    0.28976    0.02468
    822.93000    0.56845    0.05748    0.22653    0.05682
    823.77000    0.59077    0.04210    0.27867    0.05288
    826.72000    0.55715    0.05560    0.23552    0.05993
    830.15000    0.74607    0.07628    0.30146    0.04799
    832.23000    0.62964    0.03499    0.35751    0.04744
    835.64000    0.72292    0.03899    0.26092    0.05798
    838.97000    0.65334    0.04772    0.26480    0.04266
    842.49000    0.72669    0.04948    0.35182    0.05532
    846.02000    0.74541    0.07176    0.32641    0.01928
   1097.56000    0.64772    0.03040    0.46977    0.05462
   1098.12000    0.67969    0.04066    0.32796    0.07038
   1100.25000    0.63588    0.03697    0.59417    0.07066
   1104.33000    0.62380    0.04695    0.29219    0.03170
   1106.92000    0.75085    0.06308    0.39348    0.03694
   1109.77000    0.69313    0.05434    0.29691    0.06048
   1113.14000    0.64875    0.04020    0.23416    0.06480
   1115.10000    0.70443    0.04869    0.36131    0.06066
   1118.08000    0.67595    0.04077    0.39038    0.04014
   1121.40000    0.74115    0.01529    0.43092    0.06554
   1122.91000    0.81152    0.05450    0.39849    0.03463
   1126.11000    0.73449    0.06935    0.35421    0.05661
   1128.02000    0.63601    0.03158    0.24095    0.04358
   1131.39000    0.69790    0.06936    0.31169    0.06033
   1133.47000    0.71517    0.03628    0.34343    0.04992
   1134.34000    0.69415    0.04272    0.38100    0.03153
   1137.87000    0.76282    0.07118    0.40255    0.01279
   1140.72000    0.72331    0.03433    0.46903    0.05289
   1143.77000    0.73138    0.04137    0.40453    0.06348
   1144.83000    0.77462    0.06095    0.43650    0.02328
   1148.12000    0.70886    0.04814    0.37381    0.03747
   1149.61000    0.77685    0.05745    0.43820    0.06319
   1152.70000    0.67260    0.05136    0.35283    0.05275
   1156.41000    0.63878    0.04053    0.39283    0.03316
   1158.21000    0.72014    0.03965    0.44902    0.04419
   1160.50000    0.59502    0.06903    0.39289    0.03172
   1164.09000    0.53504    0.08448    0.43029    0.04301
   1167.68000    0.69077    0.07071    0.42000    0.01985
   1171.62000    0.70636    0.04110    0.50356    0.05842
   1175.14000    0.61162    0.05220    0.41190    0.03310
   1176.76000    0.64074    0.04009    0.35205    0.06192
   1180.34000    0.60794    0.02294    0.42199    0.05435
   1183.96000    0.71230    0.04644    0.49631    0.08499
   1186.24000    0.69614    0.01731    0.40100    0.01993
   1187.65000    0.70870    0.06642    0.40853    0.03707
   1190.71000    0.72500    0.03845    0.43246    0.06243
   1194.74000    0.67486    0.06572    0.42210    0.01905
   1197.42000    0.65441    0.04998    0.32046    0.05102
   1201.81000    0.55743    0.05598    0.35309    0.04602
   1205.21000    0.69076    0.06060    0.33435    0.03964
   1208.32000    0.61518    0.05624    0.51369    0.04322
   1211.96000    0.67347    0.02708    0.37581    0.06282
   1460.34000    0.58473    0.04505    0.34929    0.03605
   1464.14000    0.57111    0.02953    0.38548    0.04991
   1466.27000    0.59619    0.06017    0.31201    0.07032
   1470.47000    0.61274    0.05492    0.34082    0.03411
   1472.62000    0.60568    0.05318    0.33571    0.03380
   1474.74000    0.61661    0.07301    0.21784    0.06202
   1478.12000    0.57238    0.03733    0.39910    0.04357
   1480.81000    0.58509    0.06721    0.37678    0.04026
   1483.37000    0.56268    0.04455    0.44255    0.06419
   1486.22000    0.57042    0.04931    0.36957    0.05531
   1488.91000    0.65885    0.03780    0.34506    0.05394
   1490.29000    0.60218    0.03475    0.25942    0.05762
   1492.85000    0.58593    0.03644    0.49932    0.06982
   1495.71000    0.55314    0.04959    0.35189    0.03013
   1496.90000    0.59950    0.04806    0.30405    0.06646
   1499.69000    0.69364    0.05360    0.39692    0.04454
   1502.03000    0.63695    0.07860    0.37475    0.04676
   1505.34000    0.64560    0.03430    0.34083    0.01546
   1507.73000    0.59904    0.04252    0.38205    0.06336
   1511.11000    0.65264    0.03852    0.33203    0.05486
   1514.41000    0.63063    0.03949    0.35330    0.02860
   1517.41000    0.56168    0.06135    0.28598    0.05336
   1519.26000    0.71113    0.04353    0.33803    0.03733
   1520.99000    0.58895    0.05030    0.31436    0.04825
   1524.43000    0.59182    0.04984    0.51649    0.06023
   1527.60000    0.59410    0.05625    0.30531    0.07327
   1529.09000    0.70800    0.04466    0.38674    0.03447
   1532.24000    0.63314    0.06809    0.23290    0.05957
   1533.60000    0.68179    0.04480    0.34880    0.04016
   1537.46000    0.56355    0.07560    0.24737    0.05606
   1540.29000    0.67619    0.05752    0.30777    0.06361
   1542.66000    0.57909    0.04693    0.31686    0.04532
   1545.69000    0.59121    0.05726    0.33093    0.03655
   1550.86000    0.59716    0.05520    0.35100    0.04594
   1555.40000    0.51942    0.05846    0.38982    0.06258
   1559.34000    0.63801    0.02792    0.34127    0.05437
   1562.55000    0.66614    0.05448    0.32428    0.04362
   1565.69000    0.63429    0.02852    0.36027    0.02706
   1568.67000    0.53384    0.08878    0.46492    0.03894
   1571.51000    0.64828    0.05071    0.31506    0.04825
   1573.21000    0.68442    0.06446    0.46439    0.05046
   1577.38000    0.63484    0.05659    0.50107    0.05876
   1578.41000    0.65999    0.04277    0.31290    0.05841
   1825.36000    0.69251    0.07671    0.46071    0.03007
   1829.22000    0.53853    0.06642    0.35881    0.05696
   1834.05000    0.55560    0.04442    0.34838    0.05624
   1839.31000    0.58137    0.01915    0.36179    0.04254
   1844.82000    0.55954    0.02563    0.25931    0.04096
   1846.07000    0.63113    0.06527    0.39097    0.04260
   1847.35000    0.62321    0.03314    0.30836    0.03404
   1852.67000    0.67066    0.06889    0.42970    0.04029
   1855.98000    0.55105    0.02732    0.32692    0.07588
   1857.19000    0.55882    0.04436    0.37424    0.04309
   1860.63000    0.64778    0.06404    0.33549    0.04897
   1862.47000    0.65651    0.05344    0.29891    0.04076
   1867.55000    0.59232    0.04786    0.29163    0.03049
   1872.99000    0.60112    0.06602    0.35383    0.05542
   1874.90000    0.48187    0.05196    0.32465    0.04696
   1877.69000    0.60847    0.02777    0.28942    0.07161
   1881.50000    0.55177    0.04753    0.30248    0.04294
   1883.22000    0.50899    0.08328    0.40875    0.03622
   1887.04000    0.41666    0.05423    0.42611    0.06310
   1891.28000    0.55485    0.08802    0.32604    0.03800
   1895.22000    0.50795    0.07873    0.35512    0.03231
   1899.06000    0.50264    0.08057    0.36083    0.01936
   1902.09000    0.55702    0.03861    0.34163    0.05373
   1905.88000    0.58916    0.03981    0.37931    0.05849
   1908.20000    0.51143    0.04866    0.32137    0.04920
   1911.28000    0.50823    0.02580    0.34022    0.02926
   1913.56000    0.61782    0.06550    0.32506    0.04595
   1915.59000    0.54912    0.02683    0.32911    0.05573
   1919.04000    0.58559    0.04976    0.28671    0.06706
   1922.51000    0.52792    0.03589    0.30596    0.06668
   1923.65000    0.67400    0.05756    0.30627    0.07083
   1927.44000    0.61111    0.05554    0.31557    0.04902
   1930.75000    0.52254    0.07568    0.36891    0.04981
   1934.73000    0.58047    0.06198    0.33158    0.05659
   1937.98000    0.71486    0.08609    0.39295    0.06628
   1941.55000    0.66139    0.04764    0.21321    0.05860
   1943.99000    0.58487    0.04780    0.37059    0.03474
   2190.08000    0.63005    0.05648    0.26523    0.05605
   2192.57000    0.65467    0.05446    0.29769    0.07044
   2195.67000    0.58008    0.08384    0.40204    0.04539
   2200.70000    0.62132    0.05525    0.19430    0.04380
   2203.88000    0.63963    0.06041    0.41631    0.04150
   2205.92000    0.68696    0.04641    0.32353    0.03460
   2210.76000    0.62705    0.04748    0.29641    0.04449
   2215.24000    0.52156    0.07553    0.28782    0.04094
   2220.21000    0.70734    0.05327    0.32529    0.05663
   2221.77000    0.64471    0.03037    0.31803    0.06943
   2224.83000    0.75578    0.03705    0.42409    0.06647
   2227.67000    0.81764    0.05829    0.33879    0.04458
   2231.03000    0.70658    0.03709    0.27226    0.09136
   2233.24000    0.69620    0.05599    0.35647    0.04173
   2236.46000    0.66349    0.04879    0.34970    0.08112
   2239.40000    0.70882    0.03991    0.32096    0.06959
   2243.29000    0.60933    0.06209    0.34989    0.05457
   2247.37000    0.65382    0.06149    0.37483    0.05217
   2249.12000    0.62430    0.03999    0.39555    0.05067
   2251.96000    0.63614    0.03245    0.34812    0.05760
   2253.47000    0.67209    0.04600    0.25348    0.06595
   2256.63000    0.50890    0.05925    0.27846    0.03983
   2259.33000    0.66282    0.03036    0.41458    0.06122
   2261.67000    0.67078    0.05292    0.35477    0.07854
   2266.14000    0.70523    0.05570    0.35320    0.07270
   2266.67000    0.67083    0.05170    0.32596    0.03882
   2268.49000    0.66067    0.05595    0.38057    0.02146
   2271.91000    0.64869    0.03121    0.38934    0.04756
   2274.65000    0.58987    0.06546    0.38210    0.03769
   2278.15000    0.74842    0.05083    0.33902    0.07272
   2282.55000    0.64182    0.03756    0.44145    0.08477
   2283.87000    0.62132    0.04563    0.42372    0.06203
   2285.66000    0.60836    0.05768    0.39959    0.07071
   2287.31000    0.57272    0.05256    0.34146    0.04664
   2289.44000    0.66363    0.04496    0.35420    0.05003
   2292.68000    0.68201    0.04471    0.40238    0.04060
   2295.40000    0.62692    0.05741    0.39162    0.08312
   2298.65000    0.67491    0.06157    0.39086    0.03825
   2301.69000    0.71438    0.01354    0.35245    0.05476
   2304.87000    0.73174    0.06194    0.40470    0.04092
   2308.08000    0.71991    0.04616    0.41309    0.07818
   2559.09000    0.46656    0.06416    0.37593    0.05570
   2562.16000    0.49368    0.07502    0.28135    0.08931
   2565.59000    0.49416    0.03199    0.29860    0.05814
   2567.78000    0.46316    0.05922    0.36681    0.06474
   2569.81000    0.55177    0.06398    0.30432    0.04395
   2572.11000    0.52861    0.03948    0.26179    0.05078
   2575.51000    0.43567    0.05112    0.30245    0.04599
   2579.08000    0.58381    0.07805    0.26010    0.04186
   2581.21000    0.50762    0.02485    0.21142    0.04340
   2584.10000    0.54903    0.09315    0.30864    0.03150
   2588.57000    0.48970    0.04490    0.22955    0.04449
   2591.06000    0.48243    0.02952    0.22803    0.05341
   2593.16000    0.44953    0.07518    0.29086    0.00100
   2595.59000    0.38728    0.06808    0.29640    0.02353
   2597.82000    0.45852    0.06958    0.25553    0.06917
   2600.01000    0.51381    0.04873    0.34633    0.05302
   2603.93000    0.43152    0.05487    0.22633    0.03836
   2606.79000    0.48025    0.03607    0.31529    0.03275
   2611.20000    0.47204    0.04495    0.24928    0.04574
   2614.80000    0.47726    0.04560    0.23418    0.05554
   2618.76000    0.57101    0.05850    0.34886    0.04981
   2621.01000    0.50696    0.01908    0.21378    0.07679
   2623.46000    0.50982    0.06173    0.27018    0.05104
   2626.64000    0.55985    0.03469    0.25602    0.08053
   2629.34000    0.49189    0.05284    0.27597    0.03588
   2632.39000    0.59720    0.06104    0.30333    0.04235
   2636.23000    0.49755    0.04101    0.31176    0.03762
   2640.97000    0.51302    0.03377    0.30337    0.04434
   2644.56000    0.56166    0.03984    0.30132    0.05840
   2645.29000    0.56261    0.03242    0.22833    0.07469
   2649.21000    0.46352    0.07030    0.32786    0.06219
   2651.56000    0.55657    0.03515    0.38452    0.06675
   2654.33000    0.51199    0.05403    0.26722    0.05558
   2656.59000    0.45307    0.04660    0.27279    0.03634
   2659.64000    0.50687    0.04380    0.29740    0.04224
   2661.46000    0.47951    0.06162    0.25624    0.06755
   2663.34000    0.52618    0.04880    0.32499    0.04878
   2667.43000    0.49007    0.05370    0.24116    0.10672
   2669.59000    0.51162    0.05887    0.32626    0.07162
   2671.49000    0.58052    0.03372    0.43865    0.07161
   2674.64000    0.52708    0.02436    0.23409    0.04094
   2923.17000    0.71885    0.07011    0.40371    0.03707
   2929.42000    0.84911    0.09280    0.27562    0.04349
   2932.29000    0.75468    0.04142    0.40638    0.05144
   2937.43000    0.82015    0.07229    0.31340    0.05085
   2939.77000    0.71814    0.03774    0.35373    0.05505
   2941.56000    0.68218    0.02026    0.29234    0.06038
   2945.14000    0.64330    0.04124    0.29538    0.05369
   2948.91000    0.72048    0.04975    0.42452    0.06779
   2951.89000    0.71807    0.05411    0.26165    0.07489
   2954.16000    0.87155    0.09265    0.27388    0.05258
   2956.78000    0.66106    0.05380    0.37745    0.03424
   2960.45000    0.65315    0.04888    0.32371    0.02427
   2961.58000    0.75532    0.06011    0.41085    0.05732
   2965.82000    0.68832    0.07538    0.40264    0.05160
   2967.92000    0.61679    0.05637    0.42855    0.04889
   2972.49000    0.60040    0.04220    0.36124    0.03464
   2976.44000    0.57992    0.04584    0.45384    0.07191
   2981.79000    0.61964    0.05745    0.44555    0.04374
   2985.03000    0.63292    0.04718    0.35633    0.09561
   2988.70000    0.70696    0.05131    0.39489    0.04466
   2990.62000    0.68199    0.07636    0.52098    0.06386
   2992.79000    0.62053    0.05268    0.37157    0.06663
   2993.89000    0.56853    0.05581    0.40424    0.03928
   2996.45000    0.60665    0.04935    0.50040    0.05577
   2998.87000    0.55773    0.06285    0.40904    0.07717
   3003.26000    0.67356    0.09315    0.36686    0.04161
   3005.47000    0.61082    0.03821    0.35479    0.05370
   3007.69000    0.64831    0.04581    0.43054    0.03464
   3012.12000    0.58454    0.03521    0.46418    0.03672
   3014.94000    0.57634    0.03293    0.40138    0.03030
   3019.79000    0.60686    0.05933    0.33860    0.04211
   3022.03000    0.50855    0.09262    0.35787    0.07375
   3025.62000    0.56733    0.04681    0.33762    0.06642
   3028.35000    0.59854    0.05025    0.35659    0.08685
   3031.05000    0.60384    0.03592    0.35173    0.03795
   3033.22000    0.47401    0.08673    0.37420    0.04344
   3036.25000    0.56051    0.08553    0.47166    0.03934
   3038.89000    0.49682    0.04709    0.38727    0.03917
   3285.49000    0.67118    0.04360    0.37844    0.03126
   3288.55000    0.58910    0.06134    0.30550    0.06203
   3292.48000    0.79937    0.09352    0.37704    0.05250
   3295.40000    0.72314    0.03902    0.34168    0.02839
   3296.47000    0.68761    0.04141    0.36391    0.03660
   3301.22000    0.66597    0.05722    0.53033    0.06769
   3303.40000    0.63951    0.06901    0.35966    0.06499
   3307.15000    0.71525    0.05752    0.37290    0.04357
   3309.06000    0.66708    0.07181    0.39331    0.04499
   3312.33000    0.65916    0.07974    0.34251    0.06252
   3315.89000    0.53736    0.05075    0.30102    0.07586
   3318.68000    0.61418    0.06155    0.35876    0.06323
   3321.13000    0.64448    0.04617    0.39438    0.03782
   3323.55000    0.54431    0.05225    0.36164    0.05577
   3326.37000    0.61886    0.06747    0.44105    0.06150
   3329.25000    0.51582    0.04035    0.30797    0.07078
   3332.20000    0.54918    0.02822    0.35454    0.03923
   3335.04000    0.57108    0.05259    0.48244    0.05547
   3337.47000    0.57856    0.07262    0.38071    0.04402
   3340.78000    0.58939    0.07285    0.31540    0.04039
   3346.45000    0.50888    0.05941    0.49826    0.08126
   3348.19000    0.49934    0.06008    0.37724    0.00856
   3351.70000    0.52390    0.04642    0.33366    0.04924
   3356.20000    0.57099    0.02357    0.45393    0.03442
   3359.40000    0.58093    0.04789    0.44350    0.06832
   3363.92000    0.49495    0.05430    0.45258    0.05819
   3365.89000    0.50987    0.06564    0.49891    0.06385
   3368.17000    0.56951    0.05965    0.35785    0.03807
   3372.02000    0.54191    0.05387    0.43840    0.08148
   3374.62000    0.57104    0.06200    0.35645    0.02105
   3377.11000    0.59896    0.03767    0.35755    0.03021
   3380.49000    0.50862    0.05374    0.36114    0.05962
   3383.52000    0.63956    0.05353    0.39860    0.03838
   3385.71000    0.58197    0.02908    0.38942    0.07187
   3388.40000    0.57591    0.05275    0.29047    0.05630
   3393.44000    0.52988    0.03604    0.37367    0.02629
   3396.64000    0.50176    0.04124    0.33990    0.03830
   3398.58000    0.52542    0.07949    0.28292    0.08235
   3402.15000    0.48373    0.06641    0.24641    0.03906
