## Time Delay Challenge light curves
##
## [time]=days, [lc]=[err]=flux in nanomaggies
##
##       time       lc_A      err_A       lc_B      err_B
##-------------------------------------------------------
      0.56000   13.74100    0.05184    1.67036    0.05305
      3.58000   13.84803    0.07251    1.69061    0.03915
      8.10000   13.85048    0.03627    1.59237    0.02401
      9.28000   13.49635    0.05466    1.56107    0.05272
     11.99000   13.17792    0.04466    1.58289    0.06841
     14.31000   13.03413    0.07082    1.61270    0.04707
     17.13000   13.06748    0.07244    1.58162    0.03323
     20.74000   13.40246    0.04224    1.59437    0.06398
     23.61000   13.73800    0.05008    1.64713    0.05053
     27.33000   13.97780    0.03586    1.66083    0.06169
     31.35000   13.74922    0.02220    1.65080    0.08126
     34.48000   13.82610    0.08214    1.45914    0.07299
     38.42000   14.03575    0.04148    1.55925    0.05989
     42.14000   14.13640    0.05510    1.65732    0.07131
     42.85000   14.17407    0.07440    1.78512    0.05600
     44.84000   13.70044    0.03576    1.60555    0.07693
     46.70000   13.27905    0.06045    1.63307    0.07257
     49.78000   12.76352    0.07658    1.65675    0.08259
     52.61000   12.22582    0.05024    1.69939    0.07372
     54.16000   12.28740    0.06511    1.73936    0.06127
     56.08000   12.13352    0.05360    1.74778    0.04231
     57.94000   12.25399    0.03168    1.71340    0.06519
     62.74000   12.21444    0.05524    1.81033    0.03931
     65.96000   12.54174    0.05813    1.68061    0.06111
     70.28000   12.45899    0.07435    1.79326    0.04979
     72.85000   12.53859    0.06691    1.63835    0.07263
     74.54000   12.45145    0.06427    1.66540    0.04618
     75.99000   12.35047    0.06743    1.65068    0.05361
     79.63000   12.80276    0.05527    1.67784    0.05308
     83.35000   12.41429    0.04930    1.72373    0.04839
     84.47000   12.42501    0.01047    1.71304    0.04984
     87.63000   12.69619    0.06347    1.67210    0.05126
     90.27000   12.53269    0.02704    1.72809    0.02394
     92.92000   13.02701    0.05468    1.71758    0.03184
     95.83000   12.94309    0.06236    1.75191    0.05608
     98.27000   12.04112    0.04372    1.69861    0.02878
    100.44000   11.76628    0.08140    1.72281    0.05136
    103.87000   12.04665    0.08081    1.63966    0.07091
    105.51000   11.67784    0.05557    1.64056    0.02279
    108.60000   11.95709    0.05693    1.65338    0.05490
    111.70000   12.02197    0.04067    1.71114    0.05251
    113.78000   11.77989    0.03463    1.67243    0.05496
    117.90000   11.54726    0.04767    1.64641    0.05220
    366.75000   13.22042    0.08203    1.39685    0.08929
    368.99000   13.23989    0.06074    1.45515    0.07680
    372.49000   13.10841    0.06431    1.39153    0.04909
    373.87000   13.41404    0.05005    1.52166    0.06627
    376.65000   13.47051    0.04057    1.47467    0.03863
    379.57000   13.03160    0.08763    1.42456    0.06080
    381.90000   13.07143    0.06536    1.31275    0.07049
    384.36000   13.70625    0.07481    1.47051    0.06573
    387.69000   14.03204    0.03948    1.40048    0.04213
    390.55000   14.00562    0.06707    1.34783    0.06869
    395.14000   13.35382    0.06367    1.47790    0.05264
    398.83000   13.54205    0.03741    1.43408    0.03031
    402.02000   13.94060    0.05091    1.50280    0.05225
    405.27000   14.57797    0.06140    1.42135    0.02089
    406.87000   14.11673    0.07609    1.53738    0.09354
    411.39000   14.12103    0.03257    1.36012    0.03693
    413.88000   14.15049    0.05486    1.38344    0.05371
    416.93000   13.94238    0.03387    1.34435    0.06473
    419.38000   14.14338    0.06079    1.33487    0.04270
    422.64000   14.13158    0.08393    1.39392    0.06669
    424.96000   14.91615    0.04525    1.41041    0.02797
    428.24000   14.57443    0.07121    1.42935    0.05866
    429.21000   14.63090    0.05119    1.37032    0.05666
    432.76000   15.06107    0.02337    1.50653    0.06339
    435.58000   14.58540    0.02597    1.56027    0.07022
    439.48000   14.36881    0.08410    1.51058    0.07115
    443.26000   14.81715    0.06803    1.35549    0.06529
    446.48000   14.64869    0.04904    1.25463    0.05929
    449.10000   14.33678    0.03169    1.32860    0.06856
    451.96000   14.39696    0.08214    1.29896    0.03370
    456.50000   14.03174    0.07782    1.33827    0.06919
    459.06000   14.23355    0.02985    1.42200    0.02273
    463.39000   13.83804    0.03058    1.42326    0.04732
    466.36000   13.77401    0.05831    1.43832    0.02592
    468.78000   13.92690    0.07347    1.46448    0.06806
    472.73000   13.77192    0.04987    1.45964    0.05907
    476.07000   13.91375    0.06419    1.59981    0.06482
    479.00000   14.25177    0.05987    1.48561    0.03316
    482.91000   14.44018    0.04310    1.58638    0.05364
    731.03000   15.43408    0.03655    1.80836    0.02999
    736.44000   15.75725    0.02991    1.80642    0.06201
    739.33000   15.80912    0.04292    1.85006    0.03990
    742.00000   15.79254    0.06919    1.87088    0.03029
    745.82000   16.18695    0.06843    1.97713    0.05626
    748.45000   16.45138    0.05601    1.94572    0.05937
    750.98000   15.78973    0.05507    1.88988    0.05577
    754.12000   16.18417    0.04485    1.80025    0.05760
    757.26000   16.16152    0.05877    1.81860    0.07039
    759.49000   15.97865    0.08179    1.88996    0.05566
    763.35000   16.34084    0.08333    1.85626    0.05401
    767.66000   16.00121    0.04883    1.87644    0.04286
    769.21000   15.64954    0.02612    1.87119    0.04978
    771.42000   15.66958    0.04431    1.99298    0.06469
    774.62000   15.61751    0.04509    1.75347    0.05275
    777.85000   16.00349    0.05328    1.81903    0.06892
    781.16000   16.27213    0.05885    1.74135    0.09398
    784.14000   17.00748    0.06952    1.91450    0.04780
    787.48000   17.53819    0.05654    1.88564    0.04552
    790.25000   17.35465    0.07573    1.88152    0.04957
    794.08000   17.28738    0.05371    1.93255    0.04939
    798.80000   16.18602    0.04116    1.90488    0.02590
    801.63000   16.08513    0.06620    1.83672    0.05840
    806.31000   15.95027    0.05371    1.95959    0.03954
    809.64000   15.79288    0.02159    1.86737    0.05671
    812.85000   15.61704    0.05233    1.90471    0.08337
    818.05000   15.04285    0.05251    1.89676    0.04485
    821.07000   15.05198    0.03248    1.83175    0.05129
    824.10000   14.39184    0.03335    1.77010    0.06858
    828.63000   14.19758    0.04408    1.91937    0.03780
    832.70000   14.20084    0.06338    1.90856    0.09754
    836.13000   14.59176    0.04918    1.91509    0.04634
    839.18000   14.94895    0.04799    1.85233    0.05115
    842.07000   14.02244    0.04165    1.86329    0.06982
    845.96000   13.55414    0.07343    1.90882    0.04442
    847.85000   13.27060    0.08003    1.89152    0.04121
   1095.23000   15.26205    0.05754    1.72926    0.05678
   1100.23000   15.55625    0.06717    1.74785    0.04414
   1102.32000   15.31068    0.04957    1.77996    0.04505
   1103.84000   14.89668    0.06861    1.65041    0.04984
   1105.90000   15.07402    0.07738    1.80046    0.04056
   1106.50000   15.19531    0.06230    1.67181    0.04896
   1109.90000   14.95504    0.03755    1.73513    0.05370
   1111.70000   15.05545    0.05950    1.79520    0.05595
   1115.32000   15.38583    0.07061    1.73911    0.06820
   1118.35000   15.02959    0.05945    1.74982    0.07475
   1119.38000   15.15764    0.06469    1.77936    0.05060
   1123.31000   15.37831    0.05194    1.67826    0.06010
   1124.48000   15.25094    0.03776    1.56721    0.05395
   1128.22000   15.25085    0.05597    1.65346    0.01853
   1132.01000   14.88758    0.05232    1.70192    0.04082
   1135.19000   15.76100    0.06637    1.84793    0.07223
   1138.19000   15.20003    0.06976    1.70484    0.01635
   1142.45000   15.11948    0.09521    1.72595    0.07926
   1145.25000   14.83099    0.07319    1.63186    0.06044
   1148.24000   14.94240    0.06072    1.92250    0.07298
   1151.68000   14.78741    0.07127    1.77700    0.06969
   1154.51000   15.08998    0.02238    1.73657    0.04786
   1155.64000   14.69575    0.05490    1.70215    0.04781
   1158.69000   15.04432    0.07303    1.73400    0.04299
   1163.12000   14.18932    0.08641    1.78068    0.07026
   1165.75000   14.36846    0.06359    1.73008    0.06501
   1168.46000   14.41472    0.05703    1.65421    0.06728
   1171.11000   14.08761    0.03365    1.70413    0.07291
   1174.49000   14.31452    0.09272    1.75705    0.03440
   1177.22000   13.82953    0.08014    1.68626    0.06083
   1181.02000   13.26065    0.06630    1.74735    0.05160
   1183.72000   13.30407    0.05343    1.67532    0.06802
   1185.74000   13.79758    0.05792    1.90066    0.09586
   1189.68000   13.36554    0.03794    1.82440    0.06548
   1192.38000   13.52380    0.04590    1.88465    0.07351
   1196.72000   12.89990    0.06340    1.70272    0.04551
   1197.48000   13.03315    0.05392    1.72586    0.06763
   1200.42000   12.84364    0.04461    1.77305    0.02467
   1201.49000   12.92446    0.04267    1.82161    0.07263
   1204.17000   12.80625    0.09063    1.68743    0.05902
   1205.92000   13.16393    0.03971    1.88938    0.05135
   1209.89000   12.90428    0.08344    1.87702    0.02297
   1211.96000   13.04741    0.04440    1.77851    0.06639
   1214.68000   13.05792    0.04734    1.79939    0.04050
   1460.66000   13.93019    0.03104    1.98672    0.01207
   1465.34000   14.18800    0.07565    1.90720    0.06242
   1469.79000   13.81569    0.03765    1.90269    0.07269
   1472.09000   13.55303    0.05593    1.78953    0.05621
   1477.67000   13.59611    0.03502    1.75282    0.05411
   1481.05000   13.48617    0.05607    1.87253    0.06466
   1483.58000   14.24617    0.04627    1.83012    0.05309
   1486.60000   13.97294    0.08171    1.85357    0.08158
   1489.32000   13.78015    0.03448    1.81651    0.03926
   1492.47000   13.84765    0.04243    1.75530    0.03900
   1494.71000   13.47354    0.04270    1.76411    0.02550
   1499.36000   13.22242    0.06379    1.73905    0.06082
   1503.00000   13.15524    0.04996    1.91194    0.05073
   1506.02000   12.73806    0.08337    1.69005    0.04229
   1510.48000   13.10774    0.05675    1.58022    0.06720
   1513.37000   12.35305    0.02700    1.73507    0.04166
   1516.51000   12.13409    0.05368    1.79247    0.06677
   1518.97000   12.38315    0.04811    1.77719    0.05292
   1523.04000   12.09747    0.04872    1.95845    0.07672
   1526.79000   12.15556    0.04261    1.70108    0.05530
   1531.10000   12.37666    0.04897    1.86178    0.05641
   1534.47000   11.95506    0.06696    1.83663    0.05479
   1536.38000   12.06506    0.02791    1.76924    0.06194
   1538.88000   11.75608    0.07330    1.77935    0.06059
   1541.83000   12.22192    0.03801    1.83760    0.04301
   1544.45000   11.83346    0.05578    1.82332    0.06607
   1546.44000   11.85977    0.05487    1.87768    0.05923
   1549.44000   11.87786    0.06171    1.81062    0.04129
   1553.29000   11.33015    0.05568    1.85319    0.03363
   1558.83000   11.53513    0.01789    1.81537    0.04894
   1562.04000   11.31845    0.05790    1.85739    0.04251
   1565.29000   11.39250    0.05161    1.88995    0.03203
   1568.70000   11.64650    0.04734    1.74812    0.03665
   1572.37000   11.33971    0.04657    1.68327    0.06534
   1576.03000   11.75668    0.05438    1.71034    0.04426
   1825.15000   12.82667    0.05060    1.65934    0.03554
   1827.54000   12.99882    0.05681    1.55006    0.03793
   1830.79000   13.21144    0.05349    1.63045    0.06721
   1833.65000   13.60748    0.05499    1.55555    0.06223
   1837.31000   13.90477    0.06045    1.62528    0.05880
   1839.12000   13.90976    0.01963    1.60979    0.04209
   1842.18000   13.89788    0.03798    1.53635    0.04843
   1846.34000   14.19454    0.02638    1.60747    0.04169
   1847.20000   14.19703    0.05207    1.59013    0.05508
   1848.86000   13.99851    0.09122    1.55840    0.00334
   1850.94000   13.90615    0.03601    1.60826    0.04094
   1854.06000   14.08070    0.05649    1.59548    0.08066
   1857.73000   13.11231    0.04447    1.53697    0.03267
   1858.27000   13.29020    0.01287    1.58340    0.04045
   1860.09000   13.10726    0.03780    1.61083    0.07647
   1861.19000   13.11781    0.04805    1.60186    0.04153
   1864.11000   12.78399    0.04231    1.60514    0.01897
   1867.47000   12.38870    0.03785    1.57557    0.02231
   1870.26000   12.69602    0.04099    1.60314    0.06807
   1873.84000   12.28920    0.06369    1.57539    0.06028
   1875.38000   12.33425    0.07952    1.52713    0.04899
   1878.16000   12.22290    0.06302    1.47633    0.04903
   1881.09000   12.57369    0.05692    1.37332    0.08258
   1883.39000   12.55447    0.06487    1.59975    0.04622
   1886.57000   12.24220    0.07343    1.51995    0.04526
   1888.39000   12.14656    0.07765    1.65003    0.05806
   1892.25000   12.20907    0.04519    1.59640    0.05728
   1895.57000   11.66897    0.04066    1.46630    0.08016
   1899.33000   11.82035    0.04817    1.53303    0.03278
   1900.33000   12.30919    0.06999    1.57554    0.07139
   1903.20000   12.40707    0.06554    1.56741    0.04904
   1906.39000   12.80121    0.07136    1.58249    0.04480
   1910.36000   12.89819    0.06966    1.57952    0.05924
   1912.18000   13.05845    0.07816    1.56974    0.04628
   1914.16000   13.16770    0.05752    1.56658    0.05348
   1916.94000   13.50979    0.06587    1.55318    0.08672
   1920.67000   13.39771    0.08199    1.55133    0.06648
   1924.70000   13.13224    0.04230    1.46851    0.02733
   1926.22000   12.74060    0.05142    1.53817    0.05688
   1928.24000   12.84606    0.06031    1.53468    0.09793
   1931.59000   13.13389    0.05276    1.62017    0.06826
   1934.55000   12.96249    0.01685    1.61382    0.06235
   1937.81000   13.42076    0.02773    1.52655    0.04186
   1939.68000   13.76781    0.06664    1.60575    0.03664
   1941.91000   13.68594    0.04771    1.74006    0.05411
   1943.97000   13.58919    0.05265    1.38802    0.06510
   2191.99000   16.23138    0.05883    2.00740    0.04477
   2195.96000   16.48270    0.05822    1.99501    0.03452
   2199.80000   17.39378    0.07315    2.01752    0.06882
   2202.46000   18.03260    0.03143    1.99116    0.04488
   2204.10000   17.91347    0.05081    1.97274    0.03733
   2207.58000   18.61331    0.08418    1.89608    0.07315
   2208.93000   18.94091    0.08091    1.99388    0.04083
   2212.36000   19.55615    0.06615    2.02478    0.05383
   2214.76000   19.81944    0.05513    1.96785    0.05869
   2217.88000   19.39012    0.06217    1.96130    0.03290
   2220.94000   19.65153    0.05669    1.97309    0.04817
   2222.96000   19.09907    0.03614    1.97512    0.05753
   2224.95000   18.82510    0.06877    1.89028    0.06462
   2228.57000   18.50381    0.03712    1.98654    0.04211
   2230.92000   19.04706    0.05927    1.90785    0.04290
   2233.19000   18.85318    0.06292    1.75021    0.08183
   2236.14000   18.47590    0.06961    1.86843    0.05259
   2238.57000   17.83581    0.05453    1.99354    0.08862
   2241.98000   18.45407    0.06621    1.83951    0.07625
   2244.00000   18.91912    0.05976    1.99660    0.04991
   2247.23000   19.12743    0.06697    1.98608    0.03740
   2250.55000   18.09861    0.03613    1.97288    0.05626
   2252.65000   17.80498    0.04641    1.96194    0.04792
   2255.52000   17.85872    0.06060    1.98354    0.04812
   2258.95000   18.08755    0.08717    1.99583    0.01850
   2262.33000   17.57496    0.04026    1.94794    0.01025
   2265.33000   17.26289    0.05797    1.97873    0.01955
   2268.96000   16.74045    0.03418    1.94708    0.03690
   2270.54000   16.46948    0.05061    1.95999    0.06558
   2272.58000   15.54346    0.05936    2.13973    0.05061
   2273.59000   15.66902    0.06720    2.06850    0.02611
   2275.42000   15.71019    0.06721    2.10831    0.03619
   2277.72000   16.21214    0.05095    2.10302    0.06346
   2281.53000   16.14872    0.07369    2.14873    0.06772
   2284.67000   16.43351    0.03716    2.22059    0.02817
   2288.86000   15.52051    0.04085    2.16721    0.04855
   2291.28000   15.72701    0.03659    2.15843    0.07670
   2292.85000   15.79883    0.04548    2.14153    0.05138
   2295.13000   15.65337    0.05502    2.16810    0.05905
   2299.00000   15.31955    0.01888    2.06104    0.04530
   2303.98000   14.96971    0.05757    2.07627    0.05595
   2306.32000   14.86637    0.05672    1.99916    0.00377
   2308.00000   15.21447    0.05638    2.06538    0.03524
   2308.61000   15.47360    0.06569    2.03644    0.05592
   2556.53000   16.14178    0.05007    1.93472    0.06751
   2559.82000   16.23119    0.01422    2.02550    0.07822
   2562.93000   15.73238    0.02313    2.17425    0.05219
   2565.51000   15.85884    0.05044    2.04560    0.03579
   2568.54000   15.68814    0.04453    2.07505    0.04339
   2571.36000   15.68301    0.06897    2.19349    0.03429
   2573.40000   16.42692    0.06070    2.36289    0.08270
   2576.72000   15.39250    0.06283    2.35400    0.03825
   2577.42000   15.23868    0.04193    2.31141    0.07368
   2578.93000   15.17956    0.03260    2.32801    0.04722
   2582.69000   15.26844    0.04668    2.42916    0.05975
   2588.49000   15.44612    0.06214    2.18992    0.05321
   2590.55000   15.64573    0.04596    2.16983    0.05692
   2594.60000   15.59086    0.05123    1.89340    0.06627
   2596.27000   15.76893    0.03600    1.97546    0.04939
   2598.49000   15.21267    0.04705    2.00224    0.05060
   2600.33000   15.25265    0.05439    1.90574    0.03128
   2602.91000   15.94220    0.04098    1.77944    0.07707
   2604.56000   15.72145    0.07067    1.92169    0.05548
   2607.78000   15.52268    0.07999    1.92516    0.01060
   2610.38000   15.93028    0.08603    1.92408    0.06588
   2614.16000   16.01148    0.04444    1.82293    0.07666
   2617.26000   16.12764    0.03493    1.91143    0.07471
   2622.40000   16.13268    0.06566    1.99512    0.02531
   2627.66000   15.96787    0.02690    2.03627    0.04970
   2631.21000   15.40914    0.05259    1.93287    0.05616
   2633.77000   15.88589    0.06014    1.90168    0.06413
   2635.94000   15.55087    0.03597    1.94599    0.07048
   2638.50000   15.98654    0.03804    1.86309    0.04977
   2641.26000   15.99194    0.05820    1.90767    0.04703
   2645.04000   15.81222    0.06119    1.93550    0.05518
   2648.85000   16.05300    0.04823    1.82077    0.06219
   2650.69000   16.24567    0.07163    1.80398    0.02934
   2652.62000   16.33779    0.03479    1.78748    0.02426
   2655.46000   16.11351    0.06671    1.79097    0.05726
   2659.00000   15.56061    0.06674    1.85482    0.02689
   2662.30000   15.10368    0.05557    1.92367    0.03092
   2666.45000   14.58385    0.05148    1.80386    0.04657
   2668.87000   13.87802    0.03790    1.95555    0.03457
   2673.38000   14.86183    0.05226    1.93123    0.03597
   2921.78000   13.52424    0.09123    1.97624    0.06861
   2924.80000   13.22746    0.04019    1.83459    0.04419
   2929.32000   13.70076    0.06480    1.83804    0.08414
   2934.96000   14.08225    0.07142    1.79004    0.03625
   2939.36000   14.10284    0.07763    1.81780    0.02896
   2942.25000   13.85906    0.02871    1.82817    0.06200
   2945.02000   13.76194    0.04524    1.79338    0.03762
   2948.21000   13.32606    0.05105    1.83730    0.05311
   2952.38000   13.45827    0.05476    1.74616    0.04932
   2955.74000   12.73127    0.04317    1.67500    0.03923
   2958.62000   12.97547    0.04882    1.65337    0.05317
   2961.17000   13.35540    0.03641    1.64118    0.02927
   2962.52000   13.77117    0.04692    1.53643    0.05836
   2964.28000   14.15120    0.06381    1.56800    0.03271
   2966.35000   14.01842    0.06216    1.55277    0.05251
   2968.58000   13.99270    0.05769    1.62693    0.05020
   2970.72000   14.15545    0.03207    1.54942    0.08392
   2973.38000   14.58620    0.06288    1.58762    0.04103
   2977.18000   15.04391    0.06518    1.50296    0.08011
   2980.02000   15.06738    0.05119    1.40064    0.04990
   2982.67000   15.14189    0.04732    1.45701    0.07611
   2984.37000   15.31689    0.03625    1.48878    0.04992
   2986.11000   15.30575    0.06573    1.43248    0.04642
   2988.24000   15.43814    0.04991    1.52179    0.05554
   2990.34000   15.32957    0.08057    1.48481    0.03194
   2994.38000   14.55449    0.00770    1.53767    0.08813
   2997.80000   14.80846    0.02979    1.51733    0.05254
   2999.42000   14.85564    0.03633    1.55774    0.06273
   3001.58000   14.75787    0.04363    1.51759    0.06073
   3003.51000   14.94682    0.06811    1.46157    0.03263
   3006.00000   14.80902    0.06424    1.64790    0.02955
   3010.76000   14.84511    0.05871    1.68981    0.04274
   3013.33000   14.66465    0.04144    1.64670    0.02776
   3016.24000   15.36808    0.04434    1.66812    0.04844
   3018.10000   15.23490    0.05162    1.73467    0.04400
   3020.97000   14.60736    0.04745    1.67576    0.04863
   3024.14000   14.56454    0.05210    1.68937    0.02687
   3027.93000   15.59171    0.07305    1.59877    0.04986
   3032.58000   15.85352    0.04525    1.62373    0.04348
   3034.65000   16.01198    0.06655    1.69306    0.04992
   3037.71000   15.93817    0.02677    1.62654    0.03213
   3285.06000   14.58396    0.06080    1.86291    0.09399
   3289.16000   14.34087    0.05321    1.83286    0.05564
   3290.79000   14.27627    0.04368    1.88750    0.05051
   3293.45000   14.59879    0.02723    2.10855    0.08029
   3296.80000   14.27978    0.05968    2.03308    0.02324
   3297.64000   14.20235    0.04614    1.99533    0.07597
   3301.77000   14.75834    0.04886    2.04638    0.01271
   3302.95000   14.64461    0.07044    2.06281    0.06502
   3304.98000   15.16838    0.08004    2.10861    0.05987
   3309.54000   14.47374    0.04039    2.09275    0.04859
   3312.21000   14.67161    0.04836    2.08901    0.06044
   3314.69000   14.41400    0.06010    2.06058    0.04897
   3316.49000   14.53583    0.04614    2.05889    0.05560
   3319.93000   13.91125    0.05386    2.21659    0.07630
   3322.10000   14.28147    0.05583    1.97099    0.08014
   3323.72000   14.21942    0.06589    2.22303    0.04534
   3327.34000   13.58366    0.04176    2.17795    0.06401
   3329.30000   13.43501    0.06107    2.08856    0.07115
   3332.00000   13.29638    0.03844    2.08419    0.04370
   3334.99000   13.04955    0.04176    2.10091    0.03169
   3337.25000   13.27653    0.07641    1.98072    0.04277
   3342.09000   13.10649    0.06008    1.99729    0.06163
   3345.69000   12.96553    0.04131    2.16475    0.05516
   3350.44000   12.66118    0.06058    2.13292    0.06164
   3353.47000   12.56724    0.05202    2.09661    0.02580
   3356.20000   12.53594    0.04566    2.08816    0.01496
   3359.65000   12.01261    0.04466    2.02082    0.03743
   3362.52000   12.21043    0.04627    1.91481    0.06663
   3365.41000   12.17603    0.06497    2.05454    0.05946
   3367.48000   12.09593    0.04821    1.99672    0.04556
   3370.44000   12.29111    0.04450    1.92683    0.03537
   3373.80000   13.16537    0.07066    1.88647    0.04165
   3375.64000   12.76830    0.01938    2.05344    0.06950
   3380.26000   13.21881    0.05219    1.97358    0.01984
   3384.04000   13.12107    0.03537    1.88416    0.07357
   3388.23000   13.07087    0.04279    1.85631    0.04579
   3389.81000   13.06086    0.01838    1.86238    0.05371
   3392.57000   13.16914    0.04186    1.85284    0.04444
   3394.45000   12.72133    0.06500    1.83795    0.06588
   3398.06000   12.70627    0.07480    1.81871    0.04412
   3400.77000   13.20076    0.03515    1.72730    0.05556
   3404.50000   13.24398    0.10299    1.73065    0.04201
