## Time Delay Challenge light curves
##
## [time]=days, [lc]=[err]=flux in nanomaggies
##
##       time       lc_A      err_A       lc_B      err_B
##-------------------------------------------------------
      4.24000    1.58218    0.07824    9.87757    0.05568
      5.63000    1.54212    0.02369   10.17878    0.03607
      8.63000    1.55619    0.04155   10.21929    0.05879
     14.34000    1.67370    0.04789   10.24827    0.05427
     19.10000    1.72792    0.04993    9.49426    0.03868
     22.45000    1.71391    0.04435    9.06126    0.04495
     24.37000    1.71421    0.02034    9.37166    0.07532
     24.88000    1.61012    0.06071    9.36195    0.05990
     28.51000    1.66394    0.04460    8.94958    0.05621
     32.33000    1.59225    0.05594    9.52069    0.07249
     33.15000    1.66135    0.04952    9.20216    0.03166
     37.48000    1.49206    0.04781    9.50815    0.07433
     39.69000    1.33981    0.04182    9.62089    0.05143
     43.02000    1.48894    0.09885    9.88270    0.05604
     46.54000    1.60099    0.08270   10.38877    0.05676
     49.71000    1.54378    0.02952   10.72266    0.07272
     52.56000    1.51391    0.07464   11.10107    0.07749
     55.52000    1.52067    0.08267   10.90419    0.02597
     58.81000    1.43365    0.06535   10.61643    0.06340
     61.78000    1.39684    0.06837   10.44179    0.06520
     67.09000    1.48277    0.06766   10.05572    0.03138
     69.99000    1.51012    0.05923   10.30727    0.05272
     74.97000    1.57275    0.03977   10.13968    0.06859
     76.42000    1.50526    0.03544   10.11300    0.04038
     79.06000    1.56633    0.05632   10.11505    0.04904
     81.11000    1.62762    0.04433   10.34434    0.05341
     84.04000    1.65663    0.03593   10.65355    0.04308
     87.70000    1.64627    0.05736   10.60734    0.04154
     91.65000    1.58251    0.07387   10.66728    0.06016
     96.08000    1.48009    0.07292   10.99070    0.03928
     98.53000    1.42253    0.04195   11.06714    0.05597
    102.74000    1.42461    0.05994   10.18585    0.04842
    106.14000    1.36411    0.05736   10.31353    0.03985
    108.43000    1.44767    0.05414   10.46232    0.06677
    111.73000    1.39843    0.03386   11.02222    0.05521
    114.32000    1.53009    0.09701   11.25372    0.07379
    117.21000    1.54366    0.06555   11.11542    0.05385
    367.57000    1.56656    0.07890   10.15039    0.05774
    370.22000    1.65580    0.06824   10.35697    0.03321
    373.79000    1.66640    0.04095    9.98281    0.07092
    377.41000    1.63365    0.05735   10.70600    0.04899
    379.87000    1.75841    0.04738   10.31724    0.07346
    382.11000    1.81851    0.05242   10.64380    0.06579
    384.96000    1.71012    0.05384   11.39087    0.05214
    386.30000    1.75976    0.07430   10.98752    0.03936
    388.97000    1.66686    0.04656   11.18890    0.08201
    390.73000    1.69543    0.05357   11.33135    0.05137
    395.08000    1.61619    0.03294   11.54235    0.04514
    398.60000    1.49555    0.07172   11.44259    0.03373
    401.21000    1.55810    0.05279   11.00416    0.06847
    402.51000    1.52611    0.03199   11.09094    0.03640
    406.55000    1.40323    0.09228   11.03942    0.03685
    409.71000    1.54993    0.03985   11.15947    0.02636
    412.70000    1.60835    0.03978   10.81594    0.05243
    415.98000    1.53025    0.05348   11.07672    0.04321
    419.66000    1.55551    0.02956   11.04559    0.01596
    421.04000    1.56907    0.05182   11.05680    0.03117
    424.01000    1.50485    0.07953   11.26551    0.08618
    426.64000    1.64550    0.04126   11.30706    0.05153
    429.17000    1.55410    0.06131   11.45793    0.06910
    433.87000    1.52809    0.04721   11.74698    0.04915
    437.15000    1.56695    0.02070   11.02642    0.06147
    440.55000    1.63166    0.06200   10.80182    0.04345
    444.63000    1.69051    0.05644   11.04532    0.07654
    445.19000    1.76794    0.07124   11.13112    0.04915
    448.02000    1.74406    0.05377   11.25701    0.06444
    450.10000    1.69938    0.04790   11.44395    0.04282
    455.14000    1.65223    0.10022   11.97154    0.05830
    458.10000    1.80221    0.05150   12.04916    0.07678
    460.22000    1.74206    0.01540   12.26219    0.06763
    464.38000    1.73425    0.05617   11.93790    0.08978
    467.58000    2.01818    0.05161   10.94817    0.05126
    470.59000    1.88586    0.06721   11.13117    0.04529
    475.21000    1.86075    0.06206   11.41494    0.05982
    477.91000    1.63021    0.05377   11.38884    0.06938
    481.73000    1.90583    0.07296   11.66984    0.04907
    483.48000    1.66740    0.07165   11.50431    0.05249
    732.85000    1.73609    0.07338   10.36412    0.02561
    736.13000    1.76513    0.00611   10.73300    0.03030
    739.09000    1.89830    0.05252   11.37333    0.04201
    741.25000    1.81583    0.07838   11.21194    0.04091
    744.43000    1.74339    0.06132   11.59456    0.04289
    747.96000    1.73682    0.03723   11.52536    0.03804
    750.67000    1.63616    0.06281   11.65214    0.05796
    752.86000    1.64000    0.03293   11.58155    0.05250
    757.73000    1.64862    0.04688   11.71401    0.06787
    760.72000    1.63484    0.04064   11.50370    0.04727
    762.59000    1.70515    0.03053   11.65595    0.04700
    766.32000    1.60758    0.06232   11.12367    0.04718
    768.83000    1.64384    0.07306   10.70622    0.07159
    771.10000    1.53428    0.04199   10.53888    0.05798
    772.94000    1.57835    0.04973   10.73377    0.06000
    777.22000    1.59148    0.05119   10.43601    0.06665
    778.82000    1.55284    0.02721   10.45954    0.08526
    782.77000    1.51300    0.05490   11.04057    0.05590
    786.48000    1.55632    0.05001   11.03183    0.04137
    788.61000    1.61874    0.02249   11.18484    0.08651
    792.64000    1.68099    0.05635   11.11721    0.03627
    797.15000    1.78504    0.02492   11.49619    0.01929
    798.74000    1.81334    0.04847   11.50993    0.04835
    802.56000    1.74058    0.02365   12.20647    0.05721
    806.61000    1.67291    0.05284   11.19153    0.04243
    809.82000    1.75388    0.06813   10.84164    0.04225
    812.84000    1.84962    0.05224   10.16094    0.06626
    814.41000    1.83758    0.06641   10.13151    0.06900
    819.73000    1.83697    0.07308   10.07075    0.07493
    824.01000    1.80073    0.06035   10.00329    0.07716
    825.81000    1.71447    0.07338    9.94084    0.02467
    829.39000    1.69801    0.04739    9.48442    0.04599
    831.35000    1.80308    0.04696    9.63974    0.05518
    834.14000    1.90265    0.06423    9.74108    0.01838
    838.08000    1.82861    0.05970    9.72362    0.06081
    841.52000    1.69590    0.04774    9.61936    0.07008
    845.21000    1.69090    0.02848    9.47743    0.04341
    848.35000    1.63944    0.02993    9.92313    0.03513
    849.94000    1.63475    0.03414    9.99506    0.06976
   1096.42000    1.85239    0.06634   10.69439    0.04869
   1100.40000    1.72924    0.05279   11.61123    0.07636
   1103.41000    1.52021    0.06432   11.62265    0.02819
   1105.22000    1.41332    0.03939   11.32622    0.05553
   1106.90000    1.51444    0.03049   11.04959    0.06783
   1110.23000    1.48873    0.04887   11.31898    0.03593
   1112.14000    1.47034    0.05536   11.11641    0.05755
   1113.78000    1.49528    0.03789   11.01557    0.05912
   1117.79000    1.50870    0.05007   11.47961    0.04692
   1120.68000    1.52391    0.05282   11.67672    0.03151
   1123.40000    1.50550    0.03131   11.89443    0.07822
   1128.66000    1.47049    0.06916   10.60303    0.05613
   1129.98000    1.69504    0.08206   10.43609    0.07559
   1132.01000    1.67807    0.05636   10.26345    0.06151
   1135.09000    1.61439    0.07022   10.43321    0.03861
   1137.74000    1.64102    0.05761   10.52569    0.04216
   1141.91000    1.66892    0.06754   10.14860    0.03878
   1144.88000    1.57094    0.04450   10.35781    0.04380
   1148.39000    1.50123    0.07078   10.78433    0.03174
   1152.63000    1.50153    0.04683   11.19886    0.07699
   1154.95000    1.46942    0.04558   11.35125    0.07272
   1159.11000    1.42514    0.07537   11.99481    0.04633
   1160.40000    1.38093    0.05044   11.77128    0.03279
   1163.51000    1.46432    0.06223   11.65235    0.06330
   1165.64000    1.44884    0.07313   11.05344    0.05491
   1169.07000    1.61302    0.05068   12.19514    0.07605
   1171.64000    1.46091    0.05836   11.49991    0.03741
   1175.32000    1.66607    0.04958   11.57326    0.05297
   1177.61000    1.58917    0.02619   11.62375    0.07411
   1180.62000    1.67520    0.04449   11.60714    0.03953
   1182.62000    1.60562    0.02993   11.23436    0.07809
   1185.05000    1.51128    0.03341   10.84975    0.06539
   1188.00000    1.52361    0.06026   11.25488    0.04250
   1192.22000    1.65813    0.05187   11.07903    0.07813
   1195.24000    1.59354    0.04844   11.49237    0.02845
   1197.95000    1.64598    0.04087   11.47945    0.06282
   1199.61000    1.48024    0.03672   11.62075    0.05399
   1202.67000    1.45623    0.05805   11.35191    0.05351
   1204.54000    1.32008    0.06943   11.56004    0.03243
   1209.17000    1.50927    0.06013   11.05944    0.04614
   1211.54000    1.43171    0.03814   10.60953    0.07832
   1213.54000    1.34853    0.04738   10.52157    0.05667
   1460.95000    1.98398    0.04613   10.81393    0.06088
   1462.88000    1.89683    0.05237   10.77109    0.04723
   1466.01000    1.92311    0.02622   10.66148    0.07953
   1468.34000    1.93482    0.05650   10.75653    0.03957
   1473.13000    2.00079    0.08683   11.06258    0.06232
   1475.66000    1.79727    0.04521   11.58496    0.04760
   1477.90000    1.86638    0.06488   11.64726    0.04361
   1482.34000    1.73565    0.03569   11.85863    0.07366
   1485.01000    1.60539    0.06905   11.82298    0.04342
   1488.08000    1.77524    0.04087   12.30689    0.06295
   1490.24000    1.70415    0.05904   11.99164    0.04591
   1493.73000    1.77990    0.04014   12.07042    0.05837
   1498.29000    1.63440    0.02898   11.84989    0.03490
   1501.87000    1.53731    0.05225   11.92337    0.05768
   1505.78000    1.55761    0.03028   12.53310    0.06981
   1508.54000    1.70255    0.05589   11.77162    0.04851
   1512.45000    1.77142    0.08382   11.51348    0.07973
   1513.37000    1.70057    0.03723   11.54935    0.05647
   1516.22000    1.72401    0.06415   11.66132    0.06749
   1519.57000    1.75280    0.07573   12.08855    0.02365
   1522.66000    1.55791    0.05108   11.62102    0.04129
   1525.86000    1.63042    0.05610   12.01389    0.05632
   1528.73000    1.60455    0.03665   11.77959    0.03198
   1530.09000    1.62290    0.06531   11.51743    0.01918
   1533.76000    1.56649    0.06566   10.93294    0.06628
   1535.49000    1.66560    0.05211   10.93279    0.05824
   1538.63000    1.57994    0.05856   11.00089    0.03760
   1541.31000    1.61647    0.03260   10.97349    0.04901
   1544.66000    1.55884    0.06620   10.90133    0.06300
   1547.34000    1.66727    0.02892   11.35145    0.05148
   1550.74000    1.64722    0.05761   12.00841    0.06641
   1553.95000    1.68482    0.02473   12.56736    0.03819
   1557.86000    1.70229    0.02170   12.08823    0.04664
   1561.76000    1.73334    0.03548   11.82076    0.05113
   1564.92000    1.65144    0.05103   11.86180    0.05963
   1567.20000    1.70189    0.07223   12.06370    0.03945
   1570.10000    1.65720    0.07470   12.45848    0.04636
   1573.37000    1.66001    0.04378   12.22853    0.02866
   1575.36000    1.68313    0.03900   11.90536    0.07303
   1577.63000    1.75742    0.05649   11.60483    0.04718
   1579.48000    1.65639    0.05936   11.38803    0.07077
   1826.35000    1.85336    0.05805   11.39236    0.04347
   1828.22000    1.82307    0.05315   11.67906    0.05931
   1833.60000    1.77247    0.05139   11.70664    0.05419
   1835.40000    1.69267    0.04789   11.43139    0.06613
   1838.12000    1.67066    0.04033   11.57660    0.07753
   1840.47000    1.71734    0.06218   11.76512    0.06338
   1845.05000    1.60665    0.06292   11.46256    0.02024
   1849.86000    1.60186    0.04650   11.62550    0.03867
   1855.54000    1.61598    0.06817   11.63155    0.05629
   1860.91000    1.70302    0.07062   11.92332    0.05485
   1863.01000    1.62465    0.06411   11.71561    0.05572
   1866.76000    1.61352    0.03139   11.84413    0.05067
   1870.26000    1.68840    0.03047   11.43324    0.05708
   1873.78000    1.66267    0.06227   11.34043    0.03566
   1876.62000    1.63234    0.09134   11.26591    0.04633
   1881.18000    1.65626    0.06089   11.03890    0.03758
   1884.24000    1.59571    0.04307   10.89194    0.05519
   1884.70000    1.57454    0.04925   10.94757    0.04942
   1886.65000    1.62134    0.05937   11.04062    0.04563
   1890.87000    1.62393    0.03223   11.65765    0.02444
   1892.66000    1.62071    0.04402   12.13887    0.02888
   1894.76000    1.65960    0.06431   11.61818    0.06100
   1896.95000    1.69981    0.08438   11.88465    0.05949
   1899.82000    1.73353    0.07120   11.29439    0.04840
   1902.77000    1.76545    0.06525   11.51563    0.08437
   1906.27000    1.67484    0.05573   11.08401    0.04778
   1909.42000    1.69349    0.03261   11.04307    0.06139
   1912.89000    1.67045    0.04150   10.60941    0.06636
   1914.02000    1.68690    0.05989   10.55131    0.07323
   1917.11000    1.71673    0.05567    9.83205    0.05984
   1920.93000    1.69349    0.05224    9.89165    0.06645
   1923.87000    1.79477    0.06834    9.80640    0.07361
   1927.03000    1.83554    0.04879    9.33979    0.05717
   1930.81000    1.87359    0.08391    8.97842    0.04556
   1932.62000    1.84621    0.04630    9.17782    0.03162
   1933.24000    1.89981    0.04773    9.34879    0.04392
   1934.52000    1.87679    0.04632    9.22865    0.03112
   1939.03000    1.94862    0.04650    9.58430    0.05456
   1941.55000    1.85157    0.03525    9.59219    0.06966
   1944.91000    1.86808    0.01679    9.73978    0.05876
   2193.00000    1.65787    0.05553   12.19060    0.07178
   2197.18000    1.50885    0.08333   11.60645    0.05704
   2198.66000    1.63489    0.06866   11.45466    0.05300
   2201.13000    1.55790    0.04277   11.39424    0.04612
   2202.58000    1.70353    0.06452   11.35998    0.05061
   2205.78000    1.73495    0.04980   11.01477    0.06260
   2210.30000    1.77378    0.07928   11.03272    0.04791
   2211.93000    1.63204    0.04038   11.14956    0.03639
   2215.31000    1.72096    0.05005   10.90801    0.05519
   2218.63000    1.77209    0.02961   10.95171    0.05244
   2220.48000    1.82195    0.03220   11.44641    0.04543
   2223.78000    1.92302    0.04149   11.10389    0.08320
   2223.99000    2.04106    0.06748   11.05686    0.02390
   2228.01000    1.92275    0.04870   10.43276    0.04294
   2229.85000    2.01705    0.04278   10.63444    0.06039
   2233.97000    1.96462    0.04031   10.40770    0.06072
   2238.26000    2.02096    0.06193   10.88620    0.03138
   2241.32000    1.85820    0.06754   10.70545    0.02905
   2243.94000    1.97486    0.06423   10.96631    0.04351
   2247.50000    1.95553    0.05951   10.65302    0.06593
   2248.05000    1.78002    0.06493   10.65441    0.04676
   2251.68000    1.95600    0.05188    9.95299    0.07018
   2254.28000    1.96992    0.05225    9.99126    0.04664
   2257.70000    1.84759    0.06856   10.39924    0.04905
   2261.44000    1.94039    0.05946   10.31614    0.05308
   2263.99000    1.86968    0.03794    9.98059    0.07645
   2266.49000    1.88272    0.04470    9.62475    0.08340
   2269.78000    1.82961    0.02060    9.80898    0.05095
   2272.20000    1.82107    0.03589    9.25758    0.07905
   2273.51000    1.81279    0.05026    9.56392    0.06417
   2274.85000    1.75519    0.05052   10.07791    0.03939
   2276.87000    1.77359    0.08099    9.86751    0.05553
   2278.94000    1.73591    0.07769    9.80343    0.05700
   2282.57000    1.80180    0.02316    9.54976    0.02343
   2284.16000    1.81054    0.06301    9.64411    0.04770
   2286.97000    1.82720    0.04568   10.03157    0.06717
   2290.49000    1.83072    0.04911   10.33261    0.05319
   2291.70000    1.79107    0.04909   10.85826    0.06400
   2295.58000    1.79360    0.05366   11.22786    0.06758
   2299.14000    1.86572    0.07559   10.74372    0.03959
   2303.09000    1.84350    0.05937   10.86338    0.06270
   2305.72000    1.76658    0.04702   10.35067    0.05397
   2307.08000    1.68235    0.06068   10.81652    0.07200
   2557.46000    1.70521    0.04806   10.82969    0.06634
   2557.95000    1.67587    0.07457   10.62863    0.04631
   2562.63000    1.76514    0.06331   10.75751    0.05486
   2564.65000    1.82944    0.06139   10.83602    0.05102
   2566.63000    1.85152    0.07068   10.42097    0.05285
   2569.06000    1.85505    0.04315   10.27350    0.04540
   2572.53000    1.79569    0.09198   10.48012    0.04581
   2575.59000    1.81165    0.03942   10.52380    0.06774
   2579.28000    1.92801    0.05365   10.11266    0.05887
   2583.32000    1.80538    0.06576   10.40179    0.04978
   2587.99000    1.69157    0.05299   10.55430    0.04742
   2590.63000    1.78323    0.02960   10.35092    0.06589
   2593.10000    1.82173    0.03914   10.47743    0.07921
   2596.18000    1.70342    0.06048   10.20906    0.04987
   2598.98000    1.73862    0.04290   10.47720    0.04017
   2601.14000    1.83513    0.02871   10.58359    0.06448
   2606.89000    1.72968    0.06361    9.41260    0.03841
   2610.42000    1.72708    0.04808    9.50574    0.03119
   2614.15000    1.78217    0.03620    9.15857    0.08968
   2618.17000    1.63342    0.04326    8.82869    0.03588
   2623.07000    1.67950    0.04856    9.66555    0.03412
   2625.91000    1.86470    0.06454    9.82557    0.06680
   2629.11000    1.70847    0.04588    9.44186    0.06675
   2631.50000    1.68180    0.05274    9.16963    0.04316
   2633.41000    1.76318    0.03789    9.14688    0.04666
   2637.09000    1.68726    0.03746    8.69344    0.07163
   2640.03000    1.51577    0.07146    8.90420    0.05996
   2643.33000    1.68896    0.04606    8.43774    0.06603
   2647.86000    1.66094    0.04777    8.67301    0.03243
   2652.50000    1.64407    0.05247    8.62646    0.07467
   2655.81000    1.72551    0.04710    9.00422    0.05732
   2659.43000    1.79791    0.04265    9.07172    0.03938
   2661.44000    1.69964    0.07047    9.46265    0.02518
   2663.98000    1.69425    0.04564    9.23370    0.07133
   2666.97000    1.70056    0.04833    9.66784    0.04641
   2670.68000    1.79599    0.05363    9.92259    0.04939
   2674.83000    1.80116    0.04222   10.14084    0.05818
   2920.92000    1.87590    0.04648   11.84124    0.03023
   2922.16000    1.83592    0.02085   11.60677    0.04763
   2926.35000    1.72227    0.05666   11.15658    0.05809
   2930.10000    1.72233    0.08248   11.40269    0.04715
   2932.79000    1.72297    0.06254   10.85644    0.04995
   2937.32000    1.77534    0.07021   10.67295    0.06620
   2940.12000    1.72206    0.05295   10.73026    0.04461
   2944.37000    1.63168    0.05923   10.20875    0.04175
   2948.29000    1.65290    0.02785    9.92259    0.05218
   2951.22000    1.58320    0.05248    9.95252    0.05473
   2956.31000    1.50487    0.04996    9.79477    0.07132
   2959.45000    1.62021    0.03724   10.19030    0.04336
   2960.51000    1.59202    0.02682    9.93902    0.06180
   2962.67000    1.52511    0.03679   10.23886    0.06637
   2965.66000    1.55904    0.04342   10.22521    0.07799
   2969.14000    1.63276    0.04891   10.25698    0.02202
   2971.60000    1.69192    0.04325   10.51858    0.05768
   2974.11000    1.67871    0.03400   10.58636    0.07245
   2978.12000    1.73427    0.05939   10.59364    0.06184
   2980.59000    1.76242    0.06059   10.82284    0.07098
   2984.72000    1.87159    0.04608   11.22989    0.01490
   2987.35000    1.88578    0.05565   11.36131    0.04364
   2990.80000    1.91195    0.01921   11.10817    0.04404
   2992.72000    2.01927    0.04045   11.12518    0.05935
   2997.12000    2.00511    0.07692   11.42411    0.06961
   2999.54000    1.96956    0.04518   12.10057    0.05347
   3002.65000    2.00338    0.08342   11.85543    0.05899
   3006.72000    1.98854    0.01500   11.31117    0.05017
   3009.39000    2.04041    0.08246   12.06154    0.04961
   3011.83000    1.84560    0.05595   11.72126    0.04006
   3015.19000    1.90109    0.03686   11.32868    0.07017
   3018.27000    1.81242    0.07273   12.11372    0.04219
   3019.60000    1.82477    0.02466   11.93652    0.03600
   3022.71000    1.75344    0.07418   12.03501    0.05282
   3024.90000    1.91294    0.05853   11.72833    0.06797
   3027.92000    1.90148    0.08029   11.53772    0.07736
   3029.51000    1.77052    0.02785   11.76040    0.03827
   3032.39000    1.78047    0.05674   11.25738    0.08302
   3036.31000    1.71676    0.04390   10.85905    0.05118
   3038.77000    1.82689    0.06269   10.76550    0.02999
   3287.15000    1.63773    0.07150   11.55835    0.06560
   3290.09000    1.68000    0.05129   11.50260    0.04824
   3292.80000    1.81351    0.05036   11.34999    0.06061
   3296.25000    1.69433    0.06244   11.49655    0.03984
   3298.34000    1.78121    0.06834   11.54121    0.07188
   3301.02000    1.64425    0.00950   11.06590    0.07054
   3304.21000    1.66637    0.03521   10.97660    0.05543
   3308.67000    1.71584    0.07436   10.97903    0.04937
   3310.75000    1.80145    0.04179   10.52068    0.02773
   3314.16000    1.76504    0.01545   10.28980    0.07923
   3317.46000    1.71391    0.06743    9.85163    0.01918
   3322.42000    1.78906    0.05785    9.73422    0.07024
   3325.19000    1.84301    0.05484    9.82862    0.03715
   3328.59000    1.81576    0.05404    9.92289    0.03822
   3329.77000    1.76428    0.05973   10.04067    0.06183
   3331.44000    1.83047    0.05653    9.75730    0.03472
   3335.28000    1.86888    0.04808    9.65410    0.02685
   3340.64000    1.95121    0.03602   10.07678    0.05369
   3344.46000    1.99071    0.04283    9.87903    0.06947
   3345.79000    2.13473    0.08174    9.66449    0.05210
   3347.47000    1.98369    0.05766   10.02426    0.08296
   3349.25000    1.79068    0.07109    9.76450    0.03943
   3353.58000    1.90785    0.06878    9.65189    0.05925
   3357.60000    1.92588    0.06030    9.59329    0.06623
   3358.18000    2.01147    0.06595    9.34026    0.01191
   3360.76000    2.03438    0.05465    9.59928    0.06943
   3363.60000    1.94087    0.06442    9.58469    0.03066
   3364.97000    2.02018    0.05050    9.41255    0.04298
   3367.95000    2.01114    0.05723    9.53553    0.03001
   3371.88000    2.06912    0.05698   10.10881    0.06492
   3373.28000    1.95667    0.05082   10.20565    0.03192
   3375.79000    1.98624    0.01465   10.22360    0.07350
   3379.20000    2.02333    0.03004   10.69903    0.02735
   3382.96000    1.82498    0.05373   10.30059    0.04908
   3385.04000    1.88481    0.03519    9.93728    0.09655
   3387.58000    1.81629    0.05006    9.79703    0.05719
   3390.42000    1.84768    0.03926    9.97555    0.06897
   3391.87000    1.72558    0.04810   10.05661    0.07528
   3394.73000    1.83647    0.04800    9.78624    0.02677
   3399.09000    1.83945    0.08452    9.86751    0.05572
   3401.58000    1.75549    0.06444   10.08724    0.04052
