## Time Delay Challenge light curves
##
## [time]=days, [lc]=[err]=flux in nanomaggies
##
##       time       lc_A      err_A       lc_B      err_B
##-------------------------------------------------------
      0.81000    2.87849    0.06663    0.42858    0.08002
      3.97000    3.14947    0.06087    0.49385    0.04434
      6.20000    3.28642    0.08068    0.40570    0.05227
      7.44000    3.44463    0.03688    0.35906    0.05977
      9.97000    3.48325    0.03954    0.41124    0.02799
     13.02000    3.58026    0.06210    0.40874    0.02765
     15.20000    3.67539    0.05596    0.40645    0.05706
     16.58000    3.65036    0.05309    0.33972    0.03004
     21.06000    3.95588    0.07931    0.24260    0.06409
     25.25000    4.10442    0.06148    0.46584    0.06970
     27.93000    4.25701    0.05838    0.34467    0.04210
     31.41000    3.91781    0.03043    0.37507    0.03132
     34.37000    3.66717    0.04829    0.45538    0.09895
     36.12000    3.61917    0.06249    0.36703    0.03753
     38.64000    3.63382    0.04463    0.36776    0.07749
     40.54000    3.85765    0.06134    0.46247    0.06597
     43.11000    3.72069    0.02801    0.43820    0.03830
     46.46000    3.89467    0.06784    0.43421    0.07386
     49.91000    3.75763    0.04236    0.49166    0.05410
     54.09000    3.55316    0.06360    0.47699    0.04892
     56.86000    3.42904    0.05991    0.53235    0.03770
     58.12000    3.58378    0.05680    0.52537    0.04896
     61.63000    3.67996    0.02856    0.56808    0.03116
     66.43000    3.43825    0.05142    0.48844    0.04487
     69.17000    3.76013    0.02740    0.58475    0.03302
     72.84000    3.78107    0.03401    0.53445    0.03677
     76.23000    3.84204    0.04101    0.45013    0.04231
     78.73000    4.09931    0.06606    0.52201    0.05772
     81.50000    4.13604    0.06164    0.56954    0.04401
     84.99000    4.46199    0.06122    0.52684    0.03382
     87.44000    4.46193    0.04030    0.50517    0.05801
     88.49000    4.64569    0.06037    0.53800    0.04828
     90.24000    4.63220    0.04133    0.48658    0.06343
     92.37000    4.49614    0.06936    0.48998    0.04526
     95.01000    4.25479    0.05969    0.47073    0.05171
     98.69000    3.72894    0.05053    0.43045    0.04606
    100.79000    3.91957    0.06269    0.58889    0.03704
    104.79000    3.96534    0.05686    0.54986    0.05500
    106.19000    4.10526    0.04992    0.58266    0.05172
    108.14000    3.97264    0.07804    0.53184    0.04970
    111.92000    4.43957    0.04315    0.59769    0.05824
    115.23000    4.53189    0.03246    0.54489    0.05153
    118.25000    4.76344    0.04952    0.55973    0.05436
    366.94000    3.26534    0.03440    0.49075    0.05735
    369.09000    3.37422    0.03131    0.47938    0.07508
    370.98000    3.43698    0.04615    0.35997    0.05900
    375.29000    3.43359    0.04788    0.28836    0.06547
    379.04000    3.92128    0.05873    0.40579    0.04927
    381.45000    3.93604    0.05286    0.44460    0.05188
    385.09000    3.59359    0.03120    0.48973    0.05719
    388.03000    3.76340    0.07555    0.43909    0.06062
    389.55000    3.75428    0.03622    0.48828    0.01979
    392.97000    3.40481    0.05317    0.50737    0.04803
    395.52000    3.36875    0.02815    0.49442    0.06135
    398.98000    3.29689    0.03927    0.53020    0.05915
    401.48000    3.27894    0.05279    0.42885    0.07416
    405.48000    3.13100    0.04567    0.44100    0.03529
    409.37000    3.03124    0.04936    0.48839    0.06674
    413.02000    3.08989    0.01975    0.44179    0.02890
    416.77000    3.39900    0.08026    0.52953    0.03714
    419.88000    3.40563    0.07430    0.59282    0.04488
    423.23000    3.74855    0.03921    0.56275    0.06584
    427.84000    3.48594    0.04908    0.43587    0.05415
    430.28000    3.41893    0.04688    0.50058    0.05992
    431.81000    3.39412    0.03667    0.55443    0.03365
    434.74000    3.42737    0.04350    0.46254    0.03651
    437.24000    3.18063    0.03340    0.43299    0.05071
    440.65000    3.27823    0.06583    0.42014    0.06181
    443.61000    3.73673    0.05906    0.35326    0.06769
    446.31000    3.72909    0.03371    0.31240    0.07960
    449.64000    3.62413    0.04667    0.42416    0.03570
    452.37000    3.54684    0.03175    0.43952    0.04735
    456.15000    3.46453    0.03987    0.48748    0.03677
    456.64000    3.44809    0.06038    0.59078    0.06905
    460.10000    3.75782    0.03746    0.42812    0.04935
    462.37000    3.82326    0.03480    0.60382    0.07614
    464.19000    3.86491    0.06403    0.42178    0.04903
    467.40000    4.09114    0.07352    0.52605    0.05907
    470.45000    3.73193    0.03831    0.51296    0.03191
    474.18000    4.04217    0.06969    0.44317    0.04353
    477.13000    3.69866    0.06613    0.37872    0.05439
    480.21000    3.64274    0.06502    0.45546    0.05788
    484.87000    3.87992    0.06091    0.40271    0.06793
    733.78000    4.14557    0.04262    0.50004    0.07264
    736.55000    4.14532    0.07095    0.50026    0.03638
    737.41000    4.13770    0.05146    0.36215    0.04137
    741.80000    4.92509    0.03383    0.65886    0.06333
    744.32000    4.72408    0.05592    0.57515    0.05573
    747.93000    4.75479    0.06998    0.43296    0.08167
    750.86000    4.49506    0.02316    0.61919    0.07319
    754.22000    4.49944    0.05169    0.55701    0.06709
    758.76000    4.40841    0.01110    0.53887    0.04689
    761.84000    4.37677    0.09149    0.54483    0.06415
    762.45000    4.16383    0.05287    0.58971    0.04608
    765.19000    4.34645    0.07788    0.63724    0.03540
    767.89000    3.74432    0.03370    0.55595    0.04368
    770.62000    3.57909    0.07395    0.59816    0.07407
    772.94000    3.51913    0.05955    0.49206    0.04570
    775.29000    3.71238    0.02929    0.52514    0.06530
    777.75000    3.51676    0.04745    0.53967    0.07252
    782.64000    4.06460    0.06149    0.60259    0.05174
    784.01000    3.70207    0.06430    0.60341    0.06995
    786.56000    3.79163    0.03851    0.62550    0.06872
    788.39000    3.56518    0.07266    0.64305    0.06120
    792.61000    4.24140    0.06048    0.64657    0.07237
    795.93000    4.03381    0.03449    0.62001    0.06614
    798.79000    4.02316    0.05990    0.55372    0.03183
    802.56000    4.06881    0.05402    0.64700    0.04883
    806.79000    4.10650    0.04812    0.47226    0.03539
    809.70000    3.79966    0.06048    0.45815    0.05036
    811.58000    3.98011    0.03173    0.60998    0.05570
    814.26000    3.98535    0.07420    0.48484    0.06123
    816.67000    3.69862    0.02599    0.52525    0.04414
    821.45000    3.97678    0.04933    0.59949    0.03774
    823.43000    3.89466    0.02751    0.48142    0.04026
    826.26000    3.92399    0.04152    0.50839    0.08039
    829.17000    3.97824    0.05677    0.58346    0.05483
    832.97000    4.25743    0.04922    0.58457    0.05043
    836.84000    4.19743    0.07386    0.59173    0.06199
    839.67000    4.32031    0.06506    0.62180    0.05214
    840.52000    4.27438    0.03521    0.57498    0.03196
    844.56000    4.02558    0.07443    0.40680    0.04780
    845.90000    3.92404    0.04428    0.53736    0.05248
    848.42000    3.79214    0.01070    0.50386    0.03250
   1096.74000    4.42651    0.08689    0.73193    0.03460
   1099.52000    4.59205    0.05052    0.66625    0.06858
   1103.09000    4.51812    0.05199    0.59288    0.06479
   1106.59000    4.60067    0.04418    0.68659    0.08209
   1108.83000    4.79895    0.05502    0.56507    0.06812
   1113.76000    4.81757    0.06314    0.73575    0.07217
   1116.35000    4.68203    0.05138    0.59105    0.09794
   1120.03000    5.04177    0.03766    0.56856    0.04574
   1123.46000    4.74691    0.04455    0.43436    0.07495
   1126.34000    4.69132    0.04951    0.54771    0.04915
   1130.01000    4.69898    0.06198    0.59302    0.05187
   1134.10000    4.48325    0.05038    0.56362    0.07664
   1137.63000    4.46677    0.07643    0.70140    0.04480
   1141.07000    4.14890    0.02274    0.56847    0.06787
   1143.82000    4.01175    0.06459    0.60852    0.04549
   1148.51000    4.30789    0.06256    0.60720    0.04998
   1150.96000    4.05707    0.05168    0.56180    0.05610
   1154.88000    4.29573    0.05843    0.64847    0.04760
   1158.10000    4.21742    0.04589    0.67967    0.03851
   1161.03000    4.13532    0.04691    0.59321    0.06603
   1162.97000    3.99172    0.09007    0.58619    0.05841
   1166.16000    3.64662    0.05226    0.62422    0.04053
   1169.74000    4.03133    0.04316    0.66767    0.06335
   1173.82000    3.59272    0.05325    0.58984    0.02613
   1177.87000    3.62017    0.04766    0.53001    0.06346
   1179.50000    3.72064    0.04018    0.57768    0.05764
   1182.06000    4.14586    0.06928    0.56918    0.05276
   1186.63000    3.86796    0.09217    0.52771    0.08628
   1188.32000    4.06377    0.04713    0.55763    0.06133
   1191.39000    3.47112    0.06777    0.54618    0.06691
   1194.76000    3.45647    0.06279    0.73403    0.06468
   1198.18000    3.47378    0.05091    0.49130    0.05066
   1201.29000    3.58077    0.04399    0.49818    0.05058
   1203.95000    3.63948    0.04995    0.54441    0.03182
   1206.40000    3.25791    0.05625    0.55605    0.08227
   1208.10000    3.26090    0.05699    0.59469    0.05329
   1211.35000    3.17582    0.05509    0.54330    0.03764
   1460.72000    3.07910    0.05747    0.38002    0.02949
   1463.78000    3.30113    0.06657    0.21646    0.07740
   1466.38000    3.26519    0.07089    0.34587    0.03088
   1469.54000    3.32469    0.04560    0.31473    0.04330
   1471.98000    3.37808    0.04835    0.30520    0.04057
   1476.95000    3.55013    0.03988    0.30207    0.05516
   1480.65000    3.46881    0.04545    0.22054    0.05569
   1485.87000    3.20030    0.06983    0.38166    0.06407
   1489.58000    3.06426    0.05395    0.38547    0.04130
   1490.21000    3.23437    0.05825    0.33839    0.05348
   1493.07000    3.04871    0.03835    0.38474    0.05080
   1495.27000    3.18601    0.06846    0.41814    0.05001
   1496.62000    3.20522    0.03992    0.37700    0.04996
   1497.56000    3.01106    0.05230    0.39976    0.03892
   1501.22000    2.92946    0.04224    0.36321    0.04378
   1506.75000    2.77517    0.04066    0.45711    0.04123
   1509.45000    2.57063    0.06436    0.37034    0.04004
   1512.92000    2.76103    0.06998    0.44889    0.07447
   1515.53000    2.71161    0.06038    0.54031    0.05775
   1519.36000    2.10003    0.06752    0.47013    0.04374
   1523.54000    2.24215    0.05175    0.46513    0.05594
   1526.23000    2.20221    0.04621    0.55774    0.08405
   1528.67000    2.55996    0.05422    0.37263    0.08127
   1533.07000    2.76458    0.07359    0.44856    0.05507
   1537.00000    2.87421    0.04549    0.34190    0.06089
   1538.97000    2.66552    0.06635    0.43031    0.04551
   1541.54000    2.46263    0.08057    0.42546    0.06897
   1544.18000    2.41488    0.06674    0.37222    0.07544
   1546.71000    2.18821    0.08181    0.31428    0.03585
   1547.79000    2.08588    0.07291    0.35555    0.03735
   1552.25000    2.24142    0.06642    0.32807    0.06045
   1554.05000    2.31882    0.02717    0.47473    0.05606
   1557.77000    2.36200    0.06638    0.18695    0.05242
   1561.29000    2.08328    0.04176    0.31912    0.07251
   1566.46000    2.15427    0.06871    0.30694    0.06327
   1569.61000    2.08539    0.02963    0.35910    0.07167
   1571.74000    2.07367    0.04648    0.36724    0.05306
   1574.29000    2.03437    0.03847    0.36009    0.06690
   1578.22000    2.24503    0.04425    0.27251    0.07005
   1579.46000    2.33942    0.07220    0.40403    0.06467
   1825.78000    2.60496    0.07267    0.33047    0.06431
   1829.54000    2.69216    0.05966    0.37734    0.04737
   1832.04000    2.59912    0.05712    0.38012    0.06041
   1833.83000    2.59331    0.09273    0.33359    0.03247
   1834.48000    2.66229    0.03407    0.37321    0.04658
   1836.47000    2.78077    0.07435    0.44944    0.04735
   1839.76000    2.63596    0.06688    0.42868    0.07174
   1842.37000    2.51975    0.01842    0.42180    0.06549
   1845.40000    2.58693    0.04038    0.38918    0.03682
   1848.02000    2.65326    0.03686    0.36678    0.04673
   1850.17000    2.48105    0.06018    0.29229    0.06752
   1853.20000    2.22429    0.07642    0.37357    0.04504
   1855.84000    2.26026    0.04139    0.33564    0.02736
   1859.40000    2.44793    0.05981    0.31094    0.06381
   1863.13000    2.70534    0.06986    0.43445    0.05730
   1865.20000    2.61835    0.04068    0.32217    0.02580
   1868.69000    2.53497    0.04387    0.39921    0.03892
   1873.32000    2.53504    0.07387    0.37947    0.04138
   1877.74000    2.56371    0.03998    0.39314    0.06390
   1880.20000    2.47459    0.04596    0.37429    0.05904
   1883.04000    2.26563    0.05196    0.36216    0.04170
   1887.03000    2.32473    0.07575    0.44014    0.09630
   1891.71000    2.45127    0.05951    0.35578    0.06799
   1894.96000    2.37112    0.05148    0.25782    0.04027
   1898.08000    2.38426    0.05942    0.29082    0.05559
   1900.76000    2.24864    0.04450    0.36200    0.05682
   1906.17000    2.03281    0.04445    0.32624    0.01517
   1910.44000    2.11139    0.05566    0.36115    0.06875
   1913.57000    2.32080    0.06173    0.17200    0.07186
   1917.12000    2.63820    0.06254    0.40075    0.06061
   1923.18000    2.41436    0.06995    0.23510    0.05765
   1926.22000    2.53209    0.05427    0.33765    0.08864
   1931.46000    2.70738    0.06700    0.37100    0.06540
   1935.53000    2.68576    0.05266    0.30447    0.02967
   1937.17000    2.80861    0.05282    0.18204    0.07693
   1941.96000    2.71521    0.06105    0.28214    0.04184
   2192.57000    3.80121    0.05424    0.49139    0.04482
   2193.97000    3.74040    0.06556    0.53844    0.06201
   2198.24000    3.72024    0.04282    0.49414    0.03206
   2198.94000    3.68113    0.04697    0.54006    0.05344
   2204.69000    4.03284    0.05282    0.50137    0.05152
   2208.01000    4.14672    0.05691    0.45901    0.04419
   2211.79000    4.20200    0.04318    0.47953    0.05312
   2214.96000    4.06255    0.08829    0.54548    0.02577
   2218.04000    4.34935    0.06051    0.59048    0.04977
   2221.60000    4.28544    0.07186    0.50760    0.05607
   2224.98000    4.64174    0.02197    0.48483    0.03660
   2227.80000    4.30331    0.02276    0.54302    0.03252
   2229.68000    4.07596    0.05641    0.51237    0.05506
   2233.95000    3.77137    0.07124    0.54875    0.02972
   2235.81000    3.61144    0.04701    0.52233    0.06110
   2240.05000    3.34002    0.04989    0.44655    0.04403
   2242.37000    3.12169    0.09049    0.52800    0.03888
   2245.57000    3.28848    0.05567    0.49630    0.05998
   2247.90000    3.39743    0.03839    0.63658    0.04813
   2251.34000    3.59191    0.03788    0.56447    0.04137
   2256.07000    3.20743    0.03062    0.57795    0.06342
   2256.85000    3.07936    0.04755    0.49464    0.06048
   2258.98000    3.01094    0.03263    0.54079    0.05094
   2262.10000    3.17012    0.08111    0.72795    0.06566
   2265.81000    3.18637    0.03090    0.66235    0.05556
   2268.70000    3.42515    0.04593    0.40786    0.06062
   2270.55000    3.25111    0.02966    0.56954    0.04050
   2273.72000    3.32526    0.08405    0.54025    0.08006
   2277.50000    3.32328    0.06941    0.50404    0.05342
   2279.96000    3.03486    0.06694    0.34628    0.06538
   2285.55000    3.22128    0.04540    0.45356    0.07157
   2287.54000    3.27703    0.06610    0.40444    0.05964
   2290.32000    2.95962    0.06001    0.45655    0.04368
   2295.20000    3.17096    0.02606    0.39417    0.05575
   2297.44000    3.22200    0.03327    0.46380    0.06016
   2299.93000    2.99560    0.02060    0.38344    0.05130
   2303.34000    3.12382    0.05377    0.39051    0.04024
   2305.71000    3.42575    0.04693    0.38188    0.03209
   2308.83000    3.11205    0.04455    0.48227    0.04968
   2559.09000    2.68175    0.07482    0.33503    0.03131
   2560.92000    2.72818    0.08438    0.36721    0.01669
   2561.23000    2.66918    0.04738    0.41308    0.05316
   2564.77000    2.60190    0.03882    0.45494    0.03888
   2566.89000    2.72607    0.05949    0.42902    0.04771
   2569.94000    2.75608    0.06364    0.36179    0.07565
   2572.82000    2.93735    0.05414    0.27738    0.06800
   2574.68000    2.97424    0.06330    0.42069    0.04729
   2578.78000    2.78147    0.05059    0.37091    0.05409
   2582.82000    2.77743    0.08012    0.39615    0.04304
   2585.93000    3.04315    0.04137    0.40901    0.08324
   2589.56000    2.99936    0.06013    0.31026    0.06859
   2592.16000    2.80769    0.06017    0.44325    0.05103
   2593.64000    2.76774    0.04307    0.31416    0.05414
   2598.17000    3.13926    0.06042    0.39876    0.04956
   2600.60000    3.11697    0.07746    0.33567    0.02969
   2603.73000    3.19784    0.05671    0.36769    0.02908
   2605.18000    3.08213    0.06778    0.32730    0.07069
   2609.41000    2.90084    0.04206    0.31908    0.04621
   2613.20000    2.69369    0.03990    0.35936    0.05579
   2615.64000    2.54590    0.05334    0.30711    0.06213
   2619.15000    2.61966    0.03980    0.42124    0.07251
   2621.58000    2.77179    0.07363    0.34085    0.05383
   2626.12000    2.76365    0.03007    0.33080    0.04696
   2628.83000    2.67571    0.04831    0.38897    0.01815
   2631.27000    2.68109    0.08269    0.31500    0.03284
   2633.55000    2.71195    0.03958    0.46177    0.05386
   2636.04000    2.69910    0.04433    0.44930    0.04135
   2639.75000    2.84868    0.05054    0.39058    0.02425
   2643.95000    2.96233    0.06035    0.28405    0.07609
   2648.16000    3.03319    0.03547    0.35617    0.05354
   2651.47000    3.08919    0.02935    0.31011    0.04494
   2652.93000    2.98994    0.07211    0.27028    0.06004
   2656.62000    3.09327    0.07872    0.35059    0.05740
   2660.16000    3.02199    0.06527    0.39137    0.08030
   2663.42000    3.21789    0.04963    0.23724    0.06794
   2665.75000    3.15993    0.05589    0.45620    0.04126
   2669.53000    3.46976    0.04575    0.41017    0.04732
   2672.70000    3.59812    0.06162    0.34554    0.03799
   2673.64000    3.62992    0.03580    0.35706    0.05173
   2921.91000    4.36612    0.05880    0.71762    0.04251
   2923.98000    4.46350    0.01774    0.77457    0.06257
   2926.71000    4.08023    0.06992    0.55259    0.03615
   2929.18000    3.81418    0.07082    0.59994    0.05477
   2930.18000    3.52967    0.03719    0.66010    0.03622
   2934.15000    3.68991    0.06340    0.67699    0.02694
   2937.19000    3.31658    0.05113    0.69526    0.05110
   2939.34000    3.52284    0.04762    0.62988    0.01904
   2941.89000    3.50474    0.06485    0.61548    0.01809
   2943.76000    3.82660    0.04965    0.61107    0.05823
   2948.48000    3.90008    0.05617    0.64857    0.03658
   2950.96000    3.81164    0.05668    0.71107    0.06959
   2955.04000    3.81113    0.04104    0.62830    0.05861
   2956.99000    3.47880    0.04985    0.54741    0.04912
   2959.14000    3.24219    0.05518    0.59071    0.02236
   2960.99000    3.36024    0.03706    0.59794    0.05503
   2963.07000    3.51592    0.04739    0.61366    0.04663
   2965.95000    3.73656    0.03294    0.53114    0.04343
   2967.76000    3.67164    0.06472    0.46650    0.05877
   2970.73000    3.69978    0.04623    0.39838    0.05401
   2972.58000    3.73929    0.08049    0.49332    0.05507
   2974.30000    3.77791    0.06119    0.55018    0.07735
   2977.79000    3.74458    0.05720    0.53776    0.07168
   2981.55000    3.65700    0.07906    0.45330    0.03695
   2982.98000    3.42049    0.04594    0.41333    0.05329
   2984.91000    3.31941    0.04241    0.48243    0.06302
   2986.78000    3.19842    0.06488    0.51711    0.07182
   2990.87000    3.18740    0.06182    0.47830    0.05168
   2993.68000    2.91562    0.05383    0.51913    0.04322
   2995.46000    2.93145    0.05608    0.51762    0.03823
   2997.94000    3.05033    0.04347    0.36755    0.05593
   3002.11000    3.39509    0.03435    0.45667    0.02213
   3003.19000    3.44962    0.06054    0.40108    0.05750
   3005.96000    3.32309    0.05110    0.49998    0.05871
   3007.61000    3.56427    0.03219    0.51149    0.03677
   3010.31000    3.59097    0.07686    0.53065    0.05846
   3015.39000    3.68196    0.05262    0.51754    0.03862
   3020.80000    3.98181    0.08271    0.35242    0.04760
   3025.29000    3.62439    0.03699    0.43061    0.05535
   3027.84000    3.33509    0.04339    0.35502    0.05256
   3031.42000    3.55566    0.03793    0.44422    0.03747
   3035.19000    4.07355    0.01287    0.35502    0.05490
   3037.65000    4.16651    0.04959    0.47620    0.03779
   3287.72000    3.74246    0.07519    0.58852    0.04585
   3289.86000    3.59494    0.06232    0.54278    0.06942
   3294.37000    3.20313    0.05463    0.52122    0.06469
   3297.77000    3.24255    0.05576    0.45542    0.04279
   3300.95000    3.36462    0.06348    0.47120    0.04095
   3302.90000    3.22292    0.02109    0.48948    0.04217
   3304.54000    2.97962    0.07340    0.51254    0.06781
   3307.48000    3.01896    0.04874    0.59893    0.03398
   3310.65000    2.90632    0.03421    0.51584    0.08106
   3314.40000    2.96777    0.03058    0.53615    0.04226
   3315.85000    2.84580    0.05554    0.55765    0.05204
   3318.03000    2.90052    0.04684    0.36133    0.08393
   3318.97000    2.86282    0.04628    0.49037    0.04739
   3321.26000    2.89884    0.05631    0.45814    0.00491
   3324.01000    3.04563    0.05039    0.44748    0.04596
   3328.75000    2.95992    0.05133    0.47015    0.06619
   3331.39000    2.86245    0.05944    0.46833    0.05794
   3332.52000    3.05770    0.04229    0.49057    0.04937
   3336.15000    3.06520    0.09284    0.40011    0.05110
   3340.34000    3.16862    0.04994    0.45318    0.09112
   3344.15000    3.19625    0.05416    0.28349    0.05001
   3345.91000    3.23269    0.04729    0.50299    0.05101
   3348.28000    3.32238    0.04563    0.38667    0.03977
   3350.46000    3.12235    0.07943    0.43836    0.05177
   3353.39000    3.29412    0.07748    0.37714    0.06730
   3357.41000    3.21314    0.04700    0.44370    0.05336
   3361.24000    3.44937    0.04685    0.40926    0.02698
   3365.05000    3.12747    0.04530    0.44364    0.03067
   3368.86000    2.95721    0.05981    0.31417    0.04590
   3372.63000    3.16345    0.07070    0.40896    0.04675
   3375.73000    3.00374    0.01494    0.48398    0.04957
   3378.29000    3.03289    0.05295    0.52745    0.04518
   3380.57000    3.16550    0.03122    0.36876    0.05531
   3383.92000    2.99576    0.05358    0.49937    0.06519
   3384.38000    2.98514    0.07435    0.44779    0.05847
   3388.91000    2.97941    0.08874    0.35037    0.05413
   3390.41000    2.90461    0.06425    0.43316    0.04166
   3395.39000    2.84349    0.06498    0.44175    0.07266
   3397.86000    2.92313    0.03832    0.46265    0.01641
   3398.09000    2.84902    0.08596    0.51188    0.05149
   3401.61000    2.71746    0.05786    0.49679    0.04317
   3402.92000    2.75903    0.04649    0.48469    0.03931
