## Time Delay Challenge light curves
##
## [time]=days, [lc]=[err]=flux in nanomaggies
##
##       time       lc_A      err_A       lc_B      err_B
##-------------------------------------------------------
      0.79000    0.76465    0.04956    0.55043    0.04103
      4.32000    1.04115    0.05210    0.44905    0.06107
      7.42000    1.14950    0.07804    0.65679    0.05519
     10.24000    1.15859    0.03239    0.56464    0.04450
     13.17000    1.16612    0.05067    0.43688    0.02682
     15.12000    1.10004    0.05520    0.54446    0.06591
     18.22000    1.35995    0.05943    0.58127    0.05814
     21.27000    1.26608    0.04771    0.63211    0.05767
     24.76000    1.15556    0.03041    0.73583    0.03313
     27.08000    1.28969    0.04881    0.61431    0.06637
     30.07000    1.20583    0.04362    0.59387    0.02771
     31.47000    1.21939    0.04743    0.69169    0.07055
     34.27000    1.23086    0.04198    0.71147    0.05025
     38.19000    1.13600    0.04152    0.74483    0.05673
     40.87000    1.09117    0.06173    0.60625    0.05114
     43.84000    1.08225    0.05139    0.66965    0.05093
     46.11000    1.14188    0.05353    0.61361    0.02484
     48.56000    0.95566    0.06033    0.63882    0.06670
     51.34000    1.20420    0.05196    0.59672    0.05206
     54.22000    1.45097    0.05315    0.65366    0.08043
     58.01000    1.37440    0.03729    0.54346    0.06022
     60.62000    1.50834    0.02115    0.76243    0.05974
     63.93000    1.61422    0.03818    0.65383    0.06644
     66.67000    1.69671    0.06755    0.60314    0.05425
     69.65000    1.34940    0.05553    0.76934    0.03936
     72.90000    1.04263    0.05951    0.66546    0.04809
     76.04000    1.00924    0.07655    0.80892    0.03857
     78.21000    0.92638    0.07736    0.86044    0.07028
     81.92000    0.96047    0.05045    0.92115    0.03607
     86.73000    0.96122    0.06269    0.68818    0.05274
     88.35000    1.08155    0.06205    0.67291    0.04594
     93.13000    1.07134    0.03648    0.51148    0.04407
     96.84000    0.98661    0.05225    0.53924    0.05755
     99.64000    1.04060    0.03864    0.52748    0.07686
    101.84000    1.02856    0.06882    0.50821    0.05356
    106.18000    1.01812    0.04724    0.49736    0.03784
    109.23000    1.05613    0.04517    0.61337    0.05834
    112.24000    1.05145    0.04260    0.56872    0.04810
    115.31000    0.95967    0.06965    0.49482    0.06217
    118.35000    0.82092    0.05147    0.53418    0.03145
    365.43000    1.24118    0.03301    0.89689    0.05767
    367.41000    1.36193    0.02988    0.90872    0.05634
    371.43000    1.65409    0.06437    0.74754    0.05513
    373.92000    1.55900    0.05443    0.75296    0.03166
    377.25000    1.28044    0.06668    0.78499    0.06694
    379.54000    1.45935    0.06032    0.72494    0.04215
    382.00000    1.36348    0.07962    0.72264    0.04998
    385.18000    1.39738    0.04120    0.84106    0.06558
    390.10000    1.25467    0.06171    0.79023    0.02586
    392.80000    1.30917    0.03886    0.69080    0.03770
    395.75000    1.26026    0.05299    0.77597    0.08319
    398.95000    1.09170    0.06377    0.81853    0.04701
    401.46000    1.00623    0.05416    0.55114    0.07358
    404.01000    0.99890    0.04996    0.60301    0.05542
    406.92000    0.97582    0.08445    0.62457    0.07107
    409.54000    1.06208    0.05790    0.64950    0.04525
    412.33000    1.19653    0.03412    0.63475    0.04392
    415.56000    0.98622    0.05961    0.59869    0.04829
    417.87000    0.81999    0.02461    0.62984    0.04316
    421.24000    1.03331    0.01478    0.59970    0.04582
    424.88000    1.05774    0.05613    0.47269    0.06790
    429.08000    1.10036    0.05444    0.63314    0.02015
    432.92000    0.91684    0.05722    0.54975    0.06276
    437.42000    1.09391    0.08960    0.55894    0.07544
    439.61000    0.91583    0.05148    0.59047    0.04800
    442.13000    0.88261    0.03606    0.52061    0.06136
    443.73000    0.74652    0.05232    0.62271    0.02483
    445.93000    0.80203    0.05090    0.57586    0.06290
    448.00000    0.83682    0.07255    0.54397    0.07667
    450.88000    0.92382    0.04845    0.47659    0.07261
    454.45000    1.12374    0.06950    0.45076    0.05660
    458.24000    1.21672    0.04333    0.45156    0.02264
    460.45000    1.13293    0.04175    0.41014    0.05543
    463.54000    1.01743    0.04747    0.46799    0.05193
    467.49000    0.90329    0.05192    0.53551    0.05690
    471.05000    0.91907    0.02374    0.59541    0.04280
    472.51000    0.97838    0.02651    0.63230    0.05320
    475.42000    0.96330    0.05141    0.58280    0.06071
    478.47000    0.82004    0.05206    0.57879    0.04154
    481.33000    0.92242    0.04630    0.50667    0.05002
    484.63000    0.94064    0.05629    0.55768    0.02956
    730.70000    0.81050    0.04298    0.45964    0.07317
    734.34000    0.91913    0.03454    0.38894    0.07631
    736.45000    0.90783    0.06191    0.49875    0.03739
    740.69000    1.06124    0.06059    0.46053    0.03991
    743.87000    0.86012    0.03805    0.53759    0.05813
    747.88000    0.93402    0.08308    0.41264    0.06955
    749.30000    0.67834    0.07278    0.47819    0.02622
    753.48000    0.82066    0.06809    0.41661    0.04689
    756.27000    0.76131    0.07247    0.58378    0.03573
    759.40000    0.76953    0.05794    0.41464    0.06624
    761.87000    0.60142    0.05490    0.34840    0.07276
    766.05000    0.67510    0.07061    0.44337    0.04226
    770.08000    0.59378    0.02966    0.45868    0.03131
    773.51000    0.79059    0.05723    0.41641    0.06679
    777.55000    0.99996    0.08346    0.43856    0.07883
    781.86000    0.88949    0.05275    0.27280    0.05435
    784.14000    0.71566    0.06457    0.28522    0.05895
    786.78000    0.77262    0.05334    0.27737    0.05620
    787.81000    0.71000    0.01060    0.38375    0.03087
    791.28000    0.64220    0.04861    0.34746    0.05000
    795.16000    0.54954    0.02820    0.47444    0.03605
    799.19000    0.65087    0.03960    0.40626    0.06843
    803.69000    0.69048    0.02789    0.43258    0.05500
    807.68000    0.71727    0.06468    0.33361    0.05408
    811.43000    1.10745    0.06039    0.23157    0.05912
    814.02000    1.20623    0.05726    0.29120    0.03978
    817.09000    1.15484    0.06312    0.37734    0.05533
    819.99000    1.25916    0.04445    0.32033    0.03907
    824.73000    1.28706    0.04769    0.33836    0.06086
    827.58000    1.15966    0.03352    0.59312    0.05057
    830.12000    1.41858    0.06675    0.59776    0.04246
    832.12000    1.18140    0.06843    0.64797    0.04519
    836.40000    1.20264    0.03858    0.67254    0.04624
    840.03000    1.27655    0.05270    0.72775    0.04434
    840.81000    1.23613    0.05127    0.62370    0.03189
    841.65000    1.27682    0.04602    0.53928    0.07645
    846.26000    1.08706    0.06079    0.70548    0.02535
    848.30000    1.07376    0.05670    0.68305    0.05378
   1095.69000    0.70766    0.06097    0.44386    0.06134
   1099.60000    0.68228    0.07343    0.36877    0.03219
   1102.83000    0.87278    0.06435    0.40838    0.06948
   1105.16000    0.77628    0.05259    0.56503    0.07351
   1109.44000    0.84812    0.08031    0.36401    0.04783
   1111.41000    0.99779    0.04333    0.41401    0.00694
   1115.89000    0.86675    0.05184    0.41812    0.03604
   1118.72000    0.87763    0.03731    0.42743    0.05835
   1122.04000    0.83176    0.06615    0.43949    0.03700
   1124.49000    0.68338    0.03786    0.39301    0.05007
   1126.67000    0.70831    0.10137    0.48075    0.05018
   1129.89000    0.62059    0.04903    0.51899    0.05613
   1132.13000    0.53465    0.08354    0.46473    0.04850
   1135.84000    0.64364    0.06907    0.45944    0.05038
   1139.44000    0.69935    0.03963    0.31250    0.06468
   1143.44000    0.79820    0.04767    0.29361    0.05877
   1146.98000    0.72626    0.06589    0.34821    0.05482
   1149.54000    0.77942    0.06259    0.27538    0.05246
   1153.01000    0.61612    0.05725    0.34376    0.06069
   1155.59000    0.70093    0.05161    0.39453    0.06654
   1158.85000    0.61975    0.06156    0.36854    0.07951
   1163.49000    0.61179    0.04850    0.39413    0.05328
   1166.85000    0.78632    0.02322    0.40601    0.02466
   1169.11000    0.71839    0.08533    0.32121    0.03520
   1172.51000    0.66237    0.04507    0.26552    0.09537
   1174.73000    0.65317    0.08642    0.35029    0.04759
   1179.14000    0.89243    0.06676    0.37729    0.02671
   1184.21000    0.81274    0.03323    0.37347    0.05528
   1185.79000    0.98382    0.04003    0.45523    0.04157
   1190.15000    1.15562    0.03542    0.38415    0.06862
   1194.49000    1.16135    0.04041    0.50215    0.05186
   1199.84000    1.04761    0.05638    0.42925    0.05553
   1202.44000    1.05269    0.02684    0.61563    0.07172
   1206.77000    0.90459    0.03528    0.54803    0.06278
   1210.75000    0.81443    0.06193    0.62140    0.04140
   1461.05000    0.68137    0.04547    0.37836    0.03530
   1463.00000    0.73134    0.06365    0.31316    0.03865
   1465.71000    0.53064    0.04193    0.46316    0.05498
   1469.00000    0.37351    0.05500    0.36895    0.06067
   1472.03000    0.45576    0.04288    0.40307    0.07305
   1474.47000    0.49949    0.06284    0.45241    0.05244
   1476.95000    0.39296    0.03455    0.36658    0.02301
   1479.63000    0.44571    0.03185    0.35806    0.04860
   1482.10000    0.44132    0.03071    0.33754    0.06107
   1485.71000    0.50778    0.04653    0.32284    0.08796
   1489.54000    0.48896    0.05516    0.31108    0.05198
   1492.48000    0.52983    0.03684    0.17577    0.03388
   1495.28000    0.57566    0.07219    0.26000    0.05531
   1498.41000    0.49701    0.06889    0.29818    0.05947
   1502.33000    0.59407    0.04832    0.36331    0.07422
   1505.76000    0.45437    0.05156    0.33910    0.04982
   1508.63000    0.33032    0.06973    0.34587    0.04108
   1510.97000    0.60301    0.06116    0.26855    0.05354
   1514.41000    0.62242    0.07717    0.29132    0.02396
   1518.10000    0.57632    0.04552    0.30094    0.05832
   1521.66000    0.53097    0.06601    0.32034    0.05978
   1524.12000    0.55254    0.05861    0.37083    0.07066
   1527.70000    0.55653    0.07620    0.26401    0.03347
   1530.69000    0.64912    0.06044    0.52505    0.09802
   1534.01000    0.46340    0.04104    0.31126    0.04799
   1536.77000    0.46174    0.07246    0.29834    0.04162
   1539.69000    0.57891    0.06266    0.31575    0.04884
   1542.53000    0.27594    0.08217    0.28189    0.03541
   1543.72000    0.34871    0.06108    0.36547    0.04544
   1547.63000    0.31737    0.05378    0.34801    0.07029
   1549.58000    0.27900    0.06883    0.28692    0.03442
   1553.28000    0.45318    0.06726    0.23343    0.03316
   1556.30000    0.58116    0.06354    0.23348    0.04350
   1560.26000    0.45296    0.06264    0.08287    0.06793
   1562.50000    0.46193    0.02636    0.17208    0.06142
   1563.55000    0.54383    0.05467    0.25939    0.04765
   1565.21000    0.63730    0.06923    0.18606    0.06693
   1568.11000    0.66737    0.06950    0.20278    0.02286
   1571.08000    0.64591    0.05960    0.17582    0.04407
   1572.73000    0.72355    0.08110    0.23026    0.07351
   1577.27000    0.58622    0.04305    0.26764    0.04021
   1579.06000    0.63109    0.05188    0.22490    0.03841
   1825.97000    0.87019    0.05526    0.57364    0.04631
   1828.59000    0.88371    0.04707    0.49532    0.04107
   1829.53000    0.92967    0.03557    0.52659    0.07748
   1833.04000    0.64879    0.04279    0.40674    0.05772
   1837.49000    0.56538    0.06080    0.58630    0.04630
   1841.02000    0.97409    0.04222    0.52423    0.07490
   1844.51000    0.95938    0.03969    0.54132    0.05176
   1846.62000    1.07448    0.05570    0.47545    0.04638
   1849.21000    0.89695    0.04142    0.31469    0.06072
   1851.67000    0.86727    0.06189    0.39271    0.04251
   1853.85000    0.94478    0.05058    0.44332    0.05221
   1854.41000    0.99552    0.05527    0.46952    0.05806
   1858.01000    0.97653    0.03843    0.54530    0.03329
   1861.02000    1.08293    0.05281    0.67374    0.05775
   1864.03000    1.08600    0.03916    0.55637    0.03697
   1867.05000    1.05765    0.04758    0.49365    0.04334
   1871.00000    0.80773    0.06519    0.49834    0.03064
   1873.64000    0.85951    0.04513    0.55491    0.08875
   1877.90000    0.84817    0.04960    0.54850    0.04956
   1878.89000    0.93693    0.04758    0.59947    0.02758
   1881.05000    0.97595    0.08894    0.64661    0.05925
   1885.66000    0.87981    0.02574    0.48453    0.05242
   1887.44000    0.81220    0.05843    0.48329    0.05477
   1889.91000    0.80879    0.06430    0.50779    0.04019
   1893.01000    0.88556    0.07085    0.57461    0.05361
   1896.26000    0.79113    0.05004    0.54416    0.06166
   1900.25000    0.89078    0.02153    0.45227    0.08229
   1902.45000    0.82497    0.05578    0.49553    0.06727
   1905.73000    0.71650    0.05057    0.48620    0.04750
   1909.20000    0.55136    0.05065    0.48064    0.04616
   1912.74000    0.70496    0.06710    0.41028    0.04567
   1917.55000    0.58488    0.01905    0.44106    0.04385
   1920.78000    0.63219    0.05199    0.38366    0.03934
   1923.77000    0.58738    0.05426    0.40590    0.04536
   1925.54000    0.62695    0.05647    0.26380    0.07667
   1927.98000    0.62374    0.04563    0.36803    0.02639
   1929.40000    0.69091    0.03616    0.49791    0.06681
   1931.19000    0.60086    0.05804    0.37745    0.03177
   1934.58000    0.61436    0.05980    0.34813    0.06598
   1936.24000    0.60499    0.03776    0.32344    0.05851
   1938.90000    0.53606    0.06305    0.25969    0.05117
   1941.69000    0.60599    0.06312    0.35243    0.03815
   1944.59000    0.49020    0.04797    0.35402    0.05494
   2190.80000    0.65635    0.06654    0.25416    0.04398
   2193.19000    0.78658    0.02523    0.30683    0.04222
   2198.15000    0.88506    0.03686    0.29023    0.05788
   2201.08000    0.80870    0.03691    0.24827    0.05802
   2204.31000    0.82438    0.06058    0.28565    0.04107
   2205.49000    0.91914    0.06725    0.38814    0.05940
   2209.06000    0.74432    0.07229    0.45288    0.06605
   2214.92000    0.74217    0.06518    0.47761    0.05494
   2218.82000    0.62394    0.07476    0.53437    0.07044
   2222.06000    0.76119    0.05140    0.50352    0.05994
   2226.03000    0.68911    0.06139    0.42515    0.03503
   2228.70000    0.58480    0.02946    0.43346    0.05240
   2232.71000    0.61340    0.05017    0.33899    0.04276
   2235.84000    0.49012    0.05988    0.29820    0.05729
   2237.00000    0.58030    0.05181    0.44909    0.04852
   2238.30000    0.56469    0.03254    0.51775    0.06795
   2240.00000    0.60058    0.06316    0.49238    0.05347
   2243.86000    0.61965    0.05371    0.35185    0.05594
   2248.47000    0.61858    0.06394    0.42465    0.05493
   2251.49000    0.72868    0.03608    0.35294    0.02995
   2253.74000    0.69646    0.03731    0.36344    0.06004
   2256.98000    0.60781    0.02306    0.36611    0.01832
   2261.57000    0.54202    0.04387    0.32377    0.07690
   2265.29000    0.56366    0.03392    0.53074    0.05029
   2269.12000    0.69840    0.03810    0.37436    0.04234
   2273.13000    0.58397    0.04908    0.27134    0.06175
   2275.61000    0.55340    0.05599    0.34041    0.04797
   2278.17000    0.55469    0.05822    0.28781    0.08041
   2281.64000    0.53808    0.04624    0.30217    0.05165
   2283.51000    0.63717    0.04732    0.35227    0.04682
   2287.37000    0.62345    0.04066    0.37592    0.04293
   2290.31000    0.45426    0.04816    0.36436    0.03893
   2290.98000    0.46179    0.03133    0.31429    0.04009
   2292.80000    0.55651    0.06331    0.35473    0.03282
   2296.58000    0.53527    0.04626    0.43194    0.06362
   2299.36000    0.46349    0.02240    0.33026    0.07263
   2301.91000    0.37815    0.04703    0.31771    0.06616
   2304.49000    0.34992    0.05832    0.38773    0.06705
   2308.55000    0.33188    0.04082    0.23360    0.04354
   2555.81000    0.66426    0.03954    0.45810    0.06413
   2560.62000    0.69742    0.04043    0.48167    0.05091
   2563.65000    0.71514    0.03629    0.52194    0.03217
   2566.91000    0.55829    0.05339    0.50962    0.04462
   2568.98000    0.58320    0.02998    0.52843    0.04341
   2572.98000    0.62963    0.05434    0.42526    0.07233
   2576.18000    0.55964    0.05725    0.56970    0.07153
   2581.65000    0.52196    0.02959    0.38890    0.05254
   2586.03000    0.59976    0.05337    0.37677    0.02064
   2588.88000    0.66268    0.03719    0.33435    0.05989
   2592.75000    0.79077    0.05609    0.33762    0.06315
   2596.83000    0.96877    0.02815    0.41510    0.06421
   2598.12000    0.93564    0.04624    0.28546    0.04307
   2601.26000    0.98482    0.02874    0.40947    0.03009
   2603.85000    1.17977    0.05143    0.38963    0.04592
   2606.82000    1.03362    0.05254    0.45222    0.06217
   2610.68000    1.15971    0.03929    0.37084    0.08200
   2613.42000    1.11361    0.04734    0.52632    0.08005
   2617.10000    0.93601    0.04669    0.64857    0.07291
   2619.89000    1.14186    0.05566    0.72465    0.02454
   2622.40000    1.24931    0.03816    0.67370    0.04929
   2625.10000    1.27511    0.03934    0.71429    0.06164
   2627.82000    1.51868    0.05013    0.58154    0.06323
   2632.02000    1.42438    0.05525    0.69742    0.05667
   2634.88000    1.35867    0.02704    0.70045    0.08968
   2635.95000    1.45148    0.05779    0.63595    0.09144
   2639.13000    1.46126    0.05400    0.89705    0.05540
   2641.67000    1.27967    0.05393    0.75090    0.05799
   2645.62000    1.23447    0.04749    0.90088    0.06174
   2647.60000    0.99996    0.03093    0.82668    0.01680
   2651.44000    0.77306    0.06599    0.90003    0.05080
   2655.25000    0.90425    0.05519    0.80832    0.04618
   2658.16000    0.80414    0.04334    0.72779    0.06262
   2662.57000    0.91850    0.06008    0.74964    0.06668
   2664.86000    0.85700    0.06171    0.57343    0.09433
   2667.16000    1.02346    0.04711    0.57530    0.04550
   2670.78000    0.91094    0.04293    0.57517    0.07950
   2673.97000    0.77747    0.06756    0.53651    0.06508
   2921.16000    0.67961    0.04428    0.50136    0.06250
   2923.64000    0.59368    0.06773    0.44033    0.07292
   2926.07000    0.61692    0.04469    0.42732    0.05130
   2930.35000    0.53501    0.05763    0.44664    0.05555
   2934.09000    0.61722    0.05688    0.41836    0.05081
   2939.03000    0.68459    0.01617    0.44332    0.04248
   2941.86000    0.67024    0.02593    0.37568    0.05197
   2943.58000    0.61932    0.04709    0.42620    0.03339
   2946.13000    0.80167    0.07406    0.45112    0.05298
   2948.71000    0.59495    0.08008    0.41005    0.06488
   2951.22000    0.65673    0.04707    0.37815    0.03171
   2954.50000    0.73168    0.05952    0.51838    0.04550
   2958.67000    0.59049    0.06258    0.43516    0.08147
   2960.80000    0.71688    0.05977    0.47609    0.07465
   2963.86000    0.67650    0.04134    0.42490    0.07535
   2966.98000    0.59484    0.05463    0.38068    0.02886
   2971.23000    0.70602    0.05194    0.35613    0.08059
   2974.28000    0.69691    0.04015    0.48228    0.05491
   2978.07000    0.60174    0.02596    0.40817    0.04809
   2980.88000    0.64993    0.05199    0.38454    0.05845
   2984.44000    0.57311    0.04948    0.45157    0.05941
   2986.74000    0.63844    0.08318    0.39846    0.06720
   2990.01000    0.83563    0.06778    0.47506    0.04022
   2992.69000    0.78503    0.05289    0.37495    0.04013
   2994.52000    0.73958    0.06915    0.43061    0.05591
   2996.13000    0.78643    0.05187    0.44773    0.07137
   2997.26000    0.82473    0.08313    0.37862    0.05942
   3000.49000    1.06202    0.08038    0.45927    0.03775
   3003.42000    0.97272    0.03646    0.47419    0.04473
   3005.39000    1.22018    0.02808    0.44227    0.07272
   3008.00000    1.16614    0.01103    0.48815    0.08088
   3011.84000    1.38435    0.07787    0.49562    0.04112
   3015.74000    1.23620    0.02768    0.61932    0.07044
   3021.62000    0.95779    0.07478    0.75881    0.04775
   3025.37000    0.94694    0.03689    0.85214    0.06468
   3030.45000    0.96880    0.05176    0.80314    0.06748
   3031.88000    0.92605    0.02312    0.80016    0.05814
   3035.42000    0.75864    0.04088    0.79942    0.03443
   3038.12000    0.80830    0.04368    0.58084    0.04070
   3285.84000    0.47988    0.03913    0.37515    0.07332
   3287.82000    0.62944    0.03473    0.38809    0.06181
   3291.13000    0.60462    0.03643    0.44337    0.08564
   3294.86000    0.68727    0.06754    0.45319    0.05575
   3298.90000    0.47450    0.05703    0.45556    0.05656
   3301.18000    0.52228    0.04003    0.45971    0.03799
   3304.21000    0.45391    0.06536    0.48344    0.07467
   3307.84000    0.53143    0.06946    0.26860    0.08988
   3311.61000    0.44388    0.04100    0.49272    0.06578
   3314.85000    0.45678    0.06007    0.45008    0.06867
   3317.24000    0.52083    0.02929    0.37776    0.04613
   3320.84000    0.59547    0.06630    0.36625    0.02768
   3323.57000    0.59263    0.07872    0.41259    0.04945
   3326.80000    0.70390    0.07817    0.34261    0.05742
   3330.14000    0.53102    0.04940    0.45455    0.07286
   3333.68000    0.58822    0.04265    0.42564    0.04610
   3335.65000    0.66290    0.04004    0.41858    0.05558
   3338.53000    0.58546    0.04533    0.45495    0.05017
   3341.19000    0.71183    0.06389    0.31093    0.04944
   3343.45000    0.55858    0.04499    0.38506    0.06953
   3348.05000    0.77941    0.02779    0.44251    0.08413
   3349.95000    0.78819    0.04981    0.39017    0.06297
   3352.14000    0.80578    0.05240    0.39393    0.06004
   3353.63000    0.74389    0.05371    0.39537    0.05195
   3355.82000    0.75296    0.04746    0.31568    0.03915
   3359.35000    0.64290    0.05197    0.43588    0.05178
   3361.91000    0.74867    0.05242    0.41406    0.05283
   3365.02000    0.74913    0.04708    0.49305    0.02958
   3368.01000    0.70670    0.05740    0.59844    0.04264
   3370.48000    0.66564    0.04870    0.59887    0.05591
   3374.70000    0.67827    0.04410    0.45772    0.06632
   3376.79000    0.64031    0.04986    0.57938    0.05699
   3378.44000    0.70988    0.05806    0.41758    0.04518
   3381.37000    0.91484    0.07545    0.60931    0.07287
   3384.81000    0.75758    0.04395    0.49320    0.05241
   3388.58000    0.50931    0.03831    0.47494    0.04061
   3392.87000    0.45938    0.03542    0.44098    0.04765
   3394.25000    0.42126    0.06398    0.40213    0.07480
   3397.57000    0.60158    0.06044    0.53694    0.05713
   3399.92000    0.61876    0.05165    0.49338    0.07845
   3401.94000    0.65046    0.03505    0.40248    0.06128
   3404.75000    0.46318    0.05523    0.44218    0.05736
