## Time Delay Challenge light curves
##
## [time]=days, [lc]=[err]=flux in nanomaggies
##
##       time       lc_A      err_A       lc_B      err_B
##-------------------------------------------------------
      0.64000    2.20521    0.08080   15.09936    0.04095
      2.94000    2.15050    0.04189   15.69010    0.07135
      4.97000    2.31007    0.05857   15.40014    0.06835
      8.84000    2.17569    0.05200   15.02198    0.01837
     11.27000    2.22866    0.07070   15.07842    0.03700
     12.79000    2.28031    0.03636   15.42877    0.07741
     15.86000    2.18247    0.03513   15.10786    0.06316
     20.08000    2.11915    0.06968   15.08380    0.06008
     23.07000    2.22723    0.05156   14.79778    0.03018
     24.31000    2.18265    0.05476   14.84326    0.04547
     27.75000    2.11304    0.05058   13.95339    0.04761
     30.82000    2.13848    0.10217   14.07099    0.06039
     35.46000    2.09924    0.06263   14.06235    0.04991
     38.01000    2.14719    0.05707   14.11976    0.06134
     40.77000    2.18311    0.07531   14.38491    0.05565
     43.91000    2.03758    0.02477   14.18447    0.06072
     46.90000    2.03209    0.05608   14.06548    0.05116
     50.56000    1.88653    0.08566   14.06027    0.05570
     52.71000    2.04448    0.05960   13.98848    0.04587
     56.41000    2.05792    0.06785   13.73383    0.06195
     58.67000    2.09682    0.05110   14.11507    0.08351
     59.73000    2.05053    0.04404   14.15167    0.05695
     60.96000    2.08609    0.05719   14.03885    0.07463
     64.87000    2.12139    0.06298   13.87150    0.04532
     67.56000    2.01069    0.05970   13.99184    0.06657
     69.32000    2.08929    0.03111   14.16469    0.01810
     70.86000    2.10432    0.04667   14.03438    0.03916
     74.29000    2.12361    0.03576   13.67603    0.05789
     78.72000    1.99427    0.07554   13.92074    0.02334
     79.70000    2.11138    0.04165   13.92842    0.04443
     83.15000    2.03579    0.03547   13.75638    0.03249
     86.80000    2.08269    0.05554   13.92662    0.06028
     90.19000    2.13132    0.04929   14.21068    0.07302
     93.73000    2.01861    0.05592   14.42778    0.03437
     96.14000    1.97409    0.05998   14.47281    0.08262
    100.42000    2.07308    0.08891   14.03061    0.06898
    100.56000    1.95404    0.08204   14.05546    0.05880
    104.23000    2.04123    0.05815   13.71757    0.05894
    107.57000    2.01179    0.03349   13.68645    0.06348
    111.38000    2.04059    0.07941   13.48959    0.07858
    115.45000    2.05057    0.06833   13.83502    0.04039
    366.39000    2.32725    0.02384   14.70283    0.07333
    368.93000    2.21587    0.05495   14.67362    0.05873
    372.71000    2.33426    0.04415   14.33760    0.06069
    377.36000    2.25619    0.06300   15.05555    0.04208
    380.11000    2.17220    0.06740   14.76574    0.07622
    383.47000    2.18080    0.05116   15.34745    0.04265
    387.72000    2.40036    0.08187   15.83374    0.03889
    391.30000    2.24811    0.06431   15.56363    0.05308
    395.02000    2.04777    0.07767   15.85804    0.04901
    398.33000    2.23316    0.05223   15.22874    0.03403
    400.89000    2.22435    0.03357   15.22948    0.08404
    405.17000    2.25391    0.04647   15.05020    0.06224
    407.88000    2.32616    0.06908   15.17347    0.02076
    410.17000    2.30190    0.06006   15.15853    0.04147
    412.95000    2.27365    0.04379   15.03337    0.04942
    416.88000    2.31246    0.02819   15.08265    0.05426
    419.72000    2.26712    0.03161   15.33713    0.06532
    422.72000    2.26458    0.05738   15.29503    0.01111
    423.72000    2.37795    0.04583   15.29690    0.04819
    426.62000    2.35629    0.03764   15.76395    0.04227
    429.17000    2.37860    0.03869   15.77242    0.05782
    433.67000    2.24063    0.07297   15.71037    0.05206
    436.89000    2.44333    0.04622   15.96055    0.03828
    438.67000    2.35992    0.06597   16.14025    0.07857
    441.34000    2.44617    0.04415   15.54286    0.04925
    445.07000    2.54715    0.07631   15.19856    0.07586
    448.36000    2.40598    0.04591   15.20691    0.05839
    450.54000    2.36887    0.01112   15.13233    0.03773
    450.95000    2.36406    0.03109   15.12022    0.03658
    455.81000    2.46499    0.04113   15.03855    0.02470
    458.16000    2.48058    0.04281   14.85539    0.04903
    462.60000    2.42674    0.04800   14.87924    0.02766
    466.94000    2.39368    0.02550   14.80690    0.03653
    471.27000    2.41095    0.07484   14.60671    0.03445
    476.36000    2.24872    0.04160   14.49650    0.06241
    478.21000    2.34013    0.06342   14.27087    0.03823
    482.18000    2.39516    0.05225   14.16126    0.03041
    732.67000    2.12339    0.04181   13.20025    0.03059
    735.84000    1.98870    0.04631   13.25760    0.03755
    739.04000    2.06147    0.03565   13.12289    0.03783
    742.48000    2.18983    0.06461   12.59026    0.06994
    746.88000    2.06734    0.03416   12.39526    0.05856
    750.93000    2.07186    0.06112   12.39497    0.01425
    754.27000    2.06283    0.02835   13.09370    0.06751
    756.22000    1.92835    0.05468   13.05330    0.07752
    760.22000    2.00635    0.04505   12.71333    0.05328
    763.08000    1.95568    0.03078   12.30166    0.04746
    763.42000    1.94056    0.06246   12.18303    0.05091
    767.34000    1.92613    0.06998   12.35722    0.07272
    768.81000    1.81594    0.05406   11.83348    0.03356
    771.17000    1.86061    0.05172   11.66206    0.04226
    775.45000    1.93376    0.05360   11.61984    0.06293
    779.39000    1.86153    0.05245   12.05874    0.03525
    783.29000    1.84725    0.02643   12.15930    0.04707
    786.90000    1.93337    0.03731   11.94064    0.03480
    790.10000    1.82488    0.05285   12.23696    0.07176
    791.60000    1.94240    0.06523   12.31670    0.02996
    793.75000    1.76327    0.04975   12.52898    0.05884
    795.15000    1.71356    0.04603   12.35498    0.04538
    798.48000    1.88765    0.07126   12.90816    0.07095
    801.47000    1.89341    0.04549   13.44721    0.04225
    804.53000    1.89948    0.05457   13.12452    0.02142
    807.29000    1.89423    0.05839   13.11695    0.08558
    809.11000    1.96322    0.06218   13.10066    0.05075
    812.78000    1.92790    0.04454   13.13029    0.07233
    813.98000    1.90062    0.05124   13.05482    0.05581
    818.20000    1.98250    0.01936   13.08102    0.05620
    822.58000    1.98134    0.05217   12.78987    0.04627
    824.94000    1.97156    0.06369   12.75278    0.04887
    827.60000    1.96228    0.06655   12.96859    0.04922
    829.12000    2.00204    0.01996   12.57815    0.06156
    831.60000    2.03733    0.04710   12.46264    0.05229
    834.27000    2.06120    0.05758   12.48600    0.01927
    838.15000    1.92470    0.05595   12.57382    0.03659
    843.27000    1.93599    0.08782   12.68607    0.05993
    845.48000    2.05011    0.07024   12.90488    0.05423
    848.89000    1.98709    0.04315   12.88339    0.05147
   1095.72000    2.18257    0.04990   13.63957    0.05338
   1098.55000    2.23473    0.00922   14.00570    0.05282
   1102.56000    2.18907    0.02395   13.48442    0.07155
   1105.44000    2.15771    0.04262   13.66664    0.07436
   1108.96000    2.14779    0.05072   13.39112    0.07077
   1111.72000    2.14964    0.05484   13.65200    0.04175
   1115.53000    2.14844    0.02488   14.00043    0.04676
   1118.81000    2.30161    0.04256   13.96648    0.05045
   1122.23000    2.29344    0.07122   14.33450    0.06501
   1127.06000    2.26517    0.06143   14.16543    0.04765
   1130.82000    2.12206    0.07712   14.24841    0.05074
   1132.26000    2.21323    0.03587   14.37618    0.08401
   1136.11000    2.02666    0.06647   13.61099    0.03732
   1139.17000    2.27937    0.05539   13.95249    0.06970
   1141.87000    2.18239    0.05358   13.75781    0.08010
   1145.30000    2.17633    0.05083   14.08494    0.04672
   1148.71000    2.17080    0.05379   13.81422    0.06455
   1150.80000    2.23706    0.04069   13.63481    0.06602
   1154.05000    2.30884    0.04066   13.27222    0.03215
   1156.61000    2.25039    0.03354   13.21497    0.06639
   1159.11000    2.25659    0.03929   13.44501    0.01567
   1163.14000    2.22234    0.05531   13.46289    0.07013
   1164.96000    2.27814    0.05979   13.75603    0.03903
   1169.30000    2.28261    0.03887   13.75965    0.05648
   1172.83000    2.39000    0.04269   14.09621    0.04943
   1176.92000    2.20124    0.05270   14.44750    0.06569
   1179.92000    2.33758    0.06325   14.21022    0.04592
   1183.92000    2.37922    0.03928   14.39623    0.04352
   1187.56000    2.28123    0.05684   13.86663    0.07349
   1191.57000    2.17603    0.06595   13.69910    0.04171
   1193.89000    2.27109    0.05517   13.94023    0.04418
   1197.38000    2.35296    0.04563   13.76868    0.07244
   1200.43000    2.33606    0.05261   13.53717    0.07991
   1204.84000    2.42086    0.05458   13.60002    0.04785
   1208.75000    2.17606    0.06514   13.91661    0.05626
   1210.32000    2.20038    0.05351   14.03328    0.08293
   1214.04000    2.24407    0.02430   13.90411    0.06248
   1461.81000    1.96028    0.06629   13.15796    0.04182
   1465.32000    1.89118    0.07986   13.36398    0.04321
   1467.91000    2.01291    0.08834   13.32809    0.07539
   1470.40000    2.09695    0.04917   13.43578    0.08014
   1472.09000    2.09311    0.04682   13.54096    0.07150
   1473.49000    1.98228    0.04762   13.18608    0.04157
   1476.93000    2.04180    0.05752   13.25777    0.04026
   1478.40000    2.06191    0.05629   13.01073    0.04088
   1480.93000    2.11208    0.02868   13.40521    0.06984
   1483.64000    2.15424    0.06676   13.61604    0.03690
   1488.04000    2.13747    0.05434   13.30778    0.04383
   1489.83000    2.26524    0.06230   13.17631    0.03080
   1492.07000    2.18380    0.06116   13.20193    0.06642
   1495.47000    2.14284    0.05709   13.66355    0.06347
   1499.85000    2.09288    0.06064   13.54086    0.04255
   1502.59000    2.06355    0.05010   12.90401    0.04003
   1504.72000    2.04492    0.06362   13.03177    0.04653
   1509.43000    2.11560    0.05021   12.81484    0.06225
   1510.99000    2.10653    0.04625   12.63649    0.05748
   1515.20000    2.04163    0.04396   12.71325    0.04805
   1519.54000    2.14209    0.04684   12.60077    0.05245
   1521.76000    1.91390    0.07008   12.97418    0.04900
   1523.90000    2.09333    0.05488   13.02020    0.04466
   1527.37000    2.07273    0.04453   13.24432    0.07236
   1531.56000    2.01487    0.02822   13.12413    0.06628
   1533.93000    2.05785    0.06173   13.68963    0.06469
   1537.68000    2.11824    0.06726   13.95139    0.06572
   1541.48000    1.98986    0.05395   13.86388    0.05475
   1542.99000    2.08977    0.04699   13.97018    0.05411
   1544.55000    2.11670    0.08110   13.80907    0.01463
   1547.49000    2.14431    0.06691   13.71162    0.04459
   1550.38000    2.18086    0.06168   13.64261    0.03418
   1552.73000    2.11037    0.02442   13.69495    0.08500
   1555.35000    2.10686    0.03618   13.68399    0.04063
   1560.32000    2.14138    0.07436   14.02129    0.05306
   1561.88000    2.30530    0.06334   14.26822    0.08416
   1564.65000    2.13917    0.04301   13.83275    0.06105
   1567.65000    2.15036    0.04441   14.02742    0.05324
   1571.33000    2.13965    0.03797   14.18811    0.07201
   1574.12000    2.05956    0.05062   13.89634    0.04563
   1577.13000    2.15996    0.03617   13.75751    0.03993
   1579.59000    2.29346    0.06518   13.08746    0.03082
   1827.76000    2.24566    0.06817   13.04009    0.05458
   1830.29000    2.18496    0.04777   13.22211    0.07262
   1836.28000    2.14914    0.06518   13.62672    0.03227
   1838.35000    2.11672    0.06789   13.17901    0.02324
   1842.10000    2.16795    0.03366   13.41158    0.06427
   1843.98000    2.17551    0.03494   13.58946    0.05024
   1846.74000    2.21118    0.05126   13.00973    0.07616
   1847.16000    2.10196    0.06302   12.97591    0.07143
   1849.85000    2.19918    0.06081   12.77474    0.05358
   1853.76000    2.21706    0.05872   12.64417    0.08849
   1855.21000    2.22346    0.04481   12.72040    0.03096
   1856.84000    2.28463    0.05493   12.88458    0.08139
   1859.61000    2.20733    0.03462   12.68754    0.08021
   1862.95000    2.09683    0.05243   12.02784    0.05410
   1864.79000    2.19205    0.04403   11.90170    0.02643
   1869.73000    2.02558    0.05096   11.55360    0.05643
   1872.22000    2.15290    0.07606   11.69130    0.05014
   1876.02000    2.09033    0.05232   11.38381    0.03874
   1879.18000    2.06469    0.06715   11.31273    0.07163
   1881.65000    1.97721    0.07504   11.24435    0.03516
   1884.43000    1.93046    0.03298   11.31389    0.08347
   1888.88000    1.97137    0.08456   11.47025    0.04534
   1890.68000    1.89352    0.04139   11.52247    0.08035
   1893.74000    1.99738    0.03442   11.98227    0.01797
   1898.34000    1.83805    0.07538   11.76688    0.05505
   1900.70000    2.01150    0.04888   12.12631    0.06381
   1903.94000    2.08036    0.07322   11.93790    0.05584
   1909.39000    2.01415    0.06028   12.46822    0.06854
   1912.83000    1.97843    0.04006   12.89186    0.08137
   1915.41000    1.93864    0.03715   13.51450    0.05771
   1918.92000    2.00140    0.07122   13.37208    0.04879
   1922.66000    2.01541    0.04353   13.13586    0.07295
   1925.55000    2.06749    0.06340   13.04602    0.05452
   1927.42000    2.02837    0.04428   12.90447    0.05114
   1929.91000    2.20444    0.06300   12.63501    0.03132
   1932.47000    2.26552    0.07117   12.70283    0.04867
   1935.79000    2.21722    0.03199   12.92052    0.06839
   1938.51000    2.24428    0.04073   12.96501    0.05172
   1940.78000    2.30112    0.06346   13.21028    0.04193
   1942.46000    2.24505    0.03540   12.69896    0.08573
   2190.58000    2.37171    0.04764   14.64883    0.03384
   2194.21000    2.37686    0.05504   14.51984    0.03602
   2198.13000    2.30065    0.05700   14.95084    0.05791
   2200.92000    2.32220    0.03844   14.75190    0.04052
   2205.20000    2.34339    0.02660   14.71354    0.05694
   2207.92000    2.33871    0.04605   14.76616    0.04994
   2211.45000    2.51381    0.05360   14.74806    0.04094
   2213.70000    2.45666    0.02346   14.89058    0.03855
   2217.36000    2.47964    0.03748   14.30935    0.05786
   2221.00000    2.38570    0.02555   14.40976    0.05846
   2223.69000    2.51999    0.07756   14.37475    0.05151
   2224.75000    2.53687    0.06219   14.22263    0.05394
   2227.08000    2.49723    0.04788   13.99132    0.05131
   2229.44000    2.44564    0.06536   13.34735    0.04883
   2232.23000    2.38426    0.05386   13.61507    0.07718
   2235.48000    2.41290    0.05649   13.87293    0.05200
   2238.76000    2.28449    0.05810   13.90929    0.06474
   2242.06000    2.33840    0.04288   13.84253    0.04869
   2244.69000    2.28982    0.06967   13.76210    0.03150
   2246.16000    2.28207    0.06317   13.92475    0.06001
   2247.36000    2.37106    0.06069   13.93902    0.04089
   2250.13000    2.28034    0.04961   13.71355    0.02979
   2252.96000    2.21957    0.06264   13.76008    0.07832
   2256.01000    2.41457    0.06016   14.23695    0.05710
   2260.05000    2.48806    0.06464   14.17583    0.04590
   2261.96000    2.30376    0.06568   14.33330    0.05446
   2265.96000    2.50454    0.06510   13.99818    0.08114
   2270.55000    2.44267    0.05845   13.85625    0.05122
   2274.32000    2.39719    0.04944   14.24536    0.04826
   2277.11000    2.44653    0.06324   14.13943    0.05184
   2280.08000    2.42035    0.04646   14.03753    0.07372
   2283.32000    2.37882    0.06960   14.39564    0.04789
   2285.14000    2.35940    0.06788   14.61632    0.03247
   2287.90000    2.37861    0.04313   14.60249    0.07910
   2291.21000    2.32178    0.04647   14.43777    0.08468
   2294.74000    2.32513    0.02829   14.21836    0.05847
   2295.71000    2.42196    0.05029   14.19009    0.06368
   2298.77000    2.24780    0.04548   13.97686    0.02538
   2302.20000    2.35328    0.03162   13.42400    0.02139
   2306.09000    2.39124    0.04826   13.52459    0.01180
   2308.68000    2.44650    0.07086   13.48627    0.04158
   2555.66000    2.07548    0.05264   11.94022    0.04787
   2558.26000    2.13096    0.04220   11.88847    0.06161
   2561.31000    2.04955    0.03455   12.18871    0.07274
   2563.58000    2.18247    0.05263   12.14476    0.01974
   2567.78000    2.07977    0.04737   12.50926    0.06043
   2571.26000    2.04341    0.05941   12.73888    0.03088
   2574.67000    2.23330    0.05990   12.86011    0.04907
   2576.97000    2.18603    0.04870   12.75637    0.04553
   2580.32000    2.04408    0.03717   12.76967    0.07305
   2583.34000    2.12719    0.07725   12.91452    0.06288
   2586.21000    2.03535    0.08532   13.22187    0.03836
   2589.98000    2.00509    0.07021   13.34669    0.05626
   2592.78000    2.20105    0.05497   13.03627    0.06821
   2595.45000    2.14966    0.03822   12.97642    0.06147
   2600.76000    2.08685    0.05965   12.89298    0.05748
   2602.24000    2.19876    0.06200   12.57859    0.03864
   2605.06000    2.19106    0.06614   12.32713    0.05840
   2608.44000    2.21288    0.00982   12.34453    0.05592
   2612.76000    2.11131    0.04455   12.66489    0.02566
   2615.16000    2.34311    0.06253   12.30227    0.07202
   2618.63000    2.17920    0.04345   12.18040    0.07193
   2621.25000    2.24169    0.02001   12.26075    0.05309
   2624.56000    2.24319    0.06974   12.63291    0.04949
   2627.05000    2.23459    0.05312   12.88940    0.05431
   2630.97000    2.27093    0.05450   12.53564    0.05806
   2633.54000    2.22364    0.04379   12.62870    0.07544
   2635.61000    2.19136    0.03513   12.47455    0.02484
   2636.66000    2.22700    0.04591   12.62134    0.05443
   2640.20000    2.21165    0.04363   12.74879    0.05407
   2643.87000    2.31481    0.05945   13.39540    0.06314
   2646.27000    2.10650    0.05516   13.32491    0.06714
   2649.49000    2.17820    0.05045   12.96575    0.02667
   2651.87000    2.11254    0.05353   13.04619    0.05764
   2654.16000    2.12429    0.07085   13.02117    0.03711
   2658.29000    2.22263    0.06424   13.22517    0.06950
   2659.96000    2.09007    0.06913   13.08652    0.03311
   2663.03000    2.18254    0.05776   13.07338    0.05512
   2666.93000    2.08646    0.09918   12.91300    0.03853
   2668.31000    2.30252    0.05113   13.05777    0.05156
   2672.34000    2.11438    0.04962   13.20098    0.06794
   2674.99000    2.29471    0.04076   13.09111    0.05980
   2922.86000    2.48025    0.06788   13.82538    0.06524
   2926.04000    2.35176    0.06054   13.65360    0.06636
   2928.48000    2.41515    0.08225   13.71431    0.03483
   2930.06000    2.37230    0.03535   13.99466    0.05973
   2932.05000    2.46217    0.07009   13.68925    0.03534
   2937.11000    2.40388    0.05838   13.59454    0.06161
   2939.45000    2.32183    0.05324   13.61906    0.06392
   2942.07000    2.42610    0.07382   13.29850    0.05491
   2943.89000    2.33868    0.03191   13.21092    0.07547
   2948.07000    2.29656    0.05923   13.32465    0.06428
   2951.55000    2.39665    0.03639   12.80519    0.03352
   2955.70000    2.26386    0.07648   12.61881    0.05932
   2958.37000    2.22498    0.05884   12.46937    0.06487
   2959.93000    2.19676    0.05545   12.60563    0.02920
   2964.74000    2.22173    0.03733   12.09809    0.03656
   2965.88000    2.15928    0.05469   12.23066    0.06255
   2968.60000    2.18500    0.04986   12.08298    0.04129
   2971.08000    2.14058    0.01963   11.81964    0.05385
   2975.38000    2.18123    0.03520   11.58811    0.08201
   2977.04000    2.02613    0.07089   11.54692    0.06548
   2980.62000    2.08446    0.05198   11.37147    0.04619
   2984.52000    2.07373    0.04716   11.97906    0.04141
   2987.90000    2.20921    0.05414   12.07298    0.07380
   2993.42000    2.09111    0.05195   12.04150    0.02412
   2996.30000    2.07171    0.06628   11.88269    0.08248
   2998.88000    2.08895    0.03417   11.92478    0.01402
   3000.27000    2.02976    0.04951   11.95480    0.05160
   3005.10000    2.01847    0.05766   11.80736    0.05470
   3008.63000    2.13342    0.04766   11.53272    0.04242
   3011.97000    2.06312    0.07495   11.15245    0.07462
   3014.96000    2.10883    0.06130   11.42883    0.04753
   3016.13000    2.03857    0.05875   11.45252    0.07558
   3018.92000    2.07272    0.02858   11.41709    0.03447
   3020.48000    2.04900    0.06752   11.45512    0.08197
   3023.26000    2.14081    0.07100   11.47125    0.06133
   3026.14000    2.04266    0.06560   11.58441    0.06040
   3028.96000    2.12614    0.05221   11.39543    0.04766
   3033.66000    1.95498    0.03822   11.32401    0.07503
   3037.82000    2.01027    0.06071   11.65014    0.03618
   3285.19000    2.48507    0.04695   13.31228    0.06155
   3288.35000    2.48591    0.03993   13.48202    0.07741
   3290.91000    2.44379    0.04865   13.13510    0.07995
   3293.93000    2.40722    0.05667   13.14131    0.04928
   3296.53000    2.28270    0.02898   12.66345    0.05843
   3299.89000    2.36049    0.06373   12.55458    0.05250
   3304.21000    2.37044    0.04708   12.80215    0.04802
   3307.56000    2.40059    0.05265   12.61434    0.06241
   3312.28000    2.29005    0.04050   12.64108    0.09481
   3314.09000    2.41179    0.04144   12.73302    0.08095
   3316.61000    2.35964    0.04102   12.78170    0.02602
   3320.23000    2.30041    0.05952   12.78078    0.02167
   3323.60000    2.16164    0.04732   12.09250    0.05854
   3327.01000    2.17067    0.05091   12.12516    0.03021
   3329.84000    2.06287    0.06541   12.11278    0.06344
   3333.24000    2.09862    0.04060   12.62011    0.04038
   3336.44000    2.14653    0.01649   13.14327    0.04385
   3340.59000    2.21354    0.05003   13.62058    0.07334
   3343.53000    2.08924    0.06230   14.08962    0.03317
   3348.23000    2.10700    0.06839   14.01055    0.06081
   3352.24000    2.26172    0.04455   13.29020    0.04213
   3355.60000    2.17300    0.03687   13.70135    0.03177
   3357.05000    2.33975    0.03354   13.98531    0.04816
   3360.82000    2.45231    0.05350   14.02942    0.05702
   3364.25000    2.57047    0.04873   13.90295    0.05724
   3367.35000    2.54819    0.04870   13.94273    0.03376
   3369.52000    2.48134    0.02441   13.79609    0.04166
   3373.54000    2.42415    0.06473   13.20759    0.06885
   3377.38000    2.57383    0.05575   13.47821    0.06726
   3380.31000    2.37153    0.04142   13.35869    0.04983
   3383.56000    2.44936    0.04135   14.18351    0.05279
   3385.52000    2.39932    0.04180   14.09999    0.04591
   3389.12000    2.37080    0.03413   13.86464    0.07972
   3391.46000    2.40608    0.04827   13.52289    0.05464
   3395.65000    2.32456    0.07642   13.73677    0.06649
   3397.93000    2.33637    0.06141   13.42948    0.06865
   3400.77000    2.34852    0.06892   13.36039    0.03424
   3404.34000    2.44045    0.05330   13.10128    0.05969
