## Time Delay Challenge light curves
##
## [time]=days, [lc]=[err]=flux in nanomaggies
##
##       time       lc_A      err_A       lc_B      err_B
##-------------------------------------------------------
      3.00000    4.37699    0.05512    8.45499    0.06915
      7.31000    4.65663    0.05500    8.76109    0.05604
     10.02000    4.49482    0.05124    8.85165    0.04470
     13.95000    4.52632    0.05998    9.05923    0.02967
     19.11000    4.67398    0.04400    9.12271    0.06601
     22.95000    4.63802    0.03249    9.13565    0.03710
     25.69000    4.70969    0.05453    9.31295    0.05431
     28.82000    4.71674    0.04593    9.57203    0.05322
     33.54000    4.70888    0.05138    9.52006    0.05311
     37.32000    4.54677    0.05472    9.31217    0.05554
     39.65000    4.62833    0.04725    9.27739    0.07024
     42.94000    4.37735    0.06771    8.96102    0.05388
     45.67000    4.38672    0.04933    9.17714    0.03480
     48.54000    4.43017    0.08361    9.05882    0.05246
     51.49000    4.34125    0.02820    9.00414    0.04723
     53.89000    4.27932    0.08436    9.18551    0.01677
     57.70000    4.38319    0.08547    9.42346    0.04918
     61.47000    4.60942    0.08759    9.57755    0.06660
     65.26000    4.44367    0.04211    9.54409    0.05887
     67.95000    4.54620    0.04971    9.64532    0.05425
     70.91000    4.48488    0.04862    9.54100    0.05087
     73.35000    4.49018    0.05729    9.86279    0.07740
     76.04000    4.50657    0.05329    9.85619    0.05692
     77.84000    4.52773    0.07038   10.00594    0.04387
     80.49000    4.66631    0.05988    9.85204    0.05265
     84.13000    4.63269    0.06472   10.05322    0.04768
     88.24000    4.56240    0.06294    9.98781    0.01078
     90.76000    4.50565    0.03480    9.64648    0.07511
     93.39000    4.34982    0.07919    9.59404    0.02166
     96.29000    4.46258    0.07498    9.45482    0.04435
    100.04000    4.27572    0.06447    9.35498    0.03919
    103.31000    4.29730    0.04061    9.36660    0.05762
    106.05000    4.43343    0.05687    9.33118    0.07540
    108.76000    4.24489    0.06708    9.38316    0.05381
    111.45000    4.22519    0.05291    9.47815    0.05261
    114.89000    4.19523    0.03736    9.62736    0.06463
    117.75000    4.32649    0.06091    9.64245    0.04791
    365.20000    4.20254    0.07189    8.07108    0.07170
    368.28000    3.90105    0.07250    8.05550    0.04717
    370.16000    4.09885    0.05241    8.02882    0.08518
    373.60000    3.99744    0.04912    8.29095    0.00944
    377.06000    3.83274    0.05748    8.24060    0.05137
    379.23000    3.80156    0.06251    8.25915    0.04630
    382.93000    3.69675    0.04093    8.34258    0.07572
    387.70000    3.79224    0.04403    8.29495    0.07346
    392.30000    3.65479    0.04894    8.30618    0.03038
    392.77000    3.57389    0.05318    8.39283    0.04959
    396.38000    3.64296    0.03449    8.04565    0.07430
    398.97000    3.53073    0.06732    8.23889    0.05020
    401.24000    3.52125    0.05810    8.58831    0.05763
    404.50000    3.50591    0.05110    8.75572    0.07311
    408.60000    3.68933    0.04273    8.67092    0.05412
    410.27000    3.68404    0.05945    8.95576    0.05256
    413.83000    3.75960    0.05380    8.93941    0.04493
    415.34000    3.69005    0.05829    8.73036    0.06187
    419.66000    3.93271    0.05500    8.61792    0.03207
    423.23000    3.98838    0.05752    8.50100    0.05721
    424.92000    3.89814    0.02909    8.57540    0.06757
    427.19000    3.97680    0.06406    8.55168    0.07674
    430.65000    4.01203    0.07705    8.16795    0.03447
    435.57000    3.77046    0.06155    7.94063    0.04371
    437.12000    3.81077    0.04346    7.85760    0.05091
    437.82000    3.83699    0.04551    7.85467    0.05359
    441.77000    3.80702    0.05872    7.85989    0.04055
    447.26000    3.76648    0.06856    7.87755    0.05293
    451.52000    3.85097    0.04046    7.60020    0.03361
    454.17000    3.91938    0.04835    7.51489    0.03766
    458.28000    3.92955    0.04372    7.37577    0.04654
    462.37000    4.03612    0.04360    7.75309    0.08090
    465.07000    4.13178    0.06580    8.01905    0.07187
    468.61000    4.10542    0.05463    7.87995    0.07771
    470.74000    4.15736    0.05187    7.89099    0.09086
    473.95000    3.88310    0.05239    8.44240    0.05975
    476.61000    3.84818    0.02828    8.36646    0.07949
    480.82000    3.83320    0.06831    8.35672    0.04166
    483.07000    3.83115    0.03776    8.26235    0.02825
    731.21000    3.84326    0.03916    8.44536    0.06639
    735.76000    3.98822    0.06588    8.48005    0.07370
    738.99000    4.16212    0.06672    8.34270    0.04214
    742.20000    4.04766    0.05897    8.28502    0.04747
    746.79000    3.98562    0.04515    8.32366    0.03481
    750.63000    4.05130    0.07832    8.27907    0.05333
    754.15000    4.03295    0.03687    8.35513    0.05593
    757.14000    4.07391    0.05071    8.59552    0.02143
    760.67000    4.05282    0.04668    8.53504    0.06122
    763.34000    4.12999    0.03357    8.60850    0.09230
    765.10000    4.18945    0.06509    8.61833    0.02400
    768.96000    4.14365    0.04767    8.45471    0.08571
    772.96000    4.10828    0.05168    8.39489    0.03460
    776.88000    3.98211    0.04547    8.30478    0.06465
    780.27000    4.00693    0.09093    8.46680    0.04992
    785.71000    4.13844    0.02373    8.15902    0.04690
    789.20000    4.16508    0.03235    8.53646    0.04423
    791.40000    4.23483    0.06237    8.41754    0.07424
    792.77000    4.20851    0.05508    8.63016    0.04870
    798.17000    4.04701    0.05146    8.49931    0.06834
    802.03000    4.06178    0.01672    8.44279    0.03516
    807.23000    4.03286    0.05065    8.58504    0.04054
    810.39000    3.90496    0.05454    8.76277    0.03103
    813.31000    3.86874    0.07945    8.84085    0.04202
    815.65000    4.13034    0.05819    8.90999    0.07670
    819.86000    4.04399    0.04860    8.73656    0.05406
    822.83000    4.04695    0.06509    8.72208    0.06793
    827.67000    3.92497    0.05776    8.68826    0.04768
    830.71000    4.06356    0.05798    8.53560    0.07056
    832.81000    4.02435    0.06905    8.55647    0.04214
    835.73000    3.96041    0.03333    8.64374    0.06553
    839.13000    4.00172    0.07364    8.65969    0.05308
    843.08000    4.04570    0.06486    8.82730    0.02102
    846.23000    3.91365    0.04735    8.88431    0.05678
   1095.76000    4.57792    0.07610    8.58190    0.06819
   1098.22000    4.54423    0.07311    8.60865    0.04990
   1101.24000    4.65257    0.08155    8.73628    0.04265
   1103.42000    4.66350    0.05806    8.67476    0.05016
   1106.82000    4.82308    0.06369    8.48733    0.07572
   1108.62000    4.75975    0.06041    8.71567    0.03859
   1110.75000    4.57389    0.06563    8.85453    0.04751
   1113.57000    4.65976    0.07237    9.04494    0.02826
   1116.83000    4.79531    0.08623    9.19729    0.05958
   1119.55000    4.86208    0.04810    9.14493    0.06998
   1120.87000    4.85113    0.04320    9.27669    0.05401
   1123.68000    4.79098    0.03378    9.27891    0.02781
   1127.20000    4.86937    0.04775    9.18535    0.06733
   1129.82000    4.93192    0.04903    9.23210    0.04553
   1133.63000    4.99368    0.05065    9.75513    0.05497
   1136.43000    4.82184    0.04521    9.82672    0.05732
   1138.71000    4.94206    0.03940   10.05975    0.04844
   1142.40000    4.96651    0.02123   10.14076    0.05712
   1145.65000    5.03670    0.04019   10.13050    0.06589
   1147.74000    5.15588    0.05692   10.01279    0.04945
   1150.60000    5.17710    0.03668    9.63655    0.04131
   1152.66000    5.03241    0.05192    9.66685    0.06292
   1156.44000    5.16759    0.03722   10.05000    0.04830
   1160.06000    5.16507    0.06541   10.06268    0.04737
   1163.47000    5.19513    0.02695   10.04561    0.06952
   1166.30000    5.36452    0.05723   10.17176    0.06622
   1169.12000    5.38276    0.06464   10.37160    0.05039
   1172.96000    5.28824    0.05345   10.32014    0.05549
   1175.33000    5.07660    0.05495   10.35722    0.06552
   1177.99000    5.04424    0.06434   10.25203    0.05553
   1182.28000    4.84713    0.06155   10.32612    0.05372
   1184.62000    4.76171    0.00644   10.50776    0.05427
   1187.87000    4.89784    0.06955   10.55338    0.04959
   1189.86000    4.79537    0.06329   10.28781    0.04557
   1190.82000    4.82342    0.05874   10.30134    0.04360
   1195.17000    4.97330    0.07008   10.70941    0.04332
   1198.18000    5.03860    0.05100   10.61627    0.02994
   1199.26000    4.95594    0.05348   10.53747    0.05708
   1201.63000    4.90172    0.04617   10.86941    0.05930
   1205.87000    4.75639    0.03341   10.77189    0.05756
   1208.31000    4.75004    0.03187   10.76680    0.04077
   1210.51000    4.89652    0.04140   10.90261    0.06017
   1463.64000    4.71478    0.07101    9.14815    0.01769
   1465.17000    4.65976    0.03760    9.18977    0.06155
   1467.97000    4.77256    0.03997    9.21635    0.05800
   1471.12000    4.76730    0.04814    9.08841    0.06519
   1472.15000    4.78060    0.02164    9.23158    0.10112
   1474.96000    4.80961    0.04119    9.44126    0.02628
   1478.82000    5.00582    0.05717    9.66880    0.03648
   1482.51000    4.99181    0.03991    9.53285    0.05293
   1485.76000    4.83100    0.03714    9.48909    0.04962
   1487.94000    4.77098    0.04470    9.61593    0.05164
   1493.61000    4.97961    0.03029    9.65847    0.02871
   1496.83000    5.04938    0.03838    9.96153    0.06363
   1499.16000    5.07678    0.06983    9.82404    0.03125
   1502.09000    4.94400    0.05980    9.50432    0.03965
   1505.63000    5.15592    0.07097    9.49565    0.02865
   1507.00000    5.18483    0.05770    9.42710    0.02116
   1510.28000    5.31400    0.04639    9.54882    0.06263
   1513.60000    5.19253    0.05807    9.67874    0.05665
   1517.33000    5.41457    0.04550    9.86534    0.07520
   1518.03000    5.26818    0.07658    9.82690    0.05199
   1521.56000    5.43312    0.05652   10.17153    0.05050
   1524.03000    5.16650    0.07248   10.17241    0.04793
   1526.85000    5.37476    0.06152   10.18177    0.07160
   1529.46000    5.29863    0.06355   10.35372    0.04281
   1533.13000    5.49663    0.04129   10.76697    0.06032
   1535.26000    5.33540    0.02852   10.73344    0.04462
   1538.23000    5.21096    0.00575   10.30084    0.06590
   1540.72000    5.28206    0.07191   10.37106    0.08174
   1543.55000    5.30174    0.03274   10.47193    0.05887
   1547.50000    5.42437    0.05310   10.54502    0.06009
   1549.84000    5.55923    0.03703   10.67559    0.03045
   1552.11000    5.47082    0.04405   10.90475    0.05740
   1554.64000    5.42941    0.04170   10.86290    0.04335
   1556.60000    5.28531    0.05480   10.82228    0.05960
   1560.56000    5.28039    0.07011   11.00437    0.05304
   1563.26000    5.14624    0.05846   11.24204    0.04362
   1566.52000    5.12447    0.08853   11.21320    0.07634
   1569.27000    5.21635    0.03058   11.39148    0.04714
   1572.36000    4.98466    0.04853   11.35068    0.08685
   1577.19000    5.12010    0.08980   11.36677    0.05932
   1579.92000    4.91923    0.08059   11.50842    0.06654
   1826.89000    4.37221    0.06929    9.96902    0.03522
   1828.78000    4.33457    0.04456   10.01704    0.07030
   1833.38000    4.50608    0.05221    9.72466    0.04507
   1834.32000    4.39839    0.05035    9.70424    0.07014
   1835.43000    4.49266    0.06346    9.60664    0.07480
   1837.85000    4.44797    0.04012    9.53389    0.04774
   1842.40000    4.50018    0.05080    9.51173    0.02244
   1845.35000    4.52944    0.07959    9.63915    0.03595
   1848.07000    4.60667    0.05506    9.55156    0.00230
   1852.17000    4.63029    0.02026    9.53216    0.05834
   1854.67000    4.73027    0.06265    9.46569    0.05032
   1856.25000    4.72070    0.05295    9.34082    0.04653
   1859.04000    4.74863    0.07384    9.56132    0.04582
   1861.62000    4.88170    0.07815    9.56988    0.05519
   1865.08000    4.84195    0.08591    9.32958    0.05496
   1867.41000    4.88578    0.04661    9.40700    0.05841
   1870.43000    4.91751    0.06387    9.51881    0.03017
   1872.64000    5.03147    0.06668    9.62322    0.06450
   1876.95000    5.03037    0.03161    9.52555    0.07084
   1879.77000    5.06593    0.04738    9.61014    0.06019
   1882.83000    4.89219    0.05770    9.36950    0.04994
   1886.34000    4.99725    0.02334    9.58380    0.06054
   1889.04000    5.14314    0.04069    9.51467    0.02375
   1892.09000    4.89761    0.06411    9.59687    0.06133
   1895.26000    5.10468    0.04352    9.69033    0.06331
   1898.68000    5.17217    0.04051    9.65399    0.03718
   1900.68000    5.19951    0.05166    9.79695    0.06022
   1902.97000    5.15239    0.04699    9.94166    0.04418
   1906.76000    5.30800    0.06712    9.93001    0.03785
   1909.27000    5.11208    0.05040   10.06461    0.05341
   1913.01000    5.05195    0.05841   10.34329    0.06043
   1917.50000    5.09754    0.07152   10.10535    0.08273
   1920.22000    4.94302    0.05224   10.54851    0.05305
   1922.99000    4.92994    0.04380   10.67387    0.04452
   1926.22000    5.12347    0.05533   10.79312    0.07674
   1928.86000    5.02847    0.04505   11.01661    0.06256
   1933.09000    5.03659    0.09644   10.76360    0.08664
   1935.04000    4.99846    0.06348   10.86234    0.06688
   1937.76000    5.08828    0.04765   10.63070    0.04698
   1939.83000    4.86808    0.07088   10.69375    0.04827
   1941.71000    4.86524    0.05168   10.90712    0.05655
   1944.02000    4.87591    0.04576   10.81537    0.07077
   2193.22000    5.93680    0.05592   11.25385    0.06019
   2195.16000    5.65291    0.06898   11.29336    0.05471
   2200.38000    5.72186    0.08074   11.30913    0.03951
   2204.57000    5.58121    0.04870   11.85765    0.08303
   2207.73000    5.55413    0.04572   11.71126    0.05414
   2209.51000    5.56907    0.05668   11.94293    0.05720
   2211.58000    5.51315    0.05773   12.04801    0.07165
   2214.84000    5.44742    0.08265   11.95298    0.03745
   2218.92000    5.45068    0.05457   12.11742    0.06145
   2220.11000    5.44085    0.05767   12.01393    0.05331
   2224.76000    5.63837    0.06315   11.91776    0.05184
   2227.25000    5.55505    0.04680   12.08642    0.03791
   2229.12000    5.58921    0.05386   12.01830    0.04560
   2230.79000    5.58026    0.04810   12.28217    0.06748
   2233.89000    5.71571    0.04656   12.53864    0.06841
   2236.43000    5.68914    0.03612   12.30089    0.03794
   2240.05000    5.69625    0.07328   12.41072    0.05139
   2242.40000    5.73299    0.08691   12.18136    0.06263
   2246.39000    5.84739    0.05394   12.59916    0.06468
   2250.25000    6.00676    0.04295   12.22573    0.05951
   2253.32000    6.11747    0.04591   12.15793    0.02518
   2255.45000    6.12364    0.05771   12.30298    0.05478
   2259.12000    6.32136    0.07626   11.83790    0.07486
   2262.08000    6.25446    0.06598   11.84882    0.04576
   2263.90000    6.28207    0.01499   11.73738    0.06860
   2266.67000    6.20663    0.05583   11.91994    0.06672
   2269.82000    6.26322    0.04307   11.62973    0.07593
   2273.66000    6.20940    0.06013   11.58778    0.05745
   2277.11000    6.51487    0.06269   12.02494    0.08921
   2280.15000    6.37934    0.05146   11.88837    0.09300
   2283.81000    6.44480    0.07540   12.12010    0.03034
   2287.18000    6.30429    0.08683   12.28617    0.08569
   2288.49000    6.49955    0.04563   12.36926    0.03305
   2290.18000    6.50721    0.10348   12.38986    0.04809
   2293.37000    6.33696    0.05855   12.41692    0.07576
   2297.84000    6.56054    0.04519   12.54640    0.06239
   2299.57000    6.53224    0.03430   12.44648    0.04830
   2303.55000    6.36773    0.06100   12.77932    0.04605
   2306.15000    6.51274    0.06440   12.94039    0.03539
   2308.32000    6.57891    0.06780   13.20483    0.05300
   2556.78000    5.97412    0.04239   12.48775    0.04733
   2559.71000    5.85347    0.03818   12.25001    0.04804
   2563.44000    5.77070    0.04422   12.65950    0.06184
   2566.99000    5.63856    0.08116   12.66724    0.06684
   2569.68000    5.67196    0.05655   13.12726    0.07236
   2573.37000    5.98525    0.09513   13.04055    0.06843
   2576.61000    5.94657    0.03796   13.41750    0.06112
   2579.77000    5.85274    0.05539   13.43447    0.07815
   2582.72000    5.77980    0.06350   13.49227    0.07075
   2586.37000    5.76870    0.06430   13.02590    0.05446
   2589.92000    5.65453    0.05938   12.98643    0.07516
   2592.53000    5.56619    0.05463   13.22043    0.07862
   2596.54000    5.53665    0.05473   13.17600    0.04879
   2598.24000    5.56744    0.04448   13.32678    0.02560
   2601.19000    5.66522    0.06625   13.38258    0.03958
   2603.11000    5.65161    0.06174   13.34548    0.07381
   2604.42000    5.61557    0.05456   13.19590    0.00508
   2606.19000    5.78330    0.02391   13.06997    0.08205
   2609.48000    5.81625    0.07188   12.90564    0.03396
   2612.12000    5.59388    0.05802   12.65359    0.06785
   2614.73000    5.52716    0.04550   12.62722    0.06056
   2618.67000    5.54417    0.05275   12.27097    0.05475
   2621.77000    5.50652    0.05526   11.95756    0.02612
   2624.26000    5.53268    0.04991   12.32642    0.04429
   2627.05000    5.54662    0.07436   12.67961    0.03035
   2629.81000    5.68246    0.04010   12.73601    0.07792
   2634.84000    5.40018    0.07719   12.61709    0.05340
   2637.44000    5.45269    0.06291   12.47204    0.03786
   2639.47000    5.43199    0.07299   12.35956    0.04560
   2643.12000    5.40857    0.04056   12.24594    0.05270
   2646.57000    5.46433    0.03154   11.66093    0.04325
   2648.98000    5.36302    0.05154   12.05112    0.03982
   2651.69000    5.35892    0.05299   12.05657    0.03586
   2653.35000    5.33660    0.06528   12.04777    0.03768
   2656.81000    5.58143    0.06253   12.26828    0.03676
   2660.60000    5.61733    0.06278   12.67303    0.05544
   2664.43000    5.40555    0.05508   12.38250    0.02827
   2667.11000    5.42471    0.04485   11.98688    0.09591
   2670.46000    5.38433    0.03586   12.03387    0.03416
   2672.11000    5.35083    0.03708   12.12093    0.06010
   2923.02000    4.57484    0.03422   10.43906    0.06758
   2926.20000    4.47136    0.05969   10.45899    0.05212
   2928.65000    4.44029    0.05331   10.02771    0.02062
   2930.55000    4.48197    0.04347   10.20854    0.04018
   2934.34000    4.35691    0.09271   10.10239    0.07919
   2937.11000    4.49138    0.09132   10.12361    0.05522
   2938.66000    4.35230    0.04698   10.08118    0.04089
   2941.52000    4.41276    0.07121    9.94258    0.05835
   2945.54000    4.30425    0.04302    9.87879    0.04888
   2946.64000    4.40707    0.05372    9.96622    0.04469
   2949.96000    4.43087    0.08957    9.91533    0.06449
   2953.77000    4.45615    0.06242    9.87439    0.07490
   2957.26000    4.68906    0.06335    9.74057    0.04406
   2960.62000    4.72701    0.05628    9.63617    0.05918
   2964.82000    4.77225    0.04891    9.88705    0.02474
   2965.84000    4.84152    0.05673    9.86912    0.07076
   2969.00000    4.63535    0.06717    9.84084    0.02459
   2972.91000    4.71866    0.04811    9.71111    0.04249
   2975.17000    4.43135    0.07168    9.56002    0.08269
   2977.81000    4.71241    0.05607    9.77920    0.05138
   2981.33000    4.58091    0.05417    9.76662    0.06797
   2983.56000    4.61866    0.07069    9.49848    0.09862
   2985.38000    4.67091    0.06524    9.44417    0.05958
   2988.15000    4.54081    0.05522    9.37704    0.04099
   2992.49000    4.51418    0.07297    9.35707    0.05384
   2996.28000    4.45915    0.04347    9.15878    0.06533
   3001.04000    4.52655    0.04200    9.50228    0.05044
   3004.06000    4.46957    0.01459    9.63373    0.06353
   3007.21000    4.62532    0.06010    9.89358    0.08489
   3009.58000    4.50478    0.04628   10.06695    0.05597
   3012.03000    4.58428    0.03417   10.10803    0.08516
   3014.95000    4.54772    0.03888   10.07548    0.06838
   3018.30000    4.45144    0.03394   10.19439    0.06242
   3020.11000    4.48478    0.04437   10.29484    0.03802
   3023.20000    4.59388    0.03930   10.17979    0.05647
   3027.67000    4.49000    0.05224    9.91184    0.03928
   3031.25000    4.65287    0.04858    9.79170    0.08465
   3036.78000    4.81100    0.04693    9.94047    0.07551
   3038.27000    4.92435    0.06794    9.93989    0.02798
   3039.43000    4.90356    0.04195    9.95168    0.04318
   3285.96000    5.51282    0.05700   12.31930    0.02570
   3288.58000    5.67393    0.07201   12.13630    0.07100
   3291.49000    5.76867    0.03489   12.27787    0.02734
   3294.90000    5.67657    0.06735   12.57430    0.07507
   3296.91000    5.77598    0.03857   12.78351    0.07673
   3300.15000    5.83883    0.04280   12.96943    0.08010
   3303.50000    5.76799    0.04707   13.16684    0.07410
   3306.55000    5.51322    0.05620   12.99571    0.02846
   3311.64000    5.62572    0.04308   12.69447    0.05818
   3315.51000    5.75362    0.03490   12.37976    0.05645
   3316.96000    5.63157    0.04814   12.22978    0.05348
   3319.25000    5.61165    0.05300   12.16753    0.07150
   3322.97000    5.54339    0.05283   12.22771    0.03838
   3325.01000    5.57999    0.03246   12.02158    0.02525
   3330.29000    5.59012    0.08832   12.39162    0.05351
   3333.28000    5.54414    0.07982   12.36058    0.02412
   3336.63000    5.66850    0.08212   12.28205    0.04400
   3340.20000    5.49371    0.03448   12.16248    0.05808
   3342.58000    5.36924    0.08289   12.09070    0.06643
   3345.17000    5.34530    0.07477   12.30098    0.04268
   3347.74000    5.26057    0.08831   12.20853    0.06128
   3351.12000    5.36625    0.04144   12.51087    0.04310
   3352.48000    5.27686    0.05525   12.58458    0.03345
   3353.68000    5.42460    0.05324   12.42903    0.04496
   3357.04000    5.31253    0.06983   12.28668    0.06399
   3361.42000    5.32746    0.04015   12.03571    0.05145
   3364.36000    5.41658    0.03463   12.20941    0.06565
   3366.23000    5.41894    0.03398   12.19936    0.08527
   3369.76000    5.39048    0.02299   12.25333    0.04150
   3373.82000    5.41276    0.07586   12.20179    0.03659
   3377.48000    5.22007    0.03412   11.94476    0.08404
   3381.19000    5.35226    0.04889   11.74364    0.05715
   3385.97000    5.37368    0.03303   12.20421    0.08634
   3387.31000    5.31143    0.05131   12.03646    0.03807
   3391.55000    5.24283    0.02365   12.25740    0.04979
   3396.94000    5.07438    0.06407   11.51328    0.03538
   3400.33000    5.27249    0.07987   11.34147    0.06281
   3401.96000    5.31556    0.08178   11.25768    0.05853
