## Time Delay Challenge light curves
##
## [time]=days, [lc]=[err]=flux in nanomaggies
##
##       time       lc_A      err_A       lc_B      err_B
##-------------------------------------------------------
      0.46000    2.41575    0.06294    3.34828    0.05314
      3.63000    2.46163    0.01249    3.25661    0.04821
      6.05000    2.48821    0.04159    3.25817    0.03930
      7.86000    2.34559    0.06003    3.23545    0.06481
     11.87000    2.44731    0.03599    3.21020    0.04432
     12.95000    2.43787    0.04332    3.24437    0.06456
     15.49000    2.38580    0.07413    3.22288    0.05168
     18.49000    2.49614    0.02881    3.27571    0.01960
     22.51000    2.41713    0.05453    3.18654    0.05110
     24.63000    2.57784    0.05988    3.22711    0.03740
     28.62000    2.58800    0.03696    3.29645    0.10354
     31.27000    2.58953    0.03681    3.36065    0.05857
     33.84000    2.63895    0.06223    3.39805    0.07893
     36.92000    2.57640    0.05196    3.41191    0.04189
     41.03000    2.54038    0.05027    3.43554    0.04906
     45.18000    2.51223    0.09388    3.33166    0.05028
     48.71000    2.41340    0.07929    3.39286    0.02958
     51.80000    2.58196    0.09130    3.42021    0.03305
     55.73000    2.52996    0.04688    3.47667    0.05432
     57.37000    2.63303    0.03581    3.42888    0.08117
     59.98000    2.58048    0.05368    3.39391    0.04948
     61.57000    2.56591    0.03352    3.30566    0.05901
     66.17000    2.52879    0.06148    3.30907    0.07950
     70.16000    2.63142    0.05159    3.40257    0.03271
     75.03000    2.58931    0.03493    3.40728    0.07682
     79.73000    2.61250    0.04421    3.42278    0.04150
     83.44000    2.53714    0.05180    3.31861    0.06581
     84.32000    2.51062    0.03656    3.35029    0.03098
     87.30000    2.52625    0.08810    3.63134    0.06711
     91.82000    2.50277    0.04243    3.31567    0.05566
     95.27000    2.61734    0.04045    3.31219    0.04115
     97.22000    2.57694    0.03349    3.43542    0.06843
     97.65000    2.54080    0.03008    3.22710    0.04118
    100.20000    2.49363    0.03157    3.34369    0.04429
    102.53000    2.51045    0.03240    3.47468    0.05143
    105.75000    2.68345    0.05121    3.45601    0.03781
    110.52000    2.46188    0.05546    3.40501    0.05151
    113.78000    2.46856    0.07605    3.46621    0.07581
    117.10000    2.56652    0.04970    3.45851    0.03179
    368.30000    2.31157    0.05594    3.14239    0.04413
    372.38000    2.33375    0.04014    3.16414    0.07763
    373.98000    2.43786    0.05561    3.09864    0.04694
    377.18000    2.33251    0.04703    3.15606    0.06137
    380.64000    2.35403    0.07450    3.18274    0.04523
    384.48000    2.35699    0.04502    3.17761    0.03877
    386.89000    2.43619    0.04257    3.13891    0.04753
    389.40000    2.47958    0.07071    3.14099    0.03649
    391.49000    2.26398    0.05959    3.03869    0.04515
    394.72000    2.51377    0.06357    3.24660    0.05214
    396.90000    2.24422    0.04437    3.26849    0.05971
    400.58000    2.36270    0.06488    3.12416    0.05164
    403.38000    2.21493    0.05953    3.10150    0.04441
    405.40000    2.39055    0.06348    3.15735    0.06370
    408.48000    2.36117    0.04711    3.14840    0.03869
    411.54000    2.41719    0.05630    3.21741    0.03322
    413.71000    2.26158    0.06141    3.14917    0.07406
    415.56000    2.32411    0.04720    3.10017    0.06988
    417.64000    2.33455    0.05032    3.20335    0.07534
    420.12000    2.26079    0.04074    3.06160    0.07793
    424.03000    2.38591    0.04418    3.13257    0.04198
    427.42000    2.38404    0.05669    3.23417    0.07363
    431.06000    2.27462    0.02373    3.17349    0.05786
    434.02000    2.26209    0.05776    3.06917    0.02575
    437.83000    2.21653    0.04505    2.98261    0.06056
    440.88000    2.30055    0.04657    3.06409    0.04449
    443.83000    2.27837    0.02329    3.05410    0.06242
    445.20000    2.35176    0.04498    2.99908    0.07278
    449.12000    2.28579    0.03406    3.08066    0.04899
    452.49000    2.40546    0.08991    3.00111    0.06217
    456.03000    2.33423    0.06126    3.03284    0.05478
    461.04000    2.32044    0.05377    3.10973    0.05617
    463.78000    2.35775    0.03035    3.16598    0.06525
    466.70000    2.32899    0.05186    3.19512    0.08109
    470.80000    2.35300    0.06092    3.11579    0.08020
    473.29000    2.21511    0.05502    3.15905    0.03921
    475.32000    2.42765    0.03111    3.22334    0.05667
    479.27000    2.42738    0.06113    3.29785    0.04622
    482.97000    2.44422    0.05195    3.32321    0.06994
    731.08000    2.78554    0.04867    3.67137    0.03162
    734.15000    2.71926    0.05270    3.91544    0.04794
    738.08000    2.60274    0.07028    3.86548    0.04610
    741.84000    2.90242    0.06900    3.88381    0.08376
    743.99000    2.78405    0.04405    3.85332    0.03006
    747.36000    2.75284    0.05875    3.79788    0.03837
    751.33000    2.64507    0.06249    3.73961    0.06028
    752.54000    2.72487    0.04897    3.75674    0.04547
    756.00000    2.54288    0.05987    3.66949    0.02685
    759.49000    2.80544    0.06207    3.70915    0.08562
    764.99000    2.59517    0.04506    3.76709    0.05783
    769.82000    2.64675    0.06731    3.60037    0.04662
    772.65000    2.66488    0.04388    3.77364    0.05753
    776.08000    2.66763    0.06085    3.59459    0.10333
    781.47000    2.55604    0.03434    3.57819    0.07856
    784.53000    2.70283    0.04317    3.54997    0.06316
    787.23000    2.63635    0.04409    3.60378    0.05764
    790.59000    2.40719    0.06699    3.50045    0.06828
    793.28000    2.61121    0.02595    3.59253    0.04019
    795.11000    2.60284    0.07442    3.49241    0.04771
    796.49000    2.59146    0.03494    3.49322    0.05398
    801.01000    2.54159    0.01978    3.46934    0.03209
    804.42000    2.70473    0.05453    3.62872    0.04860
    807.82000    2.74027    0.05166    3.54406    0.03063
    811.70000    2.66877    0.04550    3.57477    0.05920
    816.28000    2.58017    0.07928    3.69181    0.08310
    819.38000    2.64934    0.10441    3.64333    0.04368
    821.49000    2.70526    0.06680    3.59243    0.03414
    823.45000    2.66210    0.05567    3.60813    0.03766
    826.47000    2.58719    0.06943    3.73798    0.06742
    829.78000    2.70995    0.07267    3.66401    0.06087
    833.79000    2.64172    0.08867    3.59528    0.05165
    837.13000    2.76694    0.06583    3.50565    0.08093
    840.01000    2.55044    0.06408    3.47144    0.04503
    842.37000    2.60055    0.04943    3.45280    0.06622
    845.50000    2.70900    0.07033    3.54602    0.06643
    846.64000    2.52386    0.06188    3.58998    0.05791
   1098.30000    2.83871    0.05869    3.71754    0.03301
   1102.29000    2.82125    0.04540    3.75083    0.05845
   1104.65000    2.77244    0.03540    3.70047    0.05469
   1106.32000    2.81836    0.06363    3.74796    0.07181
   1109.29000    2.64792    0.05835    3.82388    0.05797
   1112.59000    2.82989    0.03970    3.79419    0.07381
   1116.44000    2.84206    0.05591    3.79019    0.04580
   1117.89000    2.81908    0.07435    3.69029    0.06160
   1119.91000    2.94680    0.05604    3.72719    0.06012
   1125.55000    2.91596    0.07121    3.58953    0.08738
   1127.36000    2.98805    0.06267    4.04376    0.06484
   1130.75000    2.94093    0.06195    3.84543    0.05161
   1132.43000    2.83937    0.07073    3.92696    0.06212
   1134.74000    2.88052    0.05121    3.90986    0.04823
   1139.09000    2.89776    0.04719    3.99137    0.05942
   1142.62000    2.92208    0.02685    3.95669    0.05010
   1144.36000    2.84923    0.02959    3.94671    0.05069
   1146.42000    2.78663    0.05672    3.91918    0.03091
   1149.83000    2.89145    0.04521    3.97112    0.07301
   1151.91000    2.98452    0.07539    3.90559    0.05690
   1154.73000    2.88127    0.05273    3.87758    0.04984
   1156.45000    2.84925    0.02542    3.91624    0.02944
   1159.82000    2.96754    0.04662    3.93257    0.06841
   1163.82000    3.02391    0.06334    3.86624    0.02726
   1165.82000    2.88021    0.05008    3.95263    0.06226
   1168.44000    2.81798    0.06323    4.10542    0.07290
   1170.81000    2.86050    0.05022    4.02430    0.04735
   1172.31000    2.91272    0.06473    3.95934    0.05150
   1174.80000    2.90454    0.08259    3.94913    0.06145
   1178.00000    2.80196    0.05399    3.97688    0.03200
   1180.42000    2.80184    0.03601    3.84173    0.05642
   1183.60000    2.75921    0.06185    3.78986    0.04415
   1186.49000    2.89226    0.04840    3.77782    0.03477
   1188.39000    2.80434    0.04729    3.74225    0.05271
   1192.61000    2.70460    0.06093    3.64637    0.06247
   1193.75000    2.70198    0.03049    3.78284    0.04699
   1196.87000    2.74287    0.04194    3.64033    0.04135
   1200.45000    2.65619    0.04919    3.65886    0.05095
   1202.32000    2.57913    0.04326    3.60087    0.05675
   1204.25000    2.60019    0.05105    3.69685    0.05922
   1207.59000    2.57397    0.02007    3.66977    0.06095
   1211.47000    2.56952    0.04534    3.44358    0.06497
   1212.16000    2.49707    0.03559    3.48904    0.05434
   1214.72000    2.41578    0.05156    3.52126    0.04089
   1461.96000    2.22715    0.04971    3.01507    0.04497
   1464.55000    2.23201    0.06643    3.11882    0.06505
   1466.27000    2.28324    0.05374    3.02011    0.06614
   1470.35000    2.22292    0.05921    3.02268    0.07933
   1474.09000    2.35427    0.04339    3.15098    0.05071
   1478.02000    2.38831    0.04277    3.03201    0.05411
   1480.78000    2.30648    0.05855    3.21527    0.06693
   1483.96000    2.27475    0.06570    3.13406    0.05274
   1486.74000    2.45660    0.04473    3.14099    0.06135
   1490.00000    2.36830    0.06380    3.12800    0.04599
   1493.39000    2.34947    0.04594    3.10954    0.05891
   1497.85000    2.48480    0.06800    3.25743    0.03237
   1500.58000    2.45132    0.02467    3.21719    0.00962
   1504.14000    2.45693    0.04772    3.23468    0.07318
   1507.48000    2.48908    0.04521    3.25219    0.02642
   1510.34000    2.49028    0.05349    3.32132    0.06690
   1512.69000    2.42137    0.06740    3.33291    0.04870
   1514.46000    2.57519    0.06974    3.33462    0.05630
   1516.92000    2.54402    0.06273    3.29369    0.06618
   1518.80000    2.59240    0.04519    3.22529    0.05868
   1523.32000    2.53321    0.01658    3.35850    0.04789
   1526.64000    2.52596    0.06864    3.19906    0.06428
   1528.97000    2.46460    0.05725    3.37189    0.08278
   1532.80000    2.48742    0.03913    3.28904    0.02368
   1535.57000    2.50985    0.03367    3.30689    0.03177
   1538.84000    2.53762    0.07119    3.15346    0.08521
   1541.52000    2.46572    0.06119    3.21234    0.05161
   1545.76000    2.47900    0.04385    3.32554    0.04502
   1548.39000    2.51258    0.06339    3.39579    0.06982
   1552.32000    2.59659    0.06066    3.14284    0.06224
   1554.55000    2.46588    0.05282    3.12067    0.07388
   1559.76000    2.38786    0.04948    3.26354    0.05822
   1563.39000    2.47026    0.05482    3.24930    0.05521
   1566.96000    2.37968    0.05369    3.31218    0.04560
   1569.55000    2.49227    0.03596    3.30539    0.06928
   1571.79000    2.54773    0.05280    3.35310    0.05820
   1575.08000    2.56445    0.04313    3.24572    0.07054
   1578.33000    2.44499    0.04492    3.30112    0.06780
   1825.15000    2.39105    0.06184    3.07000    0.05160
   1829.39000    2.42550    0.05409    3.04533    0.02946
   1833.02000    2.36118    0.03838    3.04032    0.07115
   1836.33000    2.37792    0.04748    3.18716    0.06883
   1840.70000    2.41078    0.02322    3.11556    0.02331
   1844.58000    2.35241    0.08025    2.98980    0.05611
   1847.98000    2.32340    0.02558    3.11087    0.05409
   1852.03000    2.33413    0.03797    3.03280    0.03877
   1856.22000    2.16477    0.06837    2.97087    0.07273
   1861.37000    2.34969    0.04461    2.79091    0.05927
   1864.18000    2.45282    0.06069    2.95317    0.06461
   1868.80000    2.37666    0.01733    2.97781    0.06189
   1870.57000    2.43621    0.06037    2.92337    0.06960
   1874.65000    2.31348    0.06413    2.98335    0.06269
   1876.17000    2.35908    0.05025    3.15148    0.04914
   1879.12000    2.38531    0.04251    3.00984    0.06461
   1880.46000    2.36879    0.06276    3.10710    0.06368
   1883.15000    2.46228    0.03901    3.09391    0.05142
   1885.05000    2.36729    0.02979    3.11013    0.06967
   1886.55000    2.37109    0.05644    3.04249    0.06626
   1889.41000    2.42248    0.03374    3.01254    0.05238
   1892.83000    2.43456    0.05179    3.11830    0.06105
   1895.09000    2.46901    0.03563    3.21861    0.07325
   1898.31000    2.49252    0.04415    3.24060    0.05920
   1901.63000    2.51211    0.04795    3.14322    0.04748
   1904.85000    2.46840    0.04807    3.17289    0.03727
   1908.98000    2.48900    0.05558    3.02014    0.09129
   1912.05000    2.44243    0.03205    3.17097    0.04005
   1916.17000    2.50965    0.05871    3.19569    0.03321
   1917.50000    2.53983    0.05309    3.23378    0.04330
   1920.99000    2.48589    0.06713    3.19391    0.05375
   1923.95000    2.58248    0.03155    3.16570    0.06204
   1928.25000    2.71798    0.06995    3.29578    0.05644
   1932.14000    2.57678    0.03076    3.31256    0.03745
   1935.29000    2.63085    0.04439    3.29864    0.07460
   1939.00000    2.56039    0.05854    3.33970    0.05264
   1941.25000    2.63772    0.04652    3.37656    0.02609
   2191.76000    2.71121    0.05956    3.58112    0.08210
   2195.39000    2.61954    0.02395    3.26360    0.08300
   2198.76000    2.67232    0.03987    3.42241    0.07316
   2202.29000    2.64142    0.05404    3.39239    0.05868
   2205.97000    2.52067    0.05537    3.22199    0.05693
   2209.42000    2.59492    0.01550    3.26492    0.06180
   2212.79000    2.49906    0.05055    3.27744    0.05697
   2215.50000    2.58371    0.04756    3.31652    0.02627
   2218.38000    2.58887    0.07918    3.31234    0.07031
   2222.45000    2.46506    0.08723    3.15832    0.05646
   2225.58000    2.54471    0.02429    3.12628    0.06305
   2229.05000    2.55496    0.04769    3.13887    0.05390
   2232.78000    2.58013    0.05347    3.20989    0.06171
   2236.54000    2.64114    0.04618    3.22760    0.03257
   2239.74000    2.47278    0.07079    3.12523    0.04666
   2241.16000    2.47974    0.02189    3.09714    0.06499
   2243.76000    2.49435    0.00790    3.18340    0.05252
   2245.78000    2.43388    0.06545    3.17360    0.02004
   2247.07000    2.41395    0.04274    3.11951    0.05366
   2251.78000    2.48485    0.05670    3.15505    0.06206
   2253.63000    2.69732    0.08040    3.05809    0.02428
   2257.10000    2.53593    0.05613    2.98016    0.06109
   2262.28000    2.51573    0.04233    3.14036    0.04769
   2266.27000    2.46871    0.06825    3.11486    0.04819
   2269.62000    2.48720    0.03743    3.05614    0.04105
   2273.88000    2.45030    0.04028    2.95435    0.05531
   2276.17000    2.36338    0.06714    3.04215    0.04756
   2279.04000    2.45709    0.05518    3.08164    0.07054
   2280.65000    2.46279    0.06848    3.14434    0.04747
   2283.61000    2.41420    0.05942    3.10147    0.03815
   2287.52000    2.47449    0.05133    3.13341    0.06922
   2290.53000    2.59610    0.06755    3.10150    0.02813
   2293.92000    2.47560    0.06083    3.01884    0.05253
   2297.14000    2.49664    0.03804    3.16190    0.05073
   2298.48000    2.52949    0.04425    3.16211    0.04663
   2301.70000    2.68052    0.09487    3.21104    0.03237
   2304.48000    2.49995    0.03705    3.11586    0.04258
   2307.40000    2.49330    0.04972    3.05146    0.04888
   2556.30000    2.55769    0.03596    3.18215    0.01476
   2558.87000    2.57679    0.04484    3.21312    0.02990
   2562.13000    2.51854    0.04879    3.20862    0.06680
   2564.91000    2.46174    0.02963    3.20649    0.04631
   2568.58000    2.50315    0.03670    3.22587    0.05740
   2571.94000    2.52003    0.04343    3.07002    0.01925
   2573.63000    2.53752    0.04994    3.12443    0.05637
   2576.31000    2.50375    0.02963    3.02625    0.05263
   2580.45000    2.47925    0.03738    2.99825    0.03933
   2583.98000    2.42291    0.06247    3.18088    0.04440
   2585.84000    2.43091    0.05770    3.03748    0.05530
   2591.02000    2.41150    0.05030    3.11792    0.06266
   2594.02000    2.28010    0.08265    3.07743    0.08394
   2598.18000    2.37101    0.07251    2.98057    0.01470
   2601.15000    2.36967    0.06337    3.05480    0.07068
   2602.89000    2.49331    0.03414    2.89118    0.07258
   2605.77000    2.46912    0.02158    3.07453    0.06392
   2609.45000    2.40577    0.05149    3.09544    0.05247
   2611.89000    2.46828    0.04141    3.00884    0.04636
   2614.03000    2.44135    0.10438    3.15903    0.08096
   2617.64000    2.58776    0.05129    3.08218    0.02099
   2620.46000    2.52235    0.02279    3.06643    0.04543
   2624.65000    2.49390    0.03477    3.04061    0.06347
   2628.52000    2.49074    0.04876    3.10434    0.03303
   2631.53000    2.32602    0.07861    3.15617    0.05613
   2634.82000    2.42555    0.05192    3.16349    0.05469
   2636.57000    2.32919    0.03362    3.20120    0.05230
   2638.93000    2.39173    0.05010    3.05271    0.01584
   2642.22000    2.39078    0.05640    3.01256    0.02700
   2645.80000    2.42049    0.03504    2.94012    0.05389
   2649.67000    2.43444    0.06048    2.97641    0.06510
   2651.98000    2.49034    0.04708    3.03093    0.05889
   2655.82000    2.35005    0.01873    3.03731    0.04548
   2659.83000    2.38848    0.04324    2.99423    0.04913
   2660.64000    2.39132    0.05091    3.01450    0.06644
   2663.06000    2.31321    0.01232    2.96320    0.06412
   2666.95000    2.25575    0.05044    2.91091    0.05068
   2668.89000    2.32551    0.04339    2.84969    0.03710
   2670.87000    2.27711    0.05479    2.88926    0.04766
   2671.06000    2.21589    0.06701    2.79852    0.05063
   2674.77000    2.28008    0.03403    2.84372    0.02972
   2920.01000    2.34759    0.04063    2.74920    0.04914
   2922.78000    2.29847    0.02858    2.82891    0.04779
   2926.12000    2.15687    0.05623    2.78366    0.07702
   2928.23000    2.29493    0.06070    2.79340    0.03695
   2931.38000    2.28481    0.06558    2.89169    0.03105
   2934.74000    2.31875    0.04557    2.93730    0.03378
   2938.20000    2.34519    0.04801    2.89112    0.03994
   2941.98000    2.37895    0.07551    2.96029    0.05917
   2943.61000    2.30712    0.05483    2.82753    0.05762
   2946.76000    2.25544    0.05967    2.93406    0.06538
   2951.43000    2.28824    0.05298    2.95595    0.06951
   2953.77000    2.32473    0.05244    2.90310    0.05492
   2956.78000    2.34698    0.05902    2.91997    0.04848
   2959.62000    2.32360    0.05689    2.84785    0.05799
   2964.12000    2.35172    0.06905    2.94386    0.04760
   2966.33000    2.47322    0.04863    2.91907    0.07487
   2969.96000    2.31736    0.01898    3.06235    0.05164
   2973.38000    2.26739    0.02514    2.98451    0.04819
   2976.47000    2.24553    0.06135    2.93612    0.04460
   2978.55000    2.11179    0.05813    2.92186    0.06861
   2981.02000    2.32569    0.08264    2.86289    0.02916
   2984.53000    2.21320    0.05661    2.85074    0.03481
   2987.86000    2.21192    0.00915    2.85605    0.03634
   2991.84000    2.21967    0.04698    2.79381    0.05964
   2993.96000    2.19990    0.04141    2.78118    0.04712
   2996.13000    2.11465    0.05896    2.77895    0.05700
   2998.94000    2.17122    0.04738    2.79670    0.06123
   3001.61000    2.23228    0.04133    2.76354    0.07942
   3004.67000    2.29432    0.06437    2.92034    0.06321
   3006.69000    2.30112    0.04648    2.70496    0.05871
   3007.88000    2.35929    0.04945    2.85686    0.05892
   3011.38000    2.27933    0.09760    2.81289    0.05133
   3014.06000    2.22097    0.04541    2.85545    0.03415
   3016.82000    2.25099    0.04256    2.85648    0.03456
   3019.96000    2.23905    0.04950    2.86018    0.04830
   3022.20000    2.21955    0.07260    2.87659    0.05620
   3024.56000    2.11794    0.04464    2.80137    0.04257
   3027.92000    2.26268    0.05218    2.91809    0.08016
   3029.80000    2.13268    0.03414    2.80413    0.07107
   3033.78000    2.23345    0.02544    2.82511    0.05450
   3037.85000    2.18613    0.04530    2.68664    0.06849
   3287.35000    2.05099    0.04424    2.66219    0.08382
   3290.38000    2.02734    0.05253    2.67928    0.06177
   3292.45000    2.08926    0.05428    2.71774    0.03450
   3295.86000    2.09169    0.04328    2.75129    0.05373
   3297.53000    2.09960    0.06085    2.70103    0.03320
   3300.96000    2.08886    0.05701    2.69773    0.06737
   3305.60000    2.02654    0.04426    2.62704    0.04977
   3309.23000    2.06691    0.05744    2.67978    0.05188
   3311.75000    2.01053    0.06554    2.62486    0.03436
   3313.67000    2.16142    0.05443    2.65570    0.05320
   3317.07000    1.98667    0.06409    2.62186    0.02229
   3319.96000    2.07787    0.01689    2.69117    0.06159
   3323.93000    2.08659    0.01695    2.67118    0.02778
   3325.13000    2.11176    0.05265    2.64909    0.02834
   3327.54000    2.13690    0.04197    2.65304    0.03537
   3329.71000    2.08497    0.04320    2.80394    0.06004
   3331.59000    2.13326    0.03184    2.79694    0.05556
   3333.69000    2.08143    0.02982    2.60766    0.08195
   3337.07000    2.17467    0.05241    2.73367    0.05444
   3340.32000    2.15908    0.06139    2.74331    0.08481
   3342.29000    2.09025    0.03448    2.78070    0.04920
   3344.91000    2.08272    0.03619    2.74561    0.05944
   3346.80000    2.11059    0.03361    2.73042    0.03306
   3349.25000    2.01012    0.04864    2.66307    0.04278
   3351.72000    2.09597    0.04167    2.68964    0.05449
   3354.20000    2.02735    0.06173    2.63793    0.03517
   3356.18000    2.02684    0.04608    2.57006    0.06806
   3360.34000    2.03099    0.04951    2.71938    0.05619
   3363.80000    1.97709    0.04222    2.68139    0.07271
   3366.52000    2.13621    0.06197    2.63754    0.03335
   3369.50000    2.09346    0.03918    2.73958    0.07331
   3372.78000    2.07025    0.04971    2.70295    0.01893
   3375.59000    2.13052    0.05859    2.67729    0.05701
   3378.61000    2.05491    0.05733    2.71873    0.05780
   3380.87000    2.17713    0.05876    2.74001    0.05764
   3384.24000    2.13743    0.04018    2.72724    0.06303
   3388.25000    2.08866    0.05452    2.70331    0.06532
   3392.99000    2.13707    0.07368    2.71556    0.09625
   3396.44000    2.14924    0.05913    2.76311    0.04388
   3399.53000    2.15601    0.05229    2.71762    0.07066
   3401.63000    2.18110    0.01086    2.89462    0.08091
