## Time Delay Challenge light curves
##
## [time]=days, [lc]=[err]=flux in nanomaggies
##
##       time       lc_A      err_A       lc_B      err_B
##-------------------------------------------------------
      1.78000    4.81522    0.04863    0.74570    0.05164
      5.11000    4.69689    0.01656    0.81135    0.06981
      8.75000    4.58169    0.06973    0.91758    0.06897
     11.42000    4.70279    0.10418    0.83794    0.03681
     13.59000    4.57426    0.05125    0.84722    0.03977
     16.85000    4.28123    0.04343    0.88583    0.02926
     18.28000    4.14599    0.03638    0.76720    0.05658
     21.30000    4.24802    0.06243    0.73547    0.03173
     25.19000    4.10804    0.04381    0.86434    0.03803
     27.41000    4.01813    0.06818    0.79992    0.07869
     30.20000    3.77428    0.04535    0.84767    0.04688
     33.78000    3.91868    0.03742    0.83012    0.01829
     39.63000    4.11690    0.06646    0.71415    0.05792
     41.56000    3.93021    0.04352    0.86784    0.03410
     45.80000    4.06962    0.06881    0.65539    0.06026
     48.93000    4.29161    0.06176    0.70454    0.05949
     52.46000    3.96863    0.04034    0.72968    0.03769
     54.88000    3.96484    0.05223    0.81732    0.05253
     57.84000    3.85332    0.04139    0.70201    0.05529
     60.94000    3.85968    0.04505    0.62092    0.06628
     64.52000    3.91805    0.04391    0.68549    0.04893
     68.02000    3.75403    0.04281    0.69761    0.05270
     72.29000    3.88284    0.06168    0.72666    0.05392
     74.04000    3.82755    0.03742    0.73133    0.05697
     76.01000    3.82926    0.04705    0.71621    0.06352
     76.80000    3.86797    0.06917    0.64981    0.07992
     80.54000    3.92717    0.02796    0.75755    0.04946
     82.72000    3.93942    0.03067    0.60880    0.06933
     86.19000    3.79476    0.04983    0.69509    0.05763
     88.06000    3.67305    0.04694    0.65805    0.05190
     90.09000    3.74864    0.05100    0.72991    0.02345
     92.20000    3.68730    0.05854    0.74354    0.05424
     92.33000    3.67624    0.05121    0.75605    0.03877
     95.35000    3.75846    0.05730    0.69446    0.04888
     97.27000    3.83776    0.06164    0.62564    0.06868
    101.03000    3.56473    0.03899    0.70405    0.05252
    103.55000    3.59147    0.05226    0.62686    0.08802
    106.11000    3.55305    0.06045    0.73286    0.05580
    109.13000    3.83868    0.03587    0.73194    0.05386
    111.72000    3.90231    0.04287    0.71452    0.04853
    114.13000    3.93400    0.03702    0.72126    0.04339
    118.76000    3.84625    0.07638    0.70400    0.05060
    366.64000    3.64479    0.06362    0.82285    0.02108
    368.85000    3.77757    0.06807    0.84524    0.04838
    371.18000    3.49582    0.05610    0.75811    0.03930
    374.59000    3.49410    0.07971    0.75426    0.03202
    378.58000    3.81227    0.04411    0.64295    0.06888
    380.85000    4.00174    0.04402    0.74235    0.06204
    383.96000    4.14679    0.05647    0.69751    0.05130
    386.65000    4.22029    0.05657    0.71599    0.06834
    390.40000    4.34976    0.06906    0.65030    0.07851
    393.86000    4.51935    0.04756    0.63329    0.04088
    396.54000    4.76795    0.04248    0.62921    0.00828
    398.53000    4.71948    0.08473    0.65487    0.04404
    401.98000    4.96732    0.05058    0.58448    0.03612
    406.47000    4.94091    0.04590    0.65301    0.05122
    410.24000    4.79217    0.04708    0.69417    0.03990
    413.81000    4.63574    0.05521    0.75089    0.07517
    417.03000    4.58804    0.03622    0.70439    0.07366
    420.61000    4.64216    0.02947    0.78477    0.08795
    422.94000    4.47726    0.04141    0.83411    0.03534
    425.64000    4.39134    0.04382    0.81245    0.06264
    428.39000    4.39003    0.02737    0.68705    0.04762
    432.52000    4.32104    0.08292    0.84737    0.07137
    435.29000    4.39071    0.03496    0.76130    0.05417
    438.40000    4.30066    0.05621    0.82730    0.01835
    443.33000    4.70236    0.04119    0.82355    0.03669
    445.98000    4.55371    0.04294    0.82784    0.03934
    448.71000    4.61199    0.04620    0.80839    0.02520
    451.79000    4.60647    0.05106    0.75108    0.04625
    457.86000    4.53082    0.07399    0.78599    0.05068
    461.64000    4.68246    0.05868    0.75797    0.05189
    464.52000    4.78157    0.06300    0.83757    0.05390
    466.92000    5.04601    0.06901    0.76717    0.06286
    467.41000    5.22099    0.04467    0.82941    0.05330
    468.73000    5.00360    0.05178    0.86843    0.04448
    472.67000    4.91082    0.05375    0.78134    0.04480
    475.44000    4.48095    0.04491    0.86488    0.04557
    477.95000    4.86388    0.06310    0.83887    0.04977
    480.61000    4.67735    0.07088    0.71697    0.04918
    484.34000    4.52560    0.03126    0.81870    0.03205
    732.95000    4.13475    0.04344    0.62185    0.04254
    734.30000    4.17704    0.05170    0.82646    0.06612
    735.75000    4.20333    0.07819    0.66433    0.04751
    737.80000    4.04442    0.04853    0.67013    0.06364
    742.24000    4.22948    0.04696    0.80950    0.06590
    744.74000    4.62879    0.04873    0.71079    0.06617
    747.17000    4.53539    0.04231    0.82287    0.03135
    750.55000    4.41920    0.04194    0.76169    0.05797
    752.51000    4.63515    0.04059    0.76327    0.06742
    755.90000    4.52204    0.07605    0.71185    0.05674
    758.41000    4.60369    0.08298    0.67667    0.03513
    761.45000    4.60971    0.03189    0.62387    0.06127
    767.85000    4.83144    0.07753    0.62012    0.05908
    771.38000    4.75523    0.03035    0.73617    0.04184
    773.02000    4.72757    0.05388    0.80921    0.04162
    776.55000    4.41098    0.04272    0.87203    0.07755
    778.35000    4.22323    0.05417    0.74177    0.03679
    780.99000    4.40480    0.07683    0.79277    0.03672
    784.15000    4.10492    0.05282    0.82334    0.03259
    786.68000    4.22653    0.03921    0.80778    0.08446
    789.64000    4.37068    0.02128    0.86651    0.03907
    791.34000    4.34527    0.02838    0.82798    0.04967
    792.48000    4.38078    0.06119    0.83104    0.04740
    793.92000    4.30200    0.07096    0.98697    0.10229
    796.93000    4.48617    0.03768    0.82069    0.03018
    799.40000    4.34821    0.02546    0.77749    0.05130
    803.76000    4.67469    0.07602    0.74067    0.04669
    805.59000    4.59882    0.05203    0.81359    0.07392
    809.75000    4.58126    0.05235    0.76090    0.05448
    812.69000    4.87317    0.03686    0.73840    0.06702
    816.41000    4.69158    0.04895    0.78620    0.06820
    819.77000    4.69664    0.05433    0.73743    0.08975
    822.43000    4.76903    0.05221    0.90750    0.06111
    825.10000    5.00697    0.04572    0.80282    0.02646
    826.78000    4.88189    0.04967    0.74308    0.04035
    831.42000    5.11970    0.08523    0.77801    0.05876
    832.72000    4.90006    0.03469    0.92299    0.06836
    836.90000    5.07401    0.05836    0.74192    0.06636
    839.56000    4.83193    0.06238    0.91775    0.04667
    841.86000    4.83671    0.05878    0.83385    0.07461
    844.68000    4.98882    0.05432    0.95297    0.06279
    848.41000    5.16263    0.05326    0.81025    0.03414
   1098.13000    4.19619    0.07330    0.69601    0.01547
   1102.32000    4.24320    0.08653    0.59057    0.05162
   1106.02000    4.22042    0.04244    0.68904    0.05911
   1110.34000    4.25435    0.02195    0.72322    0.04757
   1114.36000    4.34037    0.03775    0.71496    0.05653
   1117.33000    4.30160    0.06626    0.69734    0.04731
   1120.16000    4.37558    0.08351    0.70467    0.05439
   1123.15000    4.49185    0.08246    0.76209    0.03897
   1125.21000    4.42776    0.03903    0.75801    0.05665
   1126.98000    4.43060    0.05531    0.80109    0.04371
   1130.09000    4.23934    0.05112    0.78762    0.03271
   1133.74000    4.12213    0.07541    0.71183    0.07939
   1135.14000    4.19576    0.06787    0.80878    0.06297
   1138.44000    4.28605    0.03196    0.79424    0.00744
   1141.58000    4.14853    0.02194    0.79881    0.02736
   1144.89000    4.09715    0.04775    0.78153    0.05350
   1149.79000    4.04865    0.05877    0.86213    0.06567
   1152.90000    3.71833    0.04587    0.79385    0.09706
   1155.76000    3.58837    0.08438    0.72031    0.04544
   1156.13000    3.58934    0.03976    0.74394    0.05374
   1159.80000    3.57359    0.02013    0.81549    0.05995
   1164.67000    3.55786    0.06585    0.81440    0.05800
   1167.45000    3.68109    0.07012    0.83160    0.04207
   1170.40000    3.71267    0.03597    0.78907    0.04872
   1172.42000    3.74326    0.06579    0.61668    0.05794
   1174.82000    3.79497    0.05336    0.79944    0.03000
   1179.31000    3.99600    0.04335    0.74695    0.01910
   1182.74000    4.00897    0.05901    0.61832    0.06420
   1185.38000    3.81908    0.06389    0.65826    0.03454
   1187.06000    3.86604    0.04810    0.56523    0.06789
   1188.40000    3.92165    0.04710    0.66306    0.03385
   1190.82000    3.80529    0.05797    0.78122    0.07169
   1193.56000    3.91568    0.03761    0.69140    0.03489
   1198.41000    3.98531    0.04205    0.69236    0.07109
   1200.31000    4.08124    0.05382    0.76859    0.04670
   1204.66000    4.00064    0.04014    0.71644    0.03088
   1208.71000    3.72093    0.05148    0.76163    0.04413
   1210.97000    3.78349    0.03572    0.69057    0.02367
   1213.08000    3.74100    0.04818    0.66322    0.04998
   1461.33000    4.47875    0.02910    0.79207    0.05910
   1462.62000    4.40334    0.03928    0.76573    0.07813
   1465.89000    4.32701    0.03790    0.67678    0.06116
   1468.80000    4.33210    0.05793    0.79470    0.05121
   1473.12000    4.76512    0.09391    0.67612    0.04612
   1476.52000    4.42218    0.05410    0.71831    0.05859
   1478.47000    4.66845    0.02089    0.74653    0.05781
   1481.07000    4.54042    0.04936    0.72922    0.03771
   1482.14000    4.49993    0.03808    0.82371    0.07661
   1484.35000    4.64051    0.02964    0.74373    0.04940
   1488.56000    4.41195    0.03618    0.72467    0.05706
   1492.10000    4.54582    0.06322    0.67756    0.06009
   1497.91000    4.61366    0.04683    0.77950    0.09815
   1501.10000    4.52391    0.02949    0.78147    0.04825
   1503.16000    4.54418    0.03050    0.71826    0.05579
   1504.43000    4.42189    0.07858    0.75727    0.05938
   1506.52000    4.34658    0.05934    0.82086    0.02511
   1510.35000    4.66497    0.04814    0.85466    0.06087
   1513.42000    4.51498    0.04086    0.65488    0.05815
   1515.55000    4.68872    0.08890    0.71211    0.04763
   1519.10000    4.49239    0.05289    0.73151    0.05687
   1521.49000    4.52495    0.02892    0.68984    0.07217
   1524.77000    4.57266    0.06177    0.78617    0.05970
   1529.18000    4.77524    0.06378    0.76685    0.05837
   1530.78000    4.55234    0.05797    0.76708    0.04663
   1533.38000    4.40110    0.07096    0.80265    0.05515
   1535.68000    4.48392    0.05284    0.64057    0.07993
   1538.33000    4.71056    0.06519    0.86602    0.04528
   1539.58000    4.67495    0.02198    0.79520    0.06276
   1542.14000    4.84895    0.05358    0.72046    0.03997
   1546.10000    4.77706    0.06431    0.73646    0.03825
   1548.92000    4.80980    0.04842    0.83289    0.04085
   1552.60000    4.51159    0.03877    0.77482    0.03098
   1555.72000    4.12711    0.02059    0.86592    0.06415
   1558.42000    4.18534    0.03934    0.72583    0.04818
   1561.66000    4.34372    0.06229    0.64132    0.05875
   1564.61000    4.35339    0.03737    0.80878    0.06758
   1567.83000    4.28348    0.05423    0.79325    0.04329
   1571.01000    4.17474    0.02852    0.78335    0.04113
   1573.46000    4.17652    0.05581    0.85147    0.02102
   1576.86000    4.65810    0.03930    0.85411    0.03119
   1578.77000    4.61251    0.04957    0.68991    0.06756
   1827.43000    4.52414    0.10227    0.72990    0.06147
   1832.31000    5.06999    0.05078    0.72534    0.03675
   1834.43000    4.92978    0.04723    0.75395    0.05017
   1836.59000    4.83181    0.04062    0.74522    0.05209
   1840.35000    4.91868    0.02836    0.70488    0.07485
   1844.77000    4.55635    0.08060    0.74157    0.04854
   1847.60000    4.71561    0.04696    0.75944    0.03006
   1851.03000    4.59242    0.04332    0.72097    0.06278
   1854.75000    4.93610    0.05996    0.87836    0.05667
   1856.50000    4.66670    0.04425    0.72871    0.05203
   1860.10000    4.80253    0.05657    0.78179    0.03449
   1863.10000    4.61580    0.02540    0.75146    0.08259
   1866.93000    4.80276    0.06101    0.76692    0.03163
   1870.23000    4.77133    0.05381    0.81239    0.08169
   1873.03000    4.98643    0.04907    0.72028    0.03740
   1876.55000    4.65402    0.03517    0.76785    0.04887
   1878.82000    4.50895    0.07829    0.66690    0.05981
   1883.62000    4.52679    0.05611    0.76536    0.05007
   1887.78000    4.46412    0.07439    0.83034    0.06797
   1893.29000    4.62896    0.04702    0.75344    0.04819
   1895.99000    4.46679    0.02724    0.74917    0.03634
   1898.32000    4.31932    0.07550    0.81955    0.04248
   1900.92000    4.44996    0.07541    0.76133    0.06395
   1902.37000    4.38962    0.02814    0.79629    0.05222
   1906.68000    4.49064    0.03882    0.76062    0.05428
   1910.14000    4.66769    0.03580    0.87781    0.08314
   1912.89000    4.75477    0.04991    0.76725    0.07999
   1916.03000    4.65854    0.04616    0.77247    0.04404
   1917.02000    4.55333    0.04183    0.73904    0.05931
   1920.40000    4.74583    0.01842    0.72051    0.02103
   1922.11000    4.82233    0.04809    0.68086    0.05268
   1923.78000    4.85530    0.02320    0.61476    0.05227
   1927.00000    4.85664    0.04692    0.71995    0.04245
   1928.97000    4.75427    0.04939    0.75405    0.06078
   1931.48000    4.58080    0.06013    0.69751    0.08348
   1934.95000    4.61705    0.04623    0.71820    0.05260
   1936.99000    4.48925    0.08362    0.66150    0.06799
   1939.06000    4.73619    0.04841    0.88895    0.06998
   1943.63000    4.54400    0.07928    0.76700    0.03118
   2193.33000    4.53171    0.04749    0.81935    0.04512
   2195.37000    4.61488    0.07278    0.74173    0.08209
   2198.78000    4.67621    0.05226    0.74540    0.03914
   2204.09000    4.52557    0.05412    0.80912    0.04816
   2207.03000    4.73479    0.05164    0.66306    0.04350
   2209.33000    4.82233    0.05737    0.82108    0.05610
   2213.42000    4.66548    0.05837    0.76187    0.05373
   2215.52000    4.69047    0.07146    0.81344    0.04105
   2218.22000    4.84576    0.08229    0.93119    0.05824
   2221.76000    4.62367    0.06321    0.76563    0.04473
   2224.61000    4.58326    0.03705    0.88399    0.05454
   2227.91000    4.69154    0.02830    0.79625    0.04305
   2230.25000    4.72053    0.04556    0.73001    0.06171
   2233.76000    4.73262    0.05257    0.81279    0.06923
   2237.22000    4.37192    0.05208    0.74195    0.06183
   2239.70000    4.43674    0.04928    0.86234    0.06601
   2244.21000    4.39644    0.01793    0.85853    0.03993
   2246.35000    4.40973    0.03974    0.88926    0.05038
   2249.59000    4.41858    0.04120    0.68062    0.06314
   2252.07000    4.55417    0.06549    0.70778    0.06098
   2254.08000    4.51846    0.06726    0.76226    0.03615
   2258.45000    4.24534    0.04433    0.81965    0.02778
   2262.05000    4.04378    0.04126    0.95056    0.07234
   2263.51000    3.98363    0.03273    0.79479    0.03932
   2266.81000    3.99874    0.04393    0.82602    0.04711
   2268.87000    3.99858    0.04356    0.78984    0.05155
   2273.26000    4.01957    0.05926    0.86452    0.07430
   2274.66000    3.99604    0.03745    0.69437    0.05147
   2278.37000    4.09629    0.08250    0.76069    0.05111
   2281.50000    4.17218    0.05059    0.84884    0.05820
   2283.67000    4.02660    0.04606    0.70657    0.05329
   2286.53000    4.11811    0.03366    0.74390    0.07389
   2292.25000    3.85414    0.04786    0.67635    0.04254
   2294.31000    3.70996    0.07742    0.82917    0.05052
   2297.53000    3.74881    0.08398    0.71703    0.04888
   2301.32000    3.84290    0.01397    0.70359    0.08789
   2303.31000    3.80904    0.04610    0.61614    0.08008
   2304.38000    3.91694    0.05680    0.64660    0.05736
   2307.60000    3.84860    0.06832    0.56247    0.05655
   2309.84000    4.03236    0.06029    0.63795    0.03842
   2557.54000    4.19125    0.05605    0.81357    0.03088
   2561.05000    3.80812    0.05758    0.80520    0.06450
   2563.46000    3.74386    0.05801    0.73204    0.02565
   2566.01000    3.72144    0.04661    0.51695    0.06434
   2569.65000    3.86515    0.03733    0.72633    0.03345
   2571.04000    3.96120    0.03033    0.68456    0.08185
   2574.81000    3.93323    0.04071    0.73164    0.02765
   2577.27000    4.11937    0.04811    0.73834    0.03975
   2579.24000    4.06045    0.06429    0.71046    0.06620
   2581.02000    3.99074    0.02994    0.78594    0.05377
   2586.52000    4.18992    0.05267    0.73739    0.04031
   2589.22000    4.01621    0.05791    0.67971    0.05510
   2590.66000    3.93383    0.06122    0.70551    0.06010
   2594.38000    4.06678    0.03958    0.72896    0.05143
   2598.71000    3.95381    0.04467    0.70977    0.07536
   2602.12000    3.99232    0.05571    0.74008    0.04378
   2604.27000    3.93873    0.04567    0.67732    0.05826
   2605.16000    4.19190    0.05974    0.70992    0.05565
   2608.32000    4.10771    0.06132    0.69878    0.01175
   2611.49000    4.02887    0.04592    0.59367    0.08023
   2614.79000    3.88909    0.04159    0.84443    0.05533
   2618.74000    3.95598    0.05192    0.76725    0.06117
   2622.57000    3.99408    0.07083    0.72794    0.07520
   2625.29000    3.98449    0.02684    0.77190    0.05457
   2628.04000    4.19344    0.08550    0.74148    0.06510
   2631.58000    4.02543    0.06760    0.74952    0.02870
   2635.64000    3.99575    0.06722    0.72611    0.04699
   2639.14000    4.03749    0.05852    0.70584    0.06313
   2642.94000    4.22940    0.05282    0.78573    0.05809
   2645.34000    4.29201    0.04905    0.68434    0.02578
   2646.83000    4.22276    0.07634    0.67172    0.02389
   2649.13000    4.21284    0.04105    0.69520    0.01489
   2654.02000    4.13421    0.04977    0.72752    0.04172
   2657.98000    4.26459    0.02080    0.68359    0.04422
   2660.24000    4.32358    0.04267    0.62492    0.08356
   2664.19000    4.34900    0.07566    0.59811    0.06952
   2667.58000    4.13343    0.05349    0.70080    0.05173
   2670.46000    3.88704    0.07699    0.70472    0.08170
   2673.81000    3.97345    0.05677    0.73373    0.03690
   2921.59000    4.27435    0.07389    0.73459    0.04870
   2925.86000    4.25590    0.02499    0.62788    0.08355
   2926.44000    4.32444    0.04167    0.58929    0.05063
   2927.24000    4.17286    0.04534    0.69456    0.06047
   2930.93000    4.31512    0.06441    0.58845    0.06390
   2932.50000    4.29268    0.03861    0.67984    0.05690
   2935.26000    4.32845    0.01984    0.70674    0.06865
   2937.22000    4.35035    0.04468    0.71991    0.03279
   2938.66000    4.50886    0.04269    0.82282    0.06544
   2941.78000    4.71108    0.05586    0.60817    0.04522
   2942.71000    4.61877    0.03544    0.69394    0.06810
   2945.33000    4.83226    0.03924    0.60845    0.05684
   2947.47000    4.65060    0.05053    0.69654    0.04671
   2950.72000    4.71185    0.07370    0.59964    0.06153
   2952.44000    4.85962    0.05281    0.63861    0.04375
   2955.21000    5.26108    0.02822    0.70399    0.07011
   2958.70000    5.21903    0.04581    0.69927    0.06147
   2961.34000    5.03362    0.03412    0.72831    0.07358
   2964.63000    4.90330    0.01626    0.70803    0.04188
   2967.23000    4.81603    0.03375    0.80647    0.06190
   2970.75000    5.04256    0.03753    0.63644    0.05203
   2972.89000    5.00437    0.06023    0.81314    0.05729
   2977.02000    5.01963    0.03682    0.69280    0.08595
   2980.54000    4.84811    0.05379    0.78837    0.08729
   2981.45000    5.05433    0.08780    0.90992    0.05975
   2985.84000    5.01453    0.06459    0.82481    0.05440
   2988.76000    5.03123    0.04519    0.70646    0.05522
   2991.16000    4.89788    0.05766    0.80101    0.06758
   2994.29000    4.66016    0.04207    0.67452    0.06586
   2997.18000    4.57703    0.03111    0.79073    0.03318
   2999.29000    4.51419    0.05811    0.88457    0.05124
   3001.04000    4.60689    0.08363    0.82911    0.04239
   3002.39000    4.44701    0.07689    0.82239    0.05976
   3005.25000    4.26523    0.05131    0.84803    0.04936
   3009.35000    3.94656    0.05321    0.78113    0.04404
   3011.54000    3.93296    0.07266    0.79954    0.03373
   3014.93000    3.95499    0.03600    0.79393    0.05349
   3018.89000    3.87868    0.06085    0.77995    0.06565
   3022.71000    3.75145    0.04734    0.81071    0.05038
   3024.96000    3.78628    0.05737    0.86011    0.03903
   3028.25000    3.82846    0.05966    0.70025    0.08752
   3030.82000    3.84698    0.03504    0.75189    0.04890
   3035.64000    3.95744    0.07351    0.70483    0.05969
   3036.64000    4.01481    0.04897    0.62191    0.07392
   3039.91000    4.29821    0.05430    0.65657    0.02714
   3286.81000    3.83438    0.04460    0.63195    0.05798
   3292.28000    4.08953    0.05572    0.66904    0.05112
   3295.40000    4.37845    0.04051    0.74560    0.07340
   3299.32000    4.61225    0.05898    0.73493    0.03688
   3303.19000    4.84841    0.05320    0.79302    0.05969
   3306.17000    4.52586    0.04392    0.98732    0.10494
   3309.04000    4.53550    0.03635    0.70686    0.04997
   3314.35000    4.32950    0.05827    0.71448    0.04615
   3318.07000    4.36785    0.05827    0.75080    0.05765
   3321.73000    4.26425    0.07195    0.74925    0.02695
   3324.45000    4.34529    0.07834    0.89165    0.05746
   3326.49000    4.32028    0.07350    0.79948    0.04793
   3330.07000    4.33371    0.05504    0.80835    0.06038
   3333.43000    4.38123    0.04355    0.81283    0.02661
   3337.33000    4.55298    0.04491    0.75219    0.06710
   3340.84000    4.51726    0.04260    0.78421    0.03721
   3344.57000    4.69541    0.04639    0.89381    0.05944
   3346.17000    4.62100    0.03942    0.70471    0.06650
   3347.20000    4.50760    0.07109    0.76995    0.05405
   3350.39000    4.59300    0.06214    0.84550    0.05394
   3353.29000    4.36387    0.00628    0.79440    0.02881
   3356.44000    4.31492    0.04519    0.63480    0.06422
   3359.40000    4.27191    0.03974    0.71882    0.04706
   3360.69000    4.42136    0.04836    0.76795    0.00705
   3363.12000    4.55414    0.07967    0.76859    0.06783
   3366.31000    4.62039    0.04301    0.73336    0.03592
   3369.05000    4.71565    0.05016    0.75070    0.06034
   3370.79000    4.72025    0.04527    0.74955    0.02747
   3372.99000    4.74719    0.05352    0.81980    0.02800
   3376.78000    4.55992    0.05664    0.90635    0.06403
   3379.18000    4.51575    0.03032    0.78968    0.03751
   3382.16000    4.60864    0.05442    0.70944    0.05834
   3386.24000    4.43629    0.08819    0.67821    0.05370
   3392.05000    4.66105    0.02743    0.83083    0.03018
   3394.40000    4.69011    0.06609    0.75843    0.06316
   3398.22000    4.67850    0.04159    0.87619    0.06341
   3401.27000    4.66311    0.05197    0.72811    0.05643
