## Time Delay Challenge light curves
##
## [time]=days, [lc]=[err]=flux in nanomaggies
##
##       time       lc_A      err_A       lc_B      err_B
##-------------------------------------------------------
      2.46000    0.64277    0.04984    0.78812    0.06378
      5.01000    0.61518    0.07424    0.79442    0.05310
      6.35000    0.63540    0.04609    0.68481    0.05829
      9.78000    0.65040    0.06171    0.78569    0.06076
     14.50000    0.53118    0.08297    0.69992    0.06732
     17.17000    0.59452    0.04843    0.72934    0.05928
     19.86000    0.58378    0.02275    0.69883    0.03148
     23.08000    0.71071    0.05299    0.74066    0.07490
     27.61000    0.53013    0.04668    0.74878    0.05060
     28.81000    0.61291    0.04571    0.78384    0.04869
     31.79000    0.57734    0.07380    0.79298    0.07493
     34.79000    0.64636    0.05832    0.71622    0.07725
     38.82000    0.59109    0.01348    0.77748    0.05491
     44.48000    0.57512    0.04112    0.72331    0.03969
     49.71000    0.64381    0.05859    0.73086    0.06386
     53.15000    0.65740    0.04218    0.76343    0.06111
     54.91000    0.67817    0.09503    0.82701    0.04874
     55.73000    0.62044    0.06590    0.72944    0.05327
     60.60000    0.56635    0.02875    0.78593    0.03840
     63.58000    0.65237    0.04804    0.75132    0.07704
     65.60000    0.72728    0.05734    0.72546    0.04738
     67.64000    0.63203    0.05036    0.88655    0.07615
     72.45000    0.65392    0.08966    0.89528    0.05949
     74.63000    0.59725    0.04938    0.82974    0.07077
     77.25000    0.61889    0.05637    0.88712    0.05093
     81.52000    0.54595    0.06636    0.79612    0.04674
     85.12000    0.52190    0.07502    0.74099    0.04806
     88.37000    0.55567    0.03721    0.73706    0.03027
     92.55000    0.57146    0.04795    0.65960    0.04163
     94.65000    0.62317    0.04638    0.69697    0.05100
     97.43000    0.55098    0.03659    0.70170    0.02984
    100.86000    0.57535    0.04986    0.65985    0.05115
    101.82000    0.49891    0.05939    0.67941    0.02875
    104.95000    0.45043    0.06254    0.68520    0.04007
    107.58000    0.60718    0.06164    0.86540    0.05290
    112.07000    0.66469    0.04295    0.69180    0.07235
    114.39000    0.62244    0.06586    0.78839    0.06547
    118.04000    0.65148    0.05495    0.68097    0.04619
    368.41000    0.35944    0.03736    0.52056    0.05649
    371.81000    0.38997    0.03577    0.49233    0.04481
    376.11000    0.26886    0.05339    0.55999    0.03867
    380.08000    0.40512    0.02853    0.41546    0.04992
    383.28000    0.39451    0.03749    0.38924    0.06529
    386.84000    0.36734    0.03644    0.50287    0.04833
    389.88000    0.34935    0.05935    0.50970    0.02360
    391.67000    0.41613    0.07051    0.45631    0.01846
    395.24000    0.51558    0.05626    0.53384    0.04172
    398.04000    0.40043    0.03591    0.45976    0.09878
    402.02000    0.37944    0.02439    0.53382    0.02639
    406.77000    0.33903    0.06960    0.52557    0.04392
    409.92000    0.43965    0.05979    0.50943    0.07938
    411.43000    0.42324    0.04023    0.56477    0.06531
    415.18000    0.40879    0.05017    0.51691    0.06405
    418.43000    0.27406    0.07992    0.57684    0.04760
    421.28000    0.41102    0.05134    0.44268    0.06169
    422.89000    0.44282    0.05269    0.56016    0.04050
    425.11000    0.34866    0.04913    0.54755    0.04789
    427.06000    0.39842    0.02685    0.39610    0.07706
    431.87000    0.43565    0.05278    0.45948    0.05790
    435.03000    0.28445    0.05644    0.47753    0.04890
    437.24000    0.46877    0.04255    0.46580    0.05723
    440.02000    0.46307    0.05996    0.58143    0.07474
    442.93000    0.34906    0.05429    0.50599    0.04812
    447.16000    0.41998    0.04578    0.44747    0.07120
    449.71000    0.46167    0.06670    0.60188    0.05279
    453.38000    0.48364    0.01878    0.48365    0.05846
    457.20000    0.50632    0.04739    0.60795    0.05014
    460.18000    0.47573    0.07131    0.58337    0.07811
    463.45000    0.48558    0.04814    0.64962    0.04754
    467.80000    0.47884    0.02614    0.55697    0.05650
    470.34000    0.44903    0.04879    0.60050    0.05686
    475.10000    0.44954    0.07340    0.61135    0.04008
    477.19000    0.49647    0.05415    0.69054    0.05019
    479.86000    0.61389    0.05376    0.64243    0.07716
    482.71000    0.47193    0.06722    0.65170    0.04374
    730.44000    0.52112    0.02394    0.61326    0.03066
    734.81000    0.47742    0.07340    0.62782    0.07823
    737.52000    0.58734    0.06012    0.64499    0.05445
    740.09000    0.62744    0.03427    0.69054    0.05785
    742.74000    0.56326    0.03494    0.60266    0.04005
    745.68000    0.49636    0.08058    0.64908    0.06903
    748.68000    0.55974    0.05715    0.68290    0.05123
    750.35000    0.50082    0.04034    0.67927    0.03763
    753.53000    0.50561    0.06380    0.57838    0.04707
    755.95000    0.66436    0.03749    0.63374    0.02737
    759.81000    0.54622    0.06842    0.67355    0.03864
    762.61000    0.57327    0.04823    0.64841    0.04601
    763.70000    0.50181    0.07226    0.63387    0.02408
    768.48000    0.57616    0.06723    0.70664    0.05272
    771.11000    0.71652    0.07965    0.69244    0.08791
    775.15000    0.60696    0.06173    0.70964    0.06939
    779.61000    0.70943    0.05546    0.75849    0.05937
    782.76000    0.66436    0.02642    0.64212    0.03485
    785.61000    0.66519    0.04314    0.75265    0.04410
    790.40000    0.64336    0.03925    0.67017    0.06273
    791.85000    0.66279    0.05214    0.81635    0.03227
    795.28000    0.64350    0.02583    0.77944    0.05807
    799.55000    0.60379    0.05766    0.72977    0.07321
    804.44000    0.67373    0.06471    0.70510    0.08197
    807.25000    0.58161    0.04873    0.71258    0.03356
    811.67000    0.64297    0.04372    0.70474    0.04714
    815.21000    0.66358    0.04692    0.84830    0.05512
    819.84000    0.65000    0.05826    0.69612    0.06999
    822.21000    0.63163    0.04875    0.85296    0.06500
    826.09000    0.54112    0.07269    0.81233    0.05189
    829.98000    0.65446    0.02734    0.67306    0.05616
    833.07000    0.59968    0.08242    0.80246    0.04397
    835.76000    0.46855    0.06165    0.78435    0.06237
    837.83000    0.63051    0.05395    0.80741    0.05454
    841.38000    0.58441    0.07556    0.73478    0.04675
    844.88000    0.58996    0.03829    0.67993    0.06117
    848.64000    0.58629    0.03367    0.79157    0.04979
   1095.32000    0.58099    0.06380    0.56006    0.05419
   1098.73000    0.35416    0.10129    0.70292    0.07190
   1101.16000    0.54341    0.03302    0.55889    0.06701
   1103.08000    0.53826    0.03951    0.61491    0.04958
   1104.97000    0.50746    0.04495    0.58742    0.04415
   1109.69000    0.58051    0.06675    0.69714    0.06263
   1111.40000    0.56222    0.02477    0.68703    0.06215
   1114.04000    0.56320    0.06110    0.74528    0.06273
   1117.25000    0.47495    0.06430    0.65168    0.05495
   1120.88000    0.56921    0.04425    0.61929    0.05302
   1125.38000    0.53073    0.04760    0.74128    0.06526
   1128.97000    0.61973    0.07021    0.68618    0.05401
   1130.39000    0.58116    0.04667    0.79163    0.02950
   1132.48000    0.59514    0.04773    0.73388    0.05577
   1135.75000    0.58009    0.03509    0.85215    0.07175
   1140.11000    0.62660    0.04340    0.62579    0.05509
   1142.06000    0.60799    0.04724    0.75445    0.06131
   1146.44000    0.62912    0.05862    0.80640    0.05085
   1149.74000    0.62089    0.04487    0.79796    0.05565
   1153.05000    0.67859    0.05478    0.83886    0.07979
   1155.67000    0.64171    0.02683    0.78567    0.08566
   1157.63000    0.76338    0.07291    0.76366    0.04184
   1158.98000    0.66925    0.03842    0.79302    0.05478
   1162.61000    0.64339    0.05542    0.97022    0.05923
   1165.99000    0.60372    0.04363    0.93759    0.04989
   1168.08000    0.69776    0.04598    0.85765    0.04850
   1171.95000    0.77527    0.05497    0.83270    0.04379
   1174.39000    0.70370    0.03801    0.88181    0.02984
   1178.56000    0.75586    0.04928    0.97198    0.02507
   1181.72000    0.68146    0.04922    0.84151    0.06683
   1183.11000    0.68967    0.06235    0.82800    0.05073
   1186.05000    0.63369    0.04224    0.77413    0.06212
   1187.87000    0.67274    0.06461    0.85710    0.06084
   1189.68000    0.61308    0.07570    0.84330    0.04649
   1191.30000    0.66014    0.06650    0.82721    0.03027
   1193.07000    0.63447    0.07253    0.71279    0.07087
   1196.62000    0.61043    0.05630    0.80973    0.05349
   1200.69000    0.62352    0.03977    0.75320    0.04026
   1204.99000    0.49712    0.07271    0.81039    0.05802
   1207.60000    0.51452    0.05655    0.71458    0.04648
   1212.16000    0.79448    0.06595    0.59170    0.06981
   1462.74000    0.49551    0.03798    0.69593    0.02196
   1466.31000    0.51393    0.07751    0.69317    0.07048
   1469.75000    0.50916    0.05224    0.69297    0.04970
   1473.30000    0.56438    0.04654    0.65416    0.07016
   1475.32000    0.55666    0.04434    0.68201    0.06989
   1477.95000    0.55500    0.07293    0.80449    0.07281
   1481.30000    0.63886    0.06290    0.65479    0.05397
   1484.16000    0.67213    0.06465    0.64163    0.05152
   1486.64000    0.64384    0.06397    0.68449    0.06716
   1488.53000    0.56352    0.04755    0.74760    0.05661
   1490.64000    0.49969    0.07094    0.78611    0.03923
   1492.16000    0.61207    0.07701    0.74914    0.06511
   1497.28000    0.59967    0.01607    0.69417    0.04153
   1499.99000    0.53744    0.03439    0.70689    0.03932
   1501.39000    0.51522    0.05663    0.75979    0.07168
   1504.35000    0.59340    0.07012    0.75757    0.06370
   1506.20000    0.56091    0.05830    0.72950    0.04175
   1509.14000    0.55760    0.04474    0.80299    0.05842
   1510.71000    0.55683    0.04034    0.79750    0.06741
   1514.28000    0.55813    0.03689    0.75124    0.03645
   1518.20000    0.55522    0.03506    0.82374    0.05066
   1521.12000    0.62155    0.05153    0.77699    0.05427
   1524.18000    0.54925    0.04694    0.77649    0.06747
   1528.52000    0.53617    0.05381    0.75301    0.07244
   1532.59000    0.63637    0.04276    0.76902    0.02480
   1536.79000    0.51210    0.05417    0.89627    0.06708
   1540.60000    0.49513    0.08862    0.80092    0.03765
   1543.69000    0.64256    0.03357    0.77797    0.03148
   1547.37000    0.67282    0.02606    0.85335    0.04829
   1550.96000    0.70872    0.08459    0.73775    0.06320
   1553.31000    0.69021    0.05897    0.74679    0.07820
   1556.12000    0.71469    0.06787    0.82600    0.05018
   1557.85000    0.63810    0.03345    0.90085    0.03986
   1560.70000    0.67097    0.05773    0.92104    0.07389
   1563.20000    0.69205    0.07251    0.84445    0.04813
   1565.26000    0.66628    0.02590    0.84122    0.07344
   1567.92000    0.66817    0.04685    0.79325    0.05944
   1570.42000    0.70130    0.06422    0.84477    0.05154
   1573.99000    0.72199    0.06358    0.81661    0.06551
   1576.31000    0.81450    0.05651    0.84350    0.04617
