## Time Delay Challenge light curves
##
## [time]=days, [lc]=[err]=flux in nanomaggies
##
##       time       lc_A      err_A       lc_B      err_B
##-------------------------------------------------------
      1.24000    5.74102    0.05960    2.23875    0.04645
      4.08000    5.65219    0.08486    2.31075    0.04942
      6.98000    5.54509    0.06209    2.17719    0.02740
     11.28000    5.56855    0.02825    2.15539    0.05931
     14.97000    5.47377    0.04424    2.15373    0.04440
     19.60000    5.48989    0.07177    2.28237    0.05926
     21.71000    5.52212    0.03238    2.18588    0.07871
     26.68000    5.28106    0.05916    2.13430    0.03549
     31.22000    5.14149    0.01263    2.05294    0.03785
     34.41000    5.16850    0.03731    2.07574    0.02397
     36.30000    4.99485    0.07591    2.22161    0.05319
     38.51000    4.97493    0.03985    2.15924    0.05673
     42.69000    5.01602    0.03561    1.99327    0.04224
     46.01000    4.96303    0.05942    1.98727    0.04772
     47.95000    5.00428    0.07940    2.03416    0.04830
     51.91000    5.08743    0.07386    1.94209    0.03029
     54.52000    5.19697    0.04310    1.95333    0.06708
     58.18000    5.08959    0.04428    1.99534    0.07446
     63.10000    5.26686    0.06476    1.99277    0.05734
     65.82000    5.16993    0.05954    1.97325    0.04869
     69.96000    5.07747    0.05223    1.97813    0.03128
     73.24000    5.07756    0.05271    1.99070    0.07980
     74.96000    4.97006    0.05771    1.87283    0.05627
     78.04000    4.97948    0.04753    1.94934    0.03084
     81.13000    4.77325    0.06474    1.91986    0.07516
     82.44000    4.70496    0.01195    1.94883    0.03506
     84.63000    4.71630    0.05132    1.95858    0.08254
     87.29000    4.91600    0.04095    1.99496    0.05784
     91.40000    4.82910    0.03894    1.85899    0.05333
     92.61000    4.78026    0.05333    1.93422    0.05657
     96.81000    4.78721    0.03579    1.72456    0.05859
     98.24000    4.77665    0.07393    1.86425    0.05581
    103.17000    4.81010    0.04194    1.86442    0.07219
    103.90000    4.83406    0.05106    1.78650    0.06876
    107.14000    4.90928    0.05429    1.90739    0.06004
    111.27000    4.87955    0.06683    1.87527    0.03445
    113.46000    4.75779    0.02777    1.84974    0.06388
    117.04000    4.66714    0.04437    1.94407    0.05413
    365.65000    4.85904    0.05899    1.91625    0.07169
    367.54000    4.87010    0.04010    1.69879    0.06870
    370.00000    4.81189    0.04244    1.89332    0.04204
    373.92000    4.85123    0.03467    1.85514    0.06310
    376.64000    4.84339    0.06404    1.82417    0.05922
    379.09000    5.07322    0.05539    1.79505    0.07504
    379.98000    5.03563    0.05527    1.86846    0.03512
    382.97000    4.79421    0.03844    1.90648    0.05507
    387.02000    4.79907    0.07056    1.84674    0.06269
    390.42000    4.54397    0.06868    1.88004    0.05617
    394.04000    4.78386    0.05487    1.94032    0.07172
    396.61000    4.69085    0.06421    1.84315    0.05081
    398.22000    4.78377    0.06009    1.89302    0.05371
    401.40000    4.85671    0.03605    1.82338    0.09959
    405.41000    4.81427    0.05557    1.80836    0.08103
    408.05000    4.93494    0.05968    1.81203    0.03550
    412.23000    5.19819    0.03836    1.90957    0.05413
    415.08000    5.08211    0.04956    1.85808    0.06238
    417.61000    4.98872    0.04560    1.82848    0.03803
    421.93000    4.99156    0.05315    1.91858    0.05032
    425.25000    4.95185    0.05367    1.91668    0.07120
    428.82000    4.98281    0.05637    1.99420    0.06520
    431.14000    4.92943    0.06206    1.78554    0.07179
    434.85000    4.76697    0.06984    1.94084    0.04088
    436.98000    4.55250    0.06680    1.87257    0.04942
    439.36000    4.56287    0.03706    1.92419    0.05427
    441.49000    4.62422    0.02880    2.06433    0.06999
    443.27000    4.62792    0.07405    1.85985    0.04417
    446.40000    4.63745    0.04982    1.79204    0.06497
    449.57000    4.62969    0.04502    1.83590    0.06405
    453.17000    4.61908    0.05113    1.76629    0.09139
    454.16000    4.66673    0.05590    1.77317    0.03946
    458.33000    4.78203    0.05907    1.77755    0.07160
    460.74000    4.65472    0.03749    1.78816    0.01873
    462.48000    4.69990    0.03559    1.69390    0.06516
    466.60000    4.65779    0.07606    1.76987    0.04068
    468.73000    4.81631    0.03573    1.82388    0.05845
    472.10000    4.73357    0.05304    1.81208    0.01953
    475.20000    4.81621    0.03678    1.88765    0.06209
    478.05000    5.05022    0.06242    1.87363    0.08430
    481.05000    5.01339    0.06176    1.89655    0.07020
    483.47000    5.01185    0.06325    1.78544    0.03808
    732.26000    5.12083    0.05579    2.07369    0.09010
    733.06000    5.15604    0.03452    2.01640    0.03174
    736.31000    4.93870    0.06944    2.02447    0.06426
    740.15000    5.10165    0.06464    1.99457    0.03680
    743.50000    5.15330    0.04040    1.94659    0.05438
    748.04000    5.29747    0.07271    2.09762    0.07366
    752.64000    5.29102    0.06478    1.91649    0.04244
    755.49000    5.36520    0.04787    1.86017    0.03796
    758.91000    5.37080    0.01185    1.95650    0.04015
    763.06000    5.40627    0.05924    2.17334    0.04682
    765.91000    5.34355    0.03512    2.03433    0.04919
    769.84000    5.32117    0.05558    1.96540    0.05848
    773.12000    5.29787    0.05970    2.08741    0.04364
    775.50000    5.13783    0.06278    2.08471    0.07405
    776.15000    5.18969    0.05556    2.12804    0.05351
    778.02000    5.23259    0.04145    2.04961    0.03262
    780.53000    5.21381    0.05308    2.01954    0.05688
    783.41000    5.27356    0.07971    2.02042    0.04808
    786.73000    5.25673    0.04650    2.10531    0.03900
    791.66000    5.06970    0.08276    1.84522    0.06770
    795.31000    4.96645    0.08655    1.98429    0.08792
    796.61000    5.04601    0.05511    1.92738    0.08338
    801.65000    5.25110    0.05549    1.96037    0.06031
    804.80000    5.36685    0.04674    1.89693    0.04710
    806.48000    5.26100    0.06445    1.87054    0.05005
    808.73000    5.45702    0.06057    1.94467    0.03528
    811.90000    5.53942    0.05131    1.99407    0.05118
    812.86000    5.45897    0.04761    1.99442    0.03995
    814.85000    5.52656    0.03768    1.93335    0.03895
    817.93000    5.83482    0.07551    2.00803    0.05610
    821.40000    5.60687    0.05373    2.12058    0.04236
    823.81000    5.64866    0.07186    2.08957    0.04988
    826.83000    5.77769    0.06295    2.13588    0.03450
    831.37000    5.89095    0.02295    2.08058    0.03907
    832.31000    5.76830    0.07196    2.29144    0.07488
    834.25000    5.74805    0.03329    2.15048    0.03675
    838.11000    5.64458    0.06833    2.18216    0.07123
    840.14000    5.69708    0.03820    2.25686    0.07286
    842.17000    5.77687    0.04204    2.33377    0.04099
    845.91000    5.72265    0.08720    2.18584    0.05272
    848.72000    5.68644    0.04706    2.18383    0.04512
   1097.52000    4.81672    0.07226    1.88839    0.07046
   1099.51000    4.95947    0.03601    1.94654    0.04729
   1102.79000    5.02812    0.01565    1.88590    0.01988
   1105.43000    4.91530    0.05412    1.98065    0.09355
   1106.87000    4.93146    0.04667    1.87670    0.04896
   1110.42000    4.96029    0.05387    1.89081    0.04542
   1114.55000    4.89542    0.05728    1.92568    0.04388
   1117.17000    4.69909    0.05821    1.83919    0.06442
   1118.30000    4.79037    0.05966    1.81007    0.03918
   1121.94000    4.57792    0.05548    1.98804    0.08716
   1125.68000    4.80919    0.03479    1.83282    0.05117
   1128.11000    4.79713    0.04668    1.82563    0.03479
   1130.91000    4.71528    0.06001    1.79894    0.06064
   1133.59000    4.68090    0.05517    1.83467    0.02669
   1136.91000    4.63659    0.07123    1.78147    0.05175
   1139.50000    4.46047    0.03774    1.86981    0.02785
   1143.05000    4.54034    0.06282    1.85892    0.07252
   1144.99000    4.61531    0.05321    1.81068    0.01428
   1147.95000    4.51993    0.03780    1.78610    0.03523
   1148.92000    4.55347    0.06804    1.72813    0.04520
   1152.54000    4.57327    0.03691    1.77800    0.06370
   1154.64000    4.68603    0.09956    1.82412    0.07224
   1156.57000    4.81745    0.04756    1.70682    0.06383
   1158.62000    4.79461    0.05405    1.69326    0.05752
   1160.09000    4.69852    0.03393    1.77253    0.05943
   1162.48000    4.67717    0.04212    1.63534    0.06321
   1164.93000    4.65812    0.10349    1.66783    0.05965
   1166.03000    4.64221    0.01654    1.77964    0.05473
   1169.80000    4.71281    0.05435    1.85869    0.05387
   1173.41000    4.80682    0.04256    1.72924    0.04859
   1177.22000    4.95146    0.04645    1.76587    0.05491
   1181.86000    4.91007    0.06058    1.85632    0.06707
   1184.15000    4.92923    0.06585    1.86204    0.03850
   1187.49000    4.94423    0.04880    1.92082    0.04021
   1189.68000    5.03055    0.04893    1.83955    0.05691
   1194.24000    5.07734    0.03958    1.81976    0.05110
   1198.79000    4.95706    0.08447    1.92159    0.02754
   1200.74000    5.01926    0.05446    1.97663    0.06438
   1203.61000    5.05671    0.06453    1.93721    0.03612
   1207.45000    4.95340    0.02723    1.91121    0.04828
   1212.26000    5.23249    0.06413    1.94155    0.06597
   1462.14000    5.72918    0.02732    2.20039    0.03117
   1465.00000    5.69705    0.05611    2.21391    0.06403
   1468.92000    5.53926    0.07071    2.19900    0.06672
   1472.13000    5.40184    0.07720    2.15060    0.06943
   1475.21000    5.17289    0.07006    2.18673    0.07772
   1477.27000    5.26485    0.03914    2.25131    0.09128
   1478.79000    5.43880    0.03722    2.21245    0.04407
   1480.84000    5.45884    0.08100    2.22388    0.05766
   1483.22000    5.47237    0.06163    2.13266    0.05510
   1486.61000    5.19417    0.05234    2.19935    0.06555
   1490.34000    5.32913    0.05130    1.99668    0.02735
   1492.41000    5.30778    0.03671    2.03473    0.03245
   1495.96000    5.43104    0.05992    2.03109    0.01324
   1500.02000    5.30377    0.05694    2.20221    0.06739
   1502.31000    5.38083    0.06733    2.10097    0.05570
   1505.42000    5.38350    0.06347    2.02360    0.03268
   1509.86000    5.50319    0.06948    2.00525    0.06622
   1512.62000    5.64705    0.06426    2.22658    0.06594
   1515.95000    5.56174    0.05168    2.11040    0.08036
   1518.30000    5.74840    0.05818    2.05933    0.04859
   1520.39000    5.73012    0.03906    2.11649    0.05485
   1524.51000    5.71290    0.05708    2.10831    0.08523
   1528.27000    5.72373    0.04859    2.14286    0.04935
   1531.27000    5.46380    0.09199    2.02231    0.07741
   1532.65000    5.59316    0.04646    2.26343    0.06756
   1535.89000    5.33693    0.04638    2.28717    0.05175
   1539.24000    5.32993    0.04480    2.17706    0.04902
   1541.47000    5.44319    0.03542    2.24681    0.05534
   1544.70000    5.56165    0.05975    2.17298    0.04977
   1548.74000    5.61247    0.03236    2.13135    0.02313
   1550.57000    5.79473    0.05631    2.08832    0.05950
   1554.56000    5.68323    0.01465    2.09718    0.06302
   1556.45000    5.75295    0.03564    2.10508    0.01202
   1560.67000    5.78312    0.04945    2.17109    0.04347
   1562.35000    5.65300    0.06503    2.13377    0.07354
   1564.69000    5.88177    0.08831    2.21090    0.03491
   1567.24000    5.89820    0.03837    2.16272    0.05262
   1571.02000    5.96698    0.05186    2.22110    0.04358
   1574.77000    5.95909    0.06255    2.26006    0.03856
   1577.08000    5.92407    0.06079    2.14998    0.05710
