## Time Delay Challenge light curves
##
## [time]=days, [lc]=[err]=flux in nanomaggies
##
##       time       lc_A      err_A       lc_B      err_B
##-------------------------------------------------------
      1.33000    0.37072    0.04822    1.30709    0.05304
      3.47000    0.25118    0.08146    1.31967    0.07936
      5.34000    0.28426    0.04954    1.23468    0.03022
      7.93000    0.37787    0.04085    1.18225    0.06119
     12.82000    0.21934    0.05161    1.26689    0.04421
     14.23000    0.29688    0.03501    1.26604    0.03306
     15.58000    0.35317    0.06940    1.17625    0.06033
     18.98000    0.26689    0.06380    1.27125    0.07424
     21.11000    0.26276    0.03043    1.19258    0.06730
     23.78000    0.33290    0.05533    1.20954    0.04066
     25.31000    0.34929    0.06096    1.15287    0.06317
     28.22000    0.35058    0.08079    1.15045    0.07256
     30.46000    0.15958    0.04470    1.22481    0.06544
     31.21000    0.24937    0.04011    1.30303    0.05783
     34.41000    0.21253    0.03258    1.21313    0.04467
     38.08000    0.21420    0.08079    1.24954    0.02950
     39.68000    0.25258    0.02411    1.12581    0.05504
     43.81000    0.25733    0.07502    1.24750    0.04809
     47.25000    0.21385    0.06484    1.19613    0.05542
     50.67000    0.16301    0.05127    1.19025    0.03320
     53.59000    0.27562    0.03839    1.27051    0.09864
     56.54000    0.23360    0.04295    1.13656    0.10345
     58.11000    0.18871    0.04171    1.22031    0.05375
     61.01000    0.16394    0.05885    1.29311    0.04512
     64.15000    0.24117    0.03561    1.19033    0.05418
     65.38000    0.25302    0.07639    1.22981    0.02904
     68.64000    0.27638    0.04824    1.26772    0.07378
     73.27000    0.26202    0.05381    1.37546    0.03502
     76.45000    0.24720    0.01941    1.25377    0.03539
     77.85000    0.24101    0.05597    1.28004    0.05416
     80.49000    0.28102    0.04093    1.25102    0.02805
     82.75000    0.08579    0.06861    1.37465    0.08096
     84.90000    0.26358    0.07774    1.31729    0.03885
     87.62000    0.23862    0.06584    1.30327    0.02423
     89.40000    0.24490    0.03168    1.30421    0.04407
     90.49000    0.15128    0.08010    1.25973    0.05130
     93.03000    0.21293    0.05706    1.41882    0.07739
     96.84000    0.32090    0.04013    1.40288    0.00845
     98.57000    0.24529    0.04669    1.38248    0.04410
    101.15000    0.14452    0.05761    1.45783    0.01054
    103.76000    0.34899    0.05721    1.48189    0.03792
    106.75000    0.39646    0.07498    1.41897    0.08865
    109.79000    0.28715    0.03969    1.46373    0.06932
    112.28000    0.42619    0.06125    1.29226    0.05180
    116.29000    0.29594    0.06336    1.34042    0.04635
    117.87000    0.30128    0.05297    1.42989    0.06012
    365.92000    0.23752    0.05994    1.36688    0.04901
    368.79000    0.28982    0.04181    1.27169    0.04729
    371.11000    0.24354    0.03342    1.30756    0.05464
    375.35000    0.28838    0.02456    1.18203    0.05995
    377.88000    0.28548    0.05941    1.19560    0.05476
    380.96000    0.24792    0.04574    1.31652    0.08302
    383.96000    0.34491    0.05053    1.26882    0.03584
    385.64000    0.17493    0.07465    1.38298    0.03926
    388.56000    0.26532    0.01929    1.20758    0.06325
    392.41000    0.35630    0.05994    1.30100    0.03684
    395.19000    0.33428    0.05574    1.33540    0.05890
    397.50000    0.25078    0.03541    1.32614    0.03967
    401.09000    0.28893    0.05484    1.27491    0.05105
    403.60000    0.29964    0.04328    1.28792    0.02375
    407.59000    0.31723    0.07051    1.29064    0.06970
    410.97000    0.28478    0.03343    1.18660    0.02125
    414.66000    0.22593    0.02287    1.15538    0.06987
    416.23000    0.26183    0.02643    1.13641    0.04779
    418.57000    0.32924    0.04130    1.22708    0.05103
    421.68000    0.21147    0.07287    1.20670    0.04459
    423.02000    0.26633    0.04770    1.19582    0.04042
    426.79000    0.16737    0.03423    1.23557    0.03743
    430.61000    0.19639    0.08779    1.28071    0.03684
    435.12000    0.19975    0.09111    1.21905    0.03246
    437.89000    0.26215    0.02820    1.28904    0.02376
    443.19000    0.15004    0.05360    1.19606    0.07044
    447.08000    0.20387    0.05750    1.26693    0.05655
    450.49000    0.37379    0.04067    1.28528    0.04956
    452.53000    0.45369    0.05783    1.31617    0.05384
    454.68000    0.31542    0.06649    1.26465    0.05157
    457.73000    0.20441    0.05207    1.25820    0.03981
    462.06000    0.31477    0.03819    1.31657    0.04968
    463.86000    0.26109    0.03646    1.36838    0.06881
    465.36000    0.20778    0.04401    1.26970    0.06480
    468.76000    0.26094    0.03043    1.27095    0.03899
    470.82000    0.31304    0.03255    1.32651    0.04029
    472.23000    0.26286    0.06669    1.22452    0.06934
    476.06000    0.25638    0.05911    1.24162    0.05783
    479.43000    0.24568    0.05048    1.34149    0.07090
    483.35000    0.32108    0.04034    1.29670    0.04363
    730.97000    0.21315    0.06019    1.16783    0.03187
    733.58000    0.25791    0.05515    1.13288    0.01424
    737.17000    0.27249    0.06367    1.17813    0.04454
    738.76000    0.22630    0.05378    1.14499    0.05588
    743.51000    0.17717    0.07679    1.14558    0.03549
    747.46000    0.30390    0.04541    1.07911    0.06311
    751.49000    0.26806    0.04607    1.17335    0.07254
    755.67000    0.18682    0.05879    1.16958    0.06675
    760.00000    0.24121    0.06920    1.06118    0.05934
    763.82000    0.36713    0.04475    1.10809    0.04538
    765.90000    0.26643    0.06838    1.15585    0.03272
    768.44000    0.24798    0.04823    0.99375    0.05970
    771.87000    0.26166    0.02199    1.12243    0.06039
    775.72000    0.29292    0.02321    1.23802    0.04893
    780.73000    0.37676    0.07519    1.35031    0.05195
    784.02000    0.20576    0.07969    1.24066    0.05741
    786.24000    0.26844    0.04962    1.25125    0.05673
    789.37000    0.27822    0.05430    1.23561    0.03415
    792.27000    0.19700    0.04235    1.16505    0.05531
    795.65000    0.33717    0.05092    1.20850    0.04194
    799.88000    0.23560    0.02661    1.24769    0.05296
    802.43000    0.32524    0.07619    1.23418    0.01556
    802.64000    0.24581    0.05696    1.15023    0.08288
    804.61000    0.23770    0.08864    1.39963    0.07327
    808.14000    0.38832    0.05506    1.37175    0.06740
    810.54000    0.30381    0.06496    1.23259    0.05011
    813.03000    0.25223    0.03375    1.06114    0.07692
    817.22000    0.26014    0.03734    1.25913    0.02802
    821.12000    0.29356    0.03180    1.29280    0.04053
    823.90000    0.23759    0.05365    1.30439    0.04902
    827.58000    0.32930    0.04844    1.40186    0.06097
    831.26000    0.23512    0.06802    1.24830    0.03996
    834.13000    0.31809    0.03214    1.32634    0.03572
    836.45000    0.33295    0.05735    1.24487    0.04446
    840.34000    0.30840    0.05086    1.33132    0.05068
    843.96000    0.46901    0.07652    1.20618    0.02883
    845.96000    0.33505    0.06010    1.31572    0.05718
    849.14000    0.31182    0.03672    1.34326    0.05098
   1097.71000    0.29078    0.03317    1.32577    0.05645
   1101.77000    0.30351    0.06888    1.35094    0.04326
   1105.26000    0.28949    0.02219    1.33491    0.04159
   1107.17000    0.38281    0.06198    1.32878    0.05877
   1110.07000    0.40328    0.03890    1.34615    0.04755
   1112.11000    0.29415    0.03319    1.34667    0.06662
   1115.94000    0.31820    0.02821    1.16280    0.06482
   1117.02000    0.32278    0.06099    1.23562    0.05339
   1121.32000    0.30027    0.05959    1.26714    0.04902
   1125.59000    0.26666    0.05283    1.36019    0.04799
   1128.43000    0.30719    0.04793    1.25437    0.06986
   1133.42000    0.31618    0.07686    1.32764    0.02048
   1135.34000    0.25219    0.03972    1.34196    0.05835
   1138.15000    0.27212    0.04533    1.17058    0.05415
   1139.54000    0.37538    0.05956    1.31628    0.03313
   1143.42000    0.27956    0.05516    1.27179    0.06090
   1145.71000    0.46173    0.07648    1.23858    0.04099
   1149.57000    0.41765    0.07607    1.22398    0.06103
   1151.56000    0.29944    0.05502    1.21353    0.03713
   1153.72000    0.34056    0.06661    1.30049    0.06532
   1158.13000    0.33349    0.04905    1.27664    0.07231
   1161.36000    0.26345    0.05757    1.20673    0.03536
   1164.32000    0.41804    0.05219    1.24803    0.03901
   1166.55000    0.26772    0.03544    1.21623    0.03970
   1171.05000    0.34322    0.06597    1.36377    0.08054
   1172.23000    0.28240    0.06125    1.26376    0.04174
   1176.05000    0.24468    0.06427    1.19274    0.06019
   1180.27000    0.24434    0.08490    1.22034    0.04181
   1183.28000    0.24515    0.03855    1.20411    0.04184
   1186.45000    0.30590    0.06614    1.22537    0.05003
   1190.52000    0.29546    0.05932    1.17580    0.05346
   1194.50000    0.32699    0.06790    1.21507    0.02060
   1198.47000    0.32299    0.06483    1.08507    0.06119
   1199.88000    0.23247    0.07011    1.22151    0.07658
   1201.64000    0.33271    0.07736    1.20078    0.03687
   1203.32000    0.34201    0.05386    1.29103    0.06177
   1206.51000    0.27830    0.05212    1.16330    0.04586
   1210.21000    0.28688    0.03565    1.22818    0.00329
   1214.88000    0.27728    0.05717    1.11239    0.04785
   1463.25000    0.15688    0.07259    1.16977    0.05625
   1465.94000    0.33610    0.07333    1.19597    0.04042
   1469.53000    0.28459    0.06974    1.13286    0.04706
   1472.00000    0.38151    0.05099    1.08232    0.06132
   1475.62000    0.29669    0.04622    1.11806    0.06241
   1476.90000    0.28008    0.05156    1.05060    0.06559
   1478.29000    0.34258    0.03978    1.13763    0.07841
   1480.39000    0.24537    0.03892    1.10140    0.08406
   1483.98000    0.28939    0.05172    1.06150    0.04580
   1486.68000    0.28260    0.04388    1.09995    0.07158
   1488.90000    0.28547    0.02008    1.07644    0.03659
   1493.04000    0.22988    0.03124    1.24384    0.07847
   1495.29000    0.28853    0.05400    1.11607    0.03721
   1496.44000    0.26426    0.04350    1.04093    0.07101
   1499.81000    0.19869    0.06258    1.17683    0.04450
   1501.88000    0.22165    0.06677    1.07497    0.05657
   1505.43000    0.26639    0.01566    1.24829    0.06160
   1508.76000    0.26992    0.05576    1.18601    0.04954
   1511.33000    0.28691    0.02713    1.17530    0.05069
   1515.01000    0.30449    0.05194    1.23517    0.04004
   1518.71000    0.35680    0.05685    1.13759    0.04118
   1522.36000    0.28825    0.04432    1.12775    0.03450
   1524.86000    0.28955    0.06968    1.19290    0.07831
   1529.30000    0.33050    0.04222    1.25527    0.09469
   1532.53000    0.17847    0.05551    1.16360    0.01614
   1534.24000    0.26616    0.05282    1.22495    0.05180
   1538.24000    0.35247    0.04959    1.01844    0.05644
   1541.26000    0.22652    0.05380    1.07351    0.07109
   1543.76000    0.29085    0.05889    1.28653    0.10210
   1546.93000    0.29194    0.03866    1.23137    0.05861
   1548.48000    0.28987    0.04450    1.22987    0.07823
   1549.86000    0.33430    0.03242    1.24381    0.06013
   1552.85000    0.39891    0.05866    1.17805    0.05372
   1557.58000    0.19773    0.08057    1.11285    0.02960
   1560.05000    0.26372    0.04100    1.15045    0.07911
   1563.58000    0.46972    0.05829    1.10207    0.05215
   1566.39000    0.26432    0.04263    1.03914    0.03360
   1568.90000    0.29149    0.03059    1.05694    0.06359
   1571.38000    0.33673    0.03472    1.13159    0.04162
   1576.21000    0.19539    0.04023    1.09073    0.03690
   1578.87000    0.32335    0.05597    1.02383    0.08266
