## Time Delay Challenge light curves
##
## [time]=days, [lc]=[err]=flux in nanomaggies
##
##       time       lc_A      err_A       lc_B      err_B
##-------------------------------------------------------
      1.60000    7.75695    0.04725    4.03952    0.05816
      5.16000    8.10933    0.04875    4.27489    0.04910
      9.38000    8.51394    0.08244    4.48065    0.05518
     12.08000    8.46873    0.07123    4.26261    0.05444
     16.85000    8.57321    0.05298    4.20404    0.04607
     19.45000    8.68638    0.05465    4.05829    0.06958
     23.37000    9.37309    0.04778    4.09502    0.05412
     28.39000    9.71881    0.08372    4.45414    0.06286
     31.59000    9.21614    0.08100    4.38364    0.04335
     35.04000    9.08195    0.01635    4.66970    0.03919
     38.55000    9.05335    0.03746    4.68715    0.06351
     42.33000    9.21517    0.06560    4.68217    0.06452
     46.31000    8.96239    0.03604    4.93581    0.05607
     50.21000    9.13950    0.06468    5.08076    0.04802
     54.51000    9.54982    0.05582    5.12603    0.04527
     57.88000    9.93079    0.08707    4.91018    0.02467
     62.22000    9.75625    0.03736    4.65660    0.05669
     65.19000    9.71699    0.08437    4.58159    0.04810
     69.95000    9.71481    0.04306    4.66574    0.05129
     72.22000    9.62602    0.05233    4.70248    0.03384
     76.19000    9.61455    0.05420    4.78218    0.07045
     79.83000    9.01769    0.06434    4.81896    0.06088
     82.87000    9.28535    0.03585    4.99137    0.06153
     85.83000    9.35696    0.08749    4.99725    0.02950
     88.17000    9.59823    0.04437    4.87994    0.04683
     91.25000    9.91630    0.08950    4.75540    0.02738
     94.77000   10.13848    0.06706    4.72720    0.06206
     98.34000    9.95969    0.03347    4.86234    0.05323
     99.50000    9.83076    0.06010    4.97012    0.04681
    101.55000    9.89007    0.07803    4.91399    0.05170
    104.97000    9.78685    0.04401    4.42533    0.04850
    108.74000    9.80391    0.06397    4.60586    0.06464
    112.51000   10.62161    0.05887    4.71558    0.05694
    117.21000   10.81275    0.04401    4.95201    0.07451
    119.30000   10.56921    0.05748    4.78621    0.04308
    365.21000   14.59413    0.05167    4.62041    0.05927
    369.48000   14.41219    0.06518    4.78027    0.08109
    372.33000   15.36096    0.05330    4.66458    0.07515
    377.98000   15.98354    0.04385    4.82258    0.07272
    379.82000   15.74254    0.02404    4.89692    0.02950
    383.35000   15.86382    0.06868    5.12152    0.07401
    385.99000   16.26334    0.04170    5.18461    0.05246
    390.88000   15.53187    0.05445    5.30642    0.05674
    393.79000   15.47192    0.04019    5.19931    0.05401
    395.13000   15.50381    0.02952    5.30722    0.02109
    398.58000   15.43568    0.05358    5.51357    0.03486
    400.54000   15.51701    0.07245    5.57070    0.05503
    401.40000   15.08014    0.08023    5.41909    0.04934
    404.03000   14.81813    0.05209    5.72532    0.04788
    405.45000   14.91484    0.02257    5.59776    0.08526
    407.89000   14.54793    0.02808    5.87547    0.06823
    409.70000   15.11897    0.02305    5.67704    0.07075
    414.38000   16.97387    0.03323    5.70687    0.05255
    417.60000   17.53187    0.08376    5.55363    0.06311
    420.63000   18.31235    0.03246    5.55449    0.05159
    424.50000   19.13971    0.06179    5.41324    0.05457
    428.02000   18.73822    0.06225    5.37708    0.03954
    429.68000   19.93299    0.07146    5.29000    0.05204
    431.84000   20.79520    0.04935    5.22792    0.07545
    434.49000   20.78446    0.05171    5.31497    0.05155
    436.82000   21.67156    0.06057    5.48915    0.05609
    438.78000   21.94777    0.06109    5.70773    0.05407
    440.86000   22.19694    0.03332    5.87841    0.04740
    443.29000   22.77037    0.04045    6.09644    0.04951
    444.79000   22.96474    0.05589    6.42982    0.03244
    447.36000   23.33304    0.05458    6.49961    0.06043
    449.57000   22.63206    0.08126    6.72706    0.05967
    453.16000   22.39955    0.06171    6.54097    0.06919
    453.83000   22.04680    0.04995    6.52624    0.03781
    456.19000   22.31028    0.07745    7.21576    0.05180
    460.77000   21.80550    0.03669    7.31669    0.06405
    462.56000   21.77545    0.06362    7.36465    0.02096
    465.00000   21.23473    0.05621    7.60568    0.01558
    469.48000   20.05208    0.03994    7.91883    0.04045
    473.37000   21.54425    0.05791    8.07777    0.05190
    477.02000   22.31803    0.06525    7.73838    0.04735
    479.37000   21.82069    0.03226    7.49989    0.06444
    482.90000   22.44428    0.06419    7.60781    0.04103
    730.65000   21.07259    0.05627    7.94348    0.07440
    734.17000   20.11790    0.05095    7.93961    0.07269
    738.03000   20.36321    0.04251    8.32397    0.04850
    741.48000   19.73946    0.05665    7.77397    0.05303
    743.84000   20.05951    0.06387    7.75101    0.06231
    747.27000   19.17430    0.06758    7.78639    0.07265
    751.41000   19.97871    0.07855    7.39753    0.06194
    755.57000   20.48431    0.05026    7.25550    0.02884
    759.29000   20.61504    0.06797    6.90726    0.02662
    763.55000   20.36854    0.04887    6.85224    0.06657
    766.84000   19.43656    0.08342    6.89910    0.03636
    769.67000   18.99344    0.06443    6.90555    0.05208
    771.42000   18.51869    0.04567    6.82461    0.03722
    774.28000   18.66752    0.03719    6.88550    0.07119
    776.01000   18.89565    0.05860    6.84692    0.06404
    778.18000   19.51826    0.06279    6.90217    0.05148
    781.87000   19.96647    0.04314    7.04454    0.07337
    784.63000   20.67072    0.07218    7.17354    0.05056
    788.38000   22.11401    0.04406    7.16837    0.03325
    791.63000   21.69120    0.08882    6.73058    0.04557
    795.76000   21.14433    0.04407    6.45251    0.02310
    800.11000   20.13456    0.05453    6.50485    0.03861
    802.67000   19.65710    0.05903    6.69500    0.04807
    806.97000   19.38729    0.04488    7.13728    0.07676
    809.17000   19.25784    0.07164    7.30830    0.06149
    811.29000   18.54175    0.06024    7.64520    0.06919
    813.08000   19.36083    0.05715    7.70381    0.04208
    815.91000   19.74510    0.06173    7.66897    0.05851
    817.24000   19.86520    0.04431    7.66196    0.05238
    819.04000   19.93006    0.04068    7.40564    0.02702
    821.26000   19.51341    0.05738    7.55021    0.07212
    823.76000   18.62703    0.07755    7.36849    0.05281
    826.97000   18.51535    0.03278    6.97996    0.04445
    831.10000   17.83019    0.04835    6.93998    0.03230
    833.73000   17.93588    0.02871    6.96393    0.06569
    834.51000   18.29094    0.05808    6.88425    0.05508
    836.02000   18.46568    0.08037    6.67795    0.06276
    838.39000   19.26704    0.05426    6.90667    0.05768
    841.07000   19.45280    0.05216    7.07055    0.02934
    843.60000   18.67532    0.06744    6.99368    0.03425
    845.69000   18.26132    0.02646    6.95747    0.06526
    849.31000   17.69740    0.04630    6.61168    0.06176
   1095.15000   16.31439    0.03974    6.60473    0.05211
   1098.69000   15.76413    0.02556    6.52387    0.05673
   1101.97000   15.40399    0.03320    6.72436    0.01339
   1105.62000   15.54320    0.05181    6.80369    0.05431
   1110.08000   14.87244    0.06047    6.94221    0.05118
   1112.74000   14.55641    0.05078    6.90467    0.01129
   1115.91000   14.82028    0.08264    7.09751    0.07354
   1117.63000   14.22348    0.08265    7.04265    0.05016
   1121.96000   14.32232    0.05047    7.10328    0.06864
   1125.45000   14.16502    0.05941    7.00771    0.05645
   1128.51000   14.84984    0.04106    6.81958    0.05705
   1131.94000   14.74584    0.07116    6.75135    0.04857
   1133.96000   14.18614    0.03187    6.72787    0.06044
   1136.73000   14.36797    0.08068    6.56160    0.04760
   1138.88000   13.87758    0.01903    6.55187    0.05572
   1143.29000   14.74397    0.05944    6.40072    0.06556
   1145.02000   14.52147    0.04252    6.28476    0.02558
   1147.37000   14.82690    0.05213    6.37821    0.06999
   1150.15000   15.44636    0.07242    6.35524    0.06576
   1152.77000   15.04684    0.05905    6.58067    0.05128
   1155.06000   15.48922    0.05778    6.52702    0.02013
   1158.42000   15.51993    0.04385    6.61901    0.08001
   1161.54000   15.95376    0.07726    6.64613    0.06872
   1164.52000   15.26704    0.04570    6.25812    0.03581
   1168.83000   16.53171    0.05628    6.70048    0.05113
   1174.09000   15.97750    0.05621    6.69846    0.06891
   1178.39000   15.63813    0.04245    6.98845    0.05066
   1182.44000   15.94205    0.08090    7.09475    0.06070
   1185.87000   15.58589    0.04602    7.47234    0.05540
   1190.33000   14.72162    0.05089    7.12039    0.08472
   1191.88000   14.41573    0.06388    7.15495    0.05470
   1195.58000   14.43037    0.05965    7.46984    0.05237
   1199.24000   14.52225    0.08129    7.53399    0.06740
   1202.10000   14.38822    0.05640    7.49660    0.07741
   1203.45000   14.80635    0.07072    7.35805    0.03503
   1206.89000   14.41945    0.01063    7.57133    0.04205
   1210.07000   14.61099    0.06991    7.53344    0.04295
   1213.61000   14.28154    0.03032    7.13424    0.06784
   1214.53000   14.24758    0.04866    7.04803    0.07031
   1465.30000    9.77321    0.07056    5.47059    0.06889
   1467.21000    9.92783    0.06672    5.50379    0.06025
   1469.35000   10.19651    0.05106    5.33300    0.07637
   1472.12000   10.57836    0.04916    5.27616    0.04445
   1475.98000   10.40809    0.05600    5.16979    0.08997
   1479.03000   10.41397    0.03587    5.25485    0.04682
   1482.36000   10.17533    0.06026    5.49207    0.06369
   1485.19000   10.34342    0.03780    5.70585    0.02116
   1488.51000    9.85580    0.04744    5.91964    0.03303
   1491.41000   10.02529    0.05088    5.67050    0.05726
   1494.37000    9.62233    0.06536    6.00024    0.07048
   1498.18000    9.23115    0.07237    6.20330    0.03689
   1501.40000    9.23589    0.02007    6.19044    0.06410
   1505.36000    9.00816    0.05882    5.92922    0.04688
   1508.10000    8.53043    0.05365    5.97130    0.07119
   1510.56000    8.82804    0.06283    6.10800    0.04920
   1513.29000    8.66758    0.03746    5.78180    0.05159
   1516.64000    8.62613    0.04952    6.08788    0.05852
   1518.28000    8.88089    0.03797    5.83464    0.05017
   1521.92000    9.06506    0.04144    5.51651    0.07588
   1524.33000    9.28796    0.06119    5.67668    0.05794
   1526.22000    9.39095    0.07312    5.52969    0.04392
   1529.66000    9.61844    0.07359    5.36434    0.08117
   1533.28000    9.31695    0.02857    5.28518    0.07410
   1535.90000    9.67546    0.06704    5.32547    0.02994
   1537.81000    9.94450    0.06718    5.21164    0.05590
   1540.66000    9.70911    0.03983    5.49874    0.03344
   1543.11000    9.93466    0.08233    5.41858    0.06813
   1547.56000    9.59897    0.08685    5.55156    0.04635
   1549.95000    9.20516    0.06621    5.48041    0.05229
   1552.08000    9.36561    0.03602    5.72817    0.04437
   1555.36000    8.99655    0.03835    5.90182    0.06476
   1557.38000    8.86114    0.02349    5.89830    0.04721
   1560.30000    8.85596    0.05840    5.93766    0.08275
   1564.72000    8.36113    0.05044    5.95328    0.03724
   1567.95000    8.62578    0.02951    6.13191    0.05076
   1573.12000    8.78502    0.04043    5.79341    0.05597
   1576.37000    8.71215    0.04302    6.05826    0.07050
   1579.16000    8.97395    0.05232    5.78133    0.05648
