## Time Delay Challenge light curves
##
## [time]=days, [lc]=[err]=flux in nanomaggies
##
##       time       lc_A      err_A       lc_B      err_B
##-------------------------------------------------------
      4.22000    0.85834    0.05370    4.88072    0.03555
      6.46000    0.84587    0.02558    5.02606    0.05493
     10.03000    0.86413    0.06381    5.38062    0.03557
     13.17000    0.92472    0.07095    5.30562    0.08339
     17.12000    0.90046    0.08365    5.36920    0.06346
     19.77000    0.91407    0.06116    5.46327    0.03194
     23.88000    0.81476    0.07166    6.18804    0.02512
     25.90000    0.94594    0.04421    6.77621    0.02799
     28.86000    0.91853    0.04799    6.56357    0.05080
     32.37000    0.88651    0.03871    6.99716    0.03427
     36.54000    0.83685    0.06658    6.72201    0.04987
     40.19000    0.89797    0.06630    6.45690    0.05252
     43.98000    0.90214    0.04150    6.32249    0.04243
     46.94000    0.96358    0.03288    6.13400    0.05834
     48.35000    0.98624    0.04737    6.22849    0.02007
     52.03000    1.11995    0.08473    6.43222    0.06448
     54.43000    1.15618    0.02104    6.39323    0.07283
     58.63000    1.18357    0.07317    6.74765    0.06140
     63.16000    1.18231    0.03121    6.66081    0.05035
     67.22000    1.16221    0.01599    6.79064    0.09762
     71.03000    1.12504    0.01989    6.67930    0.04425
     73.21000    1.11356    0.04673    6.65816    0.05159
     77.07000    1.15419    0.06025    6.55610    0.05735
     80.10000    1.10628    0.07454    6.36695    0.08177
     83.96000    1.20474    0.03042    6.56124    0.02996
     87.37000    1.22804    0.07269    6.17288    0.04826
     91.88000    1.25444    0.05523    5.88223    0.06869
     94.46000    1.13112    0.05653    6.16291    0.03509
     97.17000    1.12635    0.06358    6.36341    0.05926
     99.63000    1.26180    0.04903    6.52356    0.05208
    101.93000    1.12697    0.05917    6.46677    0.04240
    104.39000    1.09402    0.05474    6.03221    0.04899
    107.79000    1.02033    0.05357    5.57692    0.07556
    111.12000    1.20342    0.07117    5.65346    0.05708
    116.08000    1.11476    0.07494    5.14831    0.05650
    116.87000    1.12643    0.05364    5.17689    0.06409
    118.43000    0.98498    0.02886    5.06522    0.04396
    365.41000    0.83030    0.04648    4.86739    0.04596
    368.45000    0.73282    0.02385    4.89258    0.04610
    373.18000    0.71624    0.04344    4.80926    0.02213
    375.03000    0.66312    0.05766    4.99155    0.05922
    378.69000    0.84996    0.04267    4.57301    0.04732
    382.09000    0.81307    0.07607    4.41099    0.05869
    386.38000    0.79729    0.05508    4.23263    0.05529
    390.70000    0.85361    0.03780    4.31434    0.06739
    393.80000    0.70523    0.03998    4.30642    0.05012
    398.01000    0.89596    0.03066    4.20259    0.05508
    400.69000    0.90518    0.05635    4.54568    0.05403
    403.54000    0.87677    0.07460    4.59777    0.05043
    406.36000    0.83525    0.07119    4.79897    0.04263
    410.17000    0.61733    0.04596    4.95411    0.06897
    413.51000    0.68300    0.06378    5.16716    0.04179
    415.16000    0.71440    0.05813    5.04656    0.05391
    416.30000    0.70274    0.07665    5.13266    0.04889
    419.78000    0.71659    0.04353    5.02501    0.07594
    422.75000    0.74570    0.03331    5.08406    0.04380
    426.94000    0.82105    0.04327    5.07158    0.05376
    431.34000    0.80369    0.03274    4.57986    0.02705
    433.44000    0.76330    0.05469    4.53604    0.04689
    434.00000    0.80574    0.05192    4.58632    0.03384
    437.59000    0.74984    0.06593    5.21514    0.05498
    440.38000    0.94416    0.07106    5.06661    0.05665
    444.57000    0.98056    0.05445    4.92407    0.05568
    447.65000    0.90836    0.06634    4.59082    0.04320
    449.93000    0.85699    0.05824    4.33608    0.05064
    451.18000    0.87552    0.04774    4.42916    0.06805
    453.94000    0.84695    0.04811    4.84121    0.05356
    457.05000    0.80840    0.05414    4.66622    0.05356
    459.52000    0.71930    0.04216    4.89987    0.07040
    460.14000    0.82969    0.03871    4.63739    0.06374
    462.04000    0.78818    0.06587    5.05114    0.01166
    465.05000    0.79054    0.05545    4.93583    0.06347
    468.20000    0.89741    0.04191    4.80575    0.01876
    469.75000    0.83402    0.05205    4.78462    0.02807
    472.43000    0.75081    0.06781    4.74928    0.06658
    477.13000    0.74623    0.04478    5.02956    0.01912
    480.35000    0.75945    0.04109    4.98686    0.05890
    484.22000    0.83646    0.07090    4.60138    0.05018
    731.77000    1.39938    0.03992    6.56353    0.02634
    734.16000    1.42893    0.05415    6.52735    0.02280
    737.73000    1.20785    0.06732    6.86090    0.04822
    739.93000    1.28960    0.03502    6.96728    0.02960
    742.38000    1.21970    0.05747    6.97920    0.03007
    745.58000    1.33098    0.06568    7.06049    0.07739
    750.80000    1.30962    0.06944    6.78102    0.09194
    753.64000    1.16574    0.03443    6.77100    0.09686
    755.00000    1.14707    0.05097    6.62712    0.02504
    759.30000    1.01333    0.08411    6.69505    0.03423
    762.22000    1.09603    0.05730    6.61180    0.04047
    765.39000    1.16886    0.05122    6.45446    0.04389
    768.09000    1.18251    0.07053    6.34497    0.01849
    770.79000    1.05839    0.06661    6.20107    0.05587
    772.80000    1.21880    0.04128    5.98105    0.05659
    776.57000    1.16185    0.05435    5.91175    0.06862
    779.54000    1.20083    0.03401    6.20061    0.06284
    780.67000    1.12596    0.06603    6.21835    0.07422
    782.85000    1.15566    0.02747    6.49728    0.04927
    787.56000    1.13046    0.05527    6.57889    0.04493
    791.91000    1.12892    0.03788    6.77061    0.03471
    796.48000    1.01262    0.04998    6.21089    0.05511
    798.86000    1.04565    0.06602    5.87490    0.04407
    804.86000    1.03131    0.04658    6.07160    0.03984
    806.58000    0.97121    0.05199    5.96211    0.07018
    809.82000    1.08717    0.05636    6.31046    0.04341
    811.55000    1.13304    0.05458    6.15710    0.06744
    814.76000    1.12667    0.05216    6.79599    0.06444
    818.42000    1.08951    0.03555    7.03940    0.06924
    822.02000    1.08935    0.07252    7.15214    0.04671
    824.53000    1.13415    0.05174    7.23415    0.05139
    827.96000    1.00667    0.04496    7.29395    0.05921
    831.40000    1.05847    0.05037    7.63388    0.04513
    833.61000    1.06893    0.07225    7.42877    0.08021
    837.58000    1.10377    0.06778    6.94288    0.03094
    840.80000    1.25501    0.06555    6.39737    0.06065
    842.91000    1.15311    0.03359    6.22409    0.05612
    845.62000    1.30636    0.08399    6.24231    0.04487
    848.77000    1.23327    0.04509    6.40925    0.05230
   1095.77000    1.09874    0.05166    7.09981    0.05442
   1099.27000    1.22251    0.06857    7.20319    0.04108
   1102.62000    1.29190    0.06716    7.62299    0.05222
   1105.01000    1.28493    0.08716    7.52097    0.06953
   1105.73000    1.25997    0.02600    8.01903    0.02551
   1109.70000    1.22356    0.04771    7.65743    0.06635
   1112.09000    1.08477    0.06579    7.54941    0.06983
   1113.92000    1.26177    0.05222    7.41021    0.03764
   1117.39000    1.24490    0.04830    7.59126    0.02670
   1121.13000    1.19664    0.07817    7.15943    0.07552
   1123.02000    1.19273    0.04229    6.96313    0.03294
   1125.42000    1.24417    0.05793    6.92387    0.08070
   1127.73000    1.31282    0.05160    6.47238    0.03412
   1130.44000    1.31631    0.03725    6.96212    0.06951
   1134.55000    1.36161    0.03952    7.44371    0.05173
   1138.93000    1.39008    0.07464    7.20174    0.05682
   1141.21000    1.24267    0.04966    7.05508    0.06372
   1144.17000    1.35924    0.04697    7.56318    0.06135
   1146.88000    1.28221    0.04282    7.02690    0.06453
   1150.69000    1.23958    0.06622    6.77878    0.06157
   1153.97000    1.17408    0.07361    6.62734    0.03207
   1158.72000    1.14946    0.06612    6.87801    0.07738
   1160.96000    1.21290    0.08839    6.59547    0.03797
   1164.75000    1.25320    0.07352    6.94070    0.04141
   1167.68000    1.17137    0.04815    6.70435    0.05075
   1170.85000    1.12156    0.04897    6.87913    0.06996
   1173.79000    1.12852    0.09078    6.71268    0.05149
   1175.89000    1.19950    0.04029    6.53597    0.05358
   1178.58000    0.98531    0.07213    6.59386    0.04183
   1181.54000    1.09684    0.06224    6.41969    0.05300
   1184.04000    1.15624    0.05369    6.62880    0.06004
   1186.68000    1.10344    0.06631    6.63260    0.04971
   1188.32000    1.21668    0.06304    6.21703    0.07642
   1191.97000    1.15036    0.05368    6.21182    0.04208
   1195.98000    1.09919    0.07324    5.83625    0.05276
   1198.42000    1.07174    0.05152    5.69331    0.04450
   1201.25000    1.18001    0.05158    5.67356    0.05006
   1205.22000    1.01614    0.04854    5.52650    0.08308
   1209.01000    1.06628    0.04182    5.53465    0.05296
   1213.11000    0.97717    0.06008    5.91112    0.04681
   1461.93000    0.70808    0.02960    4.42809    0.09462
   1465.34000    0.77162    0.01683    4.34282    0.05719
   1469.09000    0.75686    0.02517    4.09935    0.08018
   1471.30000    0.76697    0.07206    4.12773    0.04650
   1473.89000    0.71161    0.06150    4.46813    0.04421
   1475.42000    0.73967    0.06592    4.43396    0.03758
   1478.93000    0.73889    0.05992    4.82942    0.06033
   1481.74000    0.75211    0.04641    5.17351    0.05629
   1486.55000    0.69904    0.05441    4.68507    0.06418
   1490.61000    0.65227    0.04579    5.03157    0.04855
   1494.40000    0.59111    0.04569    4.94046    0.05209
   1497.73000    0.58314    0.07762    4.77277    0.04294
   1500.34000    0.64509    0.06195    4.73824    0.05784
   1503.23000    0.73866    0.06839    4.77630    0.07378
   1505.87000    0.63220    0.07865    5.00784    0.05038
   1510.82000    0.83716    0.09051    5.33721    0.06418
   1514.57000    0.63617    0.07695    5.58010    0.06541
   1519.57000    0.87334    0.06450    5.86862    0.04533
   1521.83000    0.96684    0.07721    6.47131    0.07096
   1524.48000    0.73221    0.02121    6.42799    0.03654
   1527.16000    0.75285    0.03085    6.66587    0.07035
   1528.37000    0.71927    0.04346    6.36453    0.04305
   1529.80000    0.62977    0.05945    6.31794    0.05214
   1532.47000    0.66619    0.04967    6.63583    0.06665
   1536.15000    0.89540    0.06416    6.63424    0.04413
   1540.72000    0.90442    0.04062    6.60132    0.06029
   1545.73000    0.98136    0.04213    5.97829    0.07070
   1549.65000    1.03379    0.05991    6.38824    0.05020
   1551.34000    1.05612    0.06521    6.34314    0.04748
   1553.05000    0.95287    0.03233    6.38138    0.02890
   1556.51000    1.04086    0.05841    6.70637    0.05224
   1559.96000    1.05568    0.05500    6.50895    0.06933
   1563.75000    1.06232    0.03792    7.05157    0.06334
   1565.81000    1.02760    0.06280    7.29775    0.05294
   1569.29000    1.05996    0.07242    7.68883    0.06395
   1570.67000    0.98199    0.06188    7.95375    0.03391
   1573.64000    0.91103    0.04004    7.28642    0.06395
   1575.11000    0.94223    0.02875    7.31820    0.02604
