## Time Delay Challenge light curves
##
## [time]=days, [lc]=[err]=flux in nanomaggies
##
##       time       lc_A      err_A       lc_B      err_B
##-------------------------------------------------------
      1.94000    0.42099    0.05782    4.69051    0.02780
      5.51000    0.53664    0.06444    4.66987    0.04869
      7.18000    0.58261    0.02348    4.59948    0.05116
     11.98000    0.52905    0.05206    4.08009    0.06804
     15.79000    0.55109    0.02894    3.79562    0.07195
     20.22000    0.60918    0.02850    3.66130    0.04296
     22.58000    0.55587    0.07380    3.75379    0.07714
     26.23000    0.62553    0.04235    3.77338    0.05253
     29.27000    0.48474    0.04595    3.67044    0.05595
     31.84000    0.59918    0.03555    3.69345    0.04248
     35.60000    0.57463    0.06746    3.72696    0.04382
     37.60000    0.45087    0.05580    3.47575    0.05654
     38.72000    0.52373    0.01270    3.42388    0.01283
     39.41000    0.50258    0.04724    3.37072    0.03409
     42.74000    0.44960    0.05741    3.44125    0.04095
     45.27000    0.49676    0.02883    3.79804    0.07785
     49.21000    0.40999    0.05261    3.94112    0.05590
     51.83000    0.43731    0.07739    4.16668    0.05016
     53.64000    0.47563    0.02647    4.11004    0.05163
     55.50000    0.46407    0.03886    4.04374    0.05284
     57.25000    0.48646    0.03391    4.09985    0.03684
     59.37000    0.49616    0.06876    3.94261    0.05314
     62.76000    0.45460    0.04968    3.93596    0.06861
     65.78000    0.43622    0.05334    3.85248    0.03055
     68.17000    0.46108    0.03962    3.71202    0.05706
     70.76000    0.43563    0.03934    3.57625    0.08823
     73.16000    0.42023    0.08571    3.74844    0.07422
     76.02000    0.57854    0.04160    3.70185    0.06060
     78.36000    0.41428    0.06876    3.70133    0.07323
     81.21000    0.52317    0.04526    3.78436    0.08729
     85.61000    0.67208    0.08338    3.82015    0.03976
     89.41000    0.48236    0.05109    4.09002    0.04506
     93.59000    0.51112    0.04854    4.06674    0.03912
     96.79000    0.48808    0.05259    4.25287    0.04094
    100.13000    0.49792    0.05167    4.32962    0.06369
    102.05000    0.38728    0.08330    4.16624    0.03878
    105.18000    0.50361    0.05306    3.98244    0.03624
    109.44000    0.51305    0.03264    3.93453    0.05949
    112.27000    0.48057    0.03939    3.81075    0.06217
    115.41000    0.49270    0.02018    3.95791    0.03841
    118.46000    0.45406    0.05966    4.00533    0.04994
    365.54000    0.54694    0.07277    3.43053    0.04743
    367.54000    0.40771    0.06465    3.46846    0.02872
    371.25000    0.47591    0.07095    3.71137    0.03808
    373.19000    0.48065    0.03244    3.69560    0.05835
    376.38000    0.39468    0.05495    3.70097    0.03213
    379.83000    0.50898    0.06317    3.16697    0.05478
    382.12000    0.56893    0.07722    3.40690    0.05276
    384.43000    0.46576    0.08010    3.33980    0.05989
    386.81000    0.38942    0.02994    3.32320    0.06084
    388.81000    0.43835    0.06894    3.28718    0.03105
    392.30000    0.45285    0.03851    3.26131    0.04921
    395.96000    0.38176    0.08612    3.40228    0.05028
    397.40000    0.44692    0.06257    3.31497    0.06579
    401.02000    0.49433    0.06596    3.69009    0.03897
    405.88000    0.45265    0.04578    3.48773    0.04796
    408.77000    0.45799    0.04701    3.40264    0.04800
    411.47000    0.48469    0.04185    3.36317    0.02536
    413.23000    0.39239    0.05106    3.22181    0.02510
    416.45000    0.52878    0.05602    3.24089    0.03618
    420.54000    0.38334    0.05608    3.10379    0.04096
    423.22000    0.36767    0.04044    3.37920    0.03708
    427.99000    0.40170    0.03604    3.31395    0.07655
    431.98000    0.25677    0.07140    3.33146    0.06950
    435.71000    0.40173    0.06261    3.20055    0.05841
    439.40000    0.49183    0.05978    3.23951    0.04598
    442.13000    0.32780    0.05039    3.05063    0.05902
    444.65000    0.43756    0.01724    2.94062    0.06096
    447.39000    0.31778    0.05520    2.89212    0.04223
    450.90000    0.38068    0.03451    2.99312    0.03332
    455.44000    0.41897    0.07095    2.97508    0.05813
    457.90000    0.50526    0.03665    2.74510    0.04685
    460.58000    0.44419    0.05146    2.79131    0.08232
    462.43000    0.42362    0.03118    2.61995    0.07848
    466.25000    0.47940    0.05572    2.83737    0.04249
    469.03000    0.37918    0.02871    2.85094    0.04471
    472.30000    0.47221    0.05094    2.92056    0.06269
    477.59000    0.34361    0.06969    3.07387    0.07042
    481.04000    0.29564    0.04786    2.84279    0.03247
    484.47000    0.32251    0.08193    2.84583    0.05626
    731.19000    0.29773    0.04815    2.27872    0.04611
    733.66000    0.33432    0.04403    2.37044    0.07046
    735.05000    0.26244    0.05565    2.52916    0.05998
    739.12000    0.29381    0.05487    2.49140    0.07480
    740.99000    0.30913    0.06376    2.60199    0.04680
    744.51000    0.25553    0.03058    2.70187    0.04508
    748.96000    0.14891    0.06685    2.62743    0.06522
    752.18000    0.24107    0.04854    2.77793    0.02761
    753.42000    0.46353    0.06469    2.74268    0.04820
    756.59000    0.32404    0.04305    2.59354    0.05951
    759.10000    0.37769    0.05145    2.61867    0.04836
    761.74000    0.32522    0.08691    2.67074    0.01882
    763.26000    0.32140    0.03982    2.55873    0.06157
    766.38000    0.34995    0.02556    2.53402    0.02928
    768.59000    0.30693    0.05260    2.63973    0.02811
    773.18000    0.41951    0.07973    2.48289    0.03872
    774.77000    0.38842    0.03392    2.39398    0.07017
    777.80000    0.29217    0.05262    2.58221    0.04389
    778.96000    0.46649    0.08391    2.57191    0.06050
    782.65000    0.40824    0.04155    2.58878    0.02905
    785.94000    0.31522    0.03924    2.57176    0.06058
    788.13000    0.33047    0.04855    2.76183    0.05582
    790.98000    0.32476    0.03590    2.95911    0.05601
    795.63000    0.36743    0.03100    2.78190    0.07483
    797.60000    0.36378    0.04429    2.72644    0.04131
    799.61000    0.15224    0.07366    2.68457    0.06656
    802.18000    0.36793    0.08807    2.94814    0.05927
    804.54000    0.22686    0.04516    2.88761    0.04902
    808.36000    0.33047    0.01737    2.71579    0.04776
    811.00000    0.37568    0.04644    2.90250    0.07632
    814.30000    0.24847    0.05116    2.87043    0.03081
    815.92000    0.32848    0.05241    2.89984    0.05985
    819.92000    0.30378    0.04057    2.80822    0.06234
    822.61000    0.39296    0.03037    2.74047    0.04408
    825.58000    0.37373    0.04595    2.71481    0.05326
    828.01000    0.32508    0.06411    2.77943    0.05534
    829.73000    0.30385    0.05347    2.80091    0.07698
    833.49000    0.38773    0.06467    2.92810    0.01939
    836.69000    0.34694    0.03057    2.95746    0.04474
    837.67000    0.32404    0.04502    2.83504    0.05782
    842.27000    0.42740    0.05921    3.03233    0.07213
    845.21000    0.24874    0.06898    2.91953    0.04387
    847.45000    0.30825    0.04063    2.70252    0.04822
    848.41000    0.34176    0.04171    2.71115    0.05305
   1096.50000    0.70129    0.05485    6.40813    0.04009
   1101.07000    0.77323    0.07034    6.28194    0.03030
   1103.40000    0.77354    0.03057    6.73903    0.06739
   1105.32000    0.83220    0.06430    6.60116    0.05583
   1107.54000    0.76129    0.04465    6.46710    0.04334
   1111.48000    0.76943    0.02562    6.39573    0.04171
   1112.50000    0.85402    0.05003    6.39535    0.09164
   1115.64000    0.75157    0.06034    6.52004    0.07074
   1118.48000    0.83275    0.06466    6.72924    0.06215
   1122.08000    0.78076    0.01218    6.79519    0.07925
   1127.52000    0.84093    0.06027    6.63778    0.03298
   1131.12000    0.88006    0.07428    6.26906    0.04166
   1131.90000    0.78484    0.04860    6.23927    0.03785
   1134.60000    0.82661    0.01821    6.57775    0.07305
   1137.86000    0.81354    0.04755    6.32456    0.07836
   1142.31000    0.83108    0.08194    6.06663    0.06292
   1144.72000    0.89356    0.06030    6.21000    0.05420
   1148.32000    0.82088    0.04068    6.62403    0.08700
   1149.83000    0.82697    0.05123    7.10263    0.06497
   1152.85000    0.88714    0.07208    7.33511    0.07947
   1157.17000    0.76607    0.06490    7.72657    0.02282
   1159.40000    0.79540    0.06274    7.52817    0.06594
   1162.48000    0.79284    0.03937    7.58842    0.03583
   1164.81000    0.88932    0.04639    7.38609    0.06123
   1167.57000    0.81836    0.04608    7.20512    0.04400
   1170.84000    0.74612    0.04641    7.50197    0.05696
   1173.92000    0.74148    0.04649    7.77584    0.03478
   1177.17000    0.84015    0.06386    8.14656    0.06768
   1182.48000    1.03375    0.05406    8.28477    0.06880
   1183.90000    1.00537    0.07412    8.08383    0.05922
   1185.23000    0.93997    0.04932    8.39783    0.07863
   1188.21000    0.94743    0.08634    8.57093    0.06175
   1191.88000    1.02288    0.05188    8.88782    0.04457
   1196.05000    0.88851    0.06376    9.27989    0.04006
   1199.69000    1.05267    0.06667    9.26733    0.03016
   1205.06000    0.92951    0.05696    9.64456    0.04936
   1205.41000    0.93762    0.07019    9.84654    0.02970
   1207.86000    1.09426    0.06660    9.40869    0.03522
   1210.86000    0.96989    0.06225    9.09494    0.03937
   1214.51000    1.04007    0.05700    9.35354    0.04500
   1462.58000    0.98066    0.05051    8.34024    0.05887
   1464.42000    0.80775    0.06897    8.07879    0.04535
   1467.16000    0.87677    0.03768    7.97953    0.03392
   1468.85000    0.90588    0.04808    8.05818    0.04424
   1470.56000    0.88584    0.07265    7.58392    0.04004
   1474.64000    0.88565    0.04015    7.15344    0.07995
   1477.34000    0.94928    0.05904    7.68544    0.06542
   1481.39000    0.90595    0.04471    7.44308    0.01388
   1483.16000    0.88495    0.04657    7.53548    0.08248
   1486.29000    1.00706    0.07678    7.60266    0.06155
   1490.51000    1.04045    0.02422    7.42754    0.03061
   1495.04000    0.99395    0.05061    7.36437    0.04478
   1497.77000    0.99877    0.05923    6.87885    0.04738
   1499.18000    0.96808    0.05228    6.94857    0.03726
   1500.85000    0.98375    0.08304    6.72689    0.04029
   1504.26000    0.83878    0.05454    6.97370    0.05115
   1506.92000    0.90010    0.04603    7.07364    0.05710
   1510.44000    0.86239    0.04351    7.31324    0.04150
   1513.65000    1.01989    0.05249    6.93479    0.06292
   1515.96000    0.91685    0.06200    6.88000    0.04981
   1519.55000    0.88271    0.05204    6.67819    0.05065
   1523.17000    0.84458    0.05663    6.95759    0.05965
   1525.58000    0.94023    0.04547    7.21691    0.05963
   1527.17000    0.95752    0.07285    7.34746    0.04465
   1529.79000    0.91352    0.05297    7.21636    0.07899
   1532.75000    0.84227    0.06559    6.50880    0.02340
   1536.46000    0.92125    0.04915    6.28666    0.05341
   1539.25000    0.95411    0.05178    6.23721    0.06309
   1544.92000    0.83519    0.03987    6.34407    0.05985
   1548.64000    0.71706    0.06021    6.10335    0.04293
   1551.49000    0.83200    0.05739    6.26014    0.07174
   1552.26000    0.84575    0.07418    6.32368    0.03895
   1556.48000    0.90909    0.03578    6.53771    0.03584
   1558.88000    0.82331    0.06400    6.23574    0.04851
   1561.65000    0.78988    0.05991    6.48231    0.03827
   1564.86000    0.82402    0.06869    6.39210    0.04919
   1569.22000    0.81015    0.05224    6.58694    0.04603
   1571.42000    0.81098    0.03831    6.88543    0.04469
   1572.28000    0.78605    0.03371    6.74964    0.05346
   1574.88000    0.65195    0.06885    6.45123    0.04862
   1578.97000    0.78664    0.05686    6.40267    0.06481
