## Time Delay Challenge light curves
##
## [time]=days, [lc]=[err]=flux in nanomaggies
##
##       time       lc_A      err_A       lc_B      err_B
##-------------------------------------------------------
      0.86000    1.10283    0.05377    2.62333    0.09039
      1.98000    0.99194    0.03121    2.63518    0.08068
      4.49000    0.98323    0.06289    2.61787    0.06785
      7.51000    1.14626    0.05733    2.61167    0.05314
     10.77000    1.01424    0.04352    2.66906    0.07240
     15.27000    0.91824    0.06224    2.58252    0.05224
     19.11000    1.05989    0.03426    2.58706    0.06750
     21.58000    1.02707    0.02989    2.53375    0.04431
     24.98000    0.91985    0.05717    2.65504    0.03710
     27.57000    1.08397    0.04383    2.66332    0.06753
     30.88000    1.09361    0.06779    2.65913    0.04723
     34.39000    1.02454    0.05389    2.68180    0.04190
     37.11000    0.99544    0.04422    2.74156    0.06476
     39.48000    1.00192    0.03525    2.67736    0.03945
     40.90000    1.01036    0.03628    2.73946    0.07210
     43.22000    0.94660    0.05805    2.64519    0.04466
     47.78000    1.19448    0.06703    2.74209    0.05618
     50.82000    1.04662    0.04763    2.79612    0.06839
     53.38000    0.98865    0.04932    2.81742    0.07332
     56.47000    0.98916    0.05103    2.59331    0.07113
     59.31000    0.98468    0.05133    2.54184    0.06962
     64.21000    1.02713    0.06703    2.74044    0.07028
     68.07000    1.05600    0.05094    2.55132    0.05561
     70.99000    0.88052    0.05784    2.72614    0.02405
     74.17000    0.99023    0.06797    2.72315    0.05504
     76.71000    1.12604    0.04422    2.69076    0.06133
     79.83000    1.00319    0.05704    2.67883    0.02895
     84.11000    1.11206    0.06646    2.83290    0.07093
     85.42000    1.01480    0.04112    2.66430    0.06958
     88.43000    1.03886    0.04035    2.69603    0.04462
     92.46000    1.08974    0.04330    2.75304    0.08405
     96.57000    0.92803    0.05601    2.74044    0.04596
     98.26000    1.02866    0.05563    2.75921    0.04851
    101.00000    1.01540    0.04739    2.75013    0.07689
    102.64000    0.98452    0.05343    2.75175    0.06284
    107.13000    0.91648    0.04639    2.73818    0.06024
    110.33000    0.97767    0.03879    2.70403    0.05691
    112.12000    0.98695    0.03111    2.65253    0.08024
    115.02000    1.00560    0.03238    2.74153    0.06692
    118.27000    0.97459    0.03662    2.68288    0.03836
    365.69000    1.01051    0.04914    2.74835    0.07167
    368.38000    0.93429    0.06115    2.62623    0.05638
    371.35000    0.93995    0.05231    2.55397    0.05074
    373.80000    1.07035    0.07273    2.60753    0.05697
    376.87000    0.97319    0.05349    2.55927    0.06080
    379.00000    0.96411    0.05006    2.55882    0.04431
    381.36000    1.03946    0.05527    2.59878    0.06558
    384.35000    0.96757    0.03427    2.49797    0.06487
    386.52000    0.95171    0.06183    2.65934    0.06976
    389.55000    1.04170    0.04880    2.64164    0.06416
    391.32000    0.99029    0.02745    2.56576    0.05729
    394.84000    1.02589    0.02279    2.58001    0.02951
    398.95000    0.87861    0.06828    2.39096    0.09631
    403.09000    1.05577    0.05929    2.54830    0.06026
    406.70000    0.96329    0.04764    2.55462    0.05644
    409.46000    0.94286    0.05812    2.63468    0.04896
    411.22000    0.94890    0.03924    2.45567    0.09089
    414.47000    0.97234    0.04539    2.58932    0.06063
    419.29000    1.07453    0.07817    2.57545    0.03274
    421.80000    0.96693    0.02853    2.60246    0.03424
    425.18000    1.00857    0.06858    2.68163    0.06083
    429.51000    1.11051    0.06547    2.60124    0.03549
    432.48000    0.91992    0.07517    2.68863    0.05269
    433.20000    0.98633    0.07191    2.63834    0.08164
    436.70000    1.01828    0.04767    2.65202    0.04184
    439.99000    0.98990    0.02835    2.49198    0.07574
    443.87000    1.08923    0.08933    2.58356    0.03111
    448.56000    0.89048    0.05474    2.60960    0.05257
    452.69000    0.92828    0.05149    2.70562    0.03818
    456.44000    0.97919    0.05178    2.70256    0.05583
    459.24000    0.93921    0.02962    2.72766    0.00872
    462.95000    1.00209    0.07070    2.73440    0.03729
    465.02000    1.12853    0.04836    2.78981    0.04602
    467.06000    0.95965    0.03389    2.57047    0.06351
    471.54000    1.03864    0.04905    2.69894    0.05555
    475.08000    1.00073    0.06025    2.76966    0.05162
    478.16000    0.97571    0.02845    2.66475    0.05958
    482.80000    0.89810    0.07395    2.70449    0.04405
    730.59000    1.04816    0.03494    2.64614    0.06671
    733.51000    0.98005    0.07468    2.58616    0.05782
    735.67000    0.98764    0.03573    2.52081    0.08459
    739.35000    1.05386    0.04694    2.39969    0.05193
    741.84000    1.03423    0.05240    2.52037    0.05883
    745.52000    0.93996    0.06066    2.51194    0.07554
    748.36000    0.99144    0.04635    2.55932    0.03197
    752.57000    1.04292    0.03005    2.50568    0.05266
    755.69000    1.00193    0.08109    2.52359    0.02413
    758.81000    0.97066    0.04194    2.57873    0.04029
    760.93000    1.01765    0.09890    2.53720    0.05795
    763.69000    0.98089    0.04225    2.49387    0.06478
    767.09000    0.97477    0.08345    2.60118    0.04755
    770.33000    1.05049    0.06371    2.38777    0.06493
    773.83000    1.02761    0.04159    2.50007    0.06549
    775.50000    1.01171    0.06478    2.53760    0.05336
    779.36000    1.11349    0.04556    2.44175    0.06318
    782.33000    0.99361    0.02926    2.50778    0.03855
    783.94000    1.06483    0.03161    2.51157    0.05039
    787.05000    1.02891    0.04912    2.42435    0.07024
    789.38000    0.97991    0.04012    2.48735    0.05392
    793.52000    1.00276    0.00458    2.46261    0.03505
    796.84000    0.95568    0.07155    2.43882    0.03524
    799.70000    1.05266    0.05895    2.42316    0.03420
    805.30000    0.98386    0.05540    2.41994    0.01949
    808.62000    0.98247    0.03567    2.50244    0.08177
    810.75000    0.94162    0.07226    2.43535    0.05298
    814.81000    1.14132    0.08185    2.40806    0.07202
    819.84000    0.98138    0.04936    2.52423    0.05704
    822.29000    1.01751    0.03297    2.56060    0.01325
    823.83000    1.05513    0.03873    2.54854    0.03056
    828.80000    1.10757    0.04299    2.54257    0.06563
    831.05000    1.04310    0.04671    2.56919    0.06512
    835.00000    0.96307    0.04431    2.47370    0.05236
    837.93000    0.96028    0.04824    2.44059    0.07276
    840.21000    1.04298    0.04197    2.48476    0.04925
    843.80000    1.11906    0.04901    2.52876    0.05175
    846.27000    0.98000    0.05048    2.45910    0.05967
    849.26000    0.94365    0.07591    2.44324    0.05294
   1097.97000    0.89137    0.07491    2.52076    0.04787
   1100.02000    0.91841    0.02996    2.52632    0.08620
   1103.00000    0.96454    0.07088    2.59133    0.03839
   1106.23000    0.94062    0.03673    2.64575    0.06930
   1108.85000    0.86584    0.06008    2.37575    0.05755
   1113.27000    0.89245    0.05979    2.46606    0.04368
   1116.57000    1.04595    0.05531    2.51548    0.03989
   1119.30000    0.88221    0.02438    2.40360    0.06126
   1123.01000    0.90953    0.05807    2.64531    0.04714
   1126.30000    0.89190    0.06183    2.56721    0.06071
   1130.34000    0.94343    0.06812    2.65149    0.03543
   1134.60000    0.92211    0.02464    2.61283    0.01900
   1138.42000    0.83666    0.06578    2.61988    0.05449
   1140.99000    0.92473    0.03294    2.70500    0.05411
   1145.24000    1.00506    0.04823    2.64749    0.06338
   1148.92000    0.98643    0.03596    2.61225    0.09259
   1151.41000    0.91374    0.04889    2.52129    0.06062
   1152.96000    0.99582    0.05376    2.60003    0.02985
   1156.18000    1.05891    0.05528    2.69888    0.05947
   1159.84000    0.87527    0.04677    2.62470    0.07899
   1163.48000    0.99216    0.06714    2.79451    0.06573
   1166.73000    0.90686    0.02466    2.66473    0.07518
   1170.71000    0.94369    0.03128    2.63835    0.03361
   1174.90000    0.90646    0.09694    2.49484    0.05311
   1176.57000    1.06004    0.05678    2.68480    0.06316
   1178.41000    0.87012    0.08122    2.63458    0.05720
   1181.99000    1.00981    0.04441    2.72317    0.05349
   1185.43000    0.92421    0.06974    2.64337    0.04987
   1188.24000    0.94122    0.06388    2.58606    0.02485
   1190.69000    0.97856    0.06534    2.67980    0.04365
   1192.53000    0.85860    0.05390    2.57688    0.06066
   1196.40000    1.02116    0.06407    2.69501    0.04631
   1198.14000    1.04157    0.06003    2.65384    0.02073
   1201.04000    1.07213    0.08959    2.69821    0.08660
   1203.77000    0.91791    0.07462    2.77261    0.07559
   1207.14000    1.00466    0.05635    2.73380    0.06064
   1209.59000    0.90640    0.09507    2.74546    0.04727
   1213.33000    1.03153    0.06139    2.70464    0.05650
   1461.32000    1.01034    0.06919    2.85964    0.06325
   1466.63000    1.05288    0.05779    2.80874    0.07576
   1469.44000    1.01378    0.05091    2.87062    0.04334
   1472.40000    1.04036    0.05487    2.89743    0.07155
   1475.85000    1.00929    0.05223    2.78312    0.06740
   1478.30000    1.02737    0.05546    2.78920    0.02664
   1481.94000    0.94108    0.05479    2.76307    0.06247
   1486.81000    1.14541    0.06228    2.81297    0.04512
   1489.71000    0.96317    0.04973    2.84256    0.03881
   1491.75000    0.94832    0.07489    2.85832    0.06068
   1496.88000    1.07067    0.07473    2.94895    0.05393
   1500.03000    1.01355    0.05327    2.88384    0.03865
   1501.46000    0.97187    0.04704    2.83427    0.07506
   1503.72000    0.92071    0.06230    2.88153    0.04909
   1506.13000    1.01143    0.04064    2.75586    0.06807
   1510.04000    0.97255    0.04549    2.89701    0.05155
   1512.67000    1.02285    0.05809    2.88935    0.07954
   1516.60000    1.03636    0.03954    2.86469    0.04921
   1520.92000    1.03149    0.06848    2.84922    0.05319
   1522.59000    1.03969    0.08880    2.89642    0.05913
   1526.80000    1.01708    0.06391    2.81753    0.05914
   1528.43000    1.03857    0.04462    2.91334    0.07603
   1533.10000    0.95843    0.06919    2.79924    0.06626
   1534.69000    1.06406    0.04518    2.97115    0.04704
   1537.79000    1.02847    0.04969    2.83610    0.03371
   1539.83000    1.07636    0.02906    2.87042    0.04451
   1542.52000    1.08409    0.05484    2.79702    0.07108
   1545.35000    1.10308    0.04821    2.78007    0.03889
   1549.58000    1.10880    0.06021    2.86581    0.06580
   1552.09000    1.14796    0.05729    2.85392    0.06394
   1554.13000    0.89325    0.07175    2.76414    0.07306
   1557.44000    1.12321    0.04829    2.81270    0.05625
   1559.19000    1.04733    0.05369    2.79251    0.06042
   1563.03000    1.03103    0.02311    2.89334    0.05355
   1564.26000    1.03186    0.06237    2.89727    0.06964
   1567.43000    1.08617    0.05021    2.85886    0.05855
   1569.69000    1.02555    0.07076    2.81283    0.04349
   1572.47000    1.05625    0.03956    2.76263    0.04467
   1576.02000    0.98844    0.08390    2.83841    0.04500
   1579.09000    1.08175    0.04749    2.95743    0.04731
