## Time Delay Challenge light curves
##
## [time]=days, [lc]=[err]=flux in nanomaggies
##
##       time       lc_A      err_A       lc_B      err_B
##-------------------------------------------------------
      3.36000    0.52405    0.02078    1.76605    0.05089
      6.74000    0.51811    0.07251    1.73622    0.04371
     11.65000    0.50968    0.04734    1.67557    0.05652
     13.02000    0.54420    0.03727    1.68037    0.03715
     15.62000    0.50124    0.04862    1.65643    0.03320
     19.26000    0.52530    0.06464    1.71579    0.07506
     23.75000    0.40928    0.06895    1.76515    0.04669
     27.16000    0.50404    0.08555    1.68906    0.02911
     29.37000    0.53734    0.03193    1.70539    0.05543
     32.39000    0.41063    0.04640    1.65906    0.07790
     36.61000    0.51981    0.01819    1.69728    0.03847
     40.01000    0.63479    0.06479    1.66860    0.08221
     41.32000    0.43929    0.07922    1.74956    0.05728
     44.17000    0.56333    0.06423    1.66967    0.03886
     47.25000    0.49837    0.07374    1.68890    0.04481
     49.20000    0.56736    0.05361    1.66985    0.02670
     53.05000    0.48307    0.06608    1.63670    0.04958
     56.52000    0.55036    0.03565    1.73118    0.04906
     59.12000    0.53749    0.05003    1.83594    0.06553
     60.54000    0.53905    0.06151    1.65012    0.02423
     62.08000    0.56120    0.04065    1.73694    0.07249
     65.73000    0.59470    0.02977    1.71030    0.06690
     70.01000    0.54901    0.06329    1.79627    0.06440
     70.35000    0.68187    0.05885    1.62068    0.02921
     73.83000    0.43267    0.06259    1.67267    0.03464
     76.27000    0.55553    0.05660    1.64427    0.07355
     79.72000    0.47073    0.07539    1.75874    0.06909
     83.27000    0.53563    0.06688    1.66669    0.04627
     86.56000    0.55903    0.06306    1.69873    0.02383
     89.22000    0.52073    0.05733    1.68929    0.03672
     91.31000    0.47603    0.08092    1.70573    0.07488
     93.57000    0.48664    0.04422    1.76842    0.07140
     96.12000    0.51383    0.04992    1.67749    0.06488
     98.55000    0.51378    0.04749    1.69715    0.03876
    102.34000    0.52137    0.03597    1.73543    0.04258
    105.10000    0.52794    0.05182    1.71580    0.05868
    108.23000    0.58423    0.05187    1.72268    0.04707
    111.90000    0.53468    0.03322    1.76181    0.03200
    114.56000    0.49275    0.05202    1.77724    0.07402
    117.14000    0.52393    0.04617    1.61797    0.05164
    119.80000    0.57639    0.04818    1.64094    0.05513
    367.95000    0.51145    0.03496    1.70960    0.02072
    372.44000    0.62732    0.06612    1.64066    0.05096
    375.74000    0.57461    0.01417    1.71402    0.05159
    379.11000    0.52255    0.04791    1.75842    0.04300
    380.30000    0.60945    0.06897    1.65927    0.04569
    385.05000    0.58331    0.05910    1.71554    0.06458
    389.39000    0.57226    0.06296    1.63714    0.05732
    391.93000    0.50009    0.08343    1.69920    0.05270
    393.56000    0.60233    0.05340    1.76924    0.08798
    395.91000    0.57849    0.07243    1.70864    0.05609
    399.16000    0.55342    0.02594    1.69546    0.05422
    402.61000    0.55117    0.03424    1.74878    0.03986
    405.17000    0.59645    0.05180    1.75001    0.05146
    408.84000    0.52940    0.04892    1.58315    0.06610
    412.46000    0.68107    0.07849    1.78786    0.05229
    417.08000    0.49435    0.07949    1.68952    0.04729
    419.65000    0.56550    0.05673    1.67028    0.04054
    421.65000    0.54569    0.04244    1.84293    0.06895
    423.36000    0.55429    0.06729    1.74861    0.04760
    425.94000    0.55637    0.03447    1.72577    0.02584
    429.17000    0.53560    0.06755    1.74823    0.04269
    431.98000    0.54141    0.04119    1.67803    0.07637
    434.76000    0.52002    0.05542    1.77688    0.04612
    438.51000    0.42527    0.06166    1.70061    0.07088
    442.85000    0.47884    0.05193    1.73267    0.03348
    446.66000    0.62632    0.07390    1.72766    0.07376
    449.44000    0.49418    0.06726    1.54931    0.08452
    454.35000    0.42814    0.07427    1.65598    0.03429
    458.06000    0.52012    0.05155    1.63016    0.05531
    460.74000    0.61711    0.06959    1.65132    0.06853
    462.24000    0.58431    0.04137    1.68182    0.06682
    463.80000    0.50627    0.06196    1.68444    0.02553
    465.92000    0.41810    0.07921    1.67904    0.02181
    469.59000    0.54131    0.02013    1.60585    0.06328
    473.01000    0.52177    0.04370    1.59076    0.09562
    475.94000    0.42912    0.06379    1.67440    0.05962
    479.34000    0.61626    0.04211    1.46879    0.05682
    483.26000    0.44681    0.04849    1.66860    0.04225
    731.70000    0.51775    0.05658    1.44495    0.06840
    734.94000    0.52788    0.02894    1.62908    0.06063
    738.04000    0.47942    0.03960    1.56148    0.08513
    740.22000    0.50101    0.04094    1.54579    0.04782
    743.34000    0.48490    0.04759    1.56865    0.03036
    745.52000    0.57175    0.06698    1.52563    0.06599
    750.08000    0.40729    0.03870    1.61952    0.07384
    752.33000    0.48115    0.04700    1.69128    0.04259
    755.39000    0.46678    0.02561    1.64786    0.07826
    760.10000    0.47844    0.06498    1.56844    0.04858
    764.03000    0.46889    0.06421    1.61852    0.03633
    766.52000    0.49536    0.04306    1.58360    0.06571
    770.11000    0.36864    0.05948    1.65583    0.06095
    773.41000    0.47234    0.04989    1.64033    0.05386
    776.36000    0.48623    0.04190    1.70950    0.07720
    777.13000    0.46857    0.01504    1.57535    0.04357
    778.20000    0.53295    0.05614    1.61741    0.04074
    782.61000    0.50138    0.05364    1.63451    0.04750
    784.14000    0.57921    0.04755    1.64983    0.04313
    785.19000    0.58466    0.07930    1.71011    0.07476
    788.69000    0.50792    0.06516    1.71754    0.05732
    792.63000    0.46925    0.04933    1.66987    0.02840
    796.05000    0.41923    0.05341    1.63096    0.07284
    799.10000    0.47721    0.01308    1.64356    0.05628
    802.58000    0.56877    0.07073    1.65673    0.07179
    805.40000    0.48807    0.03528    1.55942    0.03743
    807.71000    0.46694    0.06677    1.52110    0.04683
    811.82000    0.48991    0.02774    1.57585    0.07315
    814.73000    0.61871    0.05814    1.54793    0.03401
    816.66000    0.29933    0.08407    1.60911    0.07211
    821.31000    0.46571    0.06556    1.48945    0.07783
    824.63000    0.46132    0.04018    1.51404    0.07577
    827.46000    0.44496    0.05748    1.49757    0.05441
    830.67000    0.47321    0.05959    1.46071    0.05331
    832.84000    0.54540    0.06701    1.58327    0.04831
    835.67000    0.46180    0.06021    1.55679    0.10586
    839.53000    0.45850    0.04324    1.56554    0.00491
    842.43000    0.57916    0.05601    1.58022    0.04115
    846.07000    0.46419    0.03056    1.57215    0.04180
    849.69000    0.61833    0.05686    1.56846    0.06251
   1098.07000    0.60718    0.03317    1.81570    0.08146
   1100.81000    0.60065    0.05738    1.91035    0.03701
   1104.94000    0.65370    0.07015    1.88526    0.02388
   1108.26000    0.52251    0.06793    2.05154    0.07890
   1111.08000    0.62216    0.04761    2.04281    0.05986
   1115.81000    0.55617    0.01876    1.93199    0.04794
   1120.04000    0.59963    0.07080    2.08770    0.05625
   1122.30000    0.61161    0.04818    1.93419    0.03070
   1125.78000    0.66531    0.07859    1.88032    0.04668
   1127.75000    0.52886    0.04161    1.90727    0.04504
   1131.09000    0.63852    0.05751    1.90207    0.04883
   1135.18000    0.64651    0.08558    1.79838    0.06138
   1138.23000    0.64622    0.04080    1.84727    0.04448
   1141.69000    0.62279    0.03303    1.93744    0.06800
   1146.41000    0.56021    0.04884    1.82002    0.04607
   1147.96000    0.51860    0.06713    1.83413    0.06090
   1149.85000    0.70692    0.06225    1.84093    0.05178
   1153.16000    0.58368    0.06450    1.83143    0.05240
   1154.50000    0.58054    0.06929    1.74403    0.04914
   1156.58000    0.65076    0.07326    1.79508    0.06773
   1159.98000    0.51623    0.04810    1.83554    0.07053
   1162.90000    0.57911    0.01866    1.79823    0.07161
   1166.70000    0.55924    0.06012    1.72351    0.06779
   1170.32000    0.57238    0.00768    1.69937    0.03272
   1173.05000    0.48550    0.06327    1.73666    0.04214
   1176.15000    0.62842    0.02116    1.74283    0.05027
   1179.69000    0.60077    0.05826    1.71776    0.05471
   1182.72000    0.54588    0.05303    1.78643    0.04990
   1185.45000    0.62705    0.02218    1.79064    0.04685
   1188.23000    0.67260    0.05563    1.80968    0.04446
   1191.13000    0.63474    0.05082    1.81589    0.05872
   1194.30000    0.54957    0.04146    1.76667    0.03576
   1197.82000    0.55105    0.04972    1.70422    0.05243
   1201.64000    0.58281    0.06832    1.81122    0.05485
   1206.53000    0.61884    0.03645    1.73455    0.03984
   1209.54000    0.60013    0.07099    1.78326    0.05875
   1213.07000    0.49104    0.05457    1.73593    0.06614
   1461.13000    0.55137    0.05223    1.61494    0.05743
   1463.48000    0.47879    0.05679    1.63666    0.05311
   1467.13000    0.55584    0.06646    1.64294    0.05125
   1470.67000    0.54536    0.07079    1.63402    0.02643
   1474.15000    0.39855    0.06366    1.61707    0.04292
   1476.79000    0.55524    0.06595    1.50286    0.06271
   1480.34000    0.53585    0.05925    1.65630    0.05045
   1482.72000    0.60762    0.06792    1.65975    0.03044
   1485.13000    0.53324    0.04923    1.56450    0.06488
   1486.70000    0.49548    0.06203    1.58386    0.04654
   1490.27000    0.55299    0.05027    1.50916    0.03900
   1492.15000    0.52090    0.03497    1.58968    0.03157
   1495.15000    0.36047    0.06656    1.57635    0.04616
   1497.52000    0.47953    0.05114    1.58549    0.03395
   1499.91000    0.49919    0.03770    1.57169    0.06494
   1502.63000    0.57111    0.05769    1.50012    0.06342
   1504.47000    0.58504    0.04258    1.48544    0.03494
   1507.03000    0.54053    0.03878    1.50982    0.03986
   1510.95000    0.53838    0.08266    1.54530    0.05028
   1515.05000    0.49653    0.08776    1.48232    0.05357
   1518.40000    0.58239    0.06548    1.53474    0.06359
   1522.48000    0.63580    0.05496    1.51592    0.04234
   1527.43000    0.60214    0.04795    1.48587    0.06641
   1529.97000    0.46983    0.05463    1.55452    0.05183
   1530.88000    0.59125    0.04206    1.51200    0.07211
   1534.84000    0.49842    0.02736    1.52883    0.04657
   1536.78000    0.57336    0.04844    1.46185    0.03050
   1539.62000    0.47767    0.03198    1.36447    0.06321
   1543.49000    0.54893    0.08165    1.39273    0.03709
   1545.05000    0.51266    0.06211    1.45803    0.06930
   1545.97000    0.55854    0.05419    1.48184    0.05274
   1550.35000    0.45193    0.07314    1.47928    0.04465
   1554.13000    0.51173    0.03245    1.43960    0.06245
   1557.17000    0.48447    0.03634    1.46838    0.05995
   1559.23000    0.42259    0.05021    1.48326    0.03623
   1560.45000    0.49025    0.04856    1.48748    0.02636
   1563.27000    0.56292    0.08325    1.46693    0.06634
   1564.36000    0.65004    0.06046    1.51520    0.06404
   1566.40000    0.54449    0.06036    1.43677    0.04676
   1570.28000    0.51458    0.07519    1.46903    0.06256
   1574.58000    0.50493    0.06205    1.63666    0.06867
   1576.53000    0.44898    0.06751    1.51258    0.04138
   1578.81000    0.47190    0.06678    1.54465    0.01100
