## Time Delay Challenge light curves
##
## [time]=days, [lc]=[err]=flux in nanomaggies
##
##       time       lc_A      err_A       lc_B      err_B
##-------------------------------------------------------
      1.43000   10.99530    0.07234    0.64117    0.05071
      2.29000   11.13014    0.05323    0.56051    0.05467
      5.54000   11.34253    0.00863    0.53907    0.05392
      7.58000   11.33203    0.05851    0.53672    0.07059
     12.23000   11.09435    0.05594    0.53924    0.04457
     16.28000   10.68581    0.07499    0.63748    0.06277
     21.28000   11.52876    0.05391    0.58059    0.05050
     23.78000   11.69697    0.04909    0.52696    0.04591
     26.93000   12.04248    0.08072    0.44534    0.06855
     30.65000   11.14710    0.05855    0.49427    0.02724
     33.29000   10.60269    0.05047    0.53139    0.03246
     34.69000   10.63767    0.06729    0.55702    0.06365
     36.11000   10.48573    0.03146    0.55026    0.05588
     39.45000   10.37486    0.06667    0.52898    0.03956
     41.91000   10.32541    0.04884    0.71094    0.05930
     43.52000   10.02888    0.04483    0.60238    0.03299
     47.55000   10.01382    0.03225    0.60369    0.06220
     49.78000   10.06443    0.05885    0.54227    0.04558
     52.52000   10.51000    0.01026    0.60996    0.06359
     55.59000   10.43152    0.04776    0.54911    0.02772
     59.12000   10.69650    0.07517    0.58342    0.04196
     63.06000   10.60169    0.03805    0.57044    0.03894
     66.24000   11.14290    0.06265    0.59351    0.05262
     68.84000   11.72947    0.04390    0.53732    0.06702
     70.96000   11.38190    0.04657    0.52423    0.04981
     73.90000   11.78607    0.05092    0.64094    0.07659
     76.89000   11.76102    0.04267    0.66996    0.05858
     81.09000   11.50245    0.05381    0.62620    0.05482
     83.28000   11.64539    0.06259    0.78103    0.05726
     86.15000   11.28364    0.03934    0.56564    0.05804
     89.12000   10.93500    0.05794    0.60118    0.05538
     91.72000   10.82815    0.05442    0.59892    0.07544
     93.79000   10.84729    0.04486    0.69806    0.05985
     98.45000   10.51715    0.04900    0.64963    0.03457
    101.75000   10.94538    0.05509    0.59502    0.04986
    104.97000   10.88599    0.05608    0.52871    0.04137
    106.83000   11.00412    0.06945    0.52509    0.04846
    111.17000   11.02168    0.04810    0.54340    0.08520
    115.75000   10.57506    0.05614    0.52127    0.02858
    368.89000   11.05902    0.04903    0.60680    0.03776
    372.05000   10.93341    0.05699    0.54108    0.04321
    375.11000   10.94959    0.03638    0.54772    0.06663
    376.74000   11.20668    0.06933    0.57100    0.06769
    382.10000   10.44756    0.06824    0.58258    0.05479
    386.55000   10.54990    0.06807    0.62577    0.07079
    388.26000   10.50486    0.04972    0.60980    0.05771
    390.97000   10.62866    0.06026    0.66048    0.05836
    396.52000   10.36577    0.04117    0.47024    0.04966
    399.15000   10.25095    0.07430    0.53342    0.05801
    401.47000    9.82588    0.04170    0.49745    0.04904
    404.29000   10.30032    0.06494    0.56889    0.06300
    409.55000   10.15368    0.03072    0.57352    0.07545
    412.21000    9.90335    0.06647    0.53275    0.01757
    415.09000    9.51973    0.03636    0.61811    0.05469
    417.93000    9.39522    0.05329    0.48847    0.06643
    422.01000    9.26867    0.05920    0.63264    0.03417
    425.51000    9.56532    0.04891    0.56439    0.04159
    430.25000    9.64893    0.05145    0.69162    0.06951
    434.30000    9.10122    0.04397    0.64654    0.06164
    437.70000    9.51222    0.04019    0.63347    0.05738
    440.59000    9.96001    0.07329    0.63569    0.03309
    442.30000    9.90642    0.07222    0.52243    0.06793
    444.93000   10.47041    0.04277    0.52568    0.05588
    448.47000   10.12161    0.03887    0.47803    0.05678
    449.71000   10.11494    0.04105    0.65393    0.05237
    453.46000   10.17412    0.06242    0.52566    0.07546
    455.85000    9.97079    0.05372    0.53225    0.04569
    461.21000    9.57079    0.03930    0.61265    0.08382
    463.22000    9.63823    0.06894    0.55659    0.03253
    465.50000    9.54961    0.04177    0.53826    0.04618
    469.29000    9.56690    0.05136    0.53959    0.04147
    471.50000    9.46542    0.06842    0.55899    0.05717
    474.45000    9.22530    0.05456    0.61400    0.05705
    477.47000    9.09019    0.03507    0.46074    0.03969
    478.75000    9.50672    0.05557    0.47783    0.06043
    482.70000    9.76284    0.07405    0.53469    0.06581
    731.30000    9.30147    0.04254    0.58469    0.02413
    735.12000    8.74047    0.05230    0.47015    0.06269
    738.70000    8.85306    0.04782    0.43902    0.04703
    741.12000    9.33919    0.06400    0.56300    0.02563
    745.09000    8.94459    0.03956    0.53033    0.06378
    747.45000    9.12698    0.04373    0.65026    0.04179
    751.19000    9.41386    0.08443    0.59547    0.06306
    755.01000    9.24956    0.07019    0.44117    0.04854
    758.75000    9.23026    0.05496    0.48430    0.03243
    762.66000    8.95588    0.06962    0.56908    0.01808
    765.92000    9.16259    0.06161    0.61137    0.06064
    769.14000    8.88550    0.05851    0.54552    0.03576
    770.87000    8.89776    0.06519    0.50542    0.04343
    774.06000    8.50801    0.08514    0.50499    0.05847
    778.71000    8.01723    0.05769    0.56799    0.05304
    780.86000    8.31537    0.04487    0.65178    0.05752
    784.40000    8.25819    0.07218    0.53970    0.04715
    787.61000    7.80453    0.04864    0.45441    0.05904
    789.75000    8.15696    0.06305    0.60258    0.06021
    791.80000    8.08341    0.04133    0.54970    0.04717
    794.30000    8.08790    0.04565    0.65443    0.05363
    799.99000    8.01096    0.06433    0.52627    0.04709
    802.76000    8.03615    0.03948    0.47018    0.05758
    806.98000    8.19294    0.05668    0.40750    0.05850
    811.41000    8.52373    0.04735    0.55495    0.04676
    815.55000    8.32530    0.05721    0.65349    0.06948
    817.23000    8.49131    0.04844    0.43302    0.06186
    819.27000    8.41605    0.05323    0.47560    0.06233
    822.26000    8.01918    0.05331    0.55681    0.06771
    824.30000    8.12637    0.06589    0.41421    0.05522
    826.77000    8.59121    0.06185    0.54686    0.03329
    830.10000    8.37599    0.03390    0.60433    0.06178
    832.31000    8.48867    0.04580    0.51778    0.07709
    836.10000    8.15105    0.05308    0.46765    0.07223
    839.14000    8.18051    0.07007    0.52729    0.06327
    841.76000    8.22482    0.06185    0.55614    0.04674
    844.06000    8.11206    0.06650    0.47442    0.05418
    849.18000    8.48285    0.04391    0.42998    0.04196
   1096.03000    5.68048    0.04716    0.29623    0.06541
   1099.67000    6.06260    0.06058    0.33249    0.03893
   1105.25000    6.03266    0.06348    0.34799    0.07590
   1108.47000    5.99874    0.05258    0.31678    0.03367
   1112.37000    5.93135    0.04926    0.32881    0.05378
   1116.60000    5.86742    0.03789    0.26507    0.04681
   1118.46000    6.22321    0.05730    0.29825    0.02444
   1119.79000    6.23420    0.04371    0.49583    0.05812
   1122.99000    6.17819    0.03634    0.38280    0.06468
   1125.58000    6.11493    0.07036    0.36518    0.05855
   1125.73000    6.27263    0.08057    0.26574    0.04157
   1127.83000    6.44077    0.05747    0.35343    0.05292
   1131.40000    6.57497    0.03430    0.37244    0.06993
   1134.54000    6.58780    0.06121    0.22788    0.07477
   1138.30000    6.75883    0.03648    0.38019    0.04359
   1142.42000    6.87670    0.05496    0.26965    0.08190
   1145.88000    6.81685    0.07850    0.32813    0.04427
   1147.01000    6.85705    0.04091    0.37196    0.05408
   1149.28000    6.66034    0.05126    0.30422    0.02939
   1153.68000    6.96406    0.07053    0.32726    0.04051
   1155.11000    7.00277    0.03824    0.31070    0.07338
   1157.91000    6.91004    0.04340    0.39843    0.04696
   1161.57000    6.99705    0.06386    0.26595    0.05765
   1162.70000    7.31812    0.04410    0.24806    0.06655
   1164.24000    7.24347    0.05902    0.25484    0.03104
   1165.90000    7.38331    0.06147    0.19628    0.08121
   1170.18000    7.33578    0.03750    0.33183    0.07408
   1175.30000    7.18253    0.07321    0.12487    0.06906
   1177.92000    7.36891    0.05455    0.38417    0.04720
   1180.29000    7.16736    0.06653    0.35350    0.01560
   1183.09000    7.07783    0.06874    0.36290    0.07550
   1185.75000    7.12661    0.05393    0.38004    0.04318
   1188.67000    7.26703    0.07214    0.32952    0.03821
   1191.11000    7.38450    0.06674    0.34526    0.02908
   1194.29000    7.47098    0.05765    0.27688    0.06925
   1197.59000    7.35597    0.03644    0.45050    0.05949
   1202.99000    7.10032    0.06690    0.42907    0.03125
   1206.17000    7.17178    0.06290    0.38046    0.04782
   1208.42000    7.25173    0.04742    0.35623    0.04581
   1211.73000    7.51166    0.05495    0.36058    0.05077
   1213.11000    7.28271    0.04970    0.46694    0.04837
   1460.61000    9.74587    0.06668    0.54546    0.04664
   1464.28000   10.30467    0.04884    0.47183    0.04719
   1465.48000   10.47852    0.05009    0.52279    0.04838
   1468.57000    9.97954    0.03250    0.52830    0.07580
   1470.16000   10.07973    0.06133    0.45519    0.03187
   1474.15000    9.63577    0.05972    0.46298    0.05089
   1477.32000    9.92024    0.03137    0.42082    0.08072
   1481.74000    9.31838    0.06085    0.44362    0.03406
   1484.36000    9.28732    0.03920    0.55114    0.06256
   1486.64000    9.51243    0.05015    0.47380    0.04525
   1489.89000    9.80307    0.05839    0.44384    0.04811
   1492.34000    9.84217    0.04324    0.36739    0.06424
   1494.47000    9.94623    0.05918    0.44535    0.03073
   1497.56000    9.60106    0.03721    0.49569    0.03686
   1500.61000    9.29805    0.04889    0.48815    0.02354
   1502.83000    9.00535    0.04209    0.43470    0.04355
   1506.04000    9.54319    0.05790    0.44251    0.05214
   1508.24000    9.57954    0.05323    0.44384    0.05575
   1510.78000    9.48059    0.03304    0.50969    0.03312
   1513.22000    9.84649    0.04747    0.55620    0.06261
   1516.36000   10.12188    0.03259    0.43036    0.02843
   1519.18000   10.12668    0.05681    0.59160    0.04885
   1523.67000   10.22997    0.04980    0.50416    0.04167
   1527.45000    9.77270    0.05245    0.49513    0.05016
   1530.68000   10.11561    0.07646    0.49179    0.04920
   1533.78000    9.89510    0.04073    0.51407    0.03263
   1536.91000    9.87928    0.04896    0.61465    0.08151
   1540.53000    9.56681    0.05915    0.59010    0.03223
   1545.11000    9.12143    0.06614    0.38220    0.09062
   1548.96000    9.18823    0.01527    0.52745    0.04025
   1551.90000    9.56851    0.08167    0.49388    0.06771
   1555.47000    9.37477    0.04563    0.46300    0.03719
   1559.11000    9.76445    0.04505    0.46149    0.05513
   1562.82000    9.57555    0.06417    0.58736    0.06634
   1566.14000    9.63246    0.05294    0.47934    0.04728
   1569.79000    9.76198    0.07413    0.51948    0.04633
   1572.51000    9.88612    0.05485    0.51396    0.03896
   1576.04000    9.67475    0.04426    0.54291    0.04173
   1579.88000   10.26531    0.05065    0.51723    0.06274
