## Time Delay Challenge light curves
##
## [time]=days, [lc]=[err]=flux in nanomaggies
##
##       time       lc_A      err_A       lc_B      err_B
##-------------------------------------------------------
      1.69000    2.63249    0.04898    2.19951    0.06757
      4.25000    2.58797    0.03888    2.15628    0.05029
      7.57000    2.65998    0.06843    2.16340    0.04353
     11.85000    2.67677    0.04010    2.01247    0.05346
     14.74000    2.68787    0.06543    1.97946    0.03037
     19.48000    2.57123    0.06377    1.92849    0.07233
     21.90000    2.81676    0.04413    1.86513    0.06789
     24.79000    2.86321    0.04960    2.00892    0.05795
     29.61000    2.81863    0.04452    1.85096    0.06119
     33.59000    2.74017    0.05454    2.00579    0.03398
     37.23000    2.71121    0.06553    1.95579    0.04244
     41.63000    2.79950    0.02214    1.78963    0.06348
     44.63000    2.88504    0.05667    1.93552    0.05777
     47.61000    2.64911    0.07281    2.02011    0.07184
     51.42000    2.86171    0.02639    2.08389    0.06062
     54.12000    2.85375    0.00662    1.97483    0.05103
     58.44000    2.91379    0.02579    1.89928    0.07204
     60.09000    2.82344    0.06186    2.11390    0.02594
     63.40000    2.94979    0.05523    2.04170    0.05666
     67.48000    2.96056    0.04948    2.12344    0.05649
     72.01000    2.97319    0.04349    1.98929    0.08252
     75.85000    3.13294    0.06234    2.11270    0.06342
     77.30000    3.10467    0.02648    2.09479    0.04916
     81.74000    3.09457    0.04561    2.15170    0.05742
     86.12000    3.23835    0.06377    2.07932    0.05293
     88.29000    3.16972    0.03608    2.21909    0.03716
     90.60000    3.18952    0.04102    2.14254    0.03557
     95.66000    3.30282    0.06127    2.14970    0.07771
     97.28000    3.28404    0.06670    2.20730    0.04913
    100.50000    3.28038    0.09144    2.29645    0.03951
    104.78000    3.35210    0.07701    2.36452    0.06112
    108.98000    3.45012    0.03785    2.30876    0.06243
    111.42000    3.57349    0.06350    2.35166    0.03356
    115.71000    3.51415    0.04864    2.50781    0.04100
    117.81000    3.61986    0.09149    2.48947    0.05013
    365.05000    4.42266    0.05975    2.61478    0.04787
    368.90000    4.53676    0.07160    2.68843    0.03828
    372.97000    4.40798    0.06906    2.68241    0.04457
    375.04000    4.25935    0.05208    2.73580    0.07291
    376.34000    4.26681    0.06659    2.69418    0.04713
    378.56000    4.33709    0.03020    2.70346    0.03031
    381.61000    4.45037    0.04313    2.66637    0.05525
    383.40000    4.57687    0.05116    2.70772    0.04484
    387.58000    4.36279    0.08081    2.58876    0.06754
    389.57000    4.33774    0.04490    2.60624    0.04313
    392.00000    4.54883    0.02996    2.51969    0.08666
    393.20000    4.65384    0.00959    2.61838    0.01126
    395.81000    4.76318    0.03850    2.42456    0.06046
    397.29000    4.81411    0.04341    2.40525    0.06182
    399.37000    4.82823    0.05807    2.45358    0.04062
    401.16000    4.99458    0.04711    2.29118    0.05865
    405.65000    5.00706    0.06096    2.48250    0.04224
    406.48000    5.07542    0.03528    2.60475    0.07316
    409.25000    4.86684    0.06449    2.51807    0.04983
    412.77000    5.09856    0.05780    2.27729    0.05710
    416.62000    5.53466    0.05893    2.47506    0.04595
    420.18000    5.61506    0.05130    2.58487    0.05490
    422.22000    5.67677    0.04879    2.42857    0.07729
    424.23000    5.65169    0.07126    2.49039    0.04971
    426.61000    5.59281    0.05091    2.50493    0.07032
    428.68000    5.71131    0.08488    2.57571    0.03802
    430.97000    5.95394    0.08085    2.52436    0.06514
    434.40000    5.80253    0.07687    2.56427    0.07365
    437.90000    5.52380    0.05092    2.39208    0.03769
    441.66000    5.50396    0.06245    2.72566    0.03424
    445.26000    5.62127    0.05626    2.60363    0.03890
    448.44000    5.61065    0.07422    2.54749    0.06794
    451.89000    5.96335    0.03125    2.53799    0.04825
    456.65000    6.08078    0.06164    2.59137    0.04321
    460.38000    6.31765    0.06554    2.53964    0.02933
    463.05000    6.56996    0.02439    2.46289    0.02161
    466.80000    6.95196    0.05163    2.24442    0.05049
    470.77000    7.46491    0.04262    2.34241    0.06234
    474.40000    8.02828    0.04758    2.33465    0.04258
    477.22000    7.70586    0.05805    2.39095    0.03950
    479.98000    7.88902    0.05922    2.38024    0.05941
    483.25000    7.72116    0.05543    2.35524    0.04664
    733.13000   18.12125    0.06485    3.59008    0.06466
    735.65000   18.44248    0.05736    3.55451    0.05042
    738.05000   18.18778    0.04247    3.55868    0.03882
    740.82000   17.89641    0.03475    3.43495    0.03378
    746.27000   17.97941    0.04308    3.45549    0.05607
    751.22000   16.95473    0.05510    3.48382    0.08190
    753.04000   16.86161    0.04378    3.56952    0.04854
    756.71000   16.32657    0.07194    3.53963    0.06245
    761.01000   16.31883    0.08581    3.61728    0.02858
    764.65000   15.18705    0.02580    3.48357    0.02896
    766.58000   14.73277    0.02657    3.44127    0.03847
    767.18000   14.66479    0.06373    3.42188    0.08907
    770.14000   14.55934    0.05359    3.48737    0.04447
    772.36000   14.77851    0.05414    3.53610    0.08430
    775.43000   15.48380    0.04894    3.31407    0.03350
    776.05000   15.18033    0.06421    3.31625    0.01594
    780.20000   14.82357    0.04019    3.18716    0.03825
    783.41000   14.91575    0.04155    3.22625    0.06904
    785.59000   15.67009    0.05249    3.25197    0.04622
    787.57000   16.82245    0.01143    3.05823    0.04188
    789.85000   16.40068    0.05986    3.06137    0.05670
    792.64000   16.02716    0.03967    2.97345    0.05602
    796.48000   16.23099    0.03337    2.93342    0.02258
    799.51000   15.63068    0.02064    3.04404    0.05421
    803.54000   15.06934    0.04540    2.94747    0.01121
    805.88000   14.79713    0.04542    2.94795    0.06120
    807.44000   14.82707    0.05448    2.98671    0.07052
    811.06000   14.90555    0.08646    3.32379    0.05311
    813.92000   15.04615    0.04636    3.24917    0.03587
    816.36000   15.29478    0.05896    3.18229    0.05412
    819.33000   15.46028    0.05492    3.23070    0.06560
    822.66000   15.13742    0.05937    3.20851    0.07285
    823.83000   15.07239    0.04848    3.07062    0.06702
    826.63000   14.87256    0.04680    2.92634    0.06779
    829.29000   15.19962    0.02775    3.04139    0.02987
    832.20000   15.16364    0.04350    3.01842    0.04715
    834.38000   14.90064    0.03223    3.04967    0.05516
    836.59000   15.02852    0.05052    2.90748    0.04039
    840.44000   15.00507    0.03180    3.08324    0.05775
    842.48000   15.26814    0.06950    3.09243    0.06205
    845.22000   15.51849    0.05182    3.08963    0.08813
    847.14000   15.08206    0.02857    3.15617    0.07511
    848.72000   14.80534    0.03207    3.07971    0.04990
   1097.86000   15.17669    0.07618    3.05396    0.08786
   1100.48000   15.06557    0.04761    3.10706    0.03069
   1102.96000   14.95898    0.07532    3.39149    0.06532
   1103.96000   14.90347    0.06498    3.19463    0.06344
   1105.12000   14.93789    0.08161    3.24650    0.04520
   1107.13000   14.71738    0.04926    3.32284    0.05928
   1110.24000   15.14502    0.05048    3.27219    0.05064
   1111.47000   15.13696    0.04635    3.38163    0.07805
   1116.02000   15.13439    0.03330    3.40699    0.06173
   1120.03000   15.47663    0.05318    3.30015    0.03197
   1123.18000   15.92743    0.04590    3.31968    0.04495
   1125.16000   16.17984    0.04991    3.29493    0.05956
   1128.06000   15.89620    0.03825    3.13088    0.06019
   1131.62000   15.90905    0.05313    3.17112    0.07075
   1135.92000   16.34716    0.03686    3.22757    0.05853
   1138.87000   16.98122    0.04322    3.12569    0.05718
   1141.08000   17.82977    0.05153    3.24192    0.06364
   1145.26000   17.00088    0.03606    3.34548    0.01997
   1147.21000   16.61857    0.06827    3.45057    0.04678
   1149.47000   17.16852    0.03526    3.40534    0.08415
   1151.73000   16.65932    0.05658    3.33982    0.07430
   1153.59000   16.16926    0.06962    3.55243    0.07337
   1157.76000   17.02071    0.03466    3.37767    0.06044
   1160.58000   17.25054    0.06077    3.53216    0.06319
   1163.74000   17.01755    0.03210    3.76994    0.06831
   1167.28000   17.43290    0.06483    3.87047    0.06991
   1169.31000   18.04404    0.06091    3.60101    0.05607
   1174.99000   18.26512    0.08254    3.73949    0.04278
   1178.76000   18.64458    0.06045    3.55042    0.00691
   1181.59000   18.42756    0.07404    3.79951    0.05342
   1182.70000   18.47435    0.05495    3.81960    0.04926
   1183.43000   18.59016    0.03370    3.80515    0.05475
   1187.30000   18.44113    0.04259    3.80257    0.03396
   1189.66000   18.78968    0.06354    3.80298    0.05315
   1192.55000   19.06848    0.03826    4.03634    0.02978
   1194.97000   19.94574    0.06938    3.97412    0.05666
   1199.18000   21.10185    0.04548    4.07023    0.05191
   1201.38000   21.05681    0.03755    3.97883    0.05781
   1203.44000   21.80594    0.02938    4.33045    0.06966
   1207.46000   22.17813    0.10247    4.17935    0.03570
   1210.35000   22.12469    0.05548    4.00828    0.06114
   1214.15000   22.39996    0.07653    4.19712    0.05943
   1460.58000   24.98334    0.06933    5.05573    0.06276
   1464.69000   24.39792    0.05263    5.04463    0.05101
   1466.81000   23.60377    0.06727    5.07484    0.01458
   1469.39000   23.57190    0.06561    5.25968    0.05055
   1472.91000   24.00646    0.04841    5.58216    0.05938
   1475.79000   24.78994    0.03822    5.47371    0.04841
   1478.63000   24.92128    0.02869    5.35488    0.05541
   1482.14000   25.61974    0.05334    5.58821    0.06704
   1487.02000   24.88863    0.06073    5.25805    0.06990
   1491.83000   24.64983    0.06800    5.05603    0.06623
   1494.33000   23.64296    0.02792    5.32171    0.06816
   1498.28000   23.46530    0.02702    5.32309    0.03497
   1501.22000   22.96404    0.05873    5.40805    0.03155
   1506.26000   23.45678    0.04298    5.61029    0.03465
   1511.63000   23.67365    0.04173    5.50277    0.05944
   1514.09000   23.70265    0.03192    5.50320    0.06560
   1516.36000   23.13309    0.04927    5.25490    0.07810
   1520.33000   22.25602    0.03959    5.17610    0.04483
   1521.07000   22.26849    0.08240    5.16394    0.04582
   1524.07000   22.03861    0.04109    5.16506    0.03558
   1526.93000   21.50668    0.08486    5.22529    0.04833
   1529.50000   20.94247    0.02913    5.18311    0.04416
   1533.26000   20.40732    0.06665    5.19101    0.03941
   1536.50000   21.61313    0.05856    5.25543    0.05902
   1541.07000   22.99770    0.03766    5.28264    0.02028
   1542.50000   23.51635    0.07601    5.14296    0.05233
   1546.22000   22.95395    0.04524    4.96842    0.06441
   1548.50000   22.42825    0.04097    5.05679    0.06305
   1548.84000   22.65366    0.05984    5.04147    0.03081
   1551.60000   21.78550    0.05074    4.88817    0.08629
   1555.21000   22.24486    0.05303    4.75375    0.05462
   1559.71000   23.05949    0.04325    4.77082    0.04804
   1560.50000   22.37461    0.07074    4.92717    0.07080
   1562.82000   22.13465    0.03873    4.93322    0.05609
   1565.09000   22.01339    0.05198    5.28160    0.08535
   1569.57000   22.16859    0.04515    5.21136    0.08204
   1570.48000   21.76349    0.03575    5.18974    0.03688
   1572.65000   21.26114    0.02686    5.17467    0.05987
   1574.11000   21.44687    0.06213    5.20690    0.04939
   1577.09000   21.57066    0.04293    5.03604    0.03673
