## Time Delay Challenge light curves
##
## [time]=days, [lc]=[err]=flux in nanomaggies
##
##       time       lc_A      err_A       lc_B      err_B
##-------------------------------------------------------
      0.98000    1.42886    0.03004    0.18213    0.06304
      3.49000    1.40285    0.06870    0.22033    0.00539
      6.88000    1.48176    0.04424    0.09997    0.05619
      9.80000    1.59125    0.06255    0.27345    0.05857
     12.83000    1.49788    0.07342    0.34271    0.08558
     15.03000    1.62435    0.04116    0.22941    0.04128
     18.18000    1.57856    0.04142    0.17309    0.04386
     20.84000    1.55015    0.06814    0.26010    0.07144
     24.89000    1.53475    0.04560    0.28702    0.06006
     29.68000    1.43047    0.03934    0.28432    0.04680
     32.61000    1.47493    0.05359    0.21982    0.03906
     36.85000    1.46671    0.02842    0.23190    0.01648
     39.15000    1.59720    0.05998    0.24065    0.03672
     42.72000    1.48256    0.06486    0.19466    0.05424
     45.98000    1.39884    0.07896    0.20201    0.03867
     48.00000    1.45977    0.05919    0.23840    0.04322
     50.29000    1.45395    0.07858    0.24832    0.04453
     52.99000    1.45213    0.04191    0.26304    0.06495
     56.24000    1.32875    0.06332    0.20393    0.06835
     57.45000    1.39686    0.09433    0.23033    0.04041
     61.18000    1.42251    0.08905    0.19905    0.04007
     61.79000    1.49788    0.03383    0.21016    0.01270
     65.60000    1.42144    0.03575    0.23565    0.06180
     68.98000    1.43968    0.02750    0.24269    0.05623
     71.78000    1.43106    0.03512    0.17154    0.06912
     74.65000    1.41381    0.05291    0.29153    0.04168
     76.70000    1.44339    0.06165    0.36759    0.05777
     80.06000    1.39572    0.05721    0.13088    0.06031
     82.16000    1.38377    0.05379    0.25097    0.05232
     84.45000    1.46168    0.06751    0.23387    0.04172
     85.04000    1.48832    0.05620    0.13760    0.06325
     89.21000    1.50518    0.04236    0.19508    0.06003
     91.91000    1.44226    0.04149    0.18690    0.05069
     94.67000    1.42034    0.05035    0.24361    0.04416
     97.35000    1.42467    0.03861    0.17160    0.03119
     98.86000    1.40027    0.04743    0.34169    0.05532
    101.69000    1.54984    0.07793    0.22181    0.03071
    104.36000    1.41622    0.02961    0.41844    0.06510
    108.04000    1.32735    0.09116    0.21071    0.05899
    110.47000    1.35114    0.03613    0.19778    0.04153
    114.04000    1.48709    0.06102    0.19375    0.06907
    116.33000    1.30204    0.06113    0.20288    0.05432
    119.89000    1.47944    0.04688    0.15155    0.07587
    365.99000    1.52535    0.05928    0.25656    0.05380
    368.00000    1.46494    0.05326    0.26541    0.07750
    370.06000    1.58599    0.05131    0.31032    0.07996
    374.29000    1.61659    0.07076    0.11135    0.09785
    376.47000    1.51928    0.03283    0.16350    0.06939
    379.76000    1.42104    0.02747    0.31516    0.05518
    383.10000    1.48199    0.05219    0.30550    0.05943
    386.73000    1.52849    0.05989    0.26176    0.03891
    387.19000    1.47938    0.04026    0.22225    0.06489
    390.43000    1.41141    0.05398    0.20227    0.08300
    395.20000    1.39891    0.04692    0.28555    0.06039
    398.46000    1.52012    0.05183    0.32881    0.04992
    403.42000    1.33265    0.02938    0.26685    0.06998
    407.57000    1.40960    0.04482    0.19247    0.04076
    410.72000    1.36392    0.03928    0.20342    0.06462
    412.63000    1.53271    0.06462    0.16213    0.06165
    417.24000    1.40114    0.09296    0.22576    0.05668
    420.07000    1.42604    0.04268    0.26406    0.05741
    423.02000    1.37777    0.04423    0.20346    0.06534
    426.55000    1.32834    0.02236    0.27523    0.07419
    430.11000    1.34251    0.08121    0.21593    0.05560
    433.07000    1.36615    0.02059    0.28051    0.07193
    435.59000    1.35648    0.02414    0.22162    0.04825
    438.25000    1.40444    0.06872    0.22117    0.04814
    443.40000    1.31188    0.05497    0.23107    0.06381
    445.52000    1.39872    0.04625    0.19710    0.07465
    447.72000    1.45665    0.05870    0.20765    0.04018
    450.06000    1.36197    0.07670    0.27821    0.06824
    452.81000    1.36191    0.05771    0.24053    0.04204
    455.98000    1.35582    0.05679    0.28023    0.05079
    457.93000    1.46673    0.06303    0.22808    0.05902
    462.79000    1.53418    0.04775    0.29593    0.06414
    466.33000    1.46366    0.04455    0.21993    0.07487
    469.57000    1.52472    0.03340    0.21193    0.02619
    472.05000    1.54830    0.04705    0.19629    0.04437
    476.15000    1.60815    0.06869    0.21090    0.05326
    479.35000    1.46438    0.04576    0.24805    0.06136
    480.96000    1.44977    0.08214    0.24676    0.05345
    732.73000    1.48472    0.06333    0.22577    0.02724
    735.85000    1.56596    0.05409    0.26721    0.05714
    739.96000    1.49037    0.07487    0.21612    0.07637
    743.06000    1.51012    0.04406    0.35061    0.08531
    745.62000    1.54568    0.04842    0.25514    0.05891
    748.45000    1.47750    0.06270    0.23167    0.02494
    750.86000    1.42048    0.04953    0.25097    0.07888
    753.85000    1.44517    0.06093    0.25528    0.03069
    754.74000    1.39103    0.05483    0.28296    0.06847
    757.96000    1.38314    0.02366    0.19251    0.05188
    760.76000    1.33309    0.04511    0.25637    0.06221
    764.50000    1.28462    0.02829    0.27227    0.07046
    768.41000    1.25379    0.03903    0.33949    0.08093
    773.75000    1.24369    0.06270    0.30166    0.05336
    775.51000    1.31791    0.02746    0.22476    0.04515
    778.63000    1.19322    0.05572    0.17970    0.04820
    784.73000    1.17541    0.05921    0.19423    0.05176
    788.38000    1.28961    0.08376    0.08827    0.06052
    792.14000    1.21191    0.06198    0.23214    0.06695
    795.27000    1.38893    0.08244    0.32266    0.04369
    798.13000    1.27821    0.03020    0.21232    0.05961
    801.79000    1.33221    0.04491    0.20323    0.06344
    804.09000    1.47323    0.06589    0.15493    0.05908
    805.40000    1.31465    0.03518    0.21521    0.06546
    809.05000    1.34249    0.05254    0.28432    0.05408
    811.23000    1.38908    0.06885    0.29223    0.05939
    814.66000    1.36885    0.06128    0.32123    0.05499
    816.89000    1.36077    0.03487    0.32037    0.04449
    822.09000    1.27360    0.05625    0.17232    0.07718
    824.71000    1.29579    0.07245    0.18682    0.05615
    828.36000    1.44357    0.07723    0.24478    0.06486
    830.36000    1.35866    0.07290    0.20584    0.04071
    833.08000    1.21738    0.08455    0.18605    0.05140
    836.93000    1.29674    0.06357    0.16597    0.04220
    840.31000    1.48754    0.05840    0.14779    0.03725
    843.95000    1.44670    0.05273    0.23698    0.07233
    846.53000    1.71305    0.08627    0.16601    0.05186
   1096.23000    1.35025    0.05085    0.14551    0.05256
   1099.13000    1.36150    0.04562    0.17196    0.05315
   1103.78000    1.41531    0.06731    0.18628    0.04725
   1107.09000    1.39720    0.04700    0.29487    0.05888
   1110.31000    1.33467    0.04007    0.08307    0.08187
   1115.23000    1.34009    0.03264    0.27050    0.04739
   1117.34000    1.29911    0.03005    0.24569    0.05014
   1120.90000    1.43283    0.07696    0.23244    0.05631
   1122.11000    1.45823    0.08431    0.25261    0.06175
   1127.05000    1.28255    0.07492    0.06671    0.07073
   1128.63000    1.40095    0.08557    0.11395    0.05791
   1131.28000    1.43568    0.05009    0.21370    0.04424
   1133.98000    1.40177    0.04709    0.20223    0.06142
   1137.69000    1.32390    0.03107    0.23940    0.02835
   1142.38000    1.25457    0.04583    0.27362    0.05120
   1144.94000    1.37002    0.03129    0.23712    0.05188
   1147.47000    1.40398    0.05585    0.23470    0.02988
   1151.16000    1.41688    0.04110    0.19924    0.04464
   1155.07000    1.39310    0.04211    0.19799    0.04198
   1157.04000    1.45658    0.05602    0.22583    0.04667
   1160.35000    1.45642    0.06497    0.30957    0.06503
   1162.86000    1.36498    0.05335    0.31212    0.06602
   1165.50000    1.37890    0.02312    0.13672    0.08891
   1169.14000    1.30648    0.02939    0.21306    0.04908
   1170.72000    1.23990    0.04706    0.20540    0.04530
   1175.90000    1.27785    0.04385    0.22441    0.08226
   1178.21000    1.30033    0.04644    0.17425    0.06136
   1182.89000    1.34765    0.01024    0.09801    0.05454
   1184.53000    1.40793    0.05677    0.26078    0.06324
   1186.11000    1.36577    0.04842    0.18783    0.04458
   1188.49000    1.31464    0.04282    0.17165    0.06814
   1190.41000    1.43467    0.04921    0.21331    0.05380
   1193.03000    1.41302    0.04233    0.19946    0.05960
   1196.67000    1.37732    0.05348    0.24014    0.05513
   1199.35000    1.30108    0.03007    0.11452    0.07623
   1201.22000    1.35302    0.03081    0.18056    0.08924
   1204.60000    1.35506    0.07187    0.17598    0.04570
   1207.20000    1.31597    0.03590    0.14222    0.05332
   1210.51000    1.39463    0.05065    0.28700    0.06810
   1211.63000    1.42973    0.05370    0.23947    0.02555
   1461.38000    1.27448    0.03477    0.23315    0.03488
   1464.17000    1.27898    0.03970    0.24230    0.06567
   1465.72000    1.35359    0.03468    0.28671    0.08205
   1468.33000    1.16969    0.07728    0.28461    0.04098
   1471.06000    1.22452    0.02734    0.10531    0.08674
   1473.61000    1.34154    0.05285    0.15459    0.06662
   1478.61000    1.19175    0.04843    0.29536    0.07308
   1482.24000    1.17454    0.09718    0.08665    0.07442
   1484.31000    1.31265    0.06091    0.26594    0.05482
   1488.18000    1.25497    0.03764    0.22334    0.03100
   1491.45000    1.32480    0.04525    0.25368    0.04980
   1492.01000    1.21936    0.04800    0.30854    0.05775
   1494.64000    1.22010    0.04246    0.22339    0.03723
   1498.48000    1.22739    0.04385    0.24785    0.06917
   1501.26000    1.24640    0.06861    0.38871    0.07993
   1503.41000    1.24623    0.06283    0.23766    0.05128
   1507.14000    1.12516    0.06367    0.22920    0.02287
   1509.27000    1.26320    0.05202    0.20578    0.05477
   1513.35000    1.10178    0.08010    0.21953    0.07448
   1516.82000    1.24726    0.04173    0.24190    0.06050
   1520.71000    1.29877    0.04961    0.16543    0.05594
   1523.73000    1.21866    0.06764    0.20351    0.05197
   1527.76000    1.23061    0.02744    0.15288    0.07191
   1531.83000    1.24342    0.05074    0.24634    0.07923
   1534.43000    1.26886    0.04588    0.18604    0.07006
   1536.64000    1.31624    0.05652    0.18106    0.04196
   1540.13000    1.15034    0.06166    0.12574    0.04971
   1542.15000    1.07302    0.05359    0.22126    0.05831
   1545.21000    1.20356    0.05490    0.17635    0.06926
   1549.57000    1.13101    0.08552    0.19260    0.05265
   1554.18000    1.03750    0.05285    0.21046    0.06524
   1556.85000    1.21991    0.03954    0.09086    0.08462
   1558.67000    1.41795    0.07841    0.18676    0.03178
   1562.75000    1.31452    0.07852    0.14889    0.02432
   1564.78000    1.26756    0.04804    0.09282    0.06905
   1570.43000    1.29531    0.08954    0.17344    0.07490
   1573.90000    1.43966    0.06825    0.18062    0.04349
   1574.98000    1.40483    0.05292    0.17710    0.05093
   1579.88000    1.35845    0.04403    0.21747    0.03168
