## Time Delay Challenge light curves
##
## [time]=days, [lc]=[err]=flux in nanomaggies
##
##       time       lc_A      err_A       lc_B      err_B
##-------------------------------------------------------
      0.54000    1.05302    0.05950    9.94848    0.05725
      3.76000    1.01100    0.08135   10.00508    0.05548
      6.37000    1.09853    0.05858    9.94736    0.04023
      9.28000    1.02703    0.05487    9.88392    0.06636
     11.52000    1.03118    0.05662    9.83138    0.06239
     14.64000    0.97787    0.04864    9.91031    0.07825
     17.97000    1.06020    0.07358    9.74214    0.03608
     21.60000    1.06475    0.05403    9.68402    0.05324
     23.62000    0.97672    0.06993    9.66154    0.02928
     26.46000    0.93206    0.06073    9.71883    0.06767
     29.93000    1.03477    0.03807    9.71147    0.04782
     33.73000    1.03422    0.04116    9.58962    0.05991
     37.53000    1.04182    0.04976    9.64871    0.05329
     39.05000    1.07297    0.04681    9.71691    0.04484
     42.80000    1.06179    0.05214    9.67381    0.04978
     45.59000    1.13213    0.07950    9.67171    0.07008
     49.77000    1.02834    0.09762    9.74117    0.05258
     52.62000    1.19019    0.07351    9.85988    0.06248
     54.71000    1.04391    0.06329    9.67493    0.06532
     59.49000    0.96977    0.03966    9.83801    0.06398
     61.70000    0.99861    0.04853    9.82160    0.04509
     65.29000    1.01045    0.06543    9.86318    0.05466
     68.65000    1.04682    0.05461    9.95323    0.05634
     71.44000    1.17409    0.07710    9.69950    0.04625
     73.84000    1.11821    0.04389    9.76550    0.06280
     76.50000    1.11172    0.03248    9.66425    0.02791
     77.12000    1.00119    0.04863    9.61654    0.07741
     80.24000    1.10479    0.06218    9.73271    0.04538
     83.78000    1.02361    0.06753    9.65189    0.06872
     85.47000    1.04170    0.04740    9.56451    0.06044
     87.78000    1.06566    0.06094    9.46159    0.03416
     91.86000    0.96878    0.06972    9.55228    0.03347
     95.37000    1.02103    0.06532    9.71133    0.05248
     99.92000    1.10102    0.04870    9.68580    0.07361
    101.87000    1.05395    0.03490    9.84972    0.05592
    105.29000    1.05866    0.05940    9.78649    0.06427
    108.04000    1.13463    0.04966    9.81178    0.05662
    111.60000    1.11906    0.07150    9.72331    0.07036
    112.78000    1.02252    0.04664    9.77614    0.04983
    117.68000    1.03721    0.06238    9.76750    0.03027
    367.26000    1.23642    0.05425    9.91367    0.05053
    370.74000    1.12872    0.05300    9.82145    0.04101
    373.54000    1.12255    0.05536    9.93947    0.03503
    376.60000    1.14097    0.02615    9.89200    0.06254
    378.43000    1.17669    0.05870    9.84200    0.05095
    383.88000    1.11355    0.05494    9.80624    0.03632
    386.81000    1.22037    0.05116    9.70496    0.05413
    390.05000    1.10931    0.07908    9.77738    0.05538
    394.52000    1.13671    0.05431    9.73561    0.04965
    396.54000    1.13138    0.02907    9.77651    0.03859
    398.98000    1.09388    0.04547    9.78862    0.05440
    401.56000    1.10463    0.06185    9.80001    0.05906
    404.72000    1.13447    0.05580    9.78665    0.05810
    408.01000    1.13088    0.03613    9.62843    0.05404
    411.10000    1.11086    0.06227    9.58129    0.06071
    414.21000    1.17690    0.07444    9.72184    0.04528
    416.21000    1.11963    0.04856    9.41036    0.06392
    418.80000    1.18766    0.04983    9.65114    0.05639
    421.61000    1.00331    0.04564    9.72351    0.09022
    424.17000    1.21783    0.06063    9.58431    0.07172
    427.16000    1.13576    0.07175    9.59112    0.08840
    431.00000    1.11619    0.03291    9.60801    0.04833
    433.21000    1.16549    0.06876    9.70122    0.02897
    435.39000    1.15230    0.05351    9.53670    0.06099
    438.53000    1.17336    0.08323    9.72719    0.05499
    441.37000    1.11431    0.02535    9.44691    0.06178
    443.23000    1.15844    0.05974    9.54929    0.04911
    445.78000    1.08291    0.04326    9.48960    0.03936
    447.86000    1.08537    0.04142    9.57073    0.06167
    453.03000    1.13249    0.05288    9.49534    0.04590
    456.56000    1.01912    0.07548    9.47731    0.04123
    460.54000    1.19567    0.07630    9.59973    0.04462
    464.35000    1.13785    0.05578    9.35832    0.05477
    467.92000    1.05407    0.04025    9.50233    0.04907
    470.44000    1.09527    0.02246    9.53046    0.07880
    473.67000    1.14452    0.03643    9.45419    0.06994
    475.42000    0.91127    0.06067    9.50109    0.04057
    478.39000    1.12792    0.06382    9.46223    0.05312
    482.39000    1.10730    0.06106    9.43918    0.04693
    730.54000    0.94228    0.05629    8.99509    0.05743
    732.34000    0.91968    0.06107    8.89287    0.03696
    736.44000    0.93179    0.03162    8.89109    0.06178
    740.53000    0.93818    0.03308    8.79868    0.04929
    744.07000    1.07932    0.08672    8.84456    0.08365
    747.67000    1.00612    0.07188    8.69181    0.04265
    750.48000    0.92234    0.04735    8.79836    0.06740
    752.68000    0.90288    0.05463    8.65446    0.06798
    755.15000    0.94388    0.03614    8.88285    0.09226
    760.61000    0.96538    0.02845    8.79530    0.04950
    762.97000    0.97370    0.02648    8.90089    0.07232
    766.20000    0.94110    0.05149    8.78742    0.06978
    768.90000    1.08231    0.06286    8.70462    0.05737
    771.63000    0.85322    0.07644    8.80760    0.02545
    774.81000    0.87071    0.07528    8.91017    0.03766
    777.35000    0.93492    0.04036    8.75111    0.05837
    781.87000    1.06993    0.07288    8.79443    0.03992
    785.37000    0.90276    0.05853    8.99495    0.06735
    786.75000    0.98078    0.06609    8.86904    0.05008
    790.45000    0.90954    0.07050    8.74027    0.02680
    792.48000    0.89004    0.05128    8.90572    0.04523
    794.81000    0.94441    0.05540    8.87805    0.06023
    797.12000    0.90998    0.05535    8.88262    0.03318
    800.27000    0.90455    0.05657    9.00123    0.04251
    804.38000    0.94303    0.06151    8.77320    0.07327
    808.10000    1.03582    0.08125    8.76004    0.05862
    809.95000    0.79796    0.08123    8.74480    0.07864
    812.45000    0.96600    0.05335    8.79531    0.05118
    814.98000    0.93923    0.05285    8.82426    0.07243
    817.09000    0.95901    0.02526    8.86344    0.07714
    820.83000    0.93921    0.04139    8.73107    0.06057
    824.06000    0.86970    0.05479    8.77464    0.05613
    827.27000    0.96754    0.03535    8.65396    0.02456
    830.10000    0.92846    0.01411    8.72265    0.06262
    833.11000    0.91613    0.05840    8.72275    0.05440
    834.49000    0.90373    0.04124    8.68479    0.03853
    836.64000    0.89971    0.07115    8.61822    0.02819
    841.53000    0.89466    0.03703    8.64407    0.07135
    844.42000    0.86625    0.05631    8.60830    0.05330
    846.37000    0.90409    0.06237    8.63176    0.05093
    849.14000    0.99709    0.05537    8.51188    0.07179
   1095.03000    1.04474    0.02863    8.62506    0.01266
   1098.97000    1.03520    0.06638    8.69607    0.03216
   1101.08000    1.03212    0.04356    8.68326    0.02951
   1103.05000    1.12417    0.05383    8.67422    0.03040
   1106.30000    1.04310    0.05528    8.63537    0.03972
   1109.85000    0.90015    0.06600    8.77558    0.07457
   1115.03000    1.02425    0.03824    8.76808    0.04187
   1118.22000    1.14596    0.05939    8.68461    0.02988
   1121.51000    1.00504    0.03379    8.70564    0.05860
   1127.15000    1.03714    0.02472    8.73729    0.06390
   1129.15000    1.03670    0.03158    8.78607    0.06200
   1133.77000    1.04413    0.07046    8.82802    0.06632
   1137.12000    1.10856    0.04732    8.77369    0.03464
   1139.00000    1.02069    0.05221    8.79558    0.05473
   1142.57000    1.00850    0.04078    8.70116    0.05275
   1144.53000    1.07801    0.06528    8.68064    0.06159
   1149.29000    1.10911    0.07066    8.85885    0.06801
   1154.30000    1.09446    0.08061    8.81918    0.05752
   1156.90000    0.99045    0.06169    8.78724    0.04419
   1158.88000    1.06493    0.06671    8.80759    0.04688
   1160.96000    1.07225    0.03785    8.75213    0.06796
   1163.02000    1.02852    0.06324    8.97389    0.08021
   1166.09000    1.01388    0.03976    8.91835    0.04551
   1169.54000    1.03893    0.04012    9.06237    0.04678
   1172.42000    1.00292    0.05296    9.07505    0.04177
   1176.32000    0.98921    0.04476    8.98926    0.10046
   1178.71000    1.03314    0.02860    9.01108    0.02314
   1183.24000    1.12000    0.04563    9.04142    0.05986
   1185.36000    1.00224    0.05031    9.00000    0.04600
   1190.93000    1.03641    0.04258    9.11555    0.03491
   1193.17000    0.99597    0.05133    9.20779    0.05851
   1197.14000    1.03733    0.06956    9.37245    0.04119
   1199.93000    0.97580    0.03688    9.44051    0.06089
   1202.77000    1.05763    0.06707    9.30802    0.07683
   1205.84000    1.05155    0.02398    9.43196    0.03144
   1210.30000    0.82562    0.07671    9.52665    0.04679
   1212.84000    1.06840    0.07413    9.49733    0.03853
   1460.01000    1.05542    0.06980    9.10080    0.02899
   1462.01000    1.06003    0.04975    9.08526    0.04718
   1465.90000    0.98775    0.04446    9.12063    0.05544
   1469.37000    0.99912    0.04706    9.03914    0.06311
   1472.09000    1.09112    0.07703    8.85050    0.07041
   1475.16000    0.99239    0.06945    9.11737    0.08503
   1478.66000    0.99295    0.04554    9.03879    0.04357
   1481.04000    1.05647    0.04564    9.00911    0.07157
   1483.59000    1.02140    0.05237    9.10369    0.03268
   1485.25000    1.05567    0.04951    9.07072    0.03968
   1488.00000    1.04729    0.03934    9.03488    0.04033
   1492.75000    1.01092    0.02041    8.96305    0.06418
   1493.79000    0.97873    0.06671    9.01687    0.06900
   1496.36000    1.11493    0.05569    9.03171    0.04952
   1498.31000    0.96600    0.06032    8.93676    0.06335
   1501.06000    1.12277    0.06596    8.97694    0.05913
   1502.91000    0.95208    0.07097    9.00672    0.03889
   1506.01000    1.02462    0.03523    9.15930    0.07861
   1508.25000    1.08193    0.06126    8.99918    0.05400
   1510.51000    0.92470    0.05607    8.87824    0.06060
   1511.51000    1.05889    0.02709    8.88688    0.04878
   1513.02000    0.98791    0.06016    8.91558    0.03811
   1515.14000    1.05907    0.07696    8.98572    0.07145
   1518.92000    1.04785    0.04305    9.00730    0.04066
   1521.50000    1.10928    0.07399    8.90913    0.04968
   1524.85000    1.00093    0.04095    8.94498    0.04118
   1526.97000    0.98413    0.02860    8.92394    0.05021
   1530.30000    1.05449    0.02683    9.00809    0.04230
   1533.72000    1.00504    0.05741    8.92467    0.04373
   1534.15000    0.92276    0.06251    8.95758    0.01310
   1536.68000    1.01421    0.03303    8.79570    0.07075
   1538.56000    1.02422    0.04846    8.91636    0.07467
   1541.51000    1.00691    0.04358    8.92289    0.04825
   1544.14000    1.02539    0.05182    8.95702    0.04896
   1547.20000    0.98964    0.03781    9.02853    0.03774
   1548.99000    1.07964    0.06522    9.12279    0.04415
   1550.32000    0.96801    0.05080    8.99760    0.05480
   1552.19000    1.00650    0.03288    8.92136    0.05004
   1554.75000    0.94492    0.05068    8.85928    0.06187
   1557.05000    0.98916    0.04432    8.82395    0.03718
   1559.81000    0.98644    0.04469    8.94848    0.06486
   1561.96000    1.03725    0.05242    8.84779    0.05334
   1564.29000    1.07256    0.04623    8.92101    0.07277
   1567.59000    1.19622    0.05267    8.91427    0.05712
   1571.63000    0.93182    0.05878    8.83154    0.07345
   1575.09000    0.90911    0.05096    8.96421    0.07346
   1579.81000    1.05999    0.05867    8.87719    0.05563
