## Time Delay Challenge light curves
##
## [time]=days, [lc]=[err]=flux in nanomaggies
##
##       time       lc_A      err_A       lc_B      err_B
##-------------------------------------------------------
      1.09000    5.28854    0.05999    0.05563    0.10911
      3.94000    5.35050    0.01658    0.20176    0.03970
      6.44000    5.38173    0.04609    0.07851    0.08771
      9.87000    5.36579    0.06929    0.08384    0.05011
     14.14000    4.93020    0.03733    0.15783    0.06802
     16.07000    5.04702    0.04009    0.20150    0.06418
     18.77000    4.71051    0.06100    0.17746    0.08279
     21.12000    4.96256    0.04161    0.23731    0.05431
     25.37000    4.75617    0.02808    0.19882    0.04570
     29.37000    4.63914    0.03843    0.15094    0.06328
     31.70000    4.65066    0.04691    0.18895    0.06344
     32.80000    4.86228    0.04582    0.07908    0.05135
     33.51000    4.98356    0.06020    0.09786    0.04392
     36.26000    4.93805    0.05320    0.10086    0.03808
     38.98000    4.67333    0.05546    0.08214    0.06726
     40.87000    4.71969    0.07349    0.23987    0.07747
     44.58000    4.64307    0.06030    0.14705    0.02697
     46.76000    4.70635    0.06229    0.15111    0.04513
     50.26000    4.85162    0.07204    0.17955    0.04081
     52.59000    4.98997    0.06045    0.05095    0.02987
     56.06000    4.67716    0.02437    0.19531    0.05698
     58.39000    4.42611    0.05579   -0.02582    0.07095
     60.69000    4.44328    0.04615    0.16326    0.05960
     62.98000    4.51562    0.04310    0.06695    0.06345
     64.95000    4.73793    0.06449    0.02456    0.05989
     68.64000    4.53907    0.08046    0.14227    0.08080
     72.30000    4.88177    0.08487    0.12032    0.04367
     76.47000    4.81637    0.03746    0.11570    0.06892
     79.41000    4.78163    0.05772    0.07099    0.02662
     82.70000    5.16352    0.02802    0.14271    0.05254
     85.64000    5.07022    0.06727    0.13453    0.03783
     90.53000    4.82871    0.06520    0.08807    0.02540
     95.15000    5.41305    0.03964    0.05546    0.07722
     96.15000    5.30286    0.05584    0.25309    0.06035
     97.85000    5.32280    0.04741    0.20764    0.06306
    101.13000    5.34449    0.03566    0.04284    0.08226
    103.54000    5.38177    0.05994    0.04976    0.05586
    106.02000    5.30976    0.04987    0.17128    0.05247
    107.61000    5.16395    0.05755    0.16262    0.01636
    110.53000    5.37888    0.06077    0.15208    0.02867
    113.21000    5.61270    0.05441    0.17397    0.05081
    117.66000    5.57872    0.06419    0.17869    0.07086
    369.09000    4.94468    0.07374    0.12392    0.04390
    370.61000    4.91659    0.04866    0.08572    0.05485
    373.74000    4.68994    0.01830    0.18504    0.04931
    375.63000    4.62741    0.06646    0.11089    0.04030
    378.77000    4.82532    0.07881    0.07952    0.05265
    382.71000    4.95246    0.08393    0.10215    0.05220
    384.68000    4.96320    0.08570    0.14342    0.06591
    386.08000    5.18392    0.04523    0.04791    0.07038
    387.88000    4.89307    0.06649    0.14522    0.04621
    391.25000    4.59938    0.04112    0.15382    0.05389
    393.49000    4.75667    0.03375    0.08153    0.05686
    394.41000    4.71435    0.08841    0.20903    0.06416
    396.51000    4.68773    0.02380    0.09166    0.06653
    401.20000    4.73672    0.05273    0.14115    0.06116
    404.28000    4.81908    0.06069    0.15161    0.03961
    407.43000    4.58599    0.03951    0.12442    0.01889
    410.70000    4.59322    0.06056    0.14600    0.02609
    413.84000    4.45098    0.03409    0.21420    0.05530
    416.69000    4.70760    0.04493    0.10910    0.01951
    419.59000    4.50347    0.06797    0.01971    0.05051
    423.66000    4.24510    0.04552    0.12798    0.05484
    425.44000    4.05684    0.06716    0.21613    0.07350
    428.84000    4.17348    0.04158    0.08104    0.03816
    433.22000    4.33057    0.05558    0.11340    0.05428
    435.83000    4.72499    0.08961    0.22561    0.09016
    440.37000    4.44739    0.03505    0.03974    0.07308
    442.77000    4.48945    0.06888    0.18059    0.03102
    445.21000    4.18198    0.04711    0.16216    0.06279
    448.89000    4.06521    0.05290    0.12768    0.07306
    450.43000    3.97827    0.04018    0.19347    0.05190
    453.34000    3.85793    0.04115    0.13158    0.02120
    457.08000    4.05260    0.06723    0.05885    0.05165
    461.68000    3.77038    0.05522    0.10918    0.06045
    465.79000    3.76348    0.05998    0.08437    0.02331
    467.52000    3.92231    0.05386    0.09140    0.05555
    470.83000    4.04763    0.07642    0.12691    0.04310
    473.24000    4.13512    0.06550    0.08329    0.04227
    476.00000    3.84911    0.03512    0.10062    0.07145
    481.37000    3.85346    0.08683    0.10957    0.02958
    482.22000    3.94089    0.04078    0.01029    0.07276
    483.45000    3.74548    0.04248    0.09349    0.06040
    731.89000    4.99245    0.01435    0.01266    0.03061
    733.79000    4.64919    0.04679    0.08121    0.04691
    737.92000    4.48014    0.02612    0.07558    0.05811
    741.17000    4.74238    0.04961    0.02372    0.06689
    744.70000    4.76487    0.06698    0.09597    0.03344
    747.66000    5.08566    0.06771    0.12622    0.04371
    751.45000    5.66337    0.04779    0.10207    0.04370
    755.94000    5.77452    0.04939    0.14448    0.04013
    759.53000    5.75405    0.04027    0.11146    0.06488
    764.26000    5.69795    0.05556    0.08571    0.02599
    767.96000    5.69115    0.06236    0.06237    0.06853
    771.49000    5.44540    0.05070    0.08940    0.04009
    774.23000    5.49739    0.03956    0.25978    0.06597
    777.38000    5.34265    0.06850    0.02591    0.07945
    781.38000    5.03647    0.04173    0.08209    0.07527
    785.37000    4.81793    0.03081    0.07050    0.06157
    789.65000    4.70669    0.05065    0.11913    0.07824
    793.58000    4.72580    0.05428    0.20286    0.05563
    795.93000    4.65706    0.05767    0.13131    0.04274
    799.31000    4.98704    0.04309    0.09783    0.05046
    802.57000    4.74340    0.05983    0.06468    0.06189
    807.15000    4.46112    0.03653    0.11146    0.03029
    811.38000    4.45375    0.05104    0.12570    0.04533
    815.40000    4.13463    0.04082    0.04334    0.04896
    819.82000    4.35493    0.04794    0.00153    0.06117
    821.91000    4.11517    0.07974    0.04472    0.04039
    824.51000    4.29701    0.08555    0.12727    0.06473
    828.20000    4.57236    0.02704    0.09498    0.05084
    831.28000    4.54093    0.04534    0.01077    0.06285
    835.22000    4.73720    0.03884    0.10546    0.03177
    837.75000    4.54417    0.04958    0.07004    0.03444
    840.26000    4.87210    0.04491    0.13799    0.03991
    842.97000    4.80594    0.04359    0.04026    0.05036
    845.19000    4.99281    0.03692    0.01289    0.06399
    846.47000    4.89946    0.04864    0.04281    0.03741
    849.58000    4.80192    0.04788    0.06588    0.02859
   1096.08000    3.88353    0.04140    0.10156    0.04623
   1100.89000    3.64137    0.04982    0.08526    0.04279
   1102.95000    3.72650    0.04550    0.01572    0.03611
   1108.88000    3.77951    0.02915   -0.01986    0.03867
   1112.21000    3.97499    0.07271    0.06193    0.04665
   1114.83000    3.96313    0.05726    0.05812    0.02552
   1117.02000    4.04108    0.04484    0.10478    0.03397
   1120.41000    3.98407    0.04567    0.06963    0.05863
   1125.43000    3.98441    0.03830    0.05755    0.05001
   1129.43000    3.82866    0.07760    0.08014    0.06771
   1132.86000    3.64082    0.03551   -0.02582    0.05961
   1136.76000    3.90145    0.06826    0.10055    0.04576
   1139.89000    4.01618    0.04682    0.17035    0.06905
   1141.97000    4.27778    0.07658    0.01530    0.07367
   1146.85000    4.15066    0.03930    0.03468    0.03383
   1149.36000    4.12394    0.02647    0.13914    0.03351
   1152.97000    3.95559    0.04675    0.01556    0.04672
   1156.55000    4.02610    0.05700    0.05261    0.03128
   1160.39000    4.10219    0.04913    0.23523    0.08202
   1165.42000    4.57438    0.05408    0.01641    0.03810
   1169.69000    4.39266    0.07788    0.03559    0.03238
   1171.68000    4.27434    0.05509    0.11159    0.04240
   1175.00000    4.37184    0.03013    0.06641    0.05849
   1178.68000    4.41055    0.07213    0.02406    0.05677
   1181.18000    4.42605    0.03492    0.08833    0.06685
   1182.80000    4.33638    0.03309    0.02935    0.05232
   1186.06000    4.30513    0.06799    0.07595    0.02614
   1188.14000    4.40916    0.06056    0.06243    0.01366
   1188.83000    4.34730    0.06341    0.17502    0.07907
   1193.21000    4.41102    0.05773    0.09068    0.03886
   1196.76000    4.65449    0.03184    0.10974    0.06760
   1200.12000    4.39704    0.05468    0.11802    0.06152
   1203.84000    4.22304    0.05006    0.06828    0.01287
   1207.30000    4.65940    0.07595    0.02327    0.03249
   1209.72000    4.67192    0.05104    0.05905    0.06637
   1213.54000    4.56650    0.04975    0.05975    0.06804
   1460.77000    4.62119    0.02619    0.13260    0.04377
   1464.22000    4.46405    0.04696    0.11703    0.07543
   1467.00000    4.31941    0.04986    0.08351    0.06681
   1471.59000    4.66998    0.06101    0.06048    0.05537
   1475.58000    5.23391    0.04682    0.07046    0.00550
   1479.22000    4.99887    0.02001    0.13559    0.05832
   1482.37000    5.07236    0.03937    0.12166    0.06778
   1484.83000    4.55095    0.04900    0.07554    0.03280
   1486.24000    4.81680    0.06479    0.07249    0.04934
   1488.55000    4.74714    0.05247    0.05551    0.03621
   1492.93000    5.10049    0.06877    0.09923    0.06083
   1494.64000    5.06810    0.06227    0.06582    0.03452
   1498.62000    4.71455    0.06462    0.07087    0.05723
   1500.39000    5.01975    0.04068    0.09394    0.03359
   1503.65000    5.27853    0.06171    0.07658    0.04760
   1507.82000    4.69367    0.03080    0.06361    0.04159
   1510.20000    4.53179    0.06674    0.14791    0.04092
   1514.06000    4.40739    0.05294    0.08674    0.07216
   1515.10000    4.46592    0.05501    0.03022    0.06001
   1517.47000    4.64067    0.04506    0.08744    0.03348
   1520.48000    4.66754    0.05297    0.08787    0.06214
   1524.95000    4.33243    0.05517    0.10921    0.03792
   1528.35000    4.26719    0.07554   -0.03398    0.06316
   1530.61000    4.34720    0.06419    0.01914    0.04907
   1533.03000    4.44087    0.03513    0.07336    0.05724
   1535.09000    4.78430    0.05455    0.05449    0.02439
   1537.48000    4.65333    0.04409    0.04557    0.06171
   1539.17000    4.60618    0.06002    0.05700    0.05636
   1542.34000    4.47082    0.03447    0.14032    0.05322
   1544.38000    4.51924    0.04519    0.04364    0.04335
   1547.50000    4.45682    0.05886    0.16797    0.07012
   1550.66000    4.51139    0.04638    0.06505    0.01442
   1555.03000    4.55150    0.04901    0.05388    0.04803
   1557.04000    4.55842    0.06626    0.06627    0.05416
   1559.63000    4.58929    0.06652    0.00711    0.03024
   1561.11000    4.45285    0.02629    0.04590    0.04947
   1563.29000    4.32316    0.07564    0.09732    0.05583
   1565.65000    3.95022    0.00159    0.09377    0.05572
   1569.80000    4.00068    0.07806    0.10316    0.04849
   1574.46000    3.82435    0.01471   -0.00583    0.06542
   1575.48000    3.90005    0.04570    0.10244    0.03408
   1575.80000    3.97020    0.02740    0.08997    0.04097
   1578.40000    3.86151    0.06219    0.13679    0.07467
