## Time Delay Challenge light curves
##
## [time]=days, [lc]=[err]=flux in nanomaggies
##
##       time       lc_A      err_A       lc_B      err_B
##-------------------------------------------------------
      0.87000    7.48689    0.04442    0.27641    0.04546
      4.97000    7.50938    0.06593    0.33672    0.05756
      8.29000    7.26426    0.03587    0.39998    0.04763
     10.97000    7.35678    0.07715    0.32778    0.05185
     14.53000    6.99716    0.04972    0.37533    0.04486
     16.78000    7.07709    0.04656    0.36133    0.02695
     18.75000    6.88995    0.06476    0.28575    0.04014
     22.57000    6.69593    0.05516    0.37019    0.07036
     25.92000    6.63315    0.05646    0.26715    0.03857
     28.65000    6.91608    0.05213    0.26701    0.06097
     32.63000    6.66542    0.05912    0.27219    0.01748
     36.09000    6.69823    0.04024    0.28371    0.02496
     39.46000    6.47319    0.05324    0.22850    0.08029
     42.27000    6.61867    0.04020    0.29572    0.04110
     44.81000    7.45161    0.05526    0.32988    0.03735
     46.48000    7.31147    0.07464    0.26465    0.07675
     49.71000    7.54905    0.06035    0.22041    0.04476
     51.21000    7.72170    0.06084    0.25413    0.05983
     55.60000    7.58494    0.04081    0.30465    0.04354
     58.88000    7.44950    0.03912    0.35093    0.04266
     61.78000    7.08644    0.05052    0.21314    0.05657
     67.03000    7.79351    0.03524    0.32115    0.03431
     70.39000    7.41154    0.04842    0.36043    0.08297
     72.95000    7.25888    0.08242    0.26280    0.06119
     75.26000    7.59029    0.06649    0.38676    0.07723
     77.97000    7.83277    0.05222    0.34958    0.07963
     80.06000    7.97106    0.04297    0.35066    0.03831
     85.02000    8.66455    0.08118    0.24132    0.04732
     87.09000    8.29243    0.06896    0.37902    0.05908
     88.60000    8.68708    0.05361    0.50246    0.07597
     92.22000    8.08962    0.04576    0.33155    0.05106
     95.39000    7.92560    0.06207    0.47196    0.08595
     98.60000    8.58807    0.04644    0.35973    0.03438
    100.99000    8.89237    0.07699    0.38834    0.07516
    104.23000    9.20578    0.04869    0.42121    0.03575
    107.79000    9.95357    0.06668    0.34594    0.02507
    111.30000    9.88355    0.07770    0.35326    0.04314
    114.96000   10.35103    0.06417    0.37256    0.07411
    117.18000    9.75346    0.05856    0.36444    0.06111
    119.72000    9.48402    0.03505    0.47031    0.03591
    365.38000    9.72989    0.04343    0.32541    0.04420
    367.64000    9.57530    0.07576    0.34281    0.07045
    368.43000    9.61055    0.05728    0.40407    0.03659
    371.05000   10.19285    0.01866    0.40763    0.03259
    374.33000   10.54716    0.05372    0.42268    0.04125
    378.82000   10.28416    0.05892    0.39581    0.03215
    382.78000   10.75545    0.07731    0.47974    0.05296
    385.26000   10.34728    0.06353    0.49098    0.05707
    386.74000   10.23790    0.08602    0.47382    0.05505
    390.60000   10.83235    0.05643    0.44947    0.04996
    392.42000   11.22398    0.06439    0.35000    0.05243
    394.69000   10.32953    0.08069    0.44710    0.04309
    396.99000    9.39096    0.02668    0.41179    0.02424
    400.67000    9.09572    0.04930    0.36866    0.04696
    404.39000    9.09049    0.04056    0.47632    0.08330
    405.32000    9.10869    0.03593    0.32374    0.06770
    408.69000    8.67668    0.07094    0.38600    0.05108
    411.95000    8.08560    0.04649    0.36089    0.03221
    414.13000    8.02306    0.02170    0.35909    0.08030
    417.46000    8.12349    0.03385    0.33227    0.03903
    421.93000    7.99905    0.05928    0.37385    0.05446
    425.26000    8.24980    0.08452    0.40100    0.04456
    426.98000    7.82201    0.01557    0.49060    0.05798
    429.20000    7.83485    0.04054    0.33700    0.05317
    433.15000    7.96735    0.05106    0.30297    0.04471
    435.66000    8.12010    0.06050    0.31279    0.05991
    439.99000    8.02187    0.05502    0.29920    0.05357
    441.92000    7.79374    0.07303    0.38017    0.05321
    445.03000    8.13410    0.03580    0.40433    0.04631
    449.08000    9.07934    0.04955    0.31685    0.02688
    452.91000   10.03283    0.04863    0.39426    0.04173
    455.19000    9.43801    0.05390    0.34293    0.04651
    456.80000    9.09457    0.05130    0.51905    0.05180
    458.45000    8.80958    0.06070    0.37535    0.03934
    461.43000    8.58072    0.07071    0.36075    0.03829
    465.25000    8.68335    0.09818    0.43834    0.05857
    468.54000    9.11649    0.04965    0.35836    0.02644
    470.89000    9.14048    0.04536    0.30729    0.05644
    472.83000    8.89887    0.04260    0.31249    0.04597
    475.02000    9.27378    0.08360    0.43671    0.05363
    479.63000    9.46738    0.05063    0.46195    0.04728
    483.21000    9.12782    0.06015    0.34735    0.04204
    731.71000   10.04730    0.06026    0.53654    0.04454
    736.31000    9.09689    0.05122    0.44790    0.03475
    737.80000    9.35240    0.06425    0.56096    0.06520
    740.60000    9.58745    0.05440    0.38497    0.07843
    742.64000    9.21255    0.05583    0.49643    0.04689
    745.64000    8.91382    0.05015    0.45522    0.03671
    748.85000    9.29132    0.04794    0.47919    0.06212
    752.27000   10.24575    0.02864    0.38742    0.05647
    754.66000   10.20189    0.05385    0.34666    0.03849
    757.78000   10.48648    0.07217    0.39157    0.03754
    761.25000    9.87504    0.04519    0.50832    0.07715
    764.18000    9.58069    0.04325    0.45667    0.05175
    769.02000    9.39217    0.05979    0.31098    0.08519
    770.88000    9.30970    0.04750    0.47790    0.04383
    772.82000    9.26044    0.06689    0.44701    0.04192
    775.10000    8.87225    0.06854    0.31519    0.07454
    777.01000    8.20031    0.05333    0.35875    0.03721
    780.88000    8.25960    0.04398    0.35393    0.09479
    784.84000    8.85321    0.07868    0.30282    0.03375
    787.77000    8.61323    0.06098    0.42045    0.06292
    790.43000    8.60585    0.03331    0.33532    0.06120
    794.00000    8.37147    0.06929    0.33130    0.06135
    796.50000    8.82073    0.03600    0.39742    0.05635
    798.82000    8.88724    0.06546    0.30068    0.06124
    800.73000    9.07000    0.07172    0.38519    0.04768
    804.03000    8.99163    0.03546    0.37182    0.07266
    806.00000    8.66632    0.05702    0.32353    0.06114
    808.05000    8.50081    0.04318    0.35794    0.02276
    809.88000    8.61779    0.05287    0.34802    0.03147
    811.85000    8.58505    0.06634    0.56122    0.06503
    814.19000    8.76476    0.05969    0.38789    0.06719
    817.51000    7.71318    0.03879    0.29169    0.05661
    819.55000    7.73625    0.03940    0.32905    0.01738
    822.87000    7.48002    0.04872    0.36607    0.06860
    826.38000    7.56904    0.08314    0.39887    0.05503
    830.49000    7.80664    0.04084    0.27634    0.03760
    833.58000    7.95538    0.02407    0.29860    0.03077
    837.69000    8.62058    0.07163    0.19690    0.08598
    840.45000    9.15424    0.05955    0.33782    0.03655
    842.95000    9.21758    0.05532    0.33631    0.06173
    844.66000    9.31673    0.04186    0.32779    0.06124
    846.52000    9.49843    0.04273    0.31000    0.04822
   1095.17000   10.83082    0.08062    0.51928    0.02976
   1098.16000   11.17676    0.04598    0.39689    0.05377
   1100.10000   11.00038    0.05908    0.52725    0.08056
   1104.29000   10.42934    0.03883    0.31691    0.07275
   1108.84000    9.94610    0.05671    0.47855    0.05274
   1111.07000   10.17861    0.05918    0.30400    0.07172
   1113.62000    9.95431    0.06215    0.49191    0.05726
   1116.11000   10.09751    0.05540    0.46706    0.03444
   1119.45000    9.62081    0.04663    0.48564    0.08241
   1120.75000    9.95321    0.06912    0.49060    0.04644
   1123.71000    9.78194    0.01921    0.40384    0.02678
   1127.09000    9.37798    0.05799    0.41595    0.03280
   1129.48000    9.87223    0.04703    0.32405    0.06608
   1131.32000    9.34012    0.04841    0.49090    0.05280
   1132.81000    9.57470    0.06092    0.35199    0.06065
   1136.22000    9.34867    0.07981    0.37986    0.04444
   1138.84000    9.50289    0.07731    0.45987    0.05724
   1140.57000    9.38212    0.05060    0.40834    0.05717
   1144.01000   10.16559    0.06537    0.45003    0.05428
   1148.10000   10.82821    0.04518    0.28432    0.07645
   1150.22000   10.57052    0.05009    0.48778    0.08045
   1154.93000   10.56670    0.04319    0.41568    0.05580
   1157.27000   10.14473    0.07067    0.47864    0.05157
   1160.92000   10.20919    0.04329    0.46431    0.05658
   1164.73000   10.17659    0.05594    0.42244    0.04645
   1167.90000   10.23740    0.03564    0.39776    0.03748
   1169.26000   10.02845    0.07312    0.38800    0.06575
   1173.74000    9.85990    0.05399    0.31785    0.06711
   1175.82000    9.69880    0.06864    0.48197    0.07824
   1177.73000    9.91118    0.06042    0.28074    0.05472
   1179.47000    9.98030    0.06897    0.40328    0.05287
   1184.07000   10.18117    0.05867    0.37218    0.04706
   1188.34000   10.78163    0.06357    0.39840    0.05079
   1192.49000   10.72043    0.00762    0.45445    0.07149
   1194.61000   10.96627    0.05719    0.35910    0.04926
   1197.45000    9.98663    0.05440    0.46010    0.05078
   1201.72000    9.91701    0.04750    0.39551    0.06218
   1205.63000    9.48344    0.04923    0.48588    0.07136
   1207.67000    9.55519    0.06490    0.46421    0.05453
   1211.49000   10.06802    0.05800    0.37145    0.05229
   1461.31000    8.37371    0.05891    0.28634    0.04932
   1461.57000    8.40512    0.07280    0.33394    0.03683
   1465.18000    8.54400    0.06032    0.29494    0.06986
   1469.24000    8.50608    0.05300    0.37077    0.08299
   1471.68000    8.42605    0.06610    0.36273    0.03112
   1474.55000    8.82866    0.03898    0.33526    0.07074
   1477.44000    8.69174    0.02985    0.28965    0.06999
   1478.97000    8.38254    0.05989    0.32028    0.06067
   1482.66000    8.00756    0.04889    0.33817    0.04758
   1485.78000    8.39634    0.05933    0.33241    0.03539
   1487.29000    8.58057    0.04493    0.24874    0.06337
   1489.61000    8.68085    0.05111    0.31080    0.05990
   1491.13000    8.47801    0.02693    0.29167    0.06042
   1494.53000    8.29204    0.05022    0.33480    0.03889
   1497.61000    8.93548    0.06667    0.35590    0.06416
   1499.18000    8.65331    0.03624    0.35402    0.06998
   1502.38000    8.03239    0.06597    0.52841    0.08901
   1505.81000    8.19962    0.02947    0.28438    0.03998
   1511.03000    8.59794    0.07240    0.28041    0.05094
   1514.40000    8.62438    0.05032    0.25525    0.04715
   1518.02000    9.45054    0.07931    0.33044    0.05328
   1520.79000    9.70394    0.04125    0.25796    0.05304
   1522.61000    9.89300    0.06821    0.33903    0.05358
   1525.62000    9.36550    0.05271    0.39829    0.07543
   1527.63000    8.98297    0.06898    0.37631    0.02949
   1530.31000    9.60300    0.07311    0.40891    0.06084
   1534.08000    9.29187    0.04736    0.40160    0.03859
   1538.18000    8.96859    0.05534    0.40273    0.04382
   1541.10000    9.38243    0.04389    0.48123    0.06250
   1544.70000    9.17812    0.01990    0.36132    0.06378
   1547.44000    9.24159    0.04753    0.28857    0.03919
   1548.30000    9.09033    0.03905    0.39510    0.04718
   1550.44000    9.16959    0.07152    0.38899    0.05389
   1551.77000    9.51623    0.03962    0.36965    0.07179
   1556.17000    9.68332    0.03627    0.38802    0.06307
   1558.51000    9.47320    0.07711    0.36582    0.04671
   1561.58000    9.15565    0.03631    0.30583    0.04050
   1566.52000    9.28577    0.07209    0.40169    0.05533
   1569.72000    9.14135    0.06869    0.39891    0.05653
   1572.18000    8.96693    0.06129    0.36810    0.05151
   1575.47000    9.40149    0.05502    0.31615    0.07082
   1579.60000    9.24869    0.03923    0.32432    0.07944
