## Time Delay Challenge light curves
##
## [time]=days, [lc]=[err]=flux in nanomaggies
##
##       time       lc_A      err_A       lc_B      err_B
##-------------------------------------------------------
      0.68000    2.98656    0.04017    8.05432    0.06355
      3.83000    2.99360    0.04223    7.79696    0.03523
      5.89000    3.01624    0.06010    7.77325    0.03485
      7.75000    2.86014    0.05763    7.94542    0.03747
     10.34000    2.94955    0.04290    7.81349    0.03879
     13.07000    2.98531    0.06955    7.84783    0.07198
     15.82000    2.85827    0.04262    7.76391    0.05131
     18.08000    2.83941    0.04622    7.76767    0.04882
     21.19000    2.94568    0.04078    7.82243    0.06912
     25.77000    2.81175    0.07022    7.96518    0.03608
     29.15000    2.94324    0.05194    7.64658    0.03672
     31.67000    2.84228    0.06427    7.61260    0.04229
     32.47000    2.78956    0.04461    7.63810    0.08846
     36.91000    2.73588    0.03863    7.71780    0.05278
     41.30000    2.80667    0.06308    7.86251    0.04786
     44.94000    2.79351    0.06798    8.00835    0.04973
     47.80000    2.81326    0.05428    7.90610    0.07374
     49.02000    2.86540    0.04871    8.05636    0.05250
     52.05000    2.94201    0.04855    8.07967    0.03695
     55.58000    2.94554    0.04081    8.13156    0.05172
     57.64000    2.90089    0.05247    8.35492    0.03933
     61.12000    3.09830    0.04674    8.51689    0.02894
     63.55000    3.07262    0.03857    8.36355    0.07314
     67.84000    3.03068    0.07896    8.27680    0.06078
     70.64000    3.09664    0.05877    8.04925    0.04723
     74.46000    3.13042    0.04179    8.13939    0.08368
     79.99000    2.98089    0.03979    8.29718    0.08710
     82.70000    3.07595    0.04512    8.42103    0.04098
     85.03000    2.99126    0.05687    8.34880    0.03776
     88.95000    3.05676    0.05212    8.44936    0.03145
     93.26000    2.96343    0.04423    8.44733    0.06910
     96.23000    3.04177    0.05888    8.72014    0.05947
     99.15000    2.97672    0.05143    8.56260    0.06420
    101.96000    3.00368    0.05945    8.65551    0.08007
    105.09000    2.95229    0.05566    8.44594    0.06147
    107.56000    3.03843    0.07290    8.75356    0.04968
    110.61000    3.08469    0.03528    8.86592    0.03220
    113.87000    3.03443    0.06087    8.95283    0.05234
    118.44000    3.00337    0.04196    8.86598    0.05010
    367.83000    3.07500    0.04950    7.34477    0.05131
    370.98000    3.01721    0.05640    7.38133    0.06582
    374.08000    2.96585    0.05923    7.46689    0.05603
    377.65000    3.00984    0.06359    7.55139    0.06804
    380.59000    2.95986    0.06033    7.45508    0.07193
    382.92000    3.01997    0.03677    7.54143    0.03804
    384.51000    3.03546    0.04687    7.61239    0.05949
    387.51000    3.12565    0.05060    7.75789    0.04940
    390.19000    3.02411    0.06601    7.87122    0.05138
    393.57000    2.80841    0.04559    7.70325    0.06215
    397.89000    2.83988    0.06802    7.69404    0.07318
    401.91000    2.75653    0.03924    7.27312    0.06247
    404.96000    2.79296    0.03738    7.39956    0.05744
    409.94000    2.88055    0.05988    7.41583    0.06285
    412.17000    2.74514    0.04374    7.68592    0.03375
    413.95000    2.72391    0.06894    7.41273    0.06185
    417.74000    2.85130    0.04476    7.53188    0.06944
    419.66000    2.84802    0.04987    7.69843    0.07347
    422.79000    2.72872    0.02998    7.41260    0.04898
    425.43000    2.60700    0.05077    7.58612    0.03585
    428.88000    2.60856    0.06831    7.51989    0.04494
    431.83000    2.73528    0.06417    7.83412    0.01875
    436.20000    2.74173    0.06469    7.85623    0.07422
    438.58000    2.84621    0.03315    7.60105    0.03378
    440.34000    2.79112    0.05167    7.58243    0.05686
    442.83000    3.09307    0.07365    7.71622    0.04637
    445.99000    2.92977    0.05017    7.54639    0.07379
    448.34000    2.64016    0.06276    7.76968    0.02845
    450.55000    2.81043    0.04497    7.80811    0.07052
    455.40000    2.84968    0.04081    7.72222    0.05161
    455.55000    2.84084    0.02223    7.68959    0.06817
    457.63000    2.84737    0.04196    7.75519    0.05926
    460.48000    2.85787    0.04267    7.65778    0.04925
    463.77000    2.59978    0.05734    7.48458    0.05615
    464.25000    2.80071    0.06309    7.76457    0.07782
    465.83000    2.91077    0.04372    7.88993    0.04771
    468.07000    2.91021    0.04504    7.74997    0.05017
    469.83000    2.97530    0.03232    7.63489    0.03825
    471.40000    3.15120    0.05509    7.65639    0.05600
    473.83000    2.95297    0.05143    7.75051    0.03988
    476.32000    2.90769    0.06094    7.81395    0.04119
    479.28000    2.82481    0.07910    7.90350    0.04824
    482.99000    3.28388    0.05386    8.21868    0.02399
    483.71000    3.03264    0.07813    8.06492    0.04545
    730.83000    2.61428    0.04755    6.70006    0.07143
    732.87000    2.66572    0.07284    6.64349    0.04849
    736.31000    2.65288    0.02251    6.74873    0.05363
    740.32000    2.70677    0.03574    6.70904    0.06035
    742.79000    2.65789    0.06406    6.63897    0.05428
    746.77000    2.58199    0.04545    6.69202    0.08409
    749.57000    2.65000    0.03421    6.74019    0.06569
    751.69000    2.57395    0.03749    6.57244    0.03830
    754.92000    2.55154    0.07631    6.63493    0.04729
    756.17000    2.54530    0.07092    6.42745    0.04207
    760.85000    2.49922    0.05818    6.38459    0.04203
    762.59000    2.42186    0.05935    6.40405    0.00692
    766.51000    2.59544    0.05188    6.37551    0.04977
    769.58000    2.67097    0.05299    6.49385    0.07781
    773.13000    2.63116    0.05515    6.40411    0.04986
    775.34000    2.55063    0.05876    6.68148    0.06819
    778.17000    2.55039    0.03681    6.59883    0.05919
    780.27000    2.63494    0.03498    6.86333    0.05498
    783.30000    2.71655    0.06927    7.03093    0.05671
    785.99000    2.59926    0.03440    6.85187    0.07184
    787.90000    2.58736    0.07757    7.05965    0.06100
    789.37000    2.45475    0.06801    6.97459    0.08217
    790.66000    2.60174    0.05248    6.88991    0.04202
    793.27000    2.60338    0.05219    6.92157    0.03679
    797.87000    2.62493    0.03325    6.86875    0.04391
    800.74000    2.60077    0.03642    7.07139    0.03512
    803.92000    2.56944    0.03652    7.13647    0.03522
    809.79000    2.59546    0.03971    7.13720    0.03686
    813.59000    2.52517    0.04589    7.05819    0.04890
    814.18000    2.55720    0.03293    6.99478    0.04195
    817.49000    2.48940    0.03810    7.00437    0.04174
    819.69000    2.49510    0.02019    6.92265    0.05702
    822.29000    2.42750    0.04479    6.92830    0.06830
    825.22000    2.59371    0.05974    7.12520    0.03381
    827.53000    2.57784    0.07396    7.23961    0.07818
    829.70000    2.58096    0.02952    7.30680    0.03834
    834.14000    2.57264    0.06683    7.27678    0.07653
    838.03000    2.56874    0.01926    7.27380    0.04603
    840.27000    2.55858    0.06036    7.35440    0.02771
    843.39000    2.48258    0.06362    7.36997    0.03315
    844.53000    2.46610    0.06774    7.44244    0.01862
    845.81000    2.50060    0.05415    7.30975    0.05759
    846.98000    2.45182    0.05621    7.17578    0.04034
    849.10000    2.58601    0.03846    7.15781    0.05858
   1096.08000    2.57550    0.04567    6.65072    0.03126
   1096.79000    2.65441    0.05742    6.63537    0.03696
   1100.71000    2.55594    0.05067    6.55225    0.05604
   1105.01000    2.42574    0.05183    6.48923    0.04975
   1106.90000    2.50967    0.04746    6.62766    0.05650
   1109.75000    2.52735    0.04228    6.46665    0.05318
   1110.98000    2.54407    0.01905    6.52094    0.05934
   1112.90000    2.57862    0.04503    6.61063    0.05189
   1115.77000    2.60547    0.04880    6.46754    0.04689
   1117.27000    2.61928    0.02290    6.43799    0.05152
   1118.69000    2.55946    0.04956    6.56989    0.03530
   1122.18000    2.69557    0.04708    6.56053    0.04420
   1123.67000    2.54195    0.05069    6.50940    0.05114
   1125.58000    2.60930    0.03419    6.86926    0.04977
   1128.80000    2.74858    0.05143    6.81179    0.06093
   1131.58000    2.74242    0.03035    6.71900    0.05285
   1134.80000    2.59681    0.06352    6.72292    0.03575
   1136.19000    2.69855    0.05099    6.78166    0.05932
   1140.22000    2.58719    0.06740    6.97215    0.04606
   1143.55000    2.73872    0.06583    6.71943    0.05201
   1147.19000    2.64922    0.02388    6.65896    0.05158
   1149.50000    2.65671    0.04488    6.73430    0.04367
   1152.18000    2.64641    0.08092    6.60396    0.06598
   1155.31000    2.67983    0.07679    6.90010    0.05147
   1157.22000    2.73600    0.03776    6.84640    0.05451
   1161.67000    2.57615    0.05868    6.82302    0.03744
   1162.67000    2.59796    0.07894    6.73393    0.04127
   1165.25000    2.59053    0.03892    6.92307    0.01822
   1167.86000    2.52228    0.05687    6.96906    0.01483
   1171.55000    2.60540    0.07325    6.89452    0.07609
   1174.59000    2.50787    0.04435    7.14592    0.06512
   1178.84000    2.56921    0.05260    6.99020    0.05287
   1180.29000    2.52155    0.03954    7.00144    0.05024
   1183.36000    2.55650    0.00579    6.95916    0.05379
   1186.73000    2.47847    0.01987    6.92754    0.02635
   1188.36000    2.26888    0.06927    6.69403    0.05781
   1190.30000    2.46383    0.08672    7.08976    0.06400
   1193.18000    2.51461    0.05560    7.13514    0.08339
   1195.85000    2.63581    0.05819    7.07950    0.04833
   1198.35000    2.54550    0.05924    7.23318    0.07366
   1201.60000    2.51860    0.03860    7.10095    0.05383
   1203.12000    2.65490    0.06875    7.20081    0.05519
   1205.96000    2.56539    0.06809    7.34621    0.01016
   1208.32000    2.62723    0.05648    7.23331    0.05187
   1210.54000    2.57487    0.04145    7.20644    0.04986
   1213.82000    2.45075    0.04728    7.08630    0.05916
   1460.45000    2.66346    0.06611    7.00606    0.06119
   1464.92000    2.52870    0.08701    6.91146    0.07022
   1467.04000    2.53955    0.06195    6.88459    0.02289
   1468.51000    2.59473    0.05795    6.78616    0.07486
   1470.15000    2.53331    0.06788    6.73751    0.06862
   1471.68000    2.46329    0.03849    6.89936    0.04888
   1473.93000    2.52129    0.03817    6.87805    0.06561
   1476.93000    2.55814    0.04407    7.08345    0.04941
   1477.98000    2.55313    0.04603    7.05188    0.06423
   1480.09000    2.60253    0.06476    7.00825    0.02218
   1483.30000    2.66146    0.06422    6.89596    0.04997
   1485.95000    2.15478    0.07935    6.78097    0.02969
   1489.22000    2.74394    0.05859    6.96012    0.04933
   1493.10000    2.71603    0.07149    6.92900    0.05150
   1498.80000    2.68158    0.06155    6.66615    0.05451
   1501.76000    2.65294    0.05583    6.69422    0.05413
   1503.35000    2.80610    0.04064    6.70887    0.04253
   1506.96000    2.75008    0.03526    6.62842    0.02499
   1510.39000    2.69748    0.04729    6.77185    0.03822
   1513.78000    2.68938    0.03677    6.90305    0.07681
   1517.46000    2.72363    0.04068    6.81985    0.05100
   1522.24000    2.69338    0.07068    6.93257    0.01854
   1526.99000    2.59777    0.05781    6.79878    0.03741
   1531.01000    2.75574    0.04263    6.86483    0.06718
   1534.38000    2.80259    0.05742    6.87264    0.03826
   1535.63000    2.98634    0.08856    6.89866    0.05456
   1539.51000    2.60397    0.05851    6.93409    0.06115
   1540.61000    2.90648    0.06922    6.68851    0.04340
   1543.23000    2.68931    0.02994    6.81595    0.03136
   1545.12000    2.64795    0.04135    6.85140    0.04704
   1548.02000    2.62362    0.05943    6.76358    0.03392
   1551.97000    2.67880    0.03054    6.79899    0.07147
   1554.71000    2.67335    0.04402    6.86210    0.05278
   1557.26000    2.57268    0.06346    6.91286    0.05183
   1561.84000    2.69966    0.04294    6.91942    0.06253
   1565.66000    2.75017    0.05284    6.89305    0.00721
   1568.33000    2.63156    0.03155    6.95573    0.03846
   1570.76000    2.65023    0.05966    6.92142    0.05197
   1572.46000    2.63390    0.05641    6.89647    0.04606
   1576.93000    2.65419    0.07444    7.10143    0.05334
