## Time Delay Challenge light curves
##
## [time]=days, [lc]=[err]=flux in nanomaggies
##
##       time       lc_A      err_A       lc_B      err_B
##-------------------------------------------------------
      3.08000    5.70638    0.06223   44.80261    0.07325
      5.94000    5.51433    0.05962   41.34798    0.06408
      6.61000    5.42029    0.05343   42.21543    0.04904
      8.34000    5.57736    0.01603   42.13383    0.04401
     11.47000    5.95960    0.05131   41.69819    0.06403
     15.69000    6.15899    0.06502   42.98240    0.07056
     18.66000    5.91121    0.06574   42.66384    0.04186
     19.70000    6.09743    0.06565   42.36982    0.06290
     24.11000    5.87582    0.05431   39.86367    0.05859
     28.36000    5.93486    0.06546   40.11967    0.04156
     33.60000    6.04146    0.03227   38.82520    0.04479
     37.56000    6.15119    0.03386   37.46416    0.03887
     41.38000    6.04232    0.04672   35.77896    0.05721
     45.85000    5.69586    0.07453   36.87821    0.04468
     50.53000    6.52472    0.03284   37.08079    0.04479
     52.85000    6.69870    0.04881   38.51099    0.06539
     55.15000    6.45511    0.04785   38.93785    0.02963
     57.83000    6.57115    0.05710   41.36376    0.04425
     60.21000    6.48885    0.05237   38.03901    0.06615
     63.26000    6.63716    0.04678   40.87612    0.05668
     68.04000    7.13111    0.03545   38.01864    0.04748
     71.62000    7.42615    0.07796   35.64034    0.07888
     74.41000    7.36961    0.03861   36.83167    0.04581
     77.37000    7.84444    0.05217   37.87274    0.04977
     81.15000    7.59501    0.03857   35.03108    0.07014
     84.61000    7.95064    0.05386   33.41554    0.05629
     87.90000    8.32816    0.08736   33.59333    0.03966
     90.23000    7.67089    0.06181   33.98468    0.02796
     92.69000    8.07525    0.04628   37.67779    0.05255
     94.96000    7.77980    0.04619   38.21816    0.04576
     99.03000    8.04841    0.06132   37.72138    0.05299
    103.02000    8.27896    0.01978   40.02780    0.04923
    107.05000    7.71961    0.04902   37.58434    0.03970
    110.33000    7.96668    0.04913   37.57778    0.06577
    114.39000    7.78223    0.04828   38.12494    0.02796
    117.03000    7.78507    0.02856   36.88811    0.01567
    119.48000    7.55644    0.05144   37.09160    0.05955
    366.32000    9.34054    0.05810   62.33613    0.05186
    370.21000    9.06225    0.03446   60.39981    0.06262
    374.30000    9.80226    0.02838   59.36161    0.06179
    377.86000   10.23035    0.06701   62.03574    0.06408
    379.90000   10.22423    0.07366   63.52400    0.03520
    382.99000   10.53151    0.04288   61.46094    0.05142
    386.02000    9.22640    0.02612   63.77784    0.07098
    388.30000    9.40845    0.08690   61.22218    0.06144
    390.46000    8.91172    0.07449   59.04792    0.04218
    393.80000    9.34544    0.05185   61.87368    0.06494
    397.38000    9.64484    0.03598   60.74452    0.05688
    400.08000    9.09990    0.03938   62.92761    0.05596
    401.33000    8.95741    0.03680   62.92086    0.06095
    405.79000   10.25031    0.04864   66.88021    0.06846
    410.17000   10.18580    0.05441   63.32657    0.06150
    414.56000   10.24964    0.02916   64.30208    0.05382
    417.12000   10.63204    0.06208   62.87142    0.03859
    420.89000   10.78498    0.05607   58.48917    0.07160
    424.02000   10.26944    0.06770   64.11737    0.04597
    426.70000   11.51980    0.02007   62.36340    0.08281
    430.29000   10.64090    0.05491   63.81413    0.06230
    433.19000   11.22019    0.09250   60.35739    0.03770
    435.33000   11.24278    0.06025   64.09248    0.05440
    437.66000   11.08069    0.05074   60.07885    0.09093
    439.73000   11.39507    0.06025   59.96011    0.06419
    443.19000   11.67802    0.04188   62.02760    0.06233
    445.74000   11.27850    0.03952   59.18797    0.04097
    449.41000   10.81829    0.05057   58.74638    0.05357
    452.89000   10.66915    0.04916   52.74705    0.07309
    456.93000   10.48346    0.04733   53.24935    0.04911
    459.90000   10.23327    0.05699   49.95788    0.06067
    465.95000   10.73085    0.04650   44.16952    0.09510
    467.53000   10.48977    0.06196   44.95189    0.04625
    471.35000   10.55934    0.07047   43.68083    0.04521
    474.30000   10.59753    0.02795   43.08594    0.06599
    479.23000   10.51323    0.04678   46.71267    0.03360
    481.51000   10.30309    0.04982   48.72553    0.06433
    484.09000   10.55989    0.06133   47.86730    0.08652
    732.12000    7.17809    0.05828   39.53616    0.04002
    737.19000    7.30588    0.02073   39.71359    0.04598
    739.48000    7.20964    0.08322   38.98074    0.10627
    742.39000    6.67975    0.05487   41.68943    0.07414
    745.75000    7.14153    0.06777   42.04200    0.03453
    748.86000    7.15853    0.03558   42.48343    0.05203
    751.78000    7.10692    0.06175   41.66616    0.04363
    753.56000    7.38794    0.06119   39.56460    0.05258
    756.17000    7.51571    0.08869   38.18287    0.07722
    759.41000    7.94716    0.04530   35.25864    0.08277
    761.35000    8.18812    0.05284   37.78360    0.04260
    764.07000    8.36914    0.06225   37.89572    0.03426
    765.38000    8.11346    0.04805   35.70112    0.05615
    767.50000    8.04442    0.06639   36.76652    0.00713
    770.57000    8.03385    0.05714   38.62093    0.04394
    773.15000    7.53191    0.05871   38.03898    0.03091
    775.92000    7.80101    0.03627   39.34409    0.07380
    778.85000    7.23110    0.06187   38.64876    0.06028
    782.70000    8.17196    0.03661   40.27863    0.06442
    785.33000    7.90093    0.05689   38.87293    0.05485
    787.03000    7.89012    0.04003   38.82554    0.05023
    792.14000    7.76233    0.07673   38.78192    0.02951
    797.44000    8.31871    0.06270   39.33591    0.01638
    801.25000    7.58056    0.04374   39.02518    0.04162
    803.88000    7.31588    0.00697   38.80059    0.03561
    807.67000    7.54584    0.04635   38.52137    0.06834
    810.57000    7.29024    0.05162   37.74611    0.05885
    813.49000    7.39446    0.05393   37.33095    0.03968
    816.21000    7.39064    0.05306   35.75002    0.03596
    818.68000    7.92580    0.02614   38.65771    0.03235
    821.93000    7.71301    0.03863   39.34166    0.03942
    824.97000    7.44056    0.03185   37.99899    0.05645
    827.58000    8.03160    0.05232   36.59012    0.02469
    830.38000    7.94272    0.04579   39.37580    0.06141
    832.12000    8.04700    0.06003   39.21133    0.05443
    834.27000    7.93653    0.04632   40.12027    0.07985
    837.01000    7.86645    0.04299   41.01355    0.08208
    841.75000    7.26585    0.04792   39.28084    0.02996
    845.05000    6.96491    0.08849   42.58192    0.03216
    848.12000    7.30224    0.06612   39.86471    0.05590
   1095.84000    8.41709    0.04528   31.73328    0.05859
   1098.54000    8.48590    0.05742   31.19837    0.08235
   1099.92000    7.97741    0.04746   30.79471    0.04552
   1104.27000    8.32197    0.04836   31.41146    0.03517
   1107.33000    9.45489    0.01786   28.32300    0.06916
   1108.68000    9.90284    0.05029   28.81043    0.03293
   1111.32000   10.30833    0.06777   27.83743    0.08179
   1116.11000   11.06121    0.05942   27.43383    0.04692
   1119.44000   10.22441    0.06297   28.37497    0.04095
   1123.15000   10.42396    0.04208   26.35376    0.06519
   1124.34000   10.75339    0.05147   26.80175    0.06620
   1126.72000   10.20266    0.05560   26.20953    0.05839
   1131.39000   10.95906    0.03604   25.43533    0.05969
   1133.36000   11.68887    0.05867   25.81731    0.09858
   1135.85000   11.54154    0.02550   26.98835    0.03901
   1137.58000   11.71815    0.03625   28.14727    0.04275
   1139.92000   11.78041    0.07560   30.14964    0.03243
   1144.56000   10.96923    0.02084   29.14661    0.01762
   1148.45000   10.46236    0.04117   26.60270    0.06260
   1151.35000   10.17273    0.08079   27.97552    0.04704
   1155.78000    9.00376    0.05090   32.01099    0.04280
   1160.08000    9.07708    0.05779   32.77503    0.04819
   1164.07000    8.81938    0.06569   34.38493    0.03244
   1165.79000    8.75125    0.05761   33.76725    0.06055
   1167.39000    8.35805    0.05394   32.45481    0.03306
   1170.81000    7.59158    0.07078   30.92632    0.05484
   1173.86000    7.06165    0.04417   34.13236    0.06757
   1179.18000    7.13317    0.05136   35.94615    0.06411
   1182.93000    6.55228    0.04042   36.13318    0.06257
   1185.32000    6.72508    0.07916   38.39326    0.04905
   1187.93000    6.88384    0.04198   40.53783    0.06656
   1191.39000    6.36554    0.04067   37.29709    0.04888
   1194.74000    5.99559    0.04291   36.80641    0.05041
   1196.89000    5.97811    0.06300   38.77412    0.03248
   1200.22000    5.85108    0.06600   39.09466    0.02427
   1202.56000    6.00611    0.02618   38.39539    0.03127
   1203.81000    6.08213    0.05891   40.29743    0.05484
   1207.48000    5.66724    0.04122   47.46459    0.03607
   1209.61000    5.60164    0.05764   49.15786    0.05169
   1211.43000    5.57951    0.03892   49.55573    0.08517
   1213.67000    5.31031    0.05609   50.67646    0.05319
   1214.91000    5.37515    0.05270   53.36748    0.04878
   1464.48000   16.32958    0.02408  111.61712    0.04396
   1466.14000   16.68714    0.05272  108.42207    0.05713
   1469.67000   18.28162    0.05109  113.54843    0.03901
   1470.83000   18.03448    0.06629  114.52748    0.05270
   1474.21000   18.15210    0.03060  110.97791    0.06418
   1478.34000   18.23682    0.04356  110.62874    0.04952
   1482.29000   19.30079    0.02169  111.73634    0.01594
   1487.06000   19.89109    0.08377  109.49377    0.07497
   1488.85000   20.23566    0.06396  105.76963    0.04080
   1491.11000   19.95732    0.04501  109.94843    0.05608
   1495.13000   20.14073    0.07064  108.34801    0.05657
   1498.63000   19.66063    0.06551  118.79102    0.02203
   1501.07000   21.72859    0.06771  116.94908    0.03620
   1503.93000   21.05231    0.04803  120.67658    0.04125
   1507.88000   21.07777    0.06635  118.64568    0.06478
   1512.76000   22.17337    0.06143  112.19669    0.06442
   1514.90000   22.98230    0.04935  113.83775    0.08378
   1518.51000   22.55210    0.05271   94.61389    0.06857
   1520.77000   21.24196    0.03551   94.07019    0.05659
   1521.35000   20.64239    0.06625   94.23585    0.03708
   1525.40000   18.09100    0.04271   96.63190    0.04805
   1528.23000   18.65453    0.02894   88.42316    0.05896
   1531.24000   18.29858    0.02283   90.42200    0.01667
   1533.33000   17.24503    0.04817   83.97372    0.05172
   1536.13000   17.70616    0.06197   81.60133    0.05222
   1539.03000   17.95417    0.03304   81.14497    0.04907
   1542.66000   18.43670    0.04192   81.83015    0.03106
   1546.11000   19.36098    0.05812   87.78371    0.05887
   1549.51000   19.91588    0.05006   90.27829    0.05539
   1552.86000   18.99195    0.07577   86.27361    0.04245
   1555.55000   19.96772    0.02993   87.05006    0.05244
   1560.20000   20.91577    0.07133   95.39467    0.05378
   1562.58000   20.61849    0.00742   95.70020    0.03695
   1566.60000   19.69135    0.04652   95.72650    0.04270
   1568.80000   20.11340    0.08371   92.80718    0.03692
   1570.40000   20.15379    0.06450   90.22110    0.04696
   1572.35000   19.17947    0.04903   90.96363    0.05427
   1574.66000   18.75254    0.03863   93.25679    0.03834
   1578.24000   19.40412    0.05404   92.98167    0.06171
