## Time Delay Challenge light curves
##
## [time]=days, [lc]=[err]=flux in nanomaggies
##
##       time       lc_A      err_A       lc_B      err_B
##-------------------------------------------------------
      2.94000    1.40051    0.06083    5.62215    0.06035
      3.24000    1.46474    0.06483    5.64171    0.05554
      5.16000    1.61009    0.05217    5.66878    0.03139
      8.18000    1.49214    0.05156    5.57367    0.05139
     11.27000    1.50302    0.03945    5.44212    0.05730
     14.62000    1.55318    0.06554    5.39498    0.07907
     16.84000    1.51653    0.06171    5.45501    0.05053
     21.44000    1.55371    0.03619    5.50335    0.05401
     25.22000    1.53155    0.03421    5.87937    0.04009
     25.64000    1.49301    0.02776    5.86229    0.04056
     29.19000    1.43521    0.07474    6.14073    0.05392
     30.99000    1.44131    0.04618    6.09820    0.07847
     35.27000    1.35295    0.07655    5.74686    0.04120
     37.49000    1.60279    0.03790    5.77228    0.06287
     39.14000    1.61206    0.06620    5.79204    0.05513
     40.11000    1.62913    0.04489    5.57806    0.05858
     41.45000    1.64353    0.04941    5.78517    0.04974
     43.36000    1.61570    0.06908    5.75908    0.05866
     47.59000    1.61919    0.06237    5.81144    0.06135
     49.78000    1.53073    0.03705    5.78305    0.04221
     54.15000    1.53042    0.05582    5.87818    0.05960
     58.15000    1.57676    0.04160    5.59459    0.08473
     61.06000    1.55353    0.04203    5.67312    0.07822
     63.38000    1.59149    0.03425    5.77600    0.05037
     65.38000    1.51634    0.07968    5.71632    0.03972
     68.43000    1.49993    0.02241    5.88627    0.05579
     71.49000    1.51100    0.06105    5.89992    0.06555
     74.23000    1.53537    0.04520    5.80253    0.05345
     76.79000    1.49205    0.06487    5.34245    0.03827
     80.95000    1.51329    0.05568    5.31610    0.06529
     83.22000    1.64046    0.07331    5.31100    0.07135
     86.63000    1.39925    0.04499    5.33787    0.03810
     90.47000    1.48086    0.08970    5.12620    0.05497
     94.60000    1.46293    0.03358    5.11448    0.06464
     96.50000    1.38515    0.05547    4.98153    0.04021
    100.13000    1.29511    0.04602    5.04865    0.07295
    101.92000    1.39748    0.06354    4.84552    0.04943
    105.27000    1.41076    0.02696    5.02170    0.06292
    107.03000    1.28741    0.06780    5.02017    0.03410
    109.11000    1.34608    0.03171    4.82730    0.03150
    113.14000    1.27529    0.01639    5.04647    0.08064
    117.48000    1.37475    0.05282    4.76063    0.06696
    119.45000    1.31430    0.06762    4.79911    0.03642
    366.97000    1.58640    0.09094    7.00359    0.04546
    369.29000    1.79889    0.06146    7.07717    0.07595
    372.93000    1.65769    0.06387    7.00305    0.04291
    376.58000    1.75106    0.05951    6.86698    0.03909
    379.73000    1.74637    0.07862    6.95283    0.02634
    382.21000    1.83665    0.04732    6.81774    0.05034
    384.44000    1.81320    0.07442    6.87755    0.05398
    388.02000    1.75528    0.00174    6.34038    0.07364
    390.70000    1.82378    0.06552    6.21001    0.07930
    394.12000    1.75393    0.03536    6.24248    0.05648
    395.65000    1.82327    0.05682    6.24424    0.06468
    396.89000    1.82087    0.06914    6.40849    0.05099
    398.52000    1.70168    0.10712    6.41692    0.06080
    401.89000    1.68221    0.05615    6.48208    0.04443
    405.33000    1.60672    0.05159    6.39372    0.07059
    407.72000    1.62245    0.05228    6.73963    0.05978
    412.31000    1.52350    0.04359    6.77098    0.07580
    416.54000    1.65789    0.02646    6.44154    0.04849
    420.26000    1.72657    0.03492    6.77446    0.06452
    422.43000    1.73151    0.04824    6.56623    0.03132
    426.19000    1.69002    0.04959    5.94680    0.04277
    428.59000    1.61248    0.09282    5.72672    0.03895
    430.63000    1.60425    0.06756    5.88009    0.03760
    432.80000    1.69529    0.05850    5.97003    0.04582
    435.92000    1.70414    0.05997    6.02037    0.05596
    437.32000    1.55304    0.03939    6.09923    0.11050
    441.54000    1.49534    0.05398    6.13489    0.07484
    444.70000    1.53944    0.05388    6.55508    0.06615
    446.44000    1.55782    0.05788    6.44161    0.05287
    448.58000    1.58556    0.05225    6.61210    0.06338
    451.30000    1.64310    0.05656    6.45540    0.04568
    454.37000    1.66887    0.05263    6.45420    0.04925
    457.51000    1.66914    0.06059    6.39584    0.06290
    459.57000    1.62429    0.06056    6.27896    0.05565
    461.34000    1.80541    0.07230    6.41801    0.04424
    464.85000    1.61451    0.03031    6.36128    0.07536
    468.66000    1.62032    0.04659    6.43149    0.05815
    471.50000    1.55416    0.05943    6.41644    0.04674
    473.99000    1.46849    0.08133    6.31169    0.03262
    476.42000    1.49223    0.06930    6.31244    0.05988
    478.68000    1.61223    0.06157    6.42738    0.04002
    483.26000    1.61815    0.03666    6.42160    0.08418
    732.40000    1.62968    0.06857    6.60214    0.04547
    736.40000    1.66619    0.06002    6.28986    0.02994
    737.57000    1.69289    0.04465    6.40659    0.04965
    740.55000    1.69094    0.02584    6.15701    0.03955
    741.93000    1.79534    0.06486    6.09392    0.04740
    745.13000    1.65749    0.06224    6.22837    0.05149
    747.73000    1.60676    0.06681    6.10766    0.04375
    750.49000    1.60815    0.05078    6.17166    0.02243
    754.04000    1.49144    0.03625    5.85428    0.03430
    755.77000    1.63713    0.03765    5.88212    0.05420
    757.99000    1.55905    0.01929    6.09682    0.04660
    761.45000    1.63069    0.05601    5.80070    0.04471
    765.56000    1.36511    0.05781    6.17557    0.05744
    768.60000    1.55230    0.05244    6.22494    0.06157
    772.23000    1.49385    0.06917    6.74321    0.03634
    775.69000    1.64652    0.06074    6.79022    0.04558
    778.95000    1.53895    0.06535    6.37106    0.04526
    783.25000    1.63821    0.05935    5.87497    0.07769
    786.39000    1.66796    0.03580    6.09379    0.06285
    789.15000    1.72374    0.07112    5.96857    0.04977
    792.54000    1.56086    0.07251    5.86765    0.06217
    796.53000    1.47070    0.05554    5.88583    0.04742
    801.58000    1.53832    0.06208    5.75648    0.05540
    803.71000    1.52404    0.05197    5.96321    0.07791
    804.99000    1.46372    0.06210    5.93903    0.04679
    808.18000    1.45710    0.03943    5.91090    0.03827
    813.61000    1.42773    0.05104    5.58958    0.06437
    816.57000    1.45051    0.06851    5.52552    0.06990
    819.08000    1.40633    0.06168    5.64898    0.06548
    821.91000    1.42021    0.03747    5.91469    0.05791
    827.69000    1.36195    0.07760    6.00541    0.08053
    832.07000    1.51695    0.04926    5.84777    0.03418
    835.26000    1.40162    0.04843    5.91624    0.04082
    837.39000    1.56055    0.06723    6.18067    0.04491
    840.30000    1.42883    0.04847    5.99291    0.04688
    845.21000    1.55236    0.04326    5.79710    0.06112
    848.91000    1.53529    0.04314    5.97215    0.07340
   1096.75000    1.34070    0.04614    5.10954    0.06071
   1099.49000    1.26513    0.04785    5.12104    0.06433
   1103.73000    1.30916    0.04868    5.09876    0.01993
   1105.67000    1.25089    0.02246    5.00838    0.04866
   1109.38000    1.23522    0.05536    5.08473    0.06266
   1110.91000    1.26782    0.05174    5.33472    0.04769
   1112.96000    1.33512    0.06959    5.40559    0.05720
   1116.82000    1.12788    0.07353    5.48397    0.04639
   1121.61000    1.17080    0.08424    5.63768    0.03592
   1123.51000    1.26857    0.02875    5.38221    0.02118
   1126.11000    1.27588    0.02837    5.44139    0.04578
   1127.29000    1.30092    0.04312    5.44612    0.05432
   1129.31000    1.33453    0.05624    5.44234    0.01340
   1130.68000    1.41127    0.03149    5.61582    0.05787
   1133.03000    1.48591    0.04106    5.50766    0.06323
   1137.33000    1.32450    0.06322    5.31965    0.07472
   1139.63000    1.35303    0.03059    5.15698    0.05311
   1142.40000    1.28952    0.07337    5.22260    0.07175
   1144.22000    1.31042    0.04201    5.33634    0.05314
   1147.79000    1.34771    0.05045    5.29741    0.03063
   1151.59000    1.28115    0.02529    5.21045    0.05196
   1155.58000    1.31278    0.06356    5.37770    0.05788
   1158.31000    1.22670    0.06587    5.42117    0.05343
   1160.94000    1.28671    0.06396    5.20145    0.05008
   1164.45000    1.33813    0.07522    5.45405    0.05160
   1169.67000    1.32657    0.05137    5.57277    0.03709
   1173.76000    1.35241    0.08092    5.66554    0.06821
   1175.30000    1.27503    0.04932    5.82003    0.02850
   1179.38000    1.44259    0.06271    6.04497    0.03797
   1181.22000    1.42717    0.06965    5.87484    0.05761
   1183.42000    1.43526    0.04466    5.81004    0.04056
   1187.83000    1.40138    0.08002    5.60217    0.07566
   1191.30000    1.41257    0.01888    5.37545    0.06901
   1195.69000    1.37492    0.07701    5.04471    0.07195
   1198.14000    1.33242    0.04761    5.25119    0.02900
   1200.20000    1.32017    0.01791    5.27092    0.06786
   1203.79000    1.22023    0.04125    5.46081    0.05501
   1206.08000    1.28634    0.06349    5.41716    0.06153
   1210.28000    1.24798    0.05220    5.34728    0.06904
   1213.01000    1.32045    0.06901    5.44820    0.08805
   1460.81000    1.76467    0.06452    7.74573    0.06715
   1464.28000    1.84808    0.06307    7.77432    0.03230
   1469.88000    1.87858    0.02691    8.29961    0.06957
   1473.60000    1.81618    0.04196    8.56094    0.05255
   1476.00000    1.97324    0.07280    8.48986    0.08981
   1479.96000    1.97173    0.06016    7.95897    0.05251
   1482.58000    2.07218    0.08335    7.81221    0.03602
   1485.01000    2.04691    0.06309    7.86991    0.04806
   1487.91000    1.89114    0.04324    8.27759    0.06991
   1490.80000    1.87256    0.04139    8.26043    0.04198
   1494.88000    1.92657    0.02625    8.49437    0.04007
   1498.03000    1.97392    0.05994    8.88005    0.04296
   1501.47000    2.10462    0.04940    8.67616    0.06640
   1504.61000    2.04533    0.04565    8.30233    0.02555
   1507.79000    2.09281    0.05234    8.16129    0.06142
   1511.48000    2.10667    0.04022    8.33814    0.02577
   1514.53000    1.93405    0.06931    8.13861    0.03245
   1518.35000    1.96207    0.07276    7.98249    0.06203
   1521.49000    1.94145    0.03868    7.86456    0.04237
   1524.40000    2.03754    0.04862    7.56967    0.04594
   1528.01000    1.90439    0.05657    7.55656    0.03589
   1529.48000    1.99885    0.05421    7.44083    0.05051
   1531.08000    1.93637    0.08297    7.56948    0.04171
   1532.75000    1.90361    0.06422    7.51301    0.09774
   1536.86000    1.84048    0.06644    7.52607    0.05415
   1540.43000    1.92937    0.08030    7.54289    0.05908
   1545.07000    1.84085    0.05436    7.16373    0.06886
   1547.52000    1.86754    0.05404    7.54230    0.05658
   1551.91000    1.75102    0.08318    7.38120    0.03908
   1556.46000    1.77153    0.07432    6.83161    0.04239
   1560.54000    1.85325    0.07551    7.14996    0.05582
   1564.08000    1.76023    0.05389    6.84000    0.06404
   1567.58000    1.67097    0.04583    7.08285    0.02524
   1571.82000    1.64848    0.05856    6.77956    0.04747
   1574.37000    1.67907    0.03648    6.68399    0.05877
   1579.10000    1.61889    0.07196    6.17726    0.04555
