## Time Delay Challenge light curves
##
## [time]=days, [lc]=[err]=flux in nanomaggies
##
##       time       lc_A      err_A       lc_B      err_B
##-------------------------------------------------------
      1.92000    1.25160    0.03621    0.69195    0.07440
      4.31000    1.22845    0.08104    0.50852    0.04287
      7.39000    1.25447    0.05431    0.55998    0.07062
     11.21000    1.40208    0.06338    0.62234    0.04291
     13.02000    1.28930    0.09039    0.69047    0.06016
     16.93000    1.24606    0.02829    0.56805    0.04880
     20.86000    1.20260    0.06561    0.60007    0.05056
     22.82000    1.14059    0.04220    0.61417    0.03631
     26.42000    1.29839    0.04978    0.54224    0.05563
     31.09000    1.34948    0.04702    0.67987    0.05512
     33.22000    1.25555    0.03349    0.55385    0.05319
     36.25000    1.24223    0.05815    0.47479    0.08403
     38.80000    1.23658    0.05696    0.53069    0.04253
     41.04000    1.08855    0.08228    0.60239    0.05365
     42.87000    1.23936    0.07646    0.54827    0.04489
     46.07000    1.32662    0.08375    0.58907    0.04454
     49.00000    1.24228    0.03758    0.49739    0.06917
     52.02000    1.25994    0.04695    0.51952    0.06817
     53.25000    1.30111    0.04367    0.63615    0.06801
     56.80000    1.23081    0.03213    0.67070    0.05624
     59.15000    1.25892    0.06294    0.61128    0.02485
     64.31000    1.25757    0.04974    0.52932    0.05800
     67.27000    1.27173    0.06043    0.68346    0.07294
     69.86000    1.23479    0.02036    0.63800    0.03893
     74.29000    1.21690    0.04802    0.65947    0.03887
     76.69000    1.16459    0.05888    0.57056    0.05212
     80.02000    1.26062    0.02593    0.62576    0.05773
     81.83000    1.30149    0.05088    0.55493    0.05715
     85.12000    1.27035    0.03817    0.46743    0.04889
     89.37000    1.20622    0.03802    0.65176    0.07648
     94.41000    1.23278    0.07347    0.68821    0.06573
     98.37000    1.31090    0.02888    0.60968    0.05618
    100.70000    1.37022    0.06310    0.57587    0.02222
    105.01000    1.28171    0.04832    0.51779    0.07707
    108.32000    1.36606    0.06007    0.53777    0.10445
    113.05000    1.38734    0.03459    0.63380    0.06716
    115.51000    1.39299    0.05227    0.60036    0.04420
    119.04000    1.37029    0.08380    0.58975    0.03580
    365.46000    1.38616    0.04934    0.71633    0.05020
    368.57000    1.50557    0.06745    0.55343    0.05508
    373.01000    1.31149    0.05760    0.74109    0.05181
    376.93000    1.32117    0.03449    0.67253    0.05341
    378.26000    1.31947    0.03742    0.70040    0.06364
    381.68000    1.33215    0.05396    0.60532    0.07148
    385.33000    1.38602    0.05511    0.59438    0.06610
    388.84000    1.23273    0.07079    0.69387    0.06099
    392.45000    1.25897    0.05814    0.62835    0.03304
    395.40000    1.45291    0.04525    0.64460    0.03819
    398.49000    1.45609    0.06689    0.62976    0.02987
    402.36000    1.34321    0.05891    0.65153    0.06882
    405.17000    1.24811    0.07028    0.62443    0.05142
    409.00000    1.33696    0.05775    0.62119    0.02837
    412.49000    1.34828    0.06642    0.64474    0.03745
    415.37000    1.41227    0.06520    0.63365    0.06761
    419.76000    1.45176    0.04629    0.64290    0.07602
    422.37000    1.34379    0.03870    0.58263    0.07506
    426.29000    1.30928    0.02568    0.63693    0.09851
    430.80000    1.34072    0.05479    0.63188    0.04369
    432.61000    1.32143    0.03594    0.69783    0.03844
    436.04000    1.23327    0.05099    0.65279    0.03679
    437.67000    1.35945    0.06967    0.64801    0.05166
    441.06000    1.40077    0.07290    0.68104    0.05952
    443.72000    1.29245    0.06521    0.64935    0.07505
    446.19000    1.34995    0.04225    0.77926    0.09122
    449.30000    1.28826    0.02652    0.67863    0.06056
    451.82000    1.36029    0.04776    0.60819    0.05634
    454.26000    1.26793    0.06644    0.66359    0.07306
    458.25000    1.31747    0.05287    0.63035    0.04139
    462.25000    1.26418    0.07787    0.63786    0.05468
    464.70000    1.12527    0.04022    0.56738    0.06984
    471.16000    1.17239    0.05807    0.54609    0.05114
    474.51000    1.20050    0.04138    0.52613    0.05185
    478.99000    1.19031    0.04942    0.57869    0.05142
    482.25000    1.28814    0.03596    0.51333    0.09194
    483.92000    1.32347    0.04420    0.57426    0.01528
    730.69000    1.10702    0.07664    0.49080    0.08829
    735.91000    1.12784    0.05941    0.55892    0.03624
    738.80000    1.20513    0.04374    0.56712    0.04084
    741.50000    1.20819    0.06998    0.52587    0.04926
    745.17000    1.12673    0.06476    0.62846    0.06909
    748.55000    1.17368    0.06179    0.54855    0.06552
    752.53000    1.17356    0.05553    0.53367    0.04764
    756.06000    1.17345    0.05708    0.67192    0.07946
    758.22000    1.11448    0.05709    0.56110    0.07498
    761.48000    1.19537    0.08147    0.54180    0.07806
    764.56000    1.20172    0.04005    0.55309    0.02119
    768.72000    1.22779    0.06286    0.53553    0.04406
    772.16000    1.12686    0.06946    0.54479    0.04450
    775.60000    1.18691    0.06348    0.44341    0.07044
    778.54000    1.19082    0.04648    0.53910    0.05515
    782.78000    1.17803    0.03367    0.44386    0.09211
    786.22000    1.24364    0.05164    0.57544    0.07403
    789.25000    1.14591    0.02839    0.39677    0.05991
    792.59000    1.10971    0.04753    0.67873    0.06864
    795.78000    1.12052    0.03359    0.56347    0.02458
    798.45000    1.09195    0.03011    0.67857    0.07208
    802.18000    1.08565    0.05558    0.51077    0.06107
    804.54000    1.19953    0.06888    0.50240    0.08203
    809.19000    1.13968    0.06458    0.58402    0.06844
    811.38000    1.01506    0.05635    0.55313    0.05762
    815.21000    1.02295    0.03581    0.59678    0.07650
    817.42000    0.97519    0.06153    0.50650    0.05172
    821.74000    1.03044    0.04480    0.42377    0.05222
    825.82000    1.08788    0.04180    0.53080    0.03651
    828.96000    1.04164    0.04879    0.49642    0.05717
    832.30000    1.03666    0.01106    0.51439    0.07098
    835.84000    1.11369    0.03464    0.49334    0.03779
    838.16000    1.12373    0.05761    0.44401    0.07044
    840.73000    1.01184    0.05836    0.48742    0.04192
    843.77000    1.15161    0.04567    0.57759    0.05068
    848.83000    1.05601    0.05019    0.50022    0.05628
   1095.94000    1.19410    0.04578    0.63930    0.06993
   1097.13000    1.19840    0.02325    0.64422    0.06067
   1101.50000    1.13184    0.04177    0.55210    0.07759
   1104.77000    1.16374    0.05390    0.62530    0.02108
   1108.25000    1.18606    0.03625    0.43850    0.06149
   1112.16000    1.18485    0.03480    0.54787    0.04196
   1115.56000    1.24881    0.08163    0.63953    0.06425
   1118.83000    1.27569    0.03413    0.55924    0.06344
   1122.87000    1.32771    0.03279    0.65294    0.06201
   1123.50000    1.31845    0.09373    0.50797    0.07911
   1125.81000    1.29683    0.06569    0.56963    0.06361
   1128.66000    1.34225    0.05469    0.67169    0.07427
   1130.67000    1.28274    0.05127    0.61743    0.02052
   1133.36000    1.26171    0.04514    0.66384    0.04688
   1134.49000    1.30575    0.04369    0.63183    0.05386
   1137.37000    1.23349    0.04051    0.63056    0.03027
   1139.29000    1.29128    0.04144    0.62530    0.05603
   1142.64000    1.19629    0.07185    0.66237    0.04339
   1145.66000    1.35342    0.08144    0.57139    0.04334
   1149.39000    1.25224    0.04351    0.57613    0.06423
   1153.03000    1.19063    0.06061    0.64714    0.03246
   1155.46000    1.23342    0.07242    0.53128    0.09739
   1158.50000    1.30111    0.02385    0.70134    0.05112
   1162.19000    1.27855    0.01703    0.64389    0.05072
   1164.51000    1.24567    0.04864    0.55213    0.05060
   1167.51000    1.31810    0.07185    0.69823    0.06057
   1170.68000    1.30730    0.05858    0.61396    0.06237
   1173.72000    1.04813    0.09330    0.57197    0.08895
   1177.68000    1.16225    0.05353    0.56302    0.04802
   1180.30000    1.11545    0.03751    0.55872    0.03936
   1184.60000    1.12990    0.06288    0.58876    0.05684
   1187.72000    1.19407    0.05141    0.64740    0.05044
   1190.80000    1.21310    0.09978    0.48135    0.08134
   1192.64000    1.17551    0.05094    0.53642    0.04613
   1196.22000    1.15025    0.05621    0.53222    0.04792
   1199.76000    1.19929    0.04076    0.50809    0.05857
   1203.57000    1.21533    0.03295    0.56267    0.03579
   1205.74000    1.27799    0.09540    0.71513    0.08898
   1209.37000    1.20430    0.04786    0.56522    0.04929
   1213.43000    1.15642    0.03892    0.52379    0.06144
   1460.43000    0.98715    0.04099    0.48794    0.06438
   1460.67000    1.10496    0.05469    0.45761    0.04905
   1463.41000    1.00685    0.03394    0.48721    0.03034
   1466.54000    0.99778    0.07780    0.51175    0.07036
   1470.08000    1.07466    0.03429    0.41326    0.05203
   1474.23000    1.08543    0.06963    0.51058    0.06610
   1478.80000    0.96439    0.05629    0.57416    0.05893
   1482.70000    1.07594    0.04158    0.41197    0.05134
   1484.95000    1.08272    0.06992    0.48844    0.06145
   1485.62000    1.00790    0.03620    0.49001    0.06201
   1488.10000    1.00625    0.04410    0.52473    0.05434
   1492.19000    0.98992    0.05522    0.51034    0.04363
   1496.42000    1.04226    0.04865    0.49493    0.02132
   1500.20000    0.99342    0.07763    0.56464    0.04775
   1503.32000    1.05772    0.04836    0.26202    0.08748
   1505.45000    1.01990    0.03895    0.44990    0.03719
   1509.41000    1.03488    0.04500    0.57330    0.08025
   1512.76000    1.04868    0.06537    0.47899    0.03505
   1515.90000    1.08045    0.05197    0.45386    0.06159
   1518.89000    1.04437    0.05864    0.47630    0.06708
   1521.50000    1.04963    0.05325    0.53396    0.06130
   1525.74000    1.08729    0.04944    0.43212    0.05435
   1529.73000    1.17338    0.04867    0.47941    0.05220
   1533.09000    1.05456    0.05536    0.54425    0.05560
   1537.18000    0.97923    0.04902    0.48325    0.04600
   1541.00000    1.05022    0.03857    0.59354    0.07244
   1543.39000    1.13598    0.03268    0.46141    0.04948
   1545.55000    1.04254    0.07583    0.41137    0.05392
   1547.89000    1.14061    0.05717    0.55339    0.05292
   1552.36000    1.12705    0.04601    0.48064    0.05311
   1553.71000    1.03618    0.05537    0.52018    0.05410
   1556.69000    1.05426    0.06022    0.52899    0.03752
   1558.99000    1.12694    0.08273    0.56867    0.04307
   1562.97000    1.06153    0.04653    0.49164    0.05751
   1566.58000    1.13211    0.05756    0.50052    0.03744
   1570.23000    1.09785    0.03954    0.51666    0.07173
   1571.56000    1.13186    0.03570    0.49398    0.04806
   1574.45000    1.15539    0.05206    0.47251    0.04511
   1575.60000    1.21518    0.05463    0.60131    0.07275
   1578.73000    1.10376    0.04979    0.57018    0.06257
