## Time Delay Challenge light curves
##
## [time]=days, [lc]=[err]=flux in nanomaggies
##
##       time       lc_A      err_A       lc_B      err_B
##-------------------------------------------------------
      2.91000    2.03944    0.04455    3.23366    0.04044
      5.98000    2.10553    0.05482    3.24316    0.04213
      8.67000    2.04652    0.06488    3.23761    0.04658
     10.83000    2.15643    0.04564    3.22466    0.05238
     13.49000    2.14227    0.05159    3.41605    0.06948
     15.48000    2.07828    0.06406    3.35894    0.04210
     19.16000    2.06634    0.03759    3.21857    0.02503
     22.76000    1.94158    0.06144    3.17443    0.03014
     29.09000    2.05285    0.05707    3.52048    0.06141
     32.76000    2.01204    0.05708    3.26474    0.04732
     35.26000    2.08879    0.06188    3.58395    0.08549
     39.27000    2.02563    0.04178    3.51445    0.08058
     43.09000    1.95853    0.06850    3.66196    0.03291
     46.08000    2.21463    0.08963    3.68487    0.03063
     49.09000    2.02356    0.05260    3.83450    0.04896
     52.62000    1.96046    0.04517    3.89365    0.04966
     55.04000    2.04338    0.05205    4.02621    0.05182
     59.03000    1.99246    0.07625    3.85697    0.04580
     61.16000    2.07349    0.05284    3.88287    0.04247
     64.65000    2.11205    0.04640    3.92346    0.04372
     69.05000    2.26049    0.05515    4.06044    0.03682
     72.22000    2.25644    0.03940    4.03716    0.03480
     76.88000    2.19482    0.04805    4.06899    0.04857
     79.41000    2.30134    0.03898    4.14411    0.03944
     82.13000    2.24138    0.05423    4.03357    0.07118
     84.97000    2.43973    0.04357    3.99046    0.04366
     87.62000    2.41860    0.04371    4.16897    0.06394
     90.75000    2.40542    0.02828    4.21114    0.04097
     94.06000    2.46268    0.07506    4.39387    0.06234
     95.80000    2.41178    0.04808    4.27790    0.04296
    100.13000    2.55530    0.04415    4.30730    0.04822
    102.88000    2.42480    0.05937    4.14289    0.05098
    107.26000    2.54828    0.08189    4.08734    0.05047
    111.23000    2.49346    0.06137    4.10056    0.06184
    114.73000    2.52600    0.04583    3.99688    0.04242
    119.45000    2.55147    0.04326    3.80885    0.03407
    365.16000    2.07934    0.07841    3.25136    0.07749
    366.35000    1.97789    0.03770    3.26268    0.06384
    369.45000    1.90443    0.04783    3.19914    0.04235
    371.02000    2.08896    0.05937    3.34150    0.05813
    375.26000    2.09249    0.07049    3.33670    0.04454
    377.48000    2.04636    0.05497    3.30901    0.02988
    380.25000    2.01419    0.05176    3.38280    0.04163
    383.55000    1.94733    0.04787    3.50638    0.06970
    387.43000    2.08337    0.06562    3.24934    0.04900
    388.44000    1.96393    0.06400    3.36474    0.05735
    390.72000    1.95619    0.03880    3.25587    0.04973
    393.22000    2.01181    0.06281    3.32569    0.05538
    396.81000    1.92558    0.03800    3.27223    0.04785
    399.30000    1.95022    0.06698    3.28371    0.04803
    401.93000    1.96380    0.06890    3.43191    0.04699
    404.56000    1.97352    0.04730    3.17374    0.02032
    408.29000    2.05440    0.04526    3.34181    0.07530
    411.05000    1.91050    0.06866    3.27660    0.06829
    412.68000    2.04999    0.04910    3.24955    0.07016
    415.63000    2.12142    0.05742    3.12736    0.05738
    419.10000    2.01284    0.03559    3.17672    0.03540
    422.25000    2.05845    0.03661    3.23656    0.05539
    426.42000    1.95739    0.05414    3.32050    0.04088
    431.07000    1.90376    0.07139    3.15709    0.02661
    434.75000    2.03105    0.05234    3.27527    0.05436
    436.71000    2.00886    0.06379    3.25588    0.04705
    438.61000    1.92323    0.06698    3.30805    0.04760
    441.54000    1.97605    0.01686    3.31640    0.08334
    445.49000    1.93715    0.04085    3.55044    0.07462
    447.97000    1.87956    0.04241    3.26812    0.01342
    451.28000    1.88115    0.04883    3.29470    0.02965
    454.60000    1.97723    0.04446    3.24849    0.04447
    456.49000    1.97690    0.06410    3.23041    0.04064
    460.23000    1.99254    0.05603    3.29981    0.07448
    463.35000    2.00673    0.04828    3.17951    0.06296
    465.80000    1.91388    0.05134    3.25915    0.07102
    468.21000    1.98167    0.07313    3.06138    0.02701
    472.83000    2.04710    0.03755    3.18814    0.04764
    473.80000    2.16423    0.04390    3.01029    0.04848
    478.28000    2.00577    0.05719    3.07717    0.05273
    480.90000    2.05441    0.06012    2.98379    0.04430
    731.93000    2.07890    0.05384    3.21866    0.06556
    735.59000    2.11800    0.04992    3.23998    0.08521
    738.95000    2.18147    0.04705    3.19728    0.06046
    742.58000    2.10085    0.05571    3.30629    0.03989
    745.77000    1.97328    0.04546    3.31136    0.03962
    748.31000    1.93494    0.05396    3.23896    0.05035
    752.32000    1.99831    0.06852    3.37451    0.04254
    754.98000    2.06973    0.05276    3.38832    0.07760
    758.42000    2.11739    0.05399    3.33906    0.04295
    761.15000    2.05228    0.03631    3.33016    0.06635
    763.36000    2.01180    0.09017    3.33764    0.04883
    765.81000    2.12006    0.05331    3.33241    0.03963
    768.86000    2.13827    0.05328    3.36153    0.05096
    773.36000    2.12816    0.06456    3.30605    0.04507
    779.01000    2.09519    0.04098    3.30348    0.04831
    782.05000    2.19604    0.05180    3.50173    0.07435
    784.69000    2.20626    0.04476    3.40629    0.04221
    787.51000    2.14986    0.06953    3.55180    0.06984
    789.35000    2.23781    0.06592    3.48687    0.06644
    791.97000    2.21874    0.03352    3.40159    0.08245
    793.37000    2.21123    0.06634    3.57627    0.06093
    796.43000    2.12456    0.02676    3.39006    0.05845
    798.68000    2.15773    0.04170    3.41007    0.05950
    802.07000    2.18646    0.04736    3.33839    0.04017
    804.11000    2.02484    0.05640    3.42809    0.03722
    807.15000    2.13713    0.06131    3.42090    0.05109
    809.93000    2.20179    0.04132    3.22420    0.07405
    811.50000    2.17581    0.06541    3.21301    0.04181
    815.66000    2.20263    0.03403    3.13685    0.08034
    820.06000    2.28302    0.01070    3.00190    0.05265
    822.49000    2.28591    0.03005    2.90807    0.06432
    825.28000    2.32463    0.06412    2.92012    0.05266
    826.73000    2.31112    0.07219    2.88895    0.03729
    830.20000    2.29987    0.04190    2.87585    0.05780
    833.32000    2.27316    0.06292    2.87671    0.05419
    837.12000    2.20015    0.05642    2.99156    0.05289
    841.43000    2.14066    0.07475    2.95215    0.05399
    844.26000    2.15708    0.07607    3.00281    0.06515
    846.89000    2.02166    0.03259    3.06093    0.05519
   1099.83000    1.43222    0.04951    2.70920    0.05652
   1103.20000    1.56739    0.04414    2.56782    0.07482
   1107.01000    1.63285    0.06024    2.66750    0.03086
   1109.66000    1.68831    0.07336    2.64325    0.07026
   1111.85000    1.61086    0.02235    2.48599    0.06116
   1114.13000    1.60151    0.06643    2.58291    0.05668
   1116.34000    1.60786    0.02557    2.55131    0.03951
   1118.88000    1.69165    0.03289    2.60015    0.08352
   1123.17000    1.68158    0.04324    2.49469    0.03951
   1126.77000    1.66939    0.05931    2.44293    0.05461
   1129.15000    1.69853    0.03338    2.43892    0.02696
   1131.82000    1.78419    0.06507    2.47285    0.05144
   1133.95000    1.67342    0.06754    2.45995    0.05695
   1136.86000    1.67401    0.05403    2.38453    0.05113
   1139.30000    1.76636    0.01379    2.30722    0.03802
   1143.45000    1.61074    0.04329    2.35832    0.05354
   1146.07000    1.62244    0.06537    2.42448    0.04938
   1147.56000    1.68345    0.05529    2.32763    0.03033
   1151.78000    1.67581    0.05090    2.42678    0.02298
   1156.10000    1.67057    0.06973    2.45768    0.05493
   1158.69000    1.61895    0.03142    2.41292    0.04497
   1161.70000    1.63203    0.01560    2.46120    0.03185
   1163.48000    1.61990    0.05464    2.47387    0.07094
   1167.37000    1.64294    0.05698    2.66697    0.07444
   1169.19000    1.61642    0.01436    2.58177    0.05928
   1172.79000    1.45065    0.03207    2.50347    0.03614
   1175.08000    1.49409    0.04449    2.58886    0.06454
   1178.63000    1.59598    0.10223    2.49561    0.06524
   1180.98000    1.72035    0.06546    2.49694    0.06071
   1183.47000    1.69392    0.04115    2.49006    0.06094
   1186.37000    1.63606    0.06664    2.69065    0.06520
   1190.09000    1.58137    0.03055    2.56448    0.05160
   1193.53000    1.69180    0.06273    2.49088    0.08070
   1194.28000    1.70720    0.02275    2.42370    0.02894
   1199.32000    1.80180    0.07420    2.58376    0.07361
   1202.74000    1.75953    0.02882    2.64773    0.05114
   1207.13000    1.74942    0.06281    2.59051    0.07370
   1210.56000    1.68253    0.06552    2.55766    0.06312
   1214.20000    1.59111    0.06051    2.55979    0.06062
   1460.37000    1.96936    0.06780    2.97193    0.02840
   1463.65000    2.11205    0.04659    2.88339    0.02988
   1466.07000    2.02816    0.06704    2.86933    0.06005
   1470.02000    2.05824    0.04925    2.76752    0.06917
   1473.71000    1.99408    0.06958    2.87113    0.06271
   1475.52000    2.05348    0.04678    2.90837    0.03183
   1478.10000    2.05072    0.04989    3.01164    0.07026
   1482.63000    1.95936    0.05411    2.79944    0.07477
   1486.69000    2.04035    0.03059    2.85039    0.04380
   1489.41000    2.12401    0.04823    2.82788    0.07792
   1493.89000    1.92621    0.08547    3.00915    0.05965
   1497.11000    2.07370    0.05675    3.07872    0.04240
   1499.31000    2.02875    0.06474    3.04722    0.07779
   1502.95000    1.95519    0.03846    3.10413    0.04759
   1505.28000    1.98838    0.03353    3.06569    0.04192
   1508.94000    1.96124    0.07326    3.15125    0.04188
   1511.37000    2.07928    0.06638    3.07380    0.03816
   1516.04000    2.09008    0.06199    3.08919    0.04449
   1521.53000    1.96031    0.07271    3.26365    0.06573
   1524.93000    2.06544    0.03557    3.32732    0.02205
   1527.36000    2.03561    0.06027    3.30727    0.05357
   1530.53000    2.14400    0.06179    3.22609    0.05815
   1533.76000    2.15703    0.06663    3.41594    0.05698
   1536.74000    2.01655    0.05256    3.41038    0.00977
   1540.36000    2.21302    0.05685    3.49069    0.03455
   1542.81000    2.20141    0.07920    3.44991    0.06255
   1544.97000    2.23238    0.07219    3.10669    0.07109
   1546.35000    2.18815    0.04581    3.37363    0.07103
   1548.15000    2.14864    0.03919    3.21095    0.06725
   1551.31000    2.19231    0.03451    3.32718    0.08900
   1554.88000    2.20839    0.06482    3.30718    0.07140
   1558.04000    2.25087    0.04119    3.36912    0.07153
   1560.74000    2.24244    0.06759    3.27711    0.05013
   1562.51000    2.31759    0.03618    3.28363    0.04420
   1564.20000    2.43457    0.08549    3.31504    0.06005
   1566.97000    2.30015    0.05382    3.39599    0.05256
   1571.77000    2.42080    0.03063    3.45818    0.05790
   1574.97000    2.41817    0.02857    3.62988    0.04342
   1578.51000    2.26590    0.06306    3.46226    0.03903
