## Time Delay Challenge light curves
##
## [time]=days, [lc]=[err]=flux in nanomaggies
##
##       time       lc_A      err_A       lc_B      err_B
##-------------------------------------------------------
      0.13000    1.43498    0.06179    0.37916    0.08851
      2.54000    1.40407    0.05521    0.37961    0.03936
      5.71000    1.52299    0.04459    0.30874    0.05933
      7.94000    1.42496    0.07520    0.31453    0.05234
     10.59000    1.53237    0.03510    0.31107    0.03874
     14.76000    1.51304    0.04533    0.41375    0.04199
     18.09000    1.48233    0.02392    0.35125    0.03634
     21.65000    1.42917    0.04296    0.34660    0.04846
     23.50000    1.46457    0.02455    0.40108    0.06041
     27.24000    1.52351    0.04343    0.39431    0.06614
     30.54000    1.48080    0.05139    0.38040    0.06681
     34.66000    1.35465    0.06599    0.39209    0.04796
     36.45000    1.45818    0.03977    0.45328    0.06504
     39.16000    1.29638    0.05128    0.41792    0.04374
     40.98000    1.35418    0.04686    0.28740    0.04603
     44.04000    1.46307    0.03266    0.36668    0.04295
     47.60000    1.45938    0.04595    0.35784    0.03829
     51.87000    1.39155    0.03531    0.40325    0.03946
     55.75000    1.39490    0.08100    0.26920    0.05935
     58.03000    1.52583    0.04791    0.30966    0.05757
     61.36000    1.57896    0.07042    0.35038    0.02587
     64.92000    1.41831    0.05696    0.37398    0.03674
     65.77000    1.48894    0.02613    0.24558    0.06901
     67.70000    1.49752    0.06398    0.28818    0.06054
     69.77000    1.36891    0.03881    0.28620    0.05699
     74.96000    1.32173    0.06318    0.37774    0.07593
     76.30000    1.19578    0.06834    0.34423    0.05751
     80.44000    1.29357    0.02853    0.26123    0.07093
     84.05000    1.15647    0.04565    0.38035    0.03184
     86.77000    1.25842    0.04318    0.34244    0.05963
     89.09000    1.29377    0.04178    0.25052    0.06635
     90.70000    1.38869    0.05882    0.36008    0.05932
     94.64000    1.32424    0.03958    0.25826    0.07189
     97.32000    1.37510    0.04850    0.26441    0.03634
    100.70000    1.40211    0.02208    0.22137    0.06695
    104.80000    1.40131    0.05024    0.32147    0.05583
    107.19000    1.31437    0.02934    0.39729    0.07130
    109.79000    1.24323    0.03856    0.28378    0.08437
    111.80000    1.31913    0.07261    0.34706    0.06150
    113.86000    1.30935    0.02336    0.30588    0.05770
    118.04000    1.33255    0.03125    0.31847    0.03704
    367.66000    1.19152    0.04257    0.32028    0.07299
    371.10000    1.33392    0.04363    0.22825    0.03039
    374.90000    1.24409    0.05065    0.33079    0.06899
    377.26000    1.18642    0.05374    0.24755    0.03881
    380.05000    1.23076    0.04220    0.30260    0.08220
    383.92000    1.21077    0.01879    0.32123    0.06058
    386.96000    1.23733    0.06004    0.16749    0.06449
    391.78000    1.00967    0.06977    0.30327    0.03845
    394.76000    1.10620    0.01437    0.27972    0.06282
    397.59000    1.17228    0.05531    0.30510    0.05130
    400.47000    1.10164    0.02276    0.15960    0.05526
    403.45000    1.11905    0.03316    0.22794    0.05379
    406.90000    1.10263    0.06512    0.17459    0.06629
    409.60000    1.08207    0.05187    0.28156    0.04335
    413.13000    1.13360    0.05874    0.22461    0.03746
    416.19000    1.08874    0.05689    0.17328    0.05470
    416.68000    1.00451    0.07198    0.23247    0.04869
    420.69000    1.20415    0.03145    0.28595    0.04446
    422.05000    1.19782    0.05505    0.28603    0.03041
    426.05000    1.12264    0.05067    0.23991    0.05639
    430.06000    1.17149    0.05652    0.28294    0.05207
    432.71000    1.12707    0.05426    0.15389    0.06210
    436.31000    1.29840    0.08070    0.30173    0.04595
    441.57000    1.28370    0.07220    0.23613    0.03312
    444.79000    1.24250    0.05997    0.27369    0.05368
    448.81000    1.26914    0.07137    0.25141    0.02019
    454.01000    1.28102    0.04228    0.33974    0.07182
    457.64000    1.22314    0.04721    0.25561    0.07356
    462.45000    1.20898    0.05165    0.27900    0.03503
    467.15000    1.30559    0.03974    0.35471    0.06542
    471.31000    1.26235    0.07156    0.26344    0.04153
    474.52000    1.25494    0.06351    0.26139    0.05280
    478.14000    1.32744    0.06763    0.32029    0.04730
    481.84000    1.37055    0.03939    0.23359    0.04882
    484.82000    1.29792    0.06543    0.24982    0.03854
    733.82000    1.56362    0.05117    0.42378    0.05248
    736.53000    1.55171    0.04038    0.37765    0.03966
    737.96000    1.51615    0.05899    0.32547    0.03895
    738.40000    1.60329    0.04043    0.45489    0.05711
    742.20000    1.48446    0.06675    0.30932    0.02496
    745.29000    1.51948    0.06348    0.35427    0.02166
    748.11000    1.55914    0.06048    0.33006    0.06861
    748.94000    1.48317    0.05258    0.30675    0.05926
    751.58000    1.41005    0.05515    0.32442    0.05927
    757.23000    1.49464    0.02948    0.36511    0.05463
    760.24000    1.52126    0.02905    0.36238    0.03873
    764.18000    1.40588    0.05348    0.24348    0.05054
    764.47000    1.40823    0.03778    0.34654    0.06602
    768.48000    1.43506    0.05348    0.34450    0.05518
    772.13000    1.38759    0.04841    0.32466    0.07272
    773.85000    1.25234    0.07961    0.37915    0.05255
    775.72000    1.40265    0.01677    0.34553    0.07616
    779.04000    1.40492    0.06559    0.35932    0.08300
    781.48000    1.40223    0.07575    0.31794    0.05325
    783.67000    1.34946    0.06101    0.20132    0.05262
    787.55000    1.34472    0.03581    0.34436    0.04889
    792.69000    1.28926    0.06384    0.22138    0.05056
    795.49000    1.31797    0.03960    0.34148    0.02258
    800.01000    1.25454    0.03813    0.35248    0.06753
    803.44000    1.31498    0.02893    0.31019    0.05525
    807.08000    1.45307    0.06687    0.27621    0.05429
    811.42000    1.32268    0.06177    0.33338    0.04558
    814.82000    1.37709    0.05372    0.28002    0.04447
    818.11000    1.39836    0.04512    0.29196    0.03466
    820.30000    1.38904    0.04049    0.30052    0.05801
    823.18000    1.44828    0.03835    0.24214    0.06075
    826.58000    1.37252    0.05842    0.28203    0.04428
    828.04000    1.40735    0.06657    0.27268    0.06085
    830.84000    1.45924    0.04675    0.24751    0.05529
    833.88000    1.34025    0.06060    0.31646    0.07665
    836.68000    1.43554    0.03937    0.44528    0.05367
    839.97000    1.40645    0.03373    0.33293    0.04561
    841.65000    1.48037    0.05495    0.40005    0.07419
    843.99000    1.44442    0.04962    0.34441    0.03391
    846.72000    1.41882    0.03429    0.29867    0.05701
    849.28000    1.51900    0.06289    0.29078    0.04628
   1096.11000    1.33347    0.03589    0.40883    0.03081
   1097.95000    1.29757    0.05592    0.37973    0.05360
   1102.42000    1.31865    0.06628    0.31911    0.06029
   1104.09000    1.27778    0.05752    0.35324    0.03921
   1107.62000    1.39941    0.05982    0.35187    0.05408
   1110.43000    1.28305    0.03338    0.33288    0.06449
   1114.22000    1.26219    0.03637    0.36214    0.05297
   1117.53000    1.28453    0.05332    0.40439    0.06033
   1119.44000    1.31826    0.05843    0.32939    0.03615
   1122.38000    1.36812    0.06139    0.30043    0.05098
   1124.34000    1.29704    0.05106    0.23161    0.05599
   1127.75000    1.36786    0.04273    0.33088    0.05971
   1131.11000    1.31007    0.05393    0.34989    0.03500
   1132.58000    1.36483    0.02004    0.35147    0.03996
   1135.03000    1.38636    0.04344    0.27854    0.01259
   1139.66000    1.39304    0.05278    0.19438    0.04591
   1144.08000    1.41936    0.05181    0.31893    0.05226
   1146.83000    1.42324    0.08593    0.31812    0.04730
   1149.34000    1.40527    0.06462    0.32135    0.03846
   1151.08000    1.30400    0.05328    0.34243    0.04183
   1153.97000    1.46408    0.05639    0.32067    0.04062
   1155.08000    1.33966    0.07280    0.22019    0.06073
   1157.07000    1.46258    0.04920    0.28571    0.06520
   1159.12000    1.42272    0.05816    0.33339    0.04865
   1160.64000    1.47785    0.07028    0.42639    0.07103
   1162.09000    1.42422    0.07523    0.35430    0.05921
   1166.38000    1.31882    0.06312    0.30922    0.06786
   1169.32000    1.26147    0.08352    0.42427    0.06316
   1171.43000    1.35896    0.03431    0.30998    0.05861
   1172.72000    1.38570    0.03229    0.27806    0.04891
   1174.03000    1.40401    0.07448    0.39983    0.06708
   1176.60000    1.28362    0.02420    0.30606    0.04585
   1181.41000    1.29658    0.06745    0.38454    0.07229
   1183.26000    1.30087    0.05423    0.29121    0.04538
   1187.30000    1.11415    0.07408    0.33943    0.02381
   1189.22000    1.18383    0.03478    0.39480    0.05006
   1192.15000    1.15201    0.05561    0.28304    0.06872
   1194.23000    1.22160    0.00301    0.34734    0.07896
   1195.81000    1.20958    0.03227    0.31201    0.02490
   1199.89000    1.23553    0.01322    0.21906    0.03699
   1202.63000    1.29635    0.05502    0.24788    0.06165
   1207.31000    1.35729    0.07324    0.27490    0.06258
   1211.54000    1.15920    0.04560    0.30595    0.02782
   1213.36000    1.02232    0.04210    0.27873    0.03816
   1461.17000    1.37893    0.04877    0.19076    0.05396
   1465.07000    1.39566    0.05109    0.27808    0.01103
   1469.95000    1.38255    0.05662    0.25595    0.03673
   1473.38000    1.15477    0.04781    0.24766    0.04389
   1476.83000    1.26319    0.05330    0.27748    0.03113
   1478.82000    1.30155    0.05668    0.35237    0.04932
   1481.96000    1.27726    0.05256    0.34866    0.03029
   1485.56000    1.35565    0.02980    0.27855    0.04139
   1487.73000    1.23981    0.08373    0.29613    0.04108
   1490.98000    1.32103    0.05335    0.28796    0.04868
   1491.68000    1.36505    0.05201    0.20141    0.05232
   1495.29000    1.43263    0.08001    0.30697    0.07692
   1498.54000    1.29097    0.05194    0.29651    0.04055
   1500.31000    1.44231    0.07806    0.26340    0.01670
   1504.32000    1.33572    0.03568    0.30669    0.04948
   1506.30000    1.33050    0.04990    0.34101    0.05491
   1510.20000    1.38837    0.05865    0.28757    0.06482
   1514.58000    1.49079    0.05392    0.25566    0.04340
   1516.52000    1.32396    0.04634    0.30200    0.05362
   1520.83000    1.48684    0.04820    0.37274    0.06031
   1521.71000    1.27335    0.08053    0.30824    0.02019
   1524.77000    1.42012    0.06870    0.37942    0.05616
   1526.33000    1.46435    0.06493    0.36698    0.04063
   1527.92000    1.50641    0.05705    0.30901    0.06138
   1531.19000    1.46218    0.04464    0.24198    0.04091
   1535.49000    1.56522    0.08706    0.35065    0.04493
   1538.26000    1.53838    0.05976    0.32290    0.05360
   1541.24000    1.45571    0.05720    0.36632    0.04694
   1544.92000    1.44199    0.04846    0.31664    0.04715
   1548.16000    1.47356    0.01728    0.27230    0.07556
   1551.14000    1.43554    0.05694    0.36412    0.06881
   1554.36000    1.50592    0.06120    0.38707    0.04996
   1559.75000    1.41646    0.03299    0.23366    0.03806
   1561.68000    1.44497    0.04445    0.50096    0.07850
   1564.65000    1.51693    0.04711    0.30792    0.06618
   1565.55000    1.50548    0.00983    0.31566    0.06670
   1570.06000    1.46815    0.04480    0.27990    0.04931
   1573.74000    1.50223    0.06303    0.32861    0.03882
   1576.82000    1.57085    0.04208    0.36469    0.04072
