## Time Delay Challenge light curves
##
## [time]=days, [lc]=[err]=flux in nanomaggies
##
##       time       lc_A      err_A       lc_B      err_B
##-------------------------------------------------------
      1.71000    0.58887    0.07808    0.98457    0.02383
      5.49000    0.52394    0.04381    0.95798    0.04813
      7.96000    0.68007    0.04464    0.97249    0.04698
     11.53000    0.59002    0.06001    0.97502    0.03438
     15.00000    0.61226    0.02209    0.97543    0.06824
     16.74000    0.53119    0.05617    1.01765    0.03223
     20.55000    0.58474    0.02974    0.94245    0.04702
     24.17000    0.56857    0.03973    0.84711    0.07806
     26.65000    0.61263    0.06198    0.89124    0.05569
     30.54000    0.55177    0.08662    0.92035    0.04854
     34.42000    0.62136    0.05090    0.96228    0.05996
     36.92000    0.52102    0.07884    1.03457    0.07007
     41.04000    0.43368    0.05172    0.95877    0.04331
     43.75000    0.60381    0.07383    0.89239    0.04195
     44.96000    0.43864    0.04930    0.91334    0.07856
     48.04000    0.57433    0.04495    0.93080    0.04158
     51.56000    0.46026    0.05178    1.00255    0.04245
     54.88000    0.51332    0.07536    0.92687    0.03215
     58.28000    0.45141    0.04674    0.83676    0.10083
     60.38000    0.53775    0.04947    0.94593    0.03753
     63.06000    0.55519    0.03643    0.99718    0.07401
     65.68000    0.46932    0.07237    0.95025    0.07315
     69.11000    0.41115    0.06893    0.99084    0.06817
     71.94000    0.44100    0.05327    0.94163    0.08162
     75.71000    0.56820    0.05098    0.87777    0.05197
     80.41000    0.55490    0.05946    0.93117    0.05333
     84.48000    0.37070    0.06540    0.96489    0.03182
     87.48000    0.53697    0.07747    0.97679    0.05720
     91.91000    0.47314    0.05050    0.91662    0.06148
     95.97000    0.49136    0.04929    0.98709    0.03360
     97.50000    0.49006    0.05629    1.06826    0.08677
     98.52000    0.52829    0.02881    0.93087    0.03626
     99.09000    0.49356    0.03408    0.96679    0.05624
    104.59000    0.52982    0.07406    0.93486    0.05136
    106.49000    0.57246    0.06981    0.95918    0.03691
    110.89000    0.50265    0.02987    1.10261    0.06355
    113.07000    0.50562    0.04726    0.98508    0.05432
    117.46000    0.57302    0.06483    0.92517    0.05034
    119.44000    0.48530    0.07136    0.93842    0.03910
    366.85000    0.55620    0.05489    0.96883    0.05867
    370.69000    0.46900    0.02628    0.90986    0.05042
    371.84000    0.62307    0.06688    0.94370    0.05041
    373.90000    0.52504    0.03706    1.00364    0.05540
    375.91000    0.45541    0.07038    0.86799    0.06225
    378.91000    0.56347    0.04986    0.96697    0.02788
    381.25000    0.61960    0.07851    0.98115    0.05387
    383.56000    0.48946    0.03613    0.88778    0.06019
    386.32000    0.43458    0.06269    0.96551    0.01568
    388.27000    0.55262    0.04916    0.95973    0.04473
    391.04000    0.48073    0.06772    0.91740    0.04281
    394.84000    0.59035    0.06280    0.86275    0.06607
    397.98000    0.42233    0.08524    0.96006    0.03387
    401.27000    0.55598    0.02836    0.84807    0.08729
    404.12000    0.55619    0.06170    0.98901    0.03987
    406.46000    0.60435    0.03845    0.90607    0.06834
    408.89000    0.50949    0.02266    0.85463    0.05456
    412.27000    0.58446    0.07027    0.99400    0.06007
    414.47000    0.53929    0.04598    0.95048    0.04929
    418.17000    0.52933    0.04750    0.95231    0.05704
    420.22000    0.54141    0.03447    0.96871    0.05682
    423.45000    0.60587    0.05110    0.87791    0.04487
    425.38000    0.57014    0.02804    1.02528    0.08700
    428.91000    0.60685    0.05388    0.86653    0.05535
    432.78000    0.53086    0.07048    0.93521    0.06182
    436.42000    0.57230    0.03062    0.91856    0.04896
    438.32000    0.59620    0.07417    0.84265    0.05147
    441.33000    0.56268    0.07896    0.95665    0.06627
    445.47000    0.54027    0.03338    0.79523    0.05424
    450.45000    0.63939    0.03919    0.83969    0.04592
    453.51000    0.57616    0.05524    0.88648    0.01455
    455.99000    0.57361    0.06262    0.83215    0.05068
    458.77000    0.56370    0.05080    0.88656    0.06824
    461.87000    0.61680    0.06418    0.85097    0.05704
    465.20000    0.58433    0.04622    0.87572    0.03949
    467.56000    0.58688    0.04657    0.85440    0.02910
    471.09000    0.57164    0.05223    0.81989    0.05965
    474.77000    0.72844    0.06522    0.78331    0.05940
    479.06000    0.60310    0.07026    0.86201    0.01555
    481.21000    0.53170    0.06131    0.93850    0.04989
    483.16000    0.57384    0.06184    0.94014    0.04518
    732.25000    0.50192    0.06030    0.86915    0.01952
    735.12000    0.49476    0.03353    0.93194    0.07312
    738.98000    0.52795    0.04882    0.84020    0.05041
    744.26000    0.58695    0.04994    0.88762    0.07116
    747.71000    0.52631    0.00139    0.90641    0.05840
    750.52000    0.50807    0.01802    0.95336    0.08766
    754.95000    0.53282    0.05388    0.86911    0.05667
    757.90000    0.59327    0.06008    0.90286    0.04629
    763.51000    0.49534    0.03865    0.93344    0.05484
    765.99000    0.54121    0.03701    0.95611    0.07654
    768.67000    0.51961    0.03530    0.93447    0.05639
    770.10000    0.48351    0.07268    0.87770    0.06461
    771.94000    0.50099    0.05227    0.97247    0.05571
    776.94000    0.53103    0.04825    0.86217    0.04126
    778.50000    0.54864    0.06505    0.92802    0.02677
    782.27000    0.51446    0.05441    0.91503    0.02212
    785.56000    0.49246    0.03523    0.92239    0.03681
    788.30000    0.62875    0.04016    0.90885    0.05095
    792.02000    0.52611    0.06192    0.92951    0.04468
    795.65000    0.49411    0.04679    0.86182    0.03150
    796.77000    0.60184    0.07495    0.88204    0.05784
    799.51000    0.55046    0.02991    0.86056    0.04313
    803.62000    0.44347    0.07570    0.91671    0.03041
    806.28000    0.63189    0.04347    0.91723    0.04447
    810.42000    0.53895    0.04967    0.92873    0.03175
    813.35000    0.55038    0.06625    0.89639    0.05487
    816.00000    0.57728    0.05404    0.95153    0.05915
    820.34000    0.53671    0.07475    0.92840    0.04778
    822.46000    0.58312    0.07427    0.86616    0.06071
    826.11000    0.58924    0.06374    0.89405    0.06596
    829.33000    0.59501    0.04518    0.93769    0.04888
    832.53000    0.66151    0.06360    0.97253    0.05330
    836.51000    0.61370    0.05866    0.95869    0.05160
    838.64000    0.59698    0.07836    0.95317    0.03433
    841.64000    0.62725    0.05797    1.01343    0.04718
    844.24000    0.62783    0.06147    1.01496    0.02928
    847.67000    0.57653    0.03656    0.84606    0.05971
   1097.88000    0.55484    0.07108    0.98311    0.05082
   1101.20000    0.44154    0.03053    1.05401    0.05542
   1103.82000    0.53532    0.06958    0.87641    0.05918
   1107.16000    0.46119    0.03132    0.97324    0.03745
   1111.81000    0.51006    0.05240    0.97288    0.04801
   1112.90000    0.43914    0.02324    0.91800    0.06780
   1116.26000    0.38989    0.04607    0.91703    0.05027
   1117.41000    0.52390    0.07518    0.86358    0.05653
   1120.70000    0.51232    0.03097    0.99150    0.04196
   1122.35000    0.49397    0.04013    0.97084    0.04184
   1124.53000    0.53558    0.03683    1.03157    0.05807
   1129.03000    0.53488    0.02937    0.93983    0.04716
   1131.35000    0.55294    0.06118    1.06630    0.05671
   1134.78000    0.50441    0.07468    0.90425    0.05314
   1137.31000    0.63689    0.04630    0.99902    0.05702
   1140.70000    0.42054    0.06310    0.84478    0.06349
   1144.25000    0.54998    0.03847    0.94373    0.07629
   1146.64000    0.53277    0.04252    0.92999    0.03346
   1149.14000    0.47988    0.05261    0.92034    0.06247
   1151.60000    0.73486    0.07202    0.97125    0.05276
   1153.38000    0.59982    0.06389    0.78452    0.05936
   1155.32000    0.53140    0.04869    0.98557    0.05240
   1157.55000    0.52979    0.06196    0.93950    0.01931
   1159.81000    0.58377    0.05164    0.91586    0.04420
   1160.88000    0.47174    0.05945    1.01475    0.05172
   1165.10000    0.53011    0.02892    1.13282    0.06692
   1169.05000    0.50938    0.01765    0.90124    0.04896
   1171.21000    0.41041    0.05158    1.03079    0.06269
   1174.13000    0.66267    0.06872    1.03114    0.07018
   1175.99000    0.51904    0.04264    0.99215    0.07665
   1179.60000    0.52980    0.05262    0.93402    0.03987
   1182.04000    0.50351    0.05812    0.99450    0.06404
   1184.98000    0.51412    0.05567    0.97459    0.06169
   1189.29000    0.58261    0.06853    0.85467    0.04092
   1191.96000    0.45577    0.07175    0.84718    0.05683
   1195.07000    0.40466    0.07563    0.91705    0.03595
   1197.45000    0.41310    0.04968    0.89357    0.03346
   1200.49000    0.55546    0.02802    0.84316    0.03656
   1202.33000    0.55353    0.03936    0.91511    0.04205
   1205.13000    0.39090    0.05160    0.88008    0.08502
   1206.71000    0.53704    0.03953    0.90977    0.03043
   1210.73000    0.45957    0.06314    0.90063    0.09204
   1213.66000    0.44206    0.07218    0.84127    0.04833
   1461.83000    0.49260    0.03045    1.04441    0.04560
   1464.44000    0.49044    0.05374    1.09143    0.04402
   1465.91000    0.44572    0.07044    0.99586    0.04932
   1468.30000    0.46725    0.03980    1.08223    0.06901
   1470.84000    0.49223    0.04311    1.05682    0.02430
   1474.85000    0.53803    0.07191    1.03877    0.04741
   1478.59000    0.54009    0.03857    0.97618    0.03476
   1482.76000    0.54336    0.09204    1.02664    0.04396
   1485.84000    0.41389    0.07458    1.06883    0.05672
   1487.48000    0.53323    0.06487    0.98374    0.02267
   1492.35000    0.52711    0.04042    0.96153    0.04352
   1495.00000    0.53646    0.03005    1.03219    0.06352
   1497.76000    0.56365    0.06302    0.87023    0.06424
   1501.26000    0.50162    0.07455    0.90699    0.06403
   1504.85000    0.50042    0.06173    0.95328    0.07117
   1507.52000    0.53766    0.02732    0.95719    0.06831
   1511.40000    0.43253    0.08034    1.00393    0.05794
   1513.05000    0.54559    0.05705    0.83682    0.05418
   1516.17000    0.53986    0.03463    0.93272    0.02222
   1519.84000    0.51810    0.04558    0.88523    0.07107
   1523.70000    0.43570    0.05981    0.91241    0.03034
   1528.60000    0.48746    0.03473    0.79964    0.04890
   1530.85000    0.54786    0.06254    0.86606    0.08318
   1534.25000    0.60145    0.06207    0.82546    0.04377
   1537.99000    0.48936    0.04460    0.86096    0.05245
   1542.46000    0.61418    0.06151    0.87483    0.05768
   1545.08000    0.48180    0.07617    0.81331    0.02947
   1547.94000    0.52059    0.04807    0.88779    0.04505
   1552.10000    0.51249    0.07928    0.75127    0.06631
   1553.38000    0.46289    0.05172    0.98634    0.06801
   1556.70000    0.49587    0.04303    0.80116    0.05500
   1559.59000    0.47239    0.02697    0.83674    0.06483
   1563.00000    0.52501    0.06472    0.80911    0.06670
   1566.35000    0.48493    0.06743    0.94680    0.04858
   1570.34000    0.57490    0.05831    0.90542    0.05010
   1573.45000    0.45422    0.05768    0.89667    0.07027
   1577.83000    0.55783    0.05666    0.90488    0.05553
