## Time Delay Challenge light curves
##
## [time]=days, [lc]=[err]=flux in nanomaggies
##
##       time       lc_A      err_A       lc_B      err_B
##-------------------------------------------------------
      0.60000    2.78478    0.04186    1.94344    0.06602
      3.91000    2.73120    0.04584    2.04845    0.04149
      4.95000    2.64234    0.02484    2.11230    0.02672
      6.11000    2.67512    0.07188    2.10491    0.05143
      9.19000    3.12459    0.06022    1.95514    0.02464
     13.21000    3.19064    0.08512    1.95635    0.06065
     16.46000    3.30870    0.06014    1.80128    0.04895
     19.81000    3.35342    0.06648    1.87863    0.08431
     23.19000    3.32339    0.07730    1.96685    0.03762
     27.19000    3.54843    0.05648    2.12144    0.05005
     28.49000    3.57856    0.04885    1.97872    0.02471
     30.71000    3.53295    0.06217    1.93165    0.05056
     32.86000    3.22785    0.05623    1.98609    0.04736
     35.97000    3.37325    0.02295    2.31937    0.06966
     39.85000    3.19639    0.05506    2.32741    0.06477
     41.86000    2.84818    0.06888    2.40047    0.05499
     44.60000    2.93411    0.04342    2.41382    0.03488
     48.13000    3.12150    0.04043    2.31940    0.04074
     50.49000    3.34390    0.03381    2.32620    0.07406
     53.76000    3.37729    0.06141    2.55798    0.06325
     56.24000    3.21568    0.04760    2.41277    0.06159
     59.56000    3.19524    0.05279    2.35306    0.02048
     63.53000    3.19053    0.05933    2.46190    0.04006
     66.60000    3.01902    0.05750    2.24222    0.05088
     69.18000    3.16366    0.04421    2.12222    0.03164
     72.49000    3.06981    0.04278    2.20202    0.06035
     75.52000    2.92712    0.04671    2.28337    0.04756
     79.20000    2.88286    0.07042    2.35512    0.03926
     81.13000    2.73313    0.07681    2.36898    0.05871
     85.14000    2.55271    0.03120    2.32383    0.01135
     88.92000    2.58505    0.04921    2.24114    0.04666
     92.36000    2.42375    0.03866    2.11484    0.08238
     95.15000    2.10884    0.05141    2.18570    0.05660
     97.85000    2.19417    0.05447    2.23663    0.07567
    101.19000    2.33660    0.05325    2.07391    0.03641
    104.45000    2.19608    0.04789    2.12348    0.06366
    106.73000    2.19895    0.05316    1.98870    0.07485
    110.22000    2.28022    0.06734    1.81802    0.06886
    112.87000    2.11559    0.04809    1.81750    0.04019
    116.40000    2.20661    0.07655    1.64408    0.04167
    118.70000    2.16844    0.07523    1.63178    0.03596
    365.58000    2.01312    0.02418    1.59397    0.05318
    367.76000    2.23871    0.04084    1.69522    0.05206
    369.73000    2.13166    0.03664    1.80931    0.05740
    372.70000    2.21633    0.07251    1.53818    0.08235
    376.45000    2.13471    0.03528    1.59179    0.07755
    379.85000    2.41858    0.06521    1.50763    0.04633
    383.08000    2.54698    0.08480    1.53446    0.04610
    386.38000    2.42301    0.05201    1.47202    0.04152
    389.69000    2.35056    0.04862    1.46000    0.05630
    393.18000    2.51524    0.05557    1.67164    0.04616
    394.83000    2.54513    0.05607    1.59558    0.04980
    399.11000    2.55753    0.06114    1.52826    0.06009
    401.65000    2.45560    0.04956    1.60679    0.02718
    403.78000    2.28339    0.05068    1.74282    0.07771
    406.79000    2.14198    0.05275    1.88947    0.07872
    411.46000    2.27714    0.01935    1.64887    0.04241
    414.94000    2.25512    0.06679    1.70047    0.05702
    418.13000    2.24697    0.08196    1.92257    0.04935
    421.75000    2.22741    0.06638    1.86520    0.04452
    424.26000    2.07146    0.04733    1.93325    0.06740
    428.44000    2.27371    0.07708    1.84758    0.06109
    430.42000    2.33938    0.03817    1.77445    0.06651
    432.63000    2.23652    0.04685    1.80899    0.06547
    437.25000    2.21979    0.04547    1.68760    0.04648
    442.22000    2.06286    0.03987    1.79570    0.05542
    445.07000    1.87632    0.04990    1.60857    0.06241
    449.08000    1.90268    0.04125    1.60459    0.04954
    453.98000    2.13017    0.04778    1.73057    0.03680
    456.64000    2.08302    0.04987    1.86300    0.08391
    458.97000    1.99578    0.07861    1.75931    0.03561
    461.92000    1.98057    0.03851    1.67738    0.03872
    464.91000    2.38641    0.06925    1.70984    0.03226
    467.97000    2.55034    0.06196    1.57516    0.06260
    469.48000    2.29433    0.05370    1.48365    0.04351
    471.33000    2.32806    0.04519    1.49686    0.04516
    474.65000    2.48271    0.05667    1.52361    0.03185
    477.70000    2.50329    0.04490    1.54769    0.03624
    480.91000    2.71930    0.08751    1.66994    0.04424
    483.95000    2.47122    0.05109    1.48274    0.03787
    730.72000    3.17769    0.03237    2.27497    0.05197
    733.97000    2.82859    0.04390    2.54581    0.05323
    737.23000    2.85635    0.06890    2.43605    0.05579
    739.57000    2.67511    0.05773    2.39156    0.05205
    743.61000    2.56394    0.06884    2.30361    0.05370
    747.18000    2.90812    0.04114    2.31408    0.06963
    751.87000    2.95728    0.04129    2.29782    0.03743
    753.66000    3.23594    0.02444    2.45809    0.04302
    754.81000    3.14554    0.05313    2.30007    0.05680
    758.57000    2.99696    0.04672    2.15949    0.08628
    760.46000    2.95456    0.07349    2.22419    0.04777
    763.25000    3.04856    0.07387    2.17135    0.06478
    765.53000    2.64188    0.04063    2.12906    0.06018
    768.91000    2.50758    0.07391    1.91626    0.04370
    772.36000    2.91448    0.05853    2.19147    0.02067
    775.47000    2.92711    0.04928    2.29030    0.04790
    778.49000    3.47966    0.03541    2.34513    0.05276
    780.84000    3.58779    0.02000    2.29495    0.04666
    781.76000    3.48439    0.06672    2.38750    0.04505
    784.15000    3.53382    0.04089    2.28744    0.05287
    786.94000    3.55100    0.02905    2.25829    0.03551
    789.66000    3.90290    0.05076    2.05729    0.05847
    791.11000    4.22208    0.06608    2.02103    0.02294
    793.67000    4.17676    0.03724    1.93713    0.03447
    797.49000    4.54121    0.07326    2.17700    0.03922
    799.85000    4.44611    0.07504    2.33639    0.04911
    802.79000    4.25967    0.04783    2.56471    0.04035
    805.54000    4.26314    0.03841    2.62214    0.04797
    811.77000    3.64810    0.05563    2.75581    0.05562
    814.37000    3.59280    0.05076    2.92388    0.04473
    818.82000    3.57220    0.04288    3.24386    0.05065
    821.55000    3.26298    0.03269    3.28940    0.03235
    824.70000    3.23560    0.06760    3.46737    0.05892
    825.63000    3.12015    0.03740    3.27814    0.04147
    828.03000    3.12502    0.04941    3.15005    0.08058
    831.12000    2.97199    0.07387    3.04087    0.05905
    834.04000    3.01154    0.04141    3.09219    0.06378
    836.81000    2.96073    0.06454    2.80279    0.04029
    839.76000    3.05723    0.06585    2.76990    0.05741
    843.70000    2.64960    0.03977    2.75195    0.06362
    846.95000    2.61180    0.06583    2.39422    0.02403
    848.42000    2.61642    0.04821    2.62032    0.05770
   1095.80000    2.42949    0.06565    1.86682    0.03888
   1100.09000    2.30953    0.05442    1.90668    0.04838
   1101.73000    2.27454    0.06623    1.97952    0.07105
   1106.07000    2.19972    0.06133    1.98376    0.05191
   1108.37000    2.27817    0.05086    2.04652    0.04308
   1112.75000    2.13909    0.05099    1.72002    0.01779
   1115.11000    2.02591    0.04626    1.93321    0.04312
   1115.99000    1.99090    0.04308    1.96619    0.05325
   1117.25000    1.80921    0.05011    2.00135    0.05639
   1120.39000    1.99435    0.04651    1.76924    0.05611
   1125.22000    2.21742    0.09532    1.71628    0.04446
   1128.14000    2.17533    0.04722    1.71708    0.06011
   1132.18000    2.19038    0.03908    1.70817    0.06152
   1136.07000    2.23338    0.05704    1.53306    0.06497
   1139.50000    2.07016    0.06263    1.53818    0.05014
   1143.02000    2.24525    0.01735    1.41338    0.05557
   1145.18000    2.25466    0.03460    1.48211    0.03764
   1148.87000    2.21258    0.06374    1.74713    0.06661
   1150.82000    2.15903    0.05873    1.70932    0.01207
   1154.32000    2.16787    0.04557    1.72785    0.07346
   1156.67000    2.12961    0.01988    1.70826    0.05503
   1161.09000    2.17876    0.06814    1.71777    0.04127
   1163.66000    2.08609    0.04861    1.54556    0.06754
   1165.98000    2.24207    0.07647    1.59821    0.04104
   1171.18000    2.44017    0.04115    1.80277    0.05909
   1172.63000    2.60466    0.05732    1.69432    0.03555
   1176.03000    2.64413    0.05738    1.66351    0.03752
   1179.68000    2.74521    0.05210    1.61766    0.03157
   1183.83000    2.63740    0.04171    1.60501    0.06162
   1187.30000    2.49701    0.06488    1.67245    0.03604
   1189.29000    2.54039    0.04140    1.68410    0.05691
   1191.58000    2.73057    0.06480    1.59644    0.02022
   1195.48000    2.52580    0.04460    1.86925    0.05673
   1197.99000    2.57953    0.04955    2.09011    0.04281
   1198.55000    2.54597    0.04216    1.91502    0.03849
   1202.61000    3.05993    0.08335    1.99385    0.10121
   1203.56000    2.95442    0.04420    2.14293    0.07412
   1206.13000    2.85792    0.02897    2.04176    0.03547
   1208.47000    2.83111    0.05775    1.99798    0.02808
   1213.47000    3.31667    0.06140    1.94453    0.03231
   1460.05000    3.61889    0.06453    2.65969    0.06342
   1463.28000    3.81907    0.06156    2.62313    0.06362
   1466.36000    3.91530    0.05341    2.96630    0.06482
   1469.30000    3.84046    0.07304    2.81675    0.05690
   1471.56000    3.92823    0.05411    2.64604    0.04898
   1475.12000    3.80334    0.05250    2.75797    0.02587
   1476.91000    3.67928    0.05823    2.86885    0.04573
   1478.98000    3.63491    0.05678    2.65785    0.06641
   1481.57000    3.67639    0.03762    2.79097    0.04482
   1484.39000    3.82221    0.07670    2.74302    0.05776
   1487.67000    3.78334    0.06296    2.84732    0.04083
   1491.11000    3.34477    0.05865    2.88978    0.04557
   1494.76000    3.09919    0.04010    2.91472    0.06110
   1498.40000    2.76110    0.05540    2.80013    0.07765
   1500.82000    2.69330    0.04145    2.81739    0.02664
   1502.05000    2.60311    0.07103    2.80586    0.06197
   1504.07000    2.59527    0.05296    2.64825    0.10277
   1506.88000    2.33645    0.06742    2.69111    0.04174
   1511.22000    2.45281    0.05102    2.79707    0.05251
   1515.22000    2.40275    0.05756    2.63577    0.02786
   1517.02000    2.49589    0.02906    2.47236    0.04239
   1521.02000    3.01786    0.07025    2.33637    0.03049
   1524.57000    3.13247    0.05922    2.05217    0.04917
   1527.87000    3.06094    0.02806    2.00937    0.06473
   1531.35000    3.28110    0.06871    1.76878    0.07700
   1534.19000    3.85033    0.07510    1.71516    0.07737
   1536.66000    3.76151    0.04480    1.88313    0.06931
   1538.63000    3.50254    0.03485    1.74967    0.02293
   1541.79000    3.57767    0.07822    1.74328    0.05590
   1546.22000    3.48157    0.08867    2.24421    0.05451
   1549.62000    3.39012    0.02599    2.39205    0.02124
   1552.04000    3.21468    0.05251    2.26317    0.04102
   1555.59000    3.26978    0.04312    2.24078    0.05283
   1557.09000    3.31353    0.05464    2.58176    0.07299
   1559.68000    3.62263    0.04760    2.71723    0.02668
   1564.21000    3.71427    0.06390    2.61642    0.04183
   1566.15000    3.38255    0.08240    2.77275    0.06912
   1570.06000    2.92410    0.05045    2.42966    0.05018
   1574.13000    2.70083    0.04055    2.66089    0.05495
   1576.38000    2.77970    0.04341    2.40831    0.06845
