## Time Delay Challenge light curves
##
## [time]=days, [lc]=[err]=flux in nanomaggies
##
##       time       lc_A      err_A       lc_B      err_B
##-------------------------------------------------------
      1.92000    1.06667    0.06377    0.47477    0.06912
      4.31000    0.92219    0.04328    0.57433    0.04456
      7.39000    1.01640    0.06935    0.56512    0.03780
     11.21000    0.87673    0.02692    0.52432    0.06661
     13.02000    0.91119    0.01503    0.62112    0.03004
     16.93000    0.92889    0.08756    0.56764    0.03755
     20.86000    0.92985    0.03570    0.69461    0.06024
     22.82000    0.94050    0.02193    0.60479    0.06231
     26.42000    0.90814    0.01952    0.60079    0.04301
     31.09000    0.84261    0.08839    0.63589    0.07506
     33.22000    0.89874    0.05253    0.58822    0.05230
     36.25000    0.93404    0.05582    0.58978    0.06207
     38.80000    0.91258    0.02473    0.66975    0.04586
     41.04000    1.04911    0.08822    0.57379    0.05853
     42.87000    0.95852    0.03626    0.60662    0.04276
     46.07000    0.93163    0.03318    0.54728    0.05335
     49.00000    0.94066    0.04518    0.64640    0.06661
     52.02000    0.92114    0.05775    0.68420    0.05952
     53.25000    0.98339    0.03745    0.61342    0.02426
     56.80000    0.95229    0.04491    0.66029    0.06102
     59.15000    1.02666    0.03578    0.69771    0.08132
     64.31000    0.92041    0.06140    0.53937    0.05438
     67.27000    0.87896    0.04325    0.59987    0.03426
     69.86000    0.96626    0.04749    0.57587    0.08179
     74.29000    0.97334    0.06748    0.57591    0.02479
     76.69000    0.91718    0.04129    0.63082    0.06441
     80.02000    0.99393    0.04975    0.61593    0.06901
     81.83000    0.92696    0.04893    0.57989    0.04709
     85.12000    0.88960    0.03182    0.61301    0.04929
     89.37000    1.02804    0.06285    0.58745    0.06155
     94.41000    1.01132    0.06532    0.54217    0.04760
     98.37000    0.97368    0.05527    0.66304    0.03257
    100.70000    0.93147    0.05775    0.62273    0.02548
    105.01000    0.94152    0.03583    0.63895    0.06114
    108.32000    1.06749    0.04560    0.52285    0.05791
    113.05000    1.04502    0.01827    0.52267    0.04428
    115.51000    1.08551    0.04731    0.66689    0.06188
    119.04000    1.13884    0.04568    0.62056    0.04958
    365.46000    1.14572    0.06233    0.76374    0.03545
    368.57000    1.05609    0.04839    0.71211    0.04899
    373.01000    1.02193    0.02626    0.57085    0.06140
    376.93000    1.23218    0.09088    0.69202    0.06446
    378.26000    1.07396    0.06841    0.77160    0.06375
    381.68000    1.00453    0.04275    0.69913    0.05294
    385.33000    1.01178    0.06860    0.75885    0.06608
    388.84000    0.95474    0.06456    0.78655    0.09720
    392.45000    0.99672    0.02921    0.64016    0.03214
    395.40000    0.95288    0.05519    0.68353    0.02455
    398.49000    1.06260    0.07035    0.62408    0.04232
    402.36000    1.09985    0.05327    0.62016    0.05720
    405.17000    1.08661    0.05289    0.65373    0.07687
    409.00000    1.04540    0.03842    0.74430    0.07364
    412.49000    1.02008    0.04231    0.59541    0.04972
    415.37000    1.00983    0.03864    0.73191    0.06402
    419.76000    1.01117    0.04432    0.75221    0.06291
    422.37000    1.06223    0.05814    0.70131    0.01671
    426.29000    1.02491    0.02806    0.90577    0.06182
    430.80000    1.10152    0.06411    0.67495    0.03821
    432.61000    0.96063    0.02251    0.69645    0.06854
    436.04000    1.01802    0.05016    0.65539    0.07820
    437.67000    1.01110    0.06263    0.65030    0.06738
    441.06000    0.88585    0.04652    0.67652    0.02920
    443.72000    0.97449    0.02962    0.68632    0.04807
    446.19000    0.90068    0.04184    0.65546    0.02722
    449.30000    0.81220    0.08091    0.69785    0.05633
    451.82000    0.89983    0.08119    0.68148    0.06368
    454.26000    0.89366    0.07315    0.67771    0.06910
    458.25000    0.93810    0.02226    0.63806    0.07416
    462.25000    0.93195    0.03773    0.75977    0.09113
    464.70000    0.81185    0.06488    0.70052    0.05748
    471.16000    1.01887    0.06192    0.59536    0.05955
    474.51000    1.00685    0.03104    0.63248    0.06806
    478.99000    0.90118    0.02446    0.53853    0.05786
    482.25000    0.87965    0.07046    0.63929    0.05802
    483.92000    1.01450    0.06207    0.68195    0.05059
    730.69000    0.89695    0.04878    0.65073    0.05173
    735.91000    0.89244    0.05792    0.60153    0.03229
    738.80000    0.93403    0.06987    0.60846    0.03629
    741.50000    0.96866    0.06965    0.60704    0.07774
    745.17000    1.08523    0.07101    0.60671    0.03997
    748.55000    0.93531    0.05313    0.63555    0.03326
    752.53000    0.92646    0.03728    0.66774    0.04066
    756.06000    0.91729    0.03917    0.67728    0.05366
    758.22000    0.97282    0.04352    0.64557    0.06640
    761.48000    0.91711    0.04833    0.71381    0.05902
    764.56000    0.86092    0.05989    0.66894    0.04433
    768.72000    0.95349    0.04608    0.70439    0.06277
    772.16000    0.94361    0.05705    0.63561    0.03186
    775.60000    0.88573    0.05292    0.66113    0.05370
    778.54000    1.13471    0.07623    0.66006    0.04266
    782.78000    0.85416    0.05153    0.69357    0.06675
    786.22000    1.08891    0.07176    0.55762    0.04979
    789.25000    0.94716    0.06799    0.52582    0.07440
    792.59000    0.88189    0.03212    0.71709    0.05539
    795.78000    0.98775    0.06211    0.66929    0.05820
    798.45000    0.86157    0.05241    0.61171    0.03854
    802.18000    1.00627    0.08458    0.61252    0.04448
    804.54000    0.80153    0.06527    0.58021    0.06422
    809.19000    0.80302    0.03718    0.52334    0.06147
    811.38000    0.77101    0.05791    0.73050    0.06255
    815.21000    0.77456    0.05683    0.51773    0.06815
    817.42000    0.78935    0.02060    0.72702    0.07649
    821.74000    0.86965    0.06275    0.52012    0.05562
    825.82000    0.81928    0.05827    0.61761    0.05006
    828.96000    0.84679    0.04495    0.56736    0.05267
    832.30000    0.97469    0.04179    0.55266    0.05657
    835.84000    0.86299    0.06728    0.47158    0.05244
    838.16000    0.86334    0.04763    0.55903    0.06399
    840.73000    0.89540    0.02706    0.49375    0.04010
    843.77000    0.82097    0.06679    0.59013    0.05467
    848.83000    0.83408    0.05453    0.59035    0.07860
   1095.94000    1.01025    0.07560    0.59723    0.05944
   1097.13000    0.94174    0.02169    0.72580    0.06995
   1101.50000    0.92235    0.06660    0.64865    0.05495
   1104.77000    1.01132    0.08520    0.57362    0.05408
   1108.25000    0.99105    0.05652    0.67572    0.03245
   1112.16000    1.06927    0.10535    0.62368    0.07959
   1115.56000    0.92830    0.04662    0.61482    0.07898
   1118.83000    0.98396    0.06513    0.61329    0.05894
   1122.87000    1.06956    0.03695    0.61793    0.04713
   1123.50000    1.06642    0.07723    0.56094    0.05608
   1125.81000    0.95977    0.03253    0.68504    0.06439
   1128.66000    0.94587    0.04691    0.75173    0.04734
   1130.67000    0.94223    0.05043    0.68942    0.06256
   1133.36000    0.99478    0.05371    0.69878    0.04731
   1134.49000    1.00149    0.05654    0.66626    0.04810
   1137.37000    1.00970    0.05564    0.62774    0.06863
   1139.29000    1.00759    0.03737    0.62094    0.06551
   1142.64000    0.96205    0.04341    0.69310    0.04291
   1145.66000    1.03994    0.06837    0.60679    0.05712
   1149.39000    0.94248    0.01917    0.56330    0.07564
   1153.03000    1.01992    0.02854    0.65195    0.03597
   1155.46000    0.95784    0.02268    0.72778    0.04495
   1158.50000    0.92978    0.03654    0.60616    0.04653
   1162.19000    0.94890    0.06084    0.66385    0.04508
   1164.51000    0.86312    0.05819    0.65984    0.05322
   1167.51000    0.84094    0.05520    0.57356    0.06199
   1170.68000    0.90293    0.02295    0.62754    0.05448
   1173.72000    0.91573    0.05238    0.76208    0.07266
   1177.68000    0.85660    0.05705    0.64190    0.04468
   1180.30000    0.92080    0.03572    0.57097    0.04263
   1184.60000    1.02307    0.04775    0.67198    0.04802
   1187.72000    0.92490    0.05314    0.55637    0.08995
   1190.80000    0.98764    0.06592    0.59949    0.04987
   1192.64000    0.95887    0.03758    0.72217    0.06212
   1196.22000    1.00322    0.06622    0.61936    0.05830
   1199.76000    0.89641    0.05504    0.59784    0.08419
   1203.57000    0.87892    0.03284    0.71654    0.06537
   1205.74000    0.80180    0.05600    0.64542    0.04130
   1209.37000    0.83003    0.06026    0.67454    0.05383
   1213.43000    0.92734    0.04865    0.74834    0.05418
   1460.43000    0.79228    0.04753    0.48520    0.03245
   1460.67000    0.91865    0.06165    0.53563    0.01467
   1463.41000    0.72467    0.06057    0.53665    0.04641
   1466.54000    0.85477    0.04238    0.51270    0.03886
   1470.08000    0.86425    0.05702    0.43090    0.07398
   1474.23000    0.75065    0.05350    0.48351    0.05078
   1478.80000    0.80996    0.02879    0.56770    0.03419
   1482.70000    0.85710    0.06127    0.54116    0.06086
   1484.95000    0.82144    0.03857    0.39810    0.06684
   1485.62000    0.78646    0.06613    0.52223    0.08494
   1488.10000    0.72208    0.06951    0.59198    0.07568
   1492.19000    0.76747    0.04147    0.53552    0.07178
   1496.42000    0.71308    0.05743    0.56233    0.03238
   1500.20000    0.76652    0.04664    0.47837    0.04542
   1503.32000    0.83921    0.04786    0.47577    0.04831
   1505.45000    0.78390    0.04290    0.60495    0.05268
   1509.41000    0.84951    0.07085    0.52943    0.04056
   1512.76000    0.79624    0.03592    0.49798    0.02686
   1515.90000    0.77736    0.04373    0.55892    0.08249
   1518.89000    0.79613    0.06327    0.45475    0.03883
   1521.50000    0.97580    0.03553    0.54915    0.05396
   1525.74000    0.84735    0.04175    0.57249    0.07568
   1529.73000    0.91462    0.04508    0.51479    0.03041
   1533.09000    0.81684    0.05285    0.56745    0.07456
   1537.18000    0.84397    0.02477    0.59574    0.03781
   1541.00000    0.87234    0.05331    0.60122    0.06102
   1543.39000    0.86121    0.06319    0.54362    0.06653
   1545.55000    0.80855    0.02281    0.54108    0.03161
   1547.89000    0.77474    0.05769    0.46714    0.02932
   1552.36000    0.86547    0.04889    0.61309    0.05953
   1553.71000    0.91775    0.05172    0.47351    0.05256
   1556.69000    0.83651    0.02213    0.56549    0.04477
   1558.99000    0.92650    0.05717    0.55847    0.04949
   1562.97000    0.89333    0.06076    0.55250    0.08364
   1566.58000    0.90719    0.03131    0.53587    0.04804
   1570.23000    0.83122    0.04667    0.59282    0.05062
   1571.56000    0.92139    0.06132    0.55018    0.04380
   1574.45000    0.90123    0.05441    0.54714    0.04891
   1575.60000    0.84234    0.06442    0.61379    0.06065
   1578.73000    0.69453    0.08176    0.52624    0.06482
