## Time Delay Challenge light curves
##
## [time]=days, [lc]=[err]=flux in nanomaggies
##
##       time       lc_A      err_A       lc_B      err_B
##-------------------------------------------------------
      2.90000    1.09252    0.06764    2.69733    0.04938
      5.42000    1.31369    0.05526    2.62459    0.06034
      9.47000    1.13917    0.04688    2.66920    0.04350
     12.57000    1.25797    0.07462    2.59258    0.06287
     14.60000    1.16437    0.05645    2.68550    0.04146
     16.39000    1.23763    0.05031    2.68376    0.08795
     19.78000    1.04492    0.06139    2.68883    0.03150
     22.82000    1.16770    0.03429    2.57769    0.05132
     25.51000    1.21564    0.05667    2.63329    0.01942
     27.69000    1.10225    0.05750    2.59917    0.06177
     30.78000    1.12000    0.05348    2.80589    0.04387
     33.00000    1.21565    0.04072    2.74776    0.05001
     35.60000    1.21562    0.08525    2.72096    0.05024
     38.42000    1.17378    0.07264    2.65053    0.03978
     41.88000    1.14669    0.05816    2.74736    0.05891
     44.36000    1.26908    0.06425    2.68404    0.05096
     46.29000    1.12713    0.04640    2.66721    0.03451
     48.91000    1.17388    0.04204    2.65910    0.05212
     54.55000    1.21148    0.03353    2.59583    0.04839
     59.49000    1.21858    0.06168    2.59376    0.03393
     63.27000    1.18030    0.05491    2.64041    0.04632
     64.07000    1.11416    0.04093    2.71458    0.06613
     66.92000    1.18521    0.03400    2.72091    0.02477
     70.01000    1.29599    0.06509    2.69846    0.07595
     73.17000    1.19542    0.04834    2.70909    0.07244
     75.66000    1.29621    0.06396    2.72678    0.04915
     79.06000    1.19609    0.04786    2.85900    0.06389
     81.57000    1.14620    0.07489    2.76266    0.06819
     84.55000    1.24085    0.03511    2.84868    0.04904
     86.94000    1.30629    0.09655    2.82228    0.02163
     91.29000    1.27746    0.05822    2.83127    0.06798
     93.17000    1.33737    0.04664    2.81720    0.04834
     97.00000    1.36161    0.06594    2.79343    0.05935
    102.60000    1.20795    0.05502    2.90225    0.04787
    104.52000    1.24981    0.06168    2.88128    0.05632
    107.09000    1.24205    0.05172    2.86564    0.01741
    110.30000    1.27433    0.03536    2.90378    0.06670
    112.20000    1.20049    0.06813    2.78779    0.02326
    114.89000    1.25483    0.06749    2.81459    0.07111
    118.77000    1.23035    0.05104    2.88434    0.06113
    368.07000    1.32178    0.03795    3.12610    0.05548
    371.06000    1.28118    0.04001    3.03542    0.05249
    373.62000    1.22155    0.06370    3.02514    0.09015
    376.05000    1.26483    0.02673    3.00317    0.05984
    379.05000    1.20962    0.07139    2.86961    0.02303
    380.43000    1.37197    0.04713    2.79957    0.03781
    385.41000    1.30386    0.05080    2.77288    0.06491
    387.49000    1.46124    0.06981    2.94047    0.07001
    392.09000    1.30764    0.04700    2.83361    0.06502
    395.43000    1.32161    0.00706    2.97440    0.06253
    396.27000    1.26258    0.06551    2.90248    0.01559
    399.66000    1.16542    0.09217    2.96656    0.06138
    404.43000    1.38752    0.04328    2.84711    0.04459
    406.30000    1.32823    0.04283    2.91753    0.06764
    407.67000    1.30427    0.06907    2.84604    0.05239
    410.23000    1.20475    0.06581    2.83325    0.04594
    412.44000    1.12090    0.06479    2.88743    0.03993
    416.71000    1.18050    0.05702    2.86249    0.04203
    420.72000    1.27792    0.04986    2.53369    0.07347
    424.61000    1.39278    0.05324    2.74487    0.06944
    426.58000    1.19580    0.06978    2.85076    0.05172
    429.45000    1.27927    0.03176    2.76251    0.04048
    432.87000    1.31676    0.04341    2.96454    0.06207
    435.95000    1.32982    0.05854    2.85918    0.02428
    437.62000    1.35431    0.05199    2.84392    0.04036
    440.11000    1.23183    0.06031    2.85418    0.05954
    442.82000    1.19341    0.04953    2.86765    0.03405
    444.95000    1.24318    0.03504    2.72239    0.04176
    447.80000    1.21402    0.06048    2.89505    0.05857
    452.52000    1.20095    0.01853    2.76277    0.06317
    455.85000    1.17252    0.04009    2.63247    0.07146
    457.95000    1.05517    0.05513    2.67792    0.04268
    461.16000    1.21957    0.06007    2.44837    0.05325
    464.86000    1.14696    0.05692    2.53294    0.07130
    468.39000    1.19516    0.07830    2.51373    0.03904
    470.99000    1.17575    0.05261    2.46541    0.07239
    474.48000    1.17254    0.07142    2.57018    0.03237
    476.01000    1.21215    0.05618    2.56728    0.05183
    479.83000    1.21730    0.07962    2.62827    0.06368
    482.88000    1.09987    0.05597    2.54552    0.04944
    730.70000    1.02004    0.07166    2.12651    0.04627
    735.33000    1.19339    0.05364    1.98189    0.06475
    739.70000    1.01145    0.06753    2.08404    0.05407
    742.35000    1.09147    0.03418    2.21855    0.03511
    744.23000    0.97990    0.05733    2.22879    0.04304
    746.48000    1.12543    0.04831    2.20706    0.03012
    748.60000    1.11317    0.03141    2.16293    0.05517
    751.78000    1.27678    0.06798    2.22207    0.07070
    753.60000    1.10419    0.03323    2.21006    0.04794
    755.83000    1.09032    0.04798    2.10650    0.04970
    757.52000    1.15939    0.05038    2.23602    0.06310
    759.33000    1.09868    0.05466    2.15060    0.03245
    762.79000    1.12614    0.04189    2.03233    0.04860
    766.84000    1.22617    0.07460    2.22113    0.05452
    769.90000    1.21099    0.05938    2.13806    0.03331
    773.47000    1.01109    0.05071    2.17893    0.06908
    775.73000    1.07360    0.03107    2.28853    0.06056
    779.50000    1.12033    0.06661    2.15626    0.05718
    782.58000    1.02941    0.05915    2.31129    0.03464
    787.80000    1.15691    0.03816    2.16667    0.03586
    792.35000    1.17432    0.05352    2.23088    0.04101
    795.12000    1.10853    0.05118    2.23955    0.03187
    797.97000    1.08635    0.02768    2.14431    0.07256
    800.22000    1.12159    0.05897    2.25295    0.06987
    803.90000    1.10008    0.03101    2.09411    0.06324
    806.41000    1.00982    0.06109    2.05201    0.08085
    809.14000    1.12669    0.03605    2.11694    0.03929
    811.96000    1.09229    0.05553    2.07128    0.02763
    815.94000    0.99889    0.05282    2.01468    0.03377
    816.88000    1.09804    0.06095    2.00632    0.03933
    819.62000    1.08198    0.01148    2.03373    0.06596
    823.23000    1.13698    0.07357    1.99775    0.02737
    826.82000    1.03939    0.02146    2.00410    0.05148
    830.97000    1.10979    0.04102    2.11654    0.05327
    834.17000    1.07447    0.05679    2.05515    0.02883
    837.37000    1.08725    0.06935    2.03736    0.04593
    840.46000    1.03367    0.05332    2.00352    0.02747
    843.73000    1.10169    0.05466    2.05902    0.03746
    848.57000    1.12689    0.08356    2.06575    0.07092
   1095.06000    1.29306    0.05749    2.20513    0.06531
   1098.07000    1.43132    0.06111    2.23804    0.04757
   1101.80000    1.30678    0.06376    2.19704    0.01838
   1103.88000    1.25860    0.06275    2.19520    0.04989
   1107.58000    1.31632    0.05986    2.25470    0.05513
   1110.96000    1.38044    0.04763    2.22610    0.04078
   1114.44000    1.33236    0.04385    2.16153    0.04328
   1116.89000    1.22961    0.08666    2.14624    0.04696
   1119.56000    1.37263    0.06877    2.22945    0.07440
   1121.86000    1.24369    0.04204    2.20558    0.04490
   1124.36000    1.34233    0.04093    2.17281    0.05745
   1128.25000    1.24215    0.04910    2.04538    0.09728
   1132.23000    1.24292    0.06480    2.14994    0.06360
   1134.95000    1.28754    0.05440    2.10020    0.04822
   1136.74000    1.20197    0.05567    2.03161    0.08859
   1140.86000    1.21986    0.03109    1.99124    0.03902
   1145.50000    1.20936    0.04919    1.96758    0.03412
   1147.37000    1.21615    0.04523    1.98577    0.02350
   1151.03000    1.22278    0.05624    1.98349    0.05144
   1151.98000    1.16769    0.06527    1.95098    0.05992
   1153.72000    1.18730    0.04743    1.93358    0.08136
   1155.86000    1.23375    0.05299    1.81318    0.04093
   1159.67000    1.04574    0.06912    1.78165    0.03778
   1162.89000    1.18707    0.01206    1.79269    0.04736
   1165.48000    1.28276    0.07343    1.85607    0.09087
   1169.41000    1.24905    0.05068    1.71586    0.06206
   1172.67000    1.20775    0.02710    1.86390    0.07322
   1173.97000    1.14531    0.05938    1.86624    0.02859
   1178.48000    1.14862    0.03964    1.78836    0.06042
   1183.21000    1.12717    0.03842    1.79520    0.03627
   1186.29000    1.12160    0.04646    1.92194    0.08564
   1190.28000    1.18590    0.06361    1.73147    0.07802
   1192.26000    1.20738    0.07916    1.73249    0.01995
   1195.40000    1.17035    0.03962    1.82801    0.06501
   1197.38000    1.20628    0.04801    1.74403    0.02570
   1199.88000    1.15835    0.06813    1.73103    0.06582
   1202.72000    1.08451    0.06357    1.76936    0.03765
   1205.87000    1.15406    0.06428    1.70953    0.05876
   1208.89000    1.09634    0.05509    1.64012    0.05829
   1211.18000    1.21289    0.07547    1.80100    0.07484
   1461.80000    1.22999    0.04860    1.57451    0.08290
   1465.66000    1.36563    0.05532    1.45907    0.04344
   1470.90000    1.23547    0.03322    1.53997    0.06250
   1474.04000    1.25067    0.05061    1.49667    0.06009
   1477.66000    1.15752    0.06474    1.54812    0.05397
   1481.92000    1.18723    0.08657    1.48525    0.06258
   1484.85000    1.19246    0.06111    1.44410    0.07264
   1487.61000    1.35064    0.06705    1.42061    0.04953
   1492.11000    1.19590    0.04985    1.39264    0.03951
   1495.66000    1.29286    0.08024    1.57699    0.07470
   1498.91000    1.27979    0.05909    1.45870    0.06081
   1501.83000    1.21269    0.05470    1.42920    0.06219
   1503.99000    1.18128    0.07800    1.37842    0.03318
   1507.62000    1.05886    0.03627    1.44319    0.07093
   1509.00000    1.15899    0.02999    1.52153    0.07112
   1512.98000    1.10692    0.04146    1.32372    0.04303
   1514.79000    1.09456    0.04288    1.30934    0.07692
   1518.29000    1.20251    0.05929    1.33037    0.06926
   1522.72000    1.15826    0.05474    1.22052    0.03917
   1526.93000    1.10460    0.06255    1.31793    0.03645
   1527.81000    1.08956    0.03550    1.25271    0.02774
   1531.37000    1.10828    0.03851    1.28144    0.02299
   1534.51000    1.13988    0.06554    1.20196    0.05951
   1535.58000    1.16931    0.06820    1.20697    0.04217
   1539.60000    1.13600    0.04075    1.32276    0.04538
   1541.50000    0.95385    0.07413    1.32889    0.04755
   1543.17000    1.11619    0.04532    1.25356    0.04159
   1545.82000    1.05877    0.05838    1.25032    0.04035
   1547.80000    1.14096    0.05440    1.28419    0.06507
   1550.41000    1.02727    0.08533    1.22362    0.02049
   1553.47000    1.36211    0.06666    1.07260    0.08192
   1556.58000    1.25934    0.04736    1.35208    0.06855
   1560.51000    1.13804    0.04149    1.26371    0.07775
   1562.07000    1.15256    0.06660    1.30984    0.05808
   1563.99000    1.21373    0.04330    1.24850    0.03468
   1567.36000    1.17800    0.03938    1.31893    0.05316
   1570.19000    1.15556    0.05694    1.21845    0.06805
   1571.43000    1.12659    0.04864    1.25522    0.06281
   1574.87000    1.19228    0.03032    1.23592    0.05895
   1577.23000    1.04784    0.06700    1.35595    0.07985
