## Time Delay Challenge light curves
##
## [time]=days, [lc]=[err]=flux in nanomaggies
##
##       time       lc_A      err_A       lc_B      err_B
##-------------------------------------------------------
      0.60000    6.17036    0.06431    1.71385    0.03927
      2.35000    6.23503    0.03537    1.55394    0.07728
      5.68000    6.12644    0.04313    1.57654    0.05949
      7.87000    5.93069    0.03471    1.72551    0.07130
     11.03000    6.00325    0.05175    1.69107    0.07358
     12.29000    5.90259    0.04696    1.59308    0.04364
     15.58000    5.99612    0.03857    1.54250    0.08009
     17.45000    5.92904    0.07086    1.56311    0.05468
     21.21000    5.80969    0.01651    1.57726    0.07496
     23.77000    5.70924    0.06301    1.65141    0.05587
     26.40000    5.76626    0.05490    1.58686    0.06668
     30.33000    5.72178    0.03753    1.56504    0.04647
     31.66000    5.79547    0.04872    1.58697    0.03552
     34.52000    5.82192    0.05076    1.64621    0.05827
     36.52000    5.87963    0.03508    1.48418    0.06258
     40.88000    5.83028    0.07960    1.54025    0.05877
     43.97000    6.03631    0.06215    1.54664    0.05877
     48.95000    6.16547    0.06680    1.52148    0.02438
     51.87000    6.24447    0.04804    1.38958    0.05992
     56.06000    6.14068    0.05687    1.29390    0.07610
     59.50000    6.06344    0.06479    1.44239    0.02437
     62.24000    6.05614    0.04304    1.38400    0.07752
     66.80000    6.08619    0.03885    1.40535    0.06690
     70.43000    6.21320    0.03854    1.49802    0.04928
     72.87000    6.26374    0.01036    1.51260    0.07185
     74.08000    6.33370    0.04783    1.55258    0.07018
     78.10000    6.23618    0.05195    1.39075    0.08082
     80.77000    6.29339    0.07038    1.54848    0.06126
     83.33000    6.13762    0.07212    1.57015    0.04699
     86.39000    6.07611    0.05359    1.42407    0.07452
     89.21000    6.01828    0.04668    1.58181    0.03791
     91.53000    6.10726    0.07500    1.47353    0.07418
     95.22000    6.08613    0.04286    1.46169    0.03698
     97.02000    6.08085    0.04879    1.58596    0.03296
    100.28000    6.12898    0.03484    1.52312    0.03342
    102.59000    6.11005    0.05984    1.60146    0.04255
    104.64000    6.15399    0.05869    1.61645    0.04448
    106.82000    6.32110    0.05059    1.53534    0.03304
    110.60000    6.07336    0.04800    1.59517    0.05846
    112.41000    6.20652    0.05544    1.50000    0.07311
    114.33000    6.15739    0.03710    1.53448    0.05349
    118.00000    6.10821    0.04886    1.56517    0.02570
    119.30000    6.23260    0.03829    1.49314    0.06242
    367.66000    6.06073    0.05617    1.32755    0.07139
    371.10000    5.84753    0.04627    1.31049    0.05540
    375.78000    5.94577    0.04633    1.31008    0.05708
    377.46000    5.94132    0.03251    1.28313    0.07287
    380.82000    5.94159    0.07135    1.30219    0.04683
    382.20000    5.83593    0.04797    1.25403    0.05723
    384.62000    5.87819    0.05353    1.33858    0.05453
    388.19000    5.96349    0.05891    1.18428    0.05404
    390.86000    5.91722    0.05578    1.30954    0.04863
    394.18000    5.89202    0.04700    1.32619    0.05974
    397.04000    5.76683    0.04892    1.34408    0.04785
    401.25000    5.83094    0.03137    1.23116    0.05862
    402.34000    5.81110    0.01654    1.29867    0.04946
    406.71000    5.55444    0.06979    1.33454    0.07483
    410.47000    5.80469    0.06365    1.23401    0.04804
    414.46000    5.82179    0.05219    1.21714    0.04477
    418.37000    5.67821    0.02914    1.23330    0.03695
    419.89000    5.72760    0.02524    1.26123    0.02373
    422.95000    5.77436    0.03739    1.17977    0.05076
    425.27000    5.80649    0.05161    1.21158    0.05351
    427.92000    5.88463    0.06468    1.09451    0.05783
    429.79000    5.75427    0.04932    1.17670    0.04551
    432.77000    5.65352    0.05464    1.25699    0.05473
    435.28000    5.65281    0.03451    1.10552    0.06092
    437.80000    5.59965    0.04454    1.24480    0.06261
    441.21000    5.58457    0.05360    1.15930    0.03913
    443.99000    5.65730    0.03096    1.19471    0.04176
    446.89000    5.50411    0.06156    1.17837    0.04118
    451.97000    5.57232    0.05817    1.15836    0.04715
    455.72000    5.49364    0.07207    1.17108    0.06251
    460.07000    5.55386    0.05902    1.19615    0.03756
    460.29000    5.54054    0.06980    1.20538    0.03215
    464.36000    5.49444    0.03434    1.14858    0.07543
    467.46000    5.47796    0.05988    1.13557    0.05056
    470.85000    5.60475    0.05748    1.05374    0.05931
    473.94000    5.48205    0.04463    1.14269    0.05144
    476.13000    5.49452    0.06865    1.15276    0.06088
    480.53000    5.44665    0.04922    1.08950    0.05420
    483.64000    5.33417    0.07578    1.10895    0.07731
    731.25000    5.76794    0.03863    0.94314    0.05328
    734.89000    5.74537    0.08023    1.02016    0.05330
    737.08000    5.86036    0.06948    0.94075    0.04440
    739.21000    5.94489    0.04005    0.98079    0.02017
    741.50000    6.04122    0.08201    0.95075    0.08074
    744.10000    5.81041    0.05769    1.04500    0.04672
    748.19000    5.75670    0.07829    1.06281    0.04988
    751.11000    5.67019    0.04079    1.03655    0.05994
    754.47000    5.85341    0.07434    0.96465    0.06718
    756.44000    5.89694    0.05025    1.00729    0.06067
    759.19000    5.66981    0.03517    1.03124    0.04627
    762.01000    5.68164    0.05102    0.96865    0.05209
    764.34000    5.66161    0.04192    1.03523    0.07382
    768.84000    5.57776    0.04605    1.03976    0.02802
    771.27000    5.65450    0.05484    1.07826    0.05260
    773.59000    5.72725    0.08223    1.01856    0.02717
    777.29000    5.78109    0.03954    1.04923    0.06567
    780.11000    5.63763    0.04818    0.98343    0.06623
    784.08000    5.68484    0.07173    1.06649    0.06538
    785.86000    5.69985    0.05357    0.96426    0.07300
    789.48000    5.58173    0.03695    1.17668    0.06806
    791.55000    5.66860    0.03829    0.99859    0.06037
    795.51000    5.54196    0.09813    1.06365    0.03101
    799.39000    5.57265    0.05826    0.99184    0.05604
    802.08000    5.56298    0.06356    0.92274    0.06840
    806.52000    5.56971    0.02570    1.03730    0.03960
    811.43000    5.42829    0.05195    0.98819    0.02100
    813.19000    5.38266    0.05080    0.87093    0.05877
    817.23000    5.24830    0.03979    1.05885    0.06034
    820.26000    5.26728    0.04726    0.94571    0.06238
    823.92000    5.38417    0.05708    1.07587    0.05980
    826.28000    5.25088    0.02517    0.90894    0.03917
    829.12000    5.20871    0.04729    0.97363    0.05566
    830.23000    5.22368    0.04476    1.00666    0.05202
    833.81000    5.12582    0.02124    0.82091    0.08148
    837.81000    5.18249    0.05149    0.89748    0.05688
    839.74000    5.04858    0.06271    0.91129    0.05243
    843.37000    5.13090    0.05556    0.76501    0.05622
    846.12000    5.16234    0.04581    0.87446    0.07829
    848.96000    5.16018    0.04787    0.86370    0.08051
   1095.72000    5.72185    0.05004    0.86690    0.01861
   1099.57000    5.77776    0.07441    0.88861    0.05199
   1102.29000    5.86801    0.05061    0.87639    0.04371
   1104.93000    5.77863    0.05779    0.88387    0.04659
   1109.28000    6.10192    0.07718    0.82837    0.04387
   1112.87000    5.89749    0.06137    0.92630    0.05594
   1116.68000    6.14360    0.04571    0.86564    0.04825
   1120.76000    6.02479    0.04432    0.84741    0.06627
   1124.92000    6.18850    0.03114    0.86713    0.03795
   1127.50000    6.26324    0.07232    0.80770    0.03077
   1130.20000    6.33455    0.05673    0.85775    0.03789
   1132.67000    6.21563    0.03703    0.99950    0.05908
   1135.76000    6.20994    0.05772    0.74676    0.05220
   1138.44000    6.15348    0.03560    0.86376    0.02352
   1141.86000    6.12354    0.05114    0.87564    0.04371
   1143.98000    6.06836    0.02855    0.86202    0.04857
   1146.57000    6.08996    0.06868    0.85281    0.05563
   1152.04000    6.00330    0.04021    0.81800    0.07262
   1154.97000    6.07679    0.05488    0.80941    0.05404
   1158.30000    5.94632    0.06152    0.78908    0.06769
   1161.42000    5.86225    0.02994    0.90644    0.05259
   1163.80000    5.91081    0.05043    0.85039    0.03217
   1168.58000    5.92011    0.06712    0.84855    0.03705
   1170.78000    5.91874    0.03863    0.88975    0.04998
   1175.71000    5.87012    0.06105    0.92967    0.08763
   1178.74000    5.80321    0.06559    0.85130    0.03690
   1182.63000    5.72855    0.06456    0.88819    0.05394
   1185.80000    5.55004    0.06090    0.89937    0.04249
   1188.95000    5.74302    0.03793    0.79015    0.07643
   1191.03000    5.79682    0.04935    0.83520    0.07674
   1194.27000    5.55731    0.04982    0.76298    0.04223
   1197.07000    5.59572    0.03506    0.80512    0.03327
   1200.61000    5.62217    0.03257    0.70537    0.06955
   1203.02000    5.69343    0.07183    0.84379    0.04853
   1206.40000    5.69751    0.04775    0.82162    0.04517
   1209.00000    5.67536    0.06978    0.82453    0.05020
   1210.72000    5.59965    0.07475    0.68658    0.04856
   1214.86000    5.60516    0.02913    0.87485    0.07865
   1460.66000    5.29169    0.02707    0.61271    0.06732
   1462.65000    5.35366    0.05446    0.61659    0.03299
   1467.54000    5.14211    0.07337    0.56340    0.06123
   1470.07000    5.28463    0.05449    0.67581    0.05139
   1472.72000    5.35444    0.03510    0.50166    0.08054
   1475.15000    5.39274    0.06924    0.61351    0.06066
   1478.28000    5.32736    0.07384    0.58324    0.03379
   1483.40000    5.20337    0.06501    0.67457    0.04073
   1486.21000    5.24766    0.07340    0.53387    0.07368
   1488.91000    5.21679    0.04792    0.60024    0.08754
   1490.64000    5.24866    0.09090    0.52843    0.06874
   1493.35000    5.28543    0.02999    0.70513    0.05122
   1496.74000    5.27712    0.03897    0.63683    0.07245
   1500.84000    5.33629    0.07036    0.74818    0.05726
   1503.67000    5.36980    0.04242    0.68468    0.04196
   1505.73000    5.43403    0.01951    0.54901    0.05473
   1507.59000    5.46830    0.04833    0.55455    0.05012
   1512.10000    5.44989    0.04909    0.62130    0.05058
   1518.08000    5.34790    0.07901    0.56783    0.04522
   1521.31000    5.40579    0.04941    0.69084    0.08286
   1524.51000    5.41232    0.06584    0.70507    0.04864
   1529.59000    5.38464    0.04980    0.58099    0.04636
   1533.21000    5.45032    0.04921    0.67717    0.04834
   1537.09000    5.65956    0.06738    0.64061    0.01695
   1540.41000    5.49847    0.02568    0.59760    0.04313
   1543.19000    5.52177    0.03324    0.66373    0.07577
   1547.07000    5.50290    0.04894    0.56574    0.06982
   1550.22000    5.61698    0.04000    0.68878    0.05408
   1553.16000    5.68898    0.03579    0.60721    0.06866
   1555.49000    5.68963    0.04951    0.63357    0.06192
   1557.88000    5.61788    0.05336    0.53794    0.08685
   1563.30000    5.62776    0.05368    0.66320    0.07467
   1565.80000    5.56422    0.02159    0.70548    0.05020
   1570.23000    5.64287    0.05732    0.78486    0.07700
   1572.98000    5.68570    0.06343    0.58606    0.07436
   1577.10000    5.70709    0.06489    0.62045    0.04738
   1579.85000    5.83222    0.04996    0.60778    0.03652
