## Time Delay Challenge light curves
##
## [time]=days, [lc]=[err]=flux in nanomaggies
##
##       time       lc_A      err_A       lc_B      err_B
##-------------------------------------------------------
      0.68000   14.27560    0.08470    5.77562    0.05455
      3.92000   13.83368    0.06211    5.75605    0.03223
      6.19000   13.68127    0.07521    5.68407    0.04579
      8.72000   13.69575    0.09420    5.47897    0.05743
     10.05000   13.79850    0.05157    5.73425    0.05666
     12.67000   13.43100    0.07159    5.73411    0.06289
     15.65000   13.80721    0.04184    5.49752    0.06957
     17.89000   14.53172    0.05667    5.59770    0.02601
     22.25000   14.45710    0.05071    5.47269    0.03840
     25.26000   14.75586    0.07393    5.25467    0.05192
     28.32000   15.15909    0.07805    5.05231    0.03740
     30.20000   15.16422    0.09498    5.11747    0.06081
     34.13000   15.17621    0.05205    5.10943    0.05499
     35.21000   15.28692    0.05703    4.94588    0.06495
     37.49000   15.33051    0.03790    5.03689    0.05494
     40.58000   15.00570    0.03308    5.42116    0.06567
     42.56000   14.78383    0.06191    5.25661    0.05538
     45.52000   14.49510    0.05842    5.31142    0.06571
     48.33000   14.26974    0.04807    5.39051    0.07019
     50.56000   14.07131    0.08529    5.48405    0.05637
     52.16000   13.89098    0.05596    5.50980    0.06303
     56.11000   13.69127    0.06637    5.44953    0.06464
     58.00000   13.43396    0.05222    5.62362    0.04855
     60.09000   13.43024    0.04523    5.63997    0.03618
     63.11000   13.62021    0.06061    5.52515    0.04857
     65.51000   13.45004    0.04615    5.29127    0.06021
     68.19000   13.61617    0.04133    5.46433    0.07399
     72.19000   13.08994    0.02667    5.13685    0.08030
     75.37000   13.12239    0.06339    5.21105    0.04143
     78.39000   13.08505    0.06823    4.98944    0.04794
     81.31000   12.96417    0.04891    5.00556    0.05743
     84.75000   12.49514    0.03516    4.79247    0.07599
     86.20000   12.21377    0.05267    4.98544    0.05258
     89.30000   11.86927    0.03575    5.06362    0.04215
     91.75000   11.62543    0.05681    5.06857    0.05471
     93.95000   11.65754    0.07870    4.81575    0.05593
     96.03000   11.58064    0.04895    4.87616    0.04559
     98.41000   11.66502    0.08090    4.88213    0.02939
    102.69000   12.08686    0.04273    4.78013    0.02128
    105.64000   11.93880    0.02540    4.79503    0.06127
    109.43000   12.01385    0.06714    4.41240    0.07501
    112.27000   12.14180    0.03984    4.20681    0.07259
    114.62000   12.55806    0.07767    4.32038    0.05687
    116.99000   12.75650    0.06447    4.26575    0.05008
    119.88000   13.42370    0.07007    4.25719    0.06743
    366.38000   13.21993    0.06837    4.85545    0.05394
    369.43000   13.72414    0.02371    4.72180    0.05297
    372.96000   13.46566    0.04259    4.95144    0.04456
    374.54000   13.29421    0.05430    4.95306    0.06718
    375.49000   13.41714    0.05417    4.95078    0.06830
    377.77000   13.54221    0.08816    4.89074    0.04933
    381.26000   13.77677    0.06729    4.84602    0.05028
    384.76000   13.48735    0.04187    4.79748    0.07881
    386.45000   13.30922    0.04403    4.73624    0.07714
    389.13000   13.80780    0.05599    4.83111    0.07350
    389.97000   14.17594    0.07831    4.92643    0.04846
    393.25000   14.40536    0.04002    5.09195    0.05790
    395.53000   14.27570    0.03793    4.97580    0.04416
    397.65000   14.39090    0.05104    4.93940    0.01415
    399.18000   14.25104    0.03066    4.93054    0.06241
    402.69000   14.17123    0.04479    5.06668    0.06385
    405.58000   13.89243    0.05336    4.92960    0.05939
    407.71000   14.34018    0.04745    4.93861    0.04399
    410.71000   14.57253    0.02796    5.05897    0.07146
    413.56000   14.64746    0.05032    5.42481    0.05052
    416.69000   14.75380    0.06604    5.16108    0.03321
    420.42000   14.85509    0.07344    5.24856    0.05853
    424.46000   14.76219    0.03697    5.23320    0.07645
    427.76000   13.71161    0.04469    5.05290    0.04791
    430.37000   13.88972    0.06735    5.24042    0.07135
    434.22000   13.47632    0.05345    5.28767    0.02481
    437.09000   13.36791    0.03559    5.28933    0.06770
    439.69000   13.60091    0.06152    5.47678    0.06890
    441.92000   13.87874    0.06750    5.49313    0.02664
    446.32000   14.04741    0.06839    5.49399    0.06716
    448.87000   13.97215    0.06031    5.17595    0.03223
    451.86000   14.68660    0.04821    5.11101    0.06095
    454.89000   14.71059    0.06056    4.80059    0.03016
    460.04000   14.30392    0.03214    4.90922    0.08010
    463.12000   14.08247    0.03326    4.98882    0.07090
    464.76000   14.31876    0.06799    5.12587    0.07251
    466.70000   14.17662    0.06781    5.05458    0.05000
    470.94000   14.10316    0.03416    5.10630    0.06169
    474.66000   13.83169    0.03378    5.41125    0.06735
    478.55000   14.30525    0.03951    5.36016    0.05268
    482.89000   14.87148    0.06696    5.23496    0.03764
    730.01000   18.55340    0.05556    6.16029    0.05405
    732.92000   18.95093    0.05389    6.18549    0.03476
    736.38000   18.27040    0.04974    6.23396    0.06009
    740.20000   17.81151    0.05114    6.30070    0.04561
    742.25000   17.39219    0.04447    6.31666    0.04284
    744.95000   18.07227    0.04427    6.39015    0.05381
    749.09000   18.00575    0.05107    6.63204    0.07200
    752.32000   17.13035    0.07136    6.65992    0.05532
    755.10000   16.97326    0.04221    6.94850    0.03358
    758.34000   16.96291    0.05650    6.56803    0.02778
    762.79000   17.50090    0.08715    6.44805    0.05142
    763.44000   17.35763    0.03103    6.39807    0.08269
    767.62000   16.92878    0.04932    6.52083    0.07187
    770.72000   17.17819    0.05799    6.56934    0.03866
    774.43000   17.94522    0.04508    6.27959    0.04815
    778.07000   17.40771    0.06469    6.10281    0.02938
    780.70000   17.28631    0.07733    6.17053    0.04731
    783.01000   17.50370    0.01883    6.23116    0.01030
    787.10000   17.64689    0.04714    6.32757    0.04094
    790.80000   17.95789    0.06705    6.15256    0.07823
    794.88000   17.91648    0.05611    6.42489    0.05767
    798.31000   16.74520    0.04277    6.43636    0.06496
    802.42000   16.83878    0.06368    6.27474    0.06302
    806.28000   16.32852    0.03986    6.26257    0.05993
    808.10000   15.89697    0.07944    6.19197    0.03074
    812.68000   16.15039    0.04909    6.37598    0.05007
    816.10000   16.51140    0.06119    6.56997    0.04202
    819.09000   16.60835    0.04498    6.30786    0.06840
    822.65000   17.22681    0.05876    6.06565    0.03815
    824.55000   17.50429    0.04089    6.02738    0.07725
    826.61000   17.78943    0.06265    5.95327    0.05069
    830.42000   17.84549    0.05097    5.74130    0.02207
    833.08000   17.61009    0.05182    5.75814    0.03519
    834.26000   17.95607    0.05635    5.73978    0.02391
    838.39000   18.39412    0.06546    5.89551    0.07919
    839.79000   18.59560    0.03845    5.97400    0.03240
    842.81000   18.56002    0.06999    5.98322    0.03902
    844.91000   19.04484    0.06025    6.13957    0.06557
    848.50000   19.94411    0.04761    6.48853    0.06993
   1095.38000   13.78233    0.04893    5.26195    0.00997
   1098.50000   14.03628    0.04357    5.00327    0.05173
   1101.27000   14.26123    0.05803    5.07595    0.03691
   1104.60000   14.23631    0.03949    5.26315    0.06605
   1106.31000   14.20219    0.03059    5.36315    0.05133
   1107.86000   14.09543    0.08306    5.53713    0.06861
   1110.88000   13.98371    0.04180    5.51142    0.08051
   1113.70000   13.91002    0.05898    5.15758    0.07009
   1117.60000   13.46968    0.04458    5.04552    0.05821
   1119.92000   13.41334    0.08290    5.10059    0.02960
   1124.68000   13.11417    0.06154    5.13220    0.04822
   1126.86000   13.07579    0.05919    5.12844    0.04130
   1127.64000   12.95334    0.06763    5.25440    0.08052
   1130.14000   12.37587    0.06282    5.03132    0.03574
   1132.92000   12.43533    0.08226    5.04922    0.06109
   1136.53000   12.85302    0.06695    4.98631    0.03362
   1140.63000   12.74004    0.03952    4.80293    0.03221
   1142.56000   12.48023    0.04698    4.77373    0.04544
   1144.86000   12.56233    0.03326    4.81552    0.03540
   1149.49000   12.58721    0.05152    4.69932    0.06369
   1153.00000   12.38080    0.04209    4.37038    0.05561
   1156.45000   12.26571    0.07697    4.67059    0.06109
   1158.64000   12.34720    0.05547    4.53353    0.04888
   1163.84000   12.75342    0.02362    4.49492    0.02964
   1167.17000   12.75852    0.05816    4.55305    0.02358
   1171.39000   13.07005    0.06461    4.61808    0.03871
   1174.18000   13.14727    0.05531    4.52607    0.05593
   1178.14000   13.27385    0.05315    4.53730    0.05551
   1182.16000   13.48903    0.00910    4.43910    0.04333
   1182.72000   13.52068    0.03957    4.41012    0.07511
   1186.91000   12.85001    0.04069    4.52966    0.06214
   1190.30000   12.35976    0.05223    4.66859    0.06812
   1194.39000   12.27889    0.04456    4.69935    0.02813
   1198.59000   12.41939    0.08172    4.70108    0.05780
   1199.95000   12.24588    0.03446    4.89084    0.06270
   1202.54000   12.50394    0.03006    4.91952    0.05412
   1206.44000   12.06331    0.05846    4.94118    0.07435
   1211.01000   11.80089    0.03551    4.58275    0.05407
   1213.76000   11.91648    0.06149    4.48093    0.01245
   1461.91000   12.99314    0.06676    4.41472    0.04759
   1464.65000   13.14931    0.06921    4.65076    0.03481
   1467.25000   13.21919    0.05915    4.82167    0.08863
   1470.93000   12.33193    0.05775    4.56003    0.06265
   1472.62000   12.26660    0.04952    4.64589    0.05424
   1475.55000   12.60878    0.07116    4.57512    0.07332
   1478.63000   12.64875    0.05003    4.52924    0.04748
   1482.51000   12.96930    0.04436    4.79219    0.05785
   1485.20000   12.69355    0.03782    4.76724    0.05676
   1488.77000   12.62020    0.06917    4.81713    0.05848
   1491.32000   12.42642    0.04864    4.41624    0.04249
   1493.80000   11.97528    0.05973    4.36544    0.05949
   1496.99000   12.25472    0.04491    4.29444    0.06520
   1501.96000   12.42712    0.04828    4.53631    0.02080
   1505.29000   12.33221    0.04886    4.54750    0.06193
   1507.35000   12.11748    0.04381    4.41609    0.06410
   1511.23000   12.33774    0.04247    4.51565    0.05945
   1513.14000   12.31074    0.05184    4.39352    0.08965
   1515.32000   12.34380    0.08598    4.31614    0.05978
   1518.90000   12.10959    0.01987    4.36043    0.05522
   1522.10000   12.00219    0.06161    4.60319    0.08392
   1523.51000   11.98240    0.02768    4.54619    0.05821
   1527.71000   11.76808    0.05817    4.32053    0.06945
   1532.67000   11.79648    0.02885    4.35239    0.07127
   1535.63000   11.54479    0.02303    4.40636    0.03655
   1539.17000   11.58309    0.06627    4.32534    0.05309
   1543.48000   11.35502    0.04446    4.41548    0.04877
   1547.02000   11.27132    0.05016    4.18068    0.06267
   1550.17000   11.25746    0.06051    4.14379    0.02616
   1551.63000   11.39074    0.04861    4.15828    0.09158
   1553.35000   11.41694    0.06915    4.24973    0.04390
   1557.68000   11.95660    0.03733    4.13349    0.06155
   1561.30000   12.37503    0.04278    4.08312    0.03579
   1564.68000   12.56237    0.07243    3.96575    0.05084
   1569.43000   12.48989    0.06315    3.96765    0.05797
   1572.98000   12.66697    0.05067    4.00068    0.06211
   1576.61000   12.80485    0.02850    3.81178    0.08976
   1579.35000   12.49410    0.04302    4.28239    0.04761
