## Time Delay Challenge light curves
##
## [time]=days, [lc]=[err]=flux in nanomaggies
##
##       time       lc_A      err_A       lc_B      err_B
##-------------------------------------------------------
      3.37000    4.86293    0.05166    1.38395    0.06186
      5.16000    4.86139    0.07729    1.60032    0.07452
      9.08000    4.93272    0.03132    1.48245    0.04800
     11.80000    4.94180    0.04827    1.49576    0.05046
     14.76000    4.79122    0.05287    1.57066    0.06069
     18.72000    4.83451    0.04058    1.48060    0.03927
     21.52000    4.69768    0.06107    1.59399    0.06785
     24.50000    4.89599    0.04941    1.40194    0.05412
     29.95000    4.78169    0.05158    1.51756    0.04907
     33.24000    4.71477    0.08116    1.60050    0.06144
     35.06000    4.74898    0.01766    1.54878    0.04628
     36.20000    4.65074    0.04424    1.53396    0.04528
     39.85000    4.77115    0.05429    1.71487    0.07724
     42.14000    4.63836    0.04064    1.54353    0.07816
     45.84000    4.65229    0.04570    1.57112    0.05313
     47.68000    4.73968    0.03713    1.47256    0.07138
     50.00000    4.79252    0.05813    1.47774    0.03393
     54.38000    4.69847    0.06069    1.57167    0.05493
     56.95000    4.79398    0.03221    1.57008    0.05747
     60.98000    4.78710    0.06367    1.50773    0.06479
     64.59000    4.81380    0.03924    1.51737    0.03924
     67.83000    4.91030    0.08201    1.22279    0.07713
     71.08000    4.90091    0.06625    1.46220    0.01459
     74.04000    4.87407    0.05237    1.56789    0.06943
     76.68000    4.78143    0.09525    1.42592    0.06094
     80.46000    4.67844    0.04148    1.53333    0.03907
     82.11000    4.78232    0.05359    1.45929    0.02611
     86.40000    4.65391    0.05235    1.53341    0.04995
     91.46000    4.64663    0.03892    1.48862    0.06190
     93.63000    4.73303    0.03109    1.44432    0.05942
     97.36000    4.75518    0.05672    1.45984    0.04730
    101.92000    4.73958    0.02058    1.49765    0.08365
    104.15000    4.78774    0.05794    1.59986    0.05248
    107.22000    4.79066    0.04757    1.55768    0.04070
    110.53000    4.73488    0.05689    1.45834    0.07292
    113.99000    4.76869    0.02476    1.53647    0.06326
    117.42000    4.90930    0.06069    1.45166    0.04214
    366.20000    5.60915    0.07256    1.99705    0.06397
    369.57000    5.70958    0.06254    1.67464    0.09043
    371.57000    5.75392    0.05681    1.84777    0.06868
    373.85000    5.78708    0.07454    1.95264    0.05333
    375.64000    5.82969    0.06129    1.89316    0.02344
    377.38000    5.82533    0.02383    1.83166    0.03594
    378.23000    5.89209    0.04950    1.89941    0.06737
    381.19000    5.82396    0.06343    1.96907    0.06047
    384.22000    5.83792    0.05281    1.92750    0.06614
    388.38000    5.97223    0.03794    1.90143    0.04493
    391.05000    5.85371    0.03738    1.94233    0.07542
    393.36000    5.82229    0.04325    1.85053    0.03157
    398.76000    5.86246    0.07329    1.74268    0.07121
    402.46000    5.83161    0.04523    1.69019    0.06757
    403.78000    5.87464    0.06268    1.74845    0.06948
    407.20000    5.73066    0.07457    1.89021    0.05109
    410.95000    5.89085    0.05972    1.88662    0.02537
    413.71000    5.84157    0.03664    1.93240    0.04861
    417.31000    5.85774    0.03767    1.83863    0.03993
    421.15000    5.78323    0.04831    1.95018    0.05407
    424.06000    5.72341    0.04054    1.93299    0.07688
    427.27000    5.75649    0.04133    1.82131    0.04215
    430.93000    5.83407    0.07549    1.71926    0.06421
    435.32000    5.70217    0.05695    1.79273    0.03104
    439.87000    5.61344    0.05160    1.81449    0.06186
    443.05000    5.64174    0.04599    1.86092    0.06248
    446.08000    5.65019    0.06231    1.89470    0.03069
    447.57000    5.63784    0.04892    1.88211    0.05146
    451.97000    5.49917    0.06213    1.71076    0.06767
    454.38000    5.52841    0.06930    1.77611    0.03699
    457.94000    5.54569    0.03068    1.90117    0.05013
    461.58000    5.57624    0.05954    1.96130    0.05742
    463.57000    5.46189    0.03593    1.75948    0.05174
    465.81000    5.47117    0.07146    1.65859    0.05460
    468.32000    5.47383    0.04568    1.73009    0.03337
    471.60000    5.39178    0.06506    1.72817    0.05893
    474.48000    5.31437    0.04574    1.87541    0.07651
    476.94000    5.20022    0.08465    1.74641    0.03302
    480.13000    5.13557    0.04137    1.74929    0.05029
    483.07000    4.96114    0.03780    1.73661    0.05612
    731.23000    5.87824    0.04361    1.77692    0.03020
    734.49000    5.80240    0.05042    1.96954    0.08587
    737.59000    5.79574    0.07121    1.79629    0.05233
    739.67000    5.83805    0.06358    1.77813    0.04743
    741.86000    5.72963    0.05441    1.72773    0.07882
    746.23000    5.77478    0.06719    1.78295    0.03823
    750.11000    5.75626    0.04905    1.89934    0.06201
    755.03000    5.74493    0.06391    1.80909    0.03466
    756.89000    5.61811    0.04971    1.83149    0.03845
    760.73000    5.44266    0.05294    1.82604    0.05284
    764.28000    5.33631    0.05017    1.81294    0.03822
    766.85000    5.34265    0.04826    1.77569    0.04936
    770.20000    5.48841    0.06783    1.78494    0.05501
    773.39000    5.55290    0.09114    1.75535    0.05073
    776.18000    5.58553    0.04678    1.78538    0.05183
    780.15000    5.68413    0.06789    1.84102    0.03835
    781.65000    5.60177    0.05814    1.80567    0.03775
    784.55000    5.39635    0.06281    1.75491    0.06651
    787.25000    5.64488    0.07155    1.80706    0.04223
    790.91000    5.58416    0.04107    1.79866    0.05598
    794.43000    5.67334    0.05804    1.67427    0.09207
    799.37000    5.73186    0.07998    1.66722    0.07022
    803.51000    5.61298    0.03313    1.86405    0.03893
    805.92000    5.67319    0.05010    1.79323    0.01597
    806.95000    5.61245    0.06451    1.80583    0.05007
    809.94000    5.60241    0.06704    1.74973    0.04156
    812.41000    5.69807    0.07671    1.73497    0.07412
    815.31000    5.69989    0.04761    1.76701    0.03319
    818.44000    5.69678    0.02813    1.72134    0.08070
    822.70000    5.73795    0.03283    1.74427    0.03728
    827.20000    5.69765    0.06398    1.80656    0.04308
    828.15000    5.72998    0.03858    1.82471    0.06176
    831.70000    5.73374    0.05418    1.85370    0.06001
    835.45000    5.82381    0.03907    1.70871    0.06095
    840.01000    5.74095    0.06941    1.85584    0.06176
    844.22000    5.90731    0.07803    1.82283    0.02269
    847.72000    6.15780    0.03754    1.86100    0.08575
   1095.63000    5.01247    0.05840    1.67049    0.06248
   1099.50000    5.09320    0.03014    1.67036    0.04646
   1102.43000    5.12003    0.03987    1.65053    0.05737
   1108.03000    5.06324    0.04498    1.64361    0.04096
   1110.46000    5.08716    0.05241    1.66260    0.06162
   1110.70000    4.92416    0.06498    1.77055    0.04524
   1112.81000    5.07815    0.07341    1.60136    0.05573
   1115.47000    4.99829    0.04455    1.66625    0.02455
   1118.96000    4.94734    0.07376    1.78983    0.08103
   1122.36000    5.02955    0.04613    1.66329    0.04235
   1125.35000    4.92860    0.05020    1.70556    0.05787
   1128.97000    4.87411    0.04376    1.69607    0.04314
   1131.49000    4.86080    0.03802    1.46068    0.06962
   1133.56000    4.74424    0.06284    1.69447    0.02391
   1135.89000    4.89312    0.07338    1.67505    0.07150
   1138.89000    4.93635    0.05335    1.68394    0.05485
   1141.73000    4.98122    0.05084    1.58296    0.05031
   1142.87000    4.94412    0.04504    1.57534    0.05095
   1145.83000    4.75890    0.05563    1.61536    0.06413
   1150.27000    4.66746    0.04256    1.62036    0.03825
   1152.67000    4.72058    0.04620    1.67784    0.06370
   1155.58000    4.86666    0.06402    1.65293    0.04909
   1157.09000    4.67972    0.04434    1.55585    0.09004
   1159.81000    4.65670    0.04450    1.63695    0.06247
   1162.54000    4.70549    0.02820    1.49711    0.05856
   1167.01000    4.73742    0.05684    1.50577    0.07165
   1171.28000    4.80921    0.02165    1.56490    0.02350
   1174.08000    4.89317    0.04320    1.65218    0.06372
   1176.59000    4.95178    0.05159    1.61662    0.07195
   1179.29000    4.95978    0.03666    1.49213    0.05650
   1180.89000    4.88533    0.07344    1.49929    0.05667
   1184.56000    4.94672    0.04263    1.44080    0.07430
   1187.60000    4.93955    0.06473    1.55382    0.05241
   1189.88000    4.98385    0.02494    1.40876    0.04970
   1192.50000    4.80555    0.05052    1.55945    0.04490
   1195.30000    4.76498    0.03835    1.48138    0.04873
   1198.59000    4.78142    0.07593    1.49407    0.05188
   1201.04000    4.61635    0.03537    1.51166    0.07369
   1205.34000    4.64430    0.07492    1.34789    0.08091
   1206.03000    4.65177    0.06614    1.58009    0.05991
   1209.36000    4.80325    0.06193    1.56520    0.04004
   1212.87000    4.72539    0.03731    1.60778    0.06320
   1461.89000    4.83411    0.08328    1.59583    0.06446
   1463.25000    4.64545    0.06051    1.58599    0.05509
   1464.80000    4.71365    0.04293    1.43349    0.05545
   1467.77000    4.66545    0.05278    1.43126    0.06615
   1470.64000    4.56627    0.08020    1.40642    0.07957
   1472.67000    4.60380    0.04364    1.57026    0.03817
   1475.63000    4.63868    0.03183    1.52871    0.06524
   1478.82000    4.59800    0.03528    1.59630    0.05767
   1481.45000    4.52474    0.06512    1.64647    0.06313
   1483.77000    4.68965    0.06025    1.73665    0.10565
   1488.85000    4.77905    0.04872    1.68571    0.05150
   1492.72000    4.59923    0.05423    1.43421    0.06963
   1494.58000    4.52744    0.05556    1.52034    0.04173
   1498.64000    4.38961    0.08118    1.59645    0.04212
   1501.87000    4.41517    0.09027    1.54347    0.05621
   1504.10000    4.51663    0.05312    1.48855    0.05771
   1507.33000    4.41850    0.04571    1.50316    0.04958
   1510.10000    4.52602    0.02857    1.40975    0.05615
   1514.53000    4.46829    0.04447    1.63609    0.05185
   1517.35000    4.62756    0.04907    1.47911    0.04106
   1520.07000    4.52342    0.06427    1.48659    0.07745
   1523.22000    4.43321    0.07616    1.58683    0.06506
   1527.07000    4.58196    0.02199    1.52774    0.05125
   1528.14000    4.53153    0.05614    1.50216    0.07790
   1530.31000    4.58808    0.05426    1.47764    0.03107
   1532.83000    4.59276    0.04139    1.51159    0.01884
   1537.08000    4.60600    0.04843    1.32201    0.08108
   1541.01000    4.63975    0.05892    1.51895    0.04427
   1545.21000    4.75062    0.08280    1.43960    0.05143
   1548.12000    4.40329    0.05848    1.56543    0.05666
   1551.32000    4.48320    0.04590    1.58310    0.07627
   1555.67000    4.57213    0.06029    1.56714    0.05692
   1558.91000    4.56036    0.05850    1.52001    0.04827
   1562.85000    4.67220    0.06166    1.58970    0.06964
   1565.62000    4.62335    0.07419    1.56617    0.04185
   1569.33000    4.70274    0.05502    1.54239    0.05700
   1571.88000    4.81685    0.03947    1.57773    0.04581
   1574.34000    4.85949    0.04668    1.51892    0.04788
   1578.47000    4.90048    0.05377    1.39104    0.08375
