## Time Delay Challenge light curves
##
## [time]=days, [lc]=[err]=flux in nanomaggies
##
##       time       lc_A      err_A       lc_B      err_B
##-------------------------------------------------------
      0.78000    0.37725    0.05293    0.68247    0.03884
      3.89000    0.30303    0.05858    0.49318    0.06742
      6.07000    0.23780    0.07709    0.70056    0.03132
      9.21000    0.22983    0.06863    0.62540    0.03092
     10.65000    0.33001    0.06181    0.67206    0.06595
     12.67000    0.32340    0.07240    0.51972    0.04634
     15.05000    0.43360    0.06503    0.46773    0.05540
     18.32000    0.48558    0.06787    0.58361    0.02746
     22.02000    0.38145    0.03325    0.69919    0.08874
     25.25000    0.33546    0.05117    0.64052    0.03158
     28.25000    0.36616    0.05778    0.61916    0.04748
     32.21000    0.38646    0.07025    0.53576    0.06395
     35.82000    0.37645    0.04469    0.77447    0.05293
     38.18000    0.38060    0.04699    0.59906    0.06627
     41.61000    0.27161    0.04332    0.67937    0.04791
     43.45000    0.24363    0.07556    0.65376    0.04963
     46.24000    0.33883    0.07896    0.78797    0.07886
     49.68000    0.46056    0.04744    0.74770    0.04568
     52.74000    0.33557    0.06000    0.68895    0.02397
     56.92000    0.43663    0.05032    0.60277    0.06527
     61.21000    0.57072    0.06230    0.72340    0.05750
     64.32000    0.41464    0.06691    0.72324    0.06108
     67.42000    0.50713    0.03740    0.44035    0.09847
     69.54000    0.44881    0.03674    0.58386    0.05645
     72.42000    0.58324    0.06537    0.64809    0.05767
     76.18000    0.46047    0.05068    0.57962    0.05779
     79.29000    0.48608    0.05621    0.56785    0.03709
     82.37000    0.50506    0.05199    0.55966    0.03318
     85.83000    0.37761    0.04241    0.56292    0.04491
     88.63000    0.41760    0.00895    0.43742    0.04800
     89.95000    0.33161    0.03757    0.55006    0.05040
     92.70000    0.41015    0.05412    0.52972    0.04724
     94.08000    0.36111    0.03362    0.53751    0.04822
     98.00000    0.37428    0.05813    0.51518    0.05988
    101.87000    0.43728    0.04823    0.54159    0.06305
    103.91000    0.34601    0.05535    0.50210    0.03895
    108.46000    0.45223    0.07728    0.56958    0.02162
    110.10000    0.43617    0.06656    0.53592    0.05373
    110.96000    0.37891    0.05186    0.60206    0.08431
    114.36000    0.36716    0.05373    0.51494    0.02667
    116.50000    0.33502    0.04971    0.46960    0.02934
    365.73000    0.31191    0.04984    0.67941    0.03413
    369.64000    0.27733    0.03012    0.73149    0.03262
    371.01000    0.32782    0.05547    0.70939    0.09540
    374.14000    0.36352    0.04927    0.67473    0.05405
    378.02000    0.29277    0.05735    0.62235    0.04357
    381.44000    0.29852    0.05620    0.57907    0.06218
    385.36000    0.28583    0.07223    0.70394    0.06823
    387.32000    0.30801    0.07769    0.75268    0.05994
    389.34000    0.33626    0.04542    0.68333    0.05305
    393.31000    0.35197    0.05455    0.76782    0.07600
    398.28000    0.42230    0.06313    0.63137    0.03541
    401.16000    0.42262    0.04398    0.66911    0.02460
    404.20000    0.21745    0.04543    0.68807    0.03625
    407.51000    0.17042    0.05523    0.71803    0.04232
    410.71000    0.37588    0.03444    0.61858    0.06198
    415.68000    0.40596    0.04219    0.73405    0.03703
    419.48000    0.33637    0.07889    0.64046    0.05315
    422.12000    0.32510    0.03621    0.55214    0.03453
    423.82000    0.37298    0.06106    0.40835    0.05034
    426.82000    0.29864    0.05344    0.48506    0.04764
    429.36000    0.17841    0.08464    0.48572    0.01467
    432.41000    0.29320    0.02802    0.61466    0.05387
    436.69000    0.30040    0.01974    0.52718    0.06237
    440.88000    0.26553    0.06833    0.50703    0.03012
    444.90000    0.29654    0.06844    0.61503    0.07466
    447.04000    0.29425    0.06309    0.59068    0.03178
    451.54000    0.34223    0.06936    0.68273    0.03126
    453.87000    0.34863    0.03334    0.64967    0.06386
    457.75000    0.42519    0.03745    0.67407    0.05398
    460.58000    0.46789    0.06034    0.53591    0.04285
    464.59000    0.56324    0.05508    0.69678    0.07542
    468.51000    0.39902    0.03313    0.52710    0.03591
    470.22000    0.34604    0.02885    0.61290    0.05463
    473.23000    0.42862    0.07447    0.46008    0.04457
    474.92000    0.41087    0.05373    0.54057    0.06437
    478.18000    0.37343    0.05383    0.48281    0.06535
    482.24000    0.38518    0.03535    0.49912    0.04737
    484.94000    0.37696    0.04954    0.55614    0.05993
    731.38000    0.23273    0.05491    0.72137    0.04778
    734.58000    0.26939    0.05193    0.75478    0.01250
    737.04000    0.24133    0.05791    0.75773    0.06810
    739.57000    0.16694    0.07267    0.76850    0.06052
    743.06000    0.31153    0.08539    0.77205    0.05385
    748.67000    0.26072    0.03885    0.67622    0.05801
    751.50000    0.29927    0.03595    0.74615    0.06991
    755.72000    0.33150    0.04062    0.76879    0.04801
    760.98000    0.28425    0.04641    0.72424    0.06892
    764.13000    0.46221    0.06426    0.54962    0.06012
    766.24000    0.46980    0.07750    0.71050    0.06814
    768.70000    0.36905    0.04764    0.74885    0.04442
    774.03000    0.36741    0.05409    0.92538    0.03494
    776.82000    0.42864    0.04547    0.91204    0.05860
    780.43000    0.38830    0.02636    0.93961    0.05482
    783.93000    0.46006    0.07053    0.98606    0.05133
    786.27000    0.49390    0.05322    1.01768    0.03523
    789.85000    0.43660    0.03437    0.79757    0.05993
    792.30000    0.50841    0.08362    0.85434    0.04994
    794.33000    0.30689    0.05633    0.88412    0.05119
    797.10000    0.39023    0.05280    0.65578    0.05406
    800.18000    0.13694    0.10057    0.74733    0.03655
    802.84000    0.31572    0.05512    0.83871    0.05645
    804.55000    0.46641    0.05088    0.76574    0.05153
    807.72000    0.39377    0.04779    0.75019    0.02669
    811.49000    0.36906    0.04621    0.76406    0.08315
    814.63000    0.26751    0.05996    0.73763    0.06842
    819.80000    0.36512    0.04114    0.82913    0.05929
    821.12000    0.32836    0.04386    0.83798    0.07584
    824.98000    0.39729    0.05607    0.61006    0.04916
    827.63000    0.31251    0.05380    0.62632    0.04661
    831.86000    0.37748    0.04495    0.53500    0.06984
    833.33000    0.49621    0.05265    0.56647    0.04973
    834.70000    0.52569    0.05771    0.56643    0.06139
    838.60000    0.45930    0.06159    0.57472    0.05266
    841.38000    0.44640    0.04966    0.60264    0.06739
    844.80000    0.34743    0.05311    0.49541    0.04255
    846.09000    0.43527    0.07728    0.57629    0.04488
    849.56000    0.34154    0.06855    0.48480    0.03948
   1096.65000    0.33028    0.05312    0.84105    0.01529
   1100.74000    0.34845    0.06788    0.78549    0.05713
   1103.55000    0.43296    0.05243    0.90156    0.05653
   1107.90000    0.44454    0.04076    0.66580    0.05237
   1109.28000    0.37333    0.03831    0.82835    0.05524
   1112.68000    0.41169    0.02046    0.83458    0.04826
   1114.47000    0.37343    0.04841    0.71516    0.04419
   1116.12000    0.34755    0.06019    0.67658    0.05000
   1120.06000    0.34363    0.03351    0.52685    0.06208
   1123.05000    0.38411    0.01501    0.67254    0.02638
   1125.07000    0.34206    0.05508    0.61629    0.08206
   1129.48000    0.38521    0.01938    0.69264    0.01529
   1132.79000    0.36728    0.03457    0.64101    0.03128
   1135.66000    0.37479    0.04758    0.63304    0.06583
   1138.53000    0.43493    0.03726    0.66579    0.04534
   1141.20000    0.34380    0.05769    0.54601    0.05092
   1144.99000    0.33729    0.09164    0.72179    0.06194
   1149.06000    0.34227    0.03802    0.63240    0.06344
   1152.11000    0.39113    0.03536    0.55937    0.05508
   1154.05000    0.31436    0.06671    0.66452    0.04184
   1158.57000    0.36444    0.02445    0.60206    0.03576
   1161.91000    0.29195    0.05621    0.58771    0.06480
   1164.07000    0.36606    0.04628    0.59076    0.08837
   1165.22000    0.41325    0.03608    0.68882    0.05025
   1166.66000    0.41026    0.03305    0.69769    0.05871
   1170.32000    0.23958    0.06098    0.60922    0.03649
   1173.51000    0.34137    0.06580    0.69568    0.05316
   1176.08000    0.42706    0.05501    0.52140    0.04142
   1179.26000    0.54435    0.06385    0.58820    0.05491
   1181.44000    0.45914    0.05527    0.58162    0.06203
   1183.85000    0.55693    0.05809    0.49143    0.08227
   1186.96000    0.41497    0.03814    0.64421    0.05216
   1190.53000    0.42036    0.05597    0.64773    0.02076
   1191.74000    0.55394    0.08478    0.72862    0.05690
   1194.14000    0.28121    0.09623    0.56643    0.04372
   1198.91000    0.41673    0.02408    0.63617    0.04955
   1201.20000    0.45219    0.04813    0.63602    0.00932
   1202.50000    0.37303    0.04911    0.62844    0.04370
   1206.59000    0.43885    0.00216    0.67602    0.05432
   1211.14000    0.48064    0.05931    0.87879    0.04248
   1214.09000    0.47092    0.03611    0.75809    0.06207
   1464.33000    0.25959    0.05855    0.89243    0.04637
   1465.24000    0.31915    0.05041    0.93598    0.03886
   1466.27000    0.38268    0.08732    0.85589    0.05415
   1470.52000    0.34594    0.04820    1.05418    0.06646
   1473.15000    0.38371    0.02241    0.88079    0.06205
   1476.83000    0.30577    0.06641    1.02355    0.04373
   1480.81000    0.29353    0.05982    1.00954    0.00734
   1483.95000    0.34713    0.07146    0.97755    0.06095
   1486.32000    0.31726    0.02327    0.93770    0.06718
   1490.79000    0.29069    0.05482    1.15921    0.03364
   1493.72000    0.32827    0.03411    1.25371    0.05501
   1498.93000    0.40287    0.07049    1.14655    0.06373
   1502.81000    0.40683    0.04916    1.00464    0.04288
   1505.87000    0.33389    0.08558    1.02558    0.06994
   1509.94000    0.40676    0.05162    1.13349    0.01371
   1512.91000    0.37235    0.01952    1.02688    0.04806
   1515.91000    0.38471    0.05502    0.93625    0.07851
   1518.83000    0.38281    0.05012    0.96769    0.06909
   1520.88000    0.35742    0.01916    1.03888    0.05124
   1523.77000    0.35940    0.05205    1.14405    0.05384
   1528.93000    0.36102    0.03438    1.05047    0.07070
   1531.79000    0.54278    0.08580    1.01645    0.04097
   1536.42000    0.36349    0.02890    0.90117    0.01511
   1540.40000    0.37980    0.06540    0.84915    0.05949
   1542.77000    0.32756    0.06991    0.93877    0.04860
   1546.43000    0.41000    0.08394    0.99274    0.07585
   1549.68000    0.49346    0.07133    1.22858    0.06039
   1552.75000    0.31711    0.08239    1.28351    0.06234
   1555.96000    0.53693    0.05570    1.04381    0.04942
   1558.10000    0.37501    0.03212    1.10143    0.04342
   1561.30000    0.54265    0.08118    1.09867    0.05734
   1564.06000    0.42822    0.05702    1.15860    0.04762
   1566.22000    0.43449    0.03767    1.06473    0.06331
   1568.80000    0.39843    0.02651    1.01429    0.05952
   1570.90000    0.41756    0.05432    1.01525    0.03821
   1573.66000    0.38433    0.08409    0.93937    0.07478
   1577.75000    0.49419    0.04518    0.98819    0.06901
