## Time Delay Challenge light curves
##
## [time]=days, [lc]=[err]=flux in nanomaggies
##
##       time       lc_A      err_A       lc_B      err_B
##-------------------------------------------------------
      1.00000    3.78725    0.07293    1.29660    0.10188
      4.81000    3.94491    0.06836    1.36615    0.06212
      7.25000    3.76287    0.04841    1.44896    0.05603
      9.81000    3.84196    0.07448    1.54535    0.05744
     12.92000    3.79668    0.04403    1.31853    0.04037
     16.18000    3.79386    0.04445    1.34451    0.06433
     17.77000    4.13888    0.03185    1.74539    0.04013
     20.51000    3.73809    0.03072    1.43454    0.05383
     22.42000    3.78232    0.05043    1.53011    0.08061
     27.23000    3.71451    0.05874    1.38855    0.03496
     32.11000    3.71075    0.04617    1.31156    0.02396
     35.75000    3.65940    0.04905    1.33568    0.03234
     37.34000    3.60989    0.04492    1.41571    0.04601
     39.04000    3.59785    0.05018    1.35735    0.03407
     42.17000    3.65582    0.05685    1.41704    0.05500
     44.17000    3.70217    0.07109    1.40647    0.04780
     46.73000    3.77417    0.03313    1.41485    0.02999
     51.11000    3.64005    0.05234    1.27126    0.04296
     54.43000    3.73481    0.04989    1.41491    0.05745
     55.60000    3.79806    0.06418    1.28394    0.04469
     58.40000    3.77141    0.03750    1.28614    0.03313
     60.16000    3.66145    0.04508    1.30920    0.04406
     63.75000    3.81929    0.06419    1.36639    0.05757
     66.85000    3.76970    0.03666    1.31347    0.05455
     70.65000    3.67417    0.06966    1.41722    0.05300
     74.05000    3.62415    0.05951    1.35423    0.05632
     76.49000    3.40636    0.04229    1.24766    0.03510
     79.85000    3.74075    0.04084    1.37266    0.03600
     82.86000    3.83869    0.03555    1.36311    0.04628
     85.77000    3.82310    0.06262    1.35613    0.07145
     90.31000    4.02884    0.07036    1.40587    0.07754
     93.08000    3.84729    0.05430    1.36438    0.04160
     97.09000    4.15654    0.03908    1.20745    0.05719
    101.09000    3.96215    0.00916    1.49634    0.07039
    103.72000    4.11682    0.03414    1.42711    0.04880
    107.75000    4.03025    0.07945    1.42208    0.04453
    111.46000    4.03976    0.07690    1.33156    0.07078
    113.99000    4.03847    0.05770    1.35666    0.03661
    115.62000    4.01733    0.05896    1.39124    0.07137
    118.67000    3.92490    0.03243    1.38802    0.04919
    366.64000    4.62832    0.05573    1.55625    0.06823
    369.70000    4.79724    0.04913    1.55731    0.03700
    372.58000    4.81267    0.06604    1.64753    0.05401
    376.05000    4.52806    0.07130    1.72563    0.07880
    379.70000    4.85149    0.09205    1.62144    0.03820
    382.83000    4.51595    0.04060    1.62179    0.06469
    385.75000    4.65522    0.05746    1.63846    0.03345
    388.14000    4.58305    0.05921    1.64081    0.04195
    392.22000    4.45746    0.08036    1.69020    0.04052
    398.00000    4.55643    0.03818    1.66947    0.03542
    400.55000    4.57964    0.05838    1.59875    0.06464
    404.49000    4.65890    0.04755    1.64460    0.07344
    405.70000    4.77716    0.04780    1.78356    0.05993
    407.44000    4.53075    0.02935    1.61777    0.03651
    411.21000    4.58746    0.04625    1.61980    0.03965
    414.28000    4.59169    0.08233    1.57942    0.02894
    416.20000    4.69085    0.05414    1.58246    0.05156
    419.01000    4.62128    0.06778    1.57821    0.04255
    422.71000    4.46474    0.07248    1.59489    0.03713
    426.76000    4.59496    0.05415    1.68194    0.06900
    430.19000    4.60029    0.08494    1.73733    0.06243
    433.26000    4.69146    0.06672    1.74163    0.05820
    436.92000    4.65666    0.04407    1.60634    0.05698
    440.11000    4.47651    0.04150    1.91891    0.07152
    442.08000    4.51940    0.06602    1.70032    0.03559
    444.31000    4.70943    0.04048    1.61197    0.06221
    446.30000    4.59769    0.07053    1.73268    0.07909
    449.14000    4.53953    0.04820    1.69727    0.05333
    451.88000    4.72070    0.06985    1.70574    0.05248
    453.74000    4.55243    0.05828    1.54027    0.07312
    455.27000    4.71413    0.04986    1.25916    0.04954
    458.54000    4.51674    0.01527    1.69477    0.03587
    463.67000    4.41593    0.04986    1.75788    0.06421
    465.91000    4.27468    0.05532    1.71686    0.04190
    467.55000    4.34031    0.07188    1.72606    0.03889
    469.70000    4.37353    0.04303    1.81330    0.03970
    472.27000    4.30648    0.03461    1.79589    0.03749
    474.31000    4.34618    0.06819    1.64348    0.07307
    476.76000    4.35740    0.03407    1.79912    0.03439
    480.41000    4.36259    0.02469    1.77105    0.07756
    482.07000    4.26071    0.02163    1.80183    0.05226
    484.75000    4.26202    0.02789    1.67904    0.06329
    732.18000    4.29459    0.05859    1.63929    0.06289
    734.32000    3.73685    0.05151    1.62453    0.05896
    736.96000    3.75775    0.03923    1.48054    0.06045
    742.06000    3.71801    0.03474    1.54772    0.05259
    746.87000    3.61891    0.05212    1.50365    0.02923
    748.98000    3.67163    0.06781    1.55587    0.05805
    753.02000    3.81272    0.06014    1.47326    0.05425
    755.25000    3.81369    0.06242    1.50574    0.05358
    756.78000    3.80739    0.05836    1.48243    0.05838
    760.38000    3.99903    0.04241    1.42075    0.04978
    762.42000    4.01295    0.06478    1.40556    0.02667
    764.07000    3.91312    0.04160    1.33995    0.05871
    765.96000    4.06085    0.05548    1.40310    0.03393
    767.40000    4.05323    0.07420    1.44910    0.04657
    771.19000    3.98777    0.03551    1.42037    0.03907
    772.07000    3.98804    0.05134    1.41661    0.05667
    773.04000    3.86309    0.04487    1.44261    0.06730
    776.24000    4.00234    0.03849    1.38263    0.05790
    779.55000    4.00142    0.02336    1.35797    0.03333
    781.39000    4.01005    0.07367    1.34589    0.04216
    783.66000    4.13155    0.04480    1.42922    0.04318
    786.59000    3.95774    0.08010    1.46458    0.06304
    791.56000    3.93702    0.04129    1.37785    0.05435
    793.87000    3.92945    0.05198    1.34731    0.06801
    797.47000    3.86672    0.06664    1.42414    0.05545
    800.73000    3.84628    0.04892    1.39500    0.03405
    803.48000    3.76685    0.03405    1.35544    0.08239
    806.44000    3.59995    0.05631    1.35435    0.07650
    808.29000    3.72984    0.05708    1.28871    0.05763
    810.89000    3.61788    0.05028    1.34814    0.06809
    813.00000    3.54384    0.06663    1.26465    0.07958
    817.11000    3.62627    0.02301    1.34544    0.04623
    820.91000    3.44000    0.04845    1.36045    0.06758
    823.05000    3.58316    0.03801    1.32746    0.02980
    826.26000    3.80983    0.06776    1.28034    0.06412
    828.29000    3.54766    0.04235    1.38744    0.05417
    832.09000    3.42607    0.03666    1.36633    0.02436
    835.58000    3.70642    0.05359    1.33823    0.06379
    838.77000    3.48865    0.03563    1.34104    0.03505
    840.62000    3.37961    0.05167    1.39151    0.05732
    843.84000    3.38644    0.05436    1.39002    0.03236
    845.86000    3.43292    0.05914    1.40588    0.03840
    849.96000    3.37624    0.03175    1.38805    0.03481
   1095.65000    3.32806    0.08422    1.28631    0.05630
   1097.89000    3.36432    0.05655    1.29345    0.03972
   1101.95000    3.37208    0.04128    1.31605    0.02474
   1105.13000    3.42144    0.05547    1.24476    0.03668
   1107.69000    3.53030    0.04182    1.08051    0.09029
   1109.61000    3.55614    0.05697    1.32413    0.05184
   1113.05000    3.52765    0.03925    1.23698    0.04088
   1116.40000    3.63606    0.02701    1.15870    0.06130
   1120.36000    3.69364    0.08210    1.37828    0.04555
   1122.74000    3.57957    0.04266    1.30650    0.06088
   1125.90000    3.47069    0.05475    1.40191    0.06349
   1128.66000    3.47583    0.06177    1.32042    0.03974
   1132.77000    3.42640    0.04736    1.32885    0.04852
   1133.82000    3.46222    0.03533    1.39737    0.04857
   1136.66000    3.79208    0.05200    1.32052    0.06687
   1139.71000    3.43091    0.03544    1.32645    0.00867
   1141.83000    3.42064    0.06911    1.30124    0.03036
   1143.68000    3.47612    0.05139    1.30321    0.03929
   1148.03000    3.54758    0.03974    1.23008    0.07102
   1151.01000    3.48267    0.05843    1.34212    0.08344
   1154.59000    3.69796    0.06175    1.31428    0.04381
   1157.26000    3.48348    0.05238    1.49364    0.06008
   1160.07000    3.65233    0.07117    1.31888    0.07648
   1163.15000    3.44486    0.06031    1.27661    0.02816
   1164.62000    3.52303    0.03964    1.31633    0.06645
   1169.24000    3.57532    0.02115    1.23624    0.04705
   1172.61000    3.64162    0.04985    1.25807    0.06642
   1174.15000    3.57464    0.04446    1.29003    0.01628
   1176.16000    3.52914    0.07454    1.33213    0.07232
   1178.45000    3.66159    0.06291    1.25457    0.05523
   1180.93000    3.58404    0.04132    1.33202    0.06869
   1183.29000    3.55297    0.05999    1.22721    0.04271
   1186.84000    3.52630    0.02109    1.27469    0.03265
   1189.06000    3.63932    0.06180    1.27032    0.03229
   1191.66000    3.71261    0.06118    1.25884    0.04737
   1194.59000    3.66905    0.04162    1.22933    0.05530
   1195.70000    3.63717    0.03979    1.26922    0.04853
   1197.63000    3.56120    0.03394    1.33449    0.07912
   1198.52000    3.60050    0.05109    1.14695    0.05168
   1200.93000    3.65460    0.07350    1.26530    0.02018
   1202.24000    3.57148    0.03395    1.27869    0.05016
   1203.15000    3.54535    0.04717    1.15897    0.03704
   1206.69000    3.51865    0.04142    1.23688    0.07999
   1210.37000    3.40377    0.07051    1.53411    0.05263
   1212.61000    3.55572    0.04413    1.30681    0.05262
   1462.57000    3.44921    0.03622    1.24486    0.05705
   1466.45000    3.44747    0.04054    1.20594    0.01993
   1469.78000    3.38925    0.05848    1.26312    0.04260
   1473.71000    3.47954    0.06521    1.17324    0.04814
   1478.42000    3.48376    0.05473    1.23269    0.05214
   1481.71000    3.42229    0.06422    1.15103    0.08460
   1484.14000    3.57642    0.06610    1.23994    0.03634
   1488.36000    3.41515    0.04803    1.18600    0.04924
   1491.62000    3.51391    0.04986    1.14531    0.07538
   1492.68000    3.53048    0.03763    1.22588    0.06231
   1495.28000    3.48048    0.06109    1.21572    0.02360
   1497.19000    3.50449    0.06246    1.19414    0.04193
   1499.38000    3.53769    0.06410    1.21438    0.02591
   1502.91000    3.50916    0.04172    1.19720    0.04889
   1505.64000    3.63367    0.08184    1.24583    0.04105
   1511.02000    3.69206    0.06368    1.17435    0.04513
   1513.70000    3.49109    0.06881    1.22127    0.05414
   1515.75000    3.77846    0.02868    1.21707    0.03724
   1519.75000    3.69741    0.05855    1.07236    0.08401
   1522.20000    3.76374    0.04412    1.25311    0.03692
   1523.88000    3.87376    0.05582    1.22207    0.06338
   1527.45000    3.77708    0.07266    1.22316    0.05968
   1531.09000    4.02978    0.04162    1.25139    0.07529
   1534.63000    3.95479    0.05186    1.26360    0.05320
   1539.41000    3.95045    0.05002    1.24231    0.02475
   1543.22000    3.88478    0.06887    1.27690    0.05855
   1545.85000    3.92117    0.03943    1.25235    0.04526
   1546.69000    3.85679    0.08479    1.30242    0.04140
   1549.27000    3.90857    0.04940    1.23898    0.05180
   1552.85000    3.95118    0.04825    1.30824    0.06057
   1555.49000    4.02430    0.07530    1.41926    0.08119
   1558.92000    3.99137    0.05298    1.25125    0.05334
   1562.51000    3.95877    0.02248    1.22143    0.03407
   1564.47000    3.81674    0.05595    1.27896    0.04370
   1568.83000    3.98220    0.02566    1.29696    0.05934
   1571.88000    4.08301    0.07590    1.28126    0.01598
   1574.64000    3.86730    0.03212    1.20249    0.04219
   1578.59000    3.83306    0.06088    1.30037    0.04616
   1579.92000    3.94081    0.04091    1.24260    0.05643
