## Time Delay Challenge light curves
##
## [time]=days, [lc]=[err]=flux in nanomaggies
##
##       time       lc_A      err_A       lc_B      err_B
##-------------------------------------------------------
      2.17000    2.99641    0.03425    4.14908    0.05685
      5.27000    2.98138    0.02574    4.34256    0.03481
      6.46000    2.99438    0.08451    4.37362    0.06841
     10.61000    3.18027    0.05005    4.60096    0.05700
     13.20000    2.92668    0.04350    4.45797    0.05629
     17.01000    2.88225    0.07510    4.70720    0.03651
     19.73000    2.96117    0.05057    4.36531    0.06332
     22.58000    3.36626    0.05619    4.33361    0.06449
     26.16000    3.28169    0.03739    4.31446    0.05996
     31.71000    3.47164    0.04493    4.22849    0.01824
     33.87000    3.48779    0.03992    4.38958    0.09421
     37.45000    3.74022    0.06419    4.55047    0.05827
     39.77000    3.69661    0.04387    4.21433    0.06014
     41.45000    3.53142    0.04820    4.39039    0.06003
     43.96000    3.70707    0.04797    4.63705    0.05625
     47.10000    3.59683    0.04829    4.55859    0.05965
     48.94000    3.67129    0.05879    4.70807    0.04700
     52.17000    3.54644    0.04788    4.52450    0.06072
     54.30000    3.35371    0.03799    4.23460    0.09417
     57.99000    3.41696    0.05177    4.44566    0.06932
     59.24000    3.45596    0.06027    4.62286    0.06855
     61.24000    3.43842    0.06343    4.88030    0.07571
     65.46000    3.54392    0.03281    5.00852    0.02942
     69.55000    3.30792    0.05681    4.88963    0.05997
     72.19000    3.28883    0.03789    5.05317    0.02972
     75.97000    3.75435    0.06667    5.36696    0.03670
     78.92000    3.83243    0.05960    5.33293    0.04538
     82.48000    3.68269    0.05172    5.41625    0.03036
     84.29000    3.95511    0.07408    5.20928    0.04012
     87.62000    3.45654    0.05180    5.36883    0.05192
     88.74000    3.32990    0.05905    5.21058    0.05319
     90.90000    3.21682    0.07223    5.20951    0.06504
     94.54000    3.07661    0.04536    4.88671    0.05290
     96.87000    3.33367    0.07566    4.95564    0.04436
    100.50000    3.43996    0.05229    5.16358    0.03877
    102.38000    3.41692    0.04498    5.22542    0.07217
    106.39000    3.52675    0.07336    5.17568    0.07051
    110.47000    3.72332    0.04432    5.02049    0.04445
    113.28000    3.43993    0.02637    5.23988    0.03121
    115.57000    3.34907    0.06005    5.35814    0.03183
    118.47000    3.26630    0.06599    5.45309    0.06827
    366.57000    3.53019    0.06515    4.69268    0.05300
    371.36000    3.16798    0.06508    4.51727    0.06376
    374.25000    3.34445    0.08384    4.66818    0.06056
    378.86000    3.46801    0.03719    4.56396    0.05750
    382.89000    3.84172    0.05662    4.43576    0.06343
    385.45000    3.74545    0.04750    4.62486    0.02973
    387.24000    3.63775    0.04024    4.39561    0.03394
    390.41000    3.54290    0.05707    4.61585    0.04426
    393.16000    3.44696    0.05146    4.60618    0.07241
    394.75000    3.31284    0.05214    4.45808    0.05401
    397.79000    3.17646    0.02672    5.05648    0.03765
    401.15000    3.09474    0.04827    5.33797    0.06880
    404.50000    3.14100    0.05269    5.43188    0.04378
    407.55000    2.94583    0.06064    5.20393    0.03576
    410.41000    3.00806    0.05075    4.93725    0.05974
    412.53000    2.95647    0.02712    5.11108    0.06611
    416.15000    2.87034    0.03246    5.40493    0.04764
    420.26000    2.78698    0.04597    5.65697    0.08065
    422.73000    2.82246    0.06261    5.92514    0.02526
    425.22000    2.64972    0.05286    5.74700    0.04461
    429.78000    2.72148    0.04322    5.38300    0.06320
    431.73000    2.93949    0.05798    5.33222    0.06305
    434.28000    2.78720    0.05788    5.20748    0.04454
    437.19000    2.95158    0.03903    4.91813    0.04922
    440.82000    2.87816    0.04254    4.75737    0.04207
    444.58000    2.74448    0.07939    4.65334    0.08877
    447.35000    2.72348    0.02168    4.55080    0.05630
    451.16000    2.66785    0.05676    4.57835    0.04835
    453.22000    2.59766    0.06120    4.37715    0.05908
    455.34000    2.44191    0.02827    4.33798    0.06086
    458.82000    2.32070    0.05257    4.31762    0.02313
    461.99000    2.38087    0.07398    4.35421    0.02717
    465.54000    2.42935    0.04505    4.11759    0.03560
    468.21000    2.18420    0.05997    4.18579    0.04846
    470.95000    2.30405    0.06417    4.18305    0.04767
    474.22000    2.20437    0.07313    4.31257    0.05728
    477.37000    2.03300    0.07336    4.46287    0.04657
    480.60000    2.05179    0.07467    4.47303    0.03861
    484.48000    2.24562    0.06468    4.37801    0.05517
    731.76000    3.18438    0.03135    5.04093    0.06321
    735.82000    3.23816    0.07200    5.31488    0.03277
    737.76000    3.48033    0.05073    5.16638    0.04221
    740.40000    3.58279    0.04922    5.11134    0.03398
    742.63000    3.46366    0.05222    4.72998    0.02961
    747.04000    3.24437    0.04795    4.91478    0.07942
    751.47000    2.97475    0.05189    5.06607    0.04336
    754.41000    2.74241    0.03698    5.29571    0.05877
    758.42000    2.92727    0.04942    5.07865    0.03135
    760.89000    3.01453    0.04523    5.21460    0.05529
    764.25000    2.92730    0.03330    5.00444    0.04349
    767.93000    2.87071    0.03925    5.02336    0.06963
    771.08000    2.85761    0.07021    4.91149    0.07847
    774.16000    3.04578    0.04885    5.09617    0.06566
    776.37000    2.84882    0.02965    5.25850    0.06157
    780.87000    2.97851    0.05355    5.38737    0.06671
    784.72000    3.23339    0.06471    5.21575    0.05178
    789.26000    3.31238    0.04512    4.90088    0.06549
    791.46000    3.26098    0.05631    4.52518    0.04570
    794.91000    3.10138    0.05210    4.31379    0.07186
    797.60000    3.12035    0.06475    4.39559    0.07454
    800.31000    3.09101    0.06900    4.60315    0.05921
    804.78000    3.04054    0.04238    4.51579    0.05331
    809.28000    2.84001    0.05110    4.32258    0.05722
    812.32000    2.45752    0.05289    4.45160    0.06084
    816.26000    2.69339    0.04405    4.32721    0.04505
    819.69000    2.73384    0.05162    4.45936    0.09017
    822.49000    2.56735    0.06742    4.77402    0.04889
    825.59000    2.56205    0.06892    5.10959    0.07973
    828.50000    2.51249    0.05332    4.99238    0.04151
    830.88000    2.34725    0.05393    5.05496    0.05074
    833.65000    2.57955    0.05140    4.85556    0.04279
    837.31000    2.64913    0.05455    4.80431    0.07330
    841.29000    2.75972    0.04636    4.59518    0.04501
    845.15000    2.68449    0.03174    4.47916    0.05155
    848.73000    2.87789    0.02812    4.32976    0.05996
   1095.03000    2.94357    0.05016    3.86470    0.06850
   1098.69000    2.93016    0.08542    3.86839    0.03399
   1101.94000    2.97808    0.05792    3.91715    0.04690
   1103.55000    2.98293    0.05196    4.04134    0.05098
   1106.34000    2.93137    0.05242    4.01327    0.04802
   1111.55000    3.00768    0.06089    3.89633    0.06184
   1115.53000    3.12955    0.04928    3.79804    0.07822
   1119.66000    3.05795    0.05018    4.11209    0.04113
   1122.11000    3.00381    0.06730    4.38655    0.07014
   1124.69000    3.03585    0.01822    4.33325    0.03310
   1127.93000    2.98046    0.03026    4.51366    0.05621
   1129.95000    2.97850    0.04057    4.63949    0.07372
   1132.64000    3.16108    0.05221    4.70175    0.05361
   1136.48000    2.97002    0.03153    4.64291    0.05832
   1139.32000    2.98694    0.02556    4.62600    0.05596
   1141.63000    3.04838    0.04900    4.66173    0.06351
   1144.02000    2.85195    0.05955    4.66598    0.03990
   1148.90000    3.15481    0.07409    4.77065    0.05476
   1152.98000    3.15498    0.10068    4.78700    0.05266
   1159.19000    3.14960    0.08241    4.60441    0.06317
   1161.61000    3.22990    0.04195    4.86790    0.08092
   1164.88000    3.15229    0.03919    4.53217    0.05302
   1167.18000    3.27804    0.06535    4.55920    0.04776
   1172.01000    3.41014    0.07361    4.58250    0.02497
   1175.07000    3.44418    0.05932    4.37495    0.04886
   1177.75000    3.60134    0.09456    4.48340    0.02913
   1179.57000    3.52858    0.07125    4.41194    0.06251
   1183.72000    3.77468    0.03814    4.26826    0.04454
   1188.15000    3.79021    0.02695    4.74802    0.05305
   1190.17000    3.55919    0.05822    4.60451    0.03446
   1193.27000    3.24589    0.05219    4.75478    0.04543
   1195.72000    3.33910    0.04401    4.52050    0.06658
   1199.50000    3.07667    0.04070    4.51191    0.05720
   1201.85000    3.05413    0.04447    4.57417    0.04200
   1204.20000    2.89033    0.06327    4.89761    0.08129
   1207.24000    2.91791    0.07709    4.77111    0.03986
   1208.73000    2.99016    0.04240    4.72058    0.07836
   1212.33000    2.92189    0.03747    4.99204    0.06083
   1460.93000    2.83413    0.07410    4.56508    0.03298
   1462.42000    2.87820    0.04360    4.60152    0.02535
   1466.35000    2.68948    0.04195    4.29527    0.08636
   1468.56000    2.64999    0.01922    4.52068    0.06137
   1473.01000    2.77744    0.03974    4.62596    0.03879
   1476.82000    2.54202    0.02714    4.46059    0.06819
   1479.49000    2.64729    0.07642    4.47418    0.04916
   1482.89000    2.47347    0.05193    4.49615    0.06381
   1486.19000    2.58533    0.02731    4.29321    0.05026
   1491.01000    2.44799    0.06893    4.78670    0.04036
   1494.56000    2.62715    0.03791    4.63297    0.06363
   1498.31000    2.76721    0.05102    4.86994    0.06324
   1501.13000    2.85478    0.07044    4.70795    0.04588
   1503.87000    2.88674    0.05540    4.61780    0.06525
   1507.50000    3.08476    0.01431    4.49000    0.06161
   1510.01000    3.05679    0.03341    4.33880    0.08819
   1510.82000    3.10161    0.03957    4.30218    0.04325
   1514.47000    3.03249    0.03766    4.34814    0.06954
   1518.22000    3.06804    0.03232    4.23989    0.03464
   1521.33000    2.84533    0.05956    4.23343    0.06932
   1524.27000    3.08016    0.03991    4.16220    0.07264
   1528.26000    3.13499    0.07993    4.20284    0.08794
   1531.60000    3.09983    0.07475    4.09994    0.06255
   1535.88000    3.00044    0.05658    4.36787    0.05825
   1539.59000    3.01327    0.01615    4.59981    0.06215
   1543.06000    3.04882    0.05315    4.57848    0.04803
   1547.60000    3.19471    0.06495    4.96568    0.03333
   1550.78000    3.11062    0.05240    5.00290    0.03986
   1553.93000    3.25054    0.04571    5.00789    0.04438
   1557.18000    3.18539    0.03331    5.00644    0.07827
   1560.51000    3.26484    0.03563    4.80732    0.07000
   1564.62000    3.00962    0.05866    4.68747    0.03738
   1569.66000    3.04531    0.04632    4.96968    0.07255
   1572.42000    2.98650    0.04600    4.78296    0.07641
   1575.82000    3.25357    0.04330    4.86017    0.05468
