## Time Delay Challenge light curves
##
## [time]=days, [lc]=[err]=flux in nanomaggies
##
##       time       lc_A      err_A       lc_B      err_B
##-------------------------------------------------------
      1.38000    3.43315    0.05073    5.21587    0.05446
      4.70000    3.63693    0.04976    5.27517    0.03556
      8.32000    3.88538    0.06637    5.24488    0.03586
     12.49000    3.74743    0.04150    5.19122    0.04528
     16.62000    3.60612    0.03587    5.31232    0.03452
     20.08000    3.59509    0.06015    5.51638    0.08958
     22.94000    3.59374    0.07105    5.50391    0.06686
     27.09000    3.57867    0.04833    5.36175    0.04156
     29.75000    3.80946    0.10015    5.16566    0.02622
     34.39000    3.34828    0.02772    5.23576    0.04536
     38.24000    3.25776    0.03822    5.90957    0.03689
     42.87000    3.55582    0.04065    5.86016    0.07064
     46.14000    3.59669    0.05920    6.12955    0.08595
     48.79000    3.50255    0.06770    6.10439    0.02628
     52.67000    3.97766    0.04036    5.54095    0.01737
     54.95000    3.95859    0.05180    5.17164    0.05106
     60.01000    4.28646    0.06207    5.42787    0.02067
     63.75000    4.32378    0.06974    5.01650    0.06430
     66.59000    4.27948    0.03732    4.99427    0.03783
     70.11000    4.31741    0.04443    5.09256    0.06359
     73.10000    4.21382    0.05271    5.18771    0.06945
     76.93000    4.36443    0.05303    5.00344    0.07564
     81.46000    4.68118    0.02162    4.81129    0.05371
     85.63000    4.54824    0.05731    4.38590    0.06506
     88.45000    4.35026    0.05435    4.40560    0.07834
     91.29000    4.33384    0.06591    4.64415    0.03406
     93.41000    4.22086    0.05550    4.43609    0.04731
     96.57000    4.41098    0.05110    4.21211    0.03033
     98.85000    4.41478    0.05197    4.31300    0.06525
    100.81000    4.87613    0.05310    4.52131    0.06360
    104.07000    4.66717    0.09700    4.53846    0.07343
    107.27000    4.87680    0.05338    4.82042    0.05484
    109.54000    5.03796    0.02945    4.68082    0.06101
    111.78000    4.96270    0.04168    4.69293    0.05857
    114.87000    4.63312    0.05873    4.55091    0.01791
    118.49000    4.32591    0.05501    4.51039    0.04999
    365.94000    3.60118    0.05544    4.16456    0.05727
    368.30000    3.52212    0.06424    4.12313    0.06268
    372.61000    3.50735    0.04811    4.45156    0.06848
    376.00000    3.62152    0.05303    3.97079    0.06208
    379.10000    3.51988    0.06288    4.14861    0.06173
    383.36000    3.71199    0.07386    4.05836    0.04630
    387.00000    3.58266    0.04523    4.30810    0.02180
    391.58000    3.68251    0.03465    4.53737    0.07068
    394.32000    3.33682    0.05945    4.37592    0.00647
    396.95000    3.25194    0.04763    4.62703    0.03547
    400.57000    3.25265    0.06098    4.51091    0.06705
    403.52000    3.09864    0.03787    4.29794    0.04673
    407.14000    3.28152    0.05782    4.42096    0.04163
    408.95000    3.20553    0.07463    4.38872    0.05237
    411.38000    3.17467    0.08181    4.38620    0.08676
    416.33000    3.43406    0.03591    4.05242    0.03218
    418.32000    3.48374    0.04783    3.95687    0.06976
    421.76000    3.73851    0.05105    4.07603    0.05739
    424.24000    3.63021    0.07248    3.96554    0.07966
    426.98000    3.62737    0.05141    3.80099    0.04395
    429.04000    3.45990    0.03417    3.80901    0.07435
    432.33000    3.39702    0.03082    3.86302    0.04672
    435.73000    3.41235    0.06663    4.01275    0.03939
    438.42000    3.27507    0.03804    3.73363    0.06880
    441.95000    3.54754    0.05177    3.71762    0.00399
    447.20000    3.38690    0.05789    4.27150    0.06460
    451.75000    3.59840    0.02259    4.20470    0.01396
    455.08000    3.59385    0.06884    3.91009    0.04794
    458.52000    3.54163    0.05602    4.04103    0.09555
    460.19000    3.68347    0.05175    3.96747    0.04067
    461.73000    3.63622    0.06754    4.04527    0.04239
    465.98000    3.53826    0.08090    4.27989    0.06651
    469.32000    3.35616    0.03259    3.93783    0.04000
    470.64000    3.57080    0.01398    3.91255    0.04148
    474.54000    3.40222    0.05406    3.82692    0.05661
    476.71000    3.28939    0.04875    3.47148    0.04600
    478.94000    3.47945    0.06432    3.45189    0.05948
    482.50000    3.33041    0.04970    3.92751    0.05856
    484.08000    3.22132    0.08066    4.02069    0.07535
    730.06000    6.76853    0.03273    7.62247    0.04841
    733.93000    6.18189    0.03462    7.67688    0.04312
    735.66000    6.15945    0.06151    7.91995    0.07198
    737.91000    6.28040    0.07738    8.24784    0.03491
    741.26000    5.98341    0.06959    8.80425    0.07057
    743.95000    5.55416    0.07167    8.29670    0.05717
    747.24000    4.99452    0.07886    8.59443    0.04414
    749.64000    5.20363    0.03957    8.65187    0.06200
    753.61000    5.32241    0.02936    8.98376    0.05508
    757.81000    5.51635    0.07020    8.74219    0.03090
    762.05000    5.33972    0.06376    8.99225    0.03961
    764.15000    5.40818    0.06981    8.71899    0.04156
    766.79000    5.26090    0.05109    8.36171    0.06733
    768.66000    5.37421    0.03535    8.64680    0.05620
    771.21000    5.60402    0.04615    8.92036    0.05889
    773.93000    5.70044    0.02752    8.82032    0.06654
    776.76000    5.66748    0.03259    8.75415    0.07197
    780.50000    5.95397    0.06193    8.37549    0.05824
    783.43000    6.15446    0.07320    8.34009    0.01995
    787.20000    6.13016    0.08044    7.74846    0.06771
    788.89000    5.89342    0.05537    7.68808    0.04335
    793.28000    6.27832    0.07038    7.57823    0.04935
    795.92000    6.17363    0.05745    7.34123    0.07319
    798.55000    6.33728    0.04102    7.74926    0.09499
    800.86000    6.77856    0.04761    7.53191    0.05520
    803.48000    7.02897    0.04210    7.57053    0.04268
    807.54000    7.12683    0.07655    8.23951    0.07270
    809.81000    7.10534    0.05073    8.81058    0.06229
    813.69000    7.23836    0.05390    9.35396    0.06483
    817.93000    7.34852    0.03617    9.74300    0.05004
    819.66000    7.20131    0.03920    9.62689    0.06711
    822.49000    7.03179    0.04989    9.39543    0.07628
    825.62000    7.37933    0.08931    9.19848    0.05774
    827.12000    7.01626    0.03409    8.66986    0.04331
    829.40000    7.06176    0.04117    8.50906    0.04094
    832.29000    7.12841    0.06338    8.90396    0.07345
    837.16000    7.14636    0.06459    8.86576    0.07897
    839.93000    7.12664    0.04372    9.40807    0.04289
    844.31000    6.87069    0.05941   10.32282    0.05613
    848.94000    6.25012    0.05854   10.22574    0.05206
   1096.00000    6.34619    0.04275    7.35614    0.06497
   1099.00000    6.54069    0.05625    7.60609    0.04923
   1102.24000    7.13485    0.03861    6.99966    0.04979
   1105.59000    6.79456    0.07920    6.52716    0.03195
   1108.70000    7.42958    0.07190    6.49034    0.04574
   1111.68000    6.94488    0.04805    6.93298    0.06274
   1114.54000    6.71308    0.03021    6.79389    0.04809
   1117.17000    6.87028    0.06798    6.51913    0.05799
   1120.75000    6.74671    0.07031    6.87353    0.05596
   1123.45000    6.58424    0.06518    6.68166    0.05678
   1126.16000    6.28776    0.06346    6.61095    0.05836
   1130.21000    6.47121    0.03814    6.21727    0.07218
   1132.46000    6.30410    0.06973    6.07317    0.07078
   1135.44000    6.01382    0.06698    5.69896    0.04864
   1137.84000    6.25873    0.08753    5.27757    0.04716
   1140.38000    5.96564    0.05333    5.08747    0.04555
   1142.52000    5.87025    0.07112    5.07787    0.08596
   1146.79000    5.80757    0.06981    4.83754    0.03477
   1149.14000    5.67989    0.05440    4.71204    0.06916
   1151.87000    5.68123    0.03826    4.55913    0.08134
   1154.17000    5.61429    0.05556    4.60364    0.05646
   1156.95000    5.71801    0.05212    4.66969    0.03631
   1159.02000    5.99171    0.04539    4.52179    0.06978
   1162.91000    5.93348    0.05900    4.44791    0.06403
   1165.08000    5.79388    0.04710    4.35606    0.05352
   1167.89000    5.29759    0.01655    4.52832    0.05634
   1170.58000    5.51603    0.05341    4.71150    0.06181
   1171.94000    5.32551    0.05498    4.41681    0.06349
   1175.44000    5.44049    0.06879    4.58578    0.06979
   1179.03000    5.31752    0.05778    4.57126    0.05083
   1182.18000    5.34945    0.05033    4.66043    0.07114
   1183.71000    5.48322    0.07822    4.38272    0.09060
   1187.43000    5.36182    0.04476    3.98473    0.06174
   1189.97000    5.30751    0.05377    4.24099    0.04865
   1192.42000    5.13241    0.07713    4.12491    0.00203
   1196.33000    5.07469    0.06459    4.08776    0.05773
   1200.05000    4.35467    0.05422    3.43776    0.07465
   1203.88000    4.12554    0.04151    3.82368    0.05057
   1205.96000    4.21015    0.05312    3.77641    0.03962
   1208.92000    3.99300    0.05880    3.74488    0.05488
   1210.89000    3.79547    0.06315    3.55840    0.04313
   1214.57000    3.72166    0.03723    3.39347    0.04241
   1462.64000    4.07630    0.04949    6.11602    0.03223
   1467.75000    4.23552    0.02606    5.83926    0.03923
   1470.70000    4.31034    0.03262    6.16823    0.05963
   1473.98000    4.28702    0.04974    5.91301    0.04265
   1477.46000    4.00260    0.06964    6.39895    0.08248
   1480.74000    4.16317    0.02995    6.44657    0.07978
   1484.24000    4.12806    0.02714    6.90541    0.06250
   1487.88000    4.04960    0.05532    7.49020    0.05824
   1490.73000    3.75885    0.05597    7.04890    0.05647
   1492.59000    4.05989    0.08064    7.20645    0.05437
   1494.42000    4.00297    0.07195    7.33781    0.05203
   1497.52000    3.91587    0.06395    7.47244    0.02147
   1501.39000    3.97599    0.04654    7.76742    0.05176
   1504.11000    4.30945    0.05157    7.06757    0.02785
   1507.08000    4.19499    0.03736    7.27311    0.05872
   1508.03000    4.09510    0.05718    7.17762    0.04822
   1510.67000    4.29328    0.05235    7.26669    0.06350
   1513.16000    4.61201    0.04446    7.78081    0.06824
   1516.32000    4.58414    0.08701    7.53849    0.05687
   1519.78000    4.77302    0.03359    8.10846    0.05299
   1523.39000    4.84928    0.06262    8.08953    0.06188
   1526.59000    4.84905    0.03909    8.10673    0.07707
   1529.97000    4.86096    0.07279    7.77624    0.05628
   1534.13000    4.94195    0.02974    7.61179    0.03141
   1536.70000    4.94459    0.06417    7.96637    0.08452
   1540.87000    5.36684    0.04462    7.67092    0.03670
   1544.99000    4.98961    0.08734    7.58362    0.03766
   1545.68000    5.12799    0.04183    7.55124    0.04790
   1548.51000    5.72899    0.07820    8.03587    0.07589
   1550.46000    6.25904    0.06172    8.13422    0.03259
   1553.95000    5.77496    0.05988    8.49379    0.02815
   1558.26000    5.97840    0.05668    8.65469    0.04302
   1561.65000    6.07042    0.05404    8.25071    0.05223
   1563.89000    6.20621    0.03254    8.37662    0.02557
   1566.95000    5.73420    0.04417    8.03487    0.04760
   1570.88000    5.85892    0.05811    8.15763    0.05344
   1573.21000    6.16741    0.04657    7.51994    0.03891
   1575.78000    6.23764    0.05919    7.66874    0.04003
