## Time Delay Challenge light curves
##
## [time]=days, [lc]=[err]=flux in nanomaggies
##
##       time       lc_A      err_A       lc_B      err_B
##-------------------------------------------------------
      1.49000    9.09975    0.06064   19.07993    0.02988
      5.59000    9.23368    0.07383   19.37498    0.08351
     10.59000    9.23416    0.06031   19.10316    0.06564
     13.19000    9.32932    0.05378   19.13123    0.05107
     16.81000    9.55220    0.06810   19.13794    0.05360
     20.22000    9.41706    0.04482   19.10078    0.05460
     25.28000    9.52698    0.05042   18.80847    0.02907
     27.70000    9.56501    0.05261   19.09827    0.03521
     31.20000    9.80256    0.06285   18.97421    0.04550
     32.68000    9.70086    0.03333   19.04145    0.06492
     33.73000    9.82254    0.04065   19.13554    0.06039
     37.84000    9.61067    0.02363   19.59633    0.04396
     39.74000    9.58684    0.05990   19.47775    0.01174
     41.35000    9.49786    0.04803   19.39239    0.06099
     45.87000    9.95670    0.05291   19.40719    0.03958
     49.35000   10.04182    0.05759   18.72776    0.04716
     52.42000   10.05339    0.05514   18.88152    0.05947
     53.97000   10.01653    0.03338   19.24139    0.03919
     56.00000   10.02556    0.02044   19.26263    0.07130
     58.70000   10.03434    0.05231   19.05525    0.03121
     62.91000   10.09214    0.04805   19.15498    0.05891
     64.91000   10.28109    0.03787   19.43437    0.03791
     68.51000   10.21135    0.07998   19.82819    0.03901
     70.59000   10.11439    0.05831   19.67261    0.05844
     74.35000   10.23628    0.04009   19.85267    0.05524
     79.09000   10.13405    0.07330   19.94046    0.06381
     81.55000   10.01278    0.06644   19.62424    0.06346
     84.20000   10.00409    0.06257   19.92621    0.07096
     87.43000   10.06152    0.08426   20.08502    0.06972
     91.72000   10.28462    0.05910   19.70493    0.04913
     92.58000    9.86837    0.09023   19.72466    0.04788
     95.43000   10.07686    0.06051   19.52836    0.02936
     97.57000    9.96138    0.03436   19.77608    0.06751
    100.98000    9.83295    0.01966   20.30937    0.04072
    103.64000   10.06726    0.05105   20.18737    0.03122
    105.75000    9.79738    0.04681   20.31533    0.02223
    108.03000    9.72476    0.06940   20.58558    0.07057
    111.55000    9.74453    0.05653   20.38175    0.06739
    113.30000    9.89598    0.06533   20.35452    0.05362
    116.42000    9.79973    0.02625   20.24850    0.04035
    119.15000    9.86686    0.05551   20.44188    0.03419
    366.76000   11.55657    0.04939   17.07778    0.03178
    371.15000   11.58803    0.06709   17.19824    0.05593
    372.98000   11.54765    0.03869   16.98076    0.02697
    377.87000   11.38033    0.03751   16.65847    0.05931
    380.84000   11.25848    0.04279   16.03999    0.04275
    384.25000   11.22384    0.02561   15.48953    0.06913
    388.75000   11.01986    0.04053   15.50693    0.08881
    391.35000   11.07342    0.04640   15.24077    0.05095
    395.23000   11.13443    0.02874   14.98002    0.04954
    397.14000   10.89696    0.05041   15.16498    0.06646
    399.25000   10.88056    0.05641   15.24125    0.04477
    401.20000   10.78266    0.07400   15.27962    0.04347
    404.17000   10.85273    0.04569   15.09492    0.05139
    406.63000   10.77397    0.06732   15.54868    0.06412
    409.75000   10.72018    0.03571   15.21815    0.06568
    412.83000   10.58612    0.05829   15.03310    0.03835
    416.27000   10.54402    0.04973   14.67693    0.05015
    420.56000   10.46366    0.05183   14.39805    0.07804
    422.71000   10.26214    0.06779   14.15418    0.02317
    425.28000   10.26076    0.05142   14.02069    0.02965
    426.74000   10.30083    0.06473   14.07331    0.06750
    429.18000   10.32964    0.04785   13.80484    0.06263
    432.22000   10.63281    0.03602   13.72287    0.05444
    434.97000   10.79811    0.04547   13.41572    0.03397
    437.81000   10.70231    0.03982   13.39714    0.04261
    439.86000   10.48750    0.07307   13.12643    0.03794
    443.33000   10.46762    0.02398   12.94603    0.02691
    445.68000   10.42264    0.04145   12.84343    0.05163
    449.00000   10.67771    0.05140   12.83465    0.04193
    452.86000   10.72987    0.04267   12.37534    0.03788
    456.12000   10.36445    0.05573   12.13108    0.03792
    458.89000   10.25373    0.04736   11.94987    0.07198
    461.22000   10.17780    0.05394   11.81597    0.07431
    464.88000   10.27638    0.04939   11.90941    0.05950
    466.64000   10.16864    0.07215   11.73247    0.07483
    468.70000   10.15748    0.07004   11.57686    0.03490
    470.81000   10.08369    0.03868   11.39194    0.06500
    474.36000   10.22759    0.04258   11.24953    0.03884
    477.32000   10.18335    0.04209   11.06961    0.03418
    481.41000   10.15446    0.04152   10.93159    0.05692
    483.56000   10.03765    0.06337   10.72523    0.04377
    730.66000    9.60030    0.02072    5.18461    0.03606
    733.01000    9.46860    0.08762    5.24066    0.05246
    734.07000    9.75313    0.06107    5.13219    0.06245
    738.60000    9.76396    0.07158    4.99003    0.04250
    741.63000    9.78683    0.04819    4.93453    0.08751
    744.50000    9.86618    0.05262    4.99612    0.06031
    746.92000    9.64415    0.04333    4.84421    0.02830
    749.71000    9.78106    0.07694    4.77575    0.04291
    753.98000    9.69339    0.04789    4.86950    0.06429
    756.49000   10.01886    0.06205    4.73437    0.07172
    758.92000    9.89547    0.04321    4.89850    0.03126
    762.55000    9.81788    0.02034    4.85201    0.02659
    765.48000    9.90582    0.06132    4.86166    0.07023
    767.26000    9.80419    0.07741    4.89652    0.03794
    773.32000    9.65356    0.08112    4.88593    0.09116
    776.34000    9.75565    0.05614    4.84967    0.05545
    777.98000    9.76700    0.06424    4.87475    0.03164
    780.57000    9.98938    0.05549    4.74910    0.08017
    784.02000   10.15243    0.05571    4.67632    0.03930
    786.45000   10.18223    0.05276    4.66181    0.05860
    788.34000    9.95033    0.03893    4.73552    0.02028
    790.19000    9.88767    0.04387    4.78474    0.06196
    792.38000    9.84643    0.05592    4.70357    0.03758
    794.98000    9.61378    0.08858    4.71101    0.03031
    798.94000    9.49670    0.04865    4.62958    0.05696
    801.37000    9.58409    0.04494    4.66951    0.05235
    802.36000    9.70077    0.05125    4.69997    0.04100
    805.34000    9.56534    0.07086    4.67721    0.07124
    808.36000    9.64534    0.03110    4.64994    0.05144
    809.46000    9.60805    0.04371    4.56970    0.00753
    810.72000    9.60625    0.06838    4.69629    0.07428
    813.05000    9.64738    0.03642    4.61956    0.05621
    815.58000    9.81354    0.06114    4.57297    0.06741
    819.90000    9.79689    0.05236    4.54615    0.02537
    821.65000    9.86631    0.03907    4.48324    0.02594
    824.07000    9.36598    0.09562    4.46209    0.04384
    827.48000    9.84311    0.05565    4.50968    0.05770
    828.90000    9.84210    0.03193    4.38301    0.03217
    831.27000    9.92849    0.05944    4.38972    0.08029
    835.14000    9.83332    0.07962    4.54244    0.04981
    836.87000    9.78647    0.00969    4.34926    0.06144
    839.32000    9.56494    0.06903    4.54404    0.08643
    841.72000    9.57393    0.04111    4.48697    0.03216
    844.34000    9.61947    0.05726    4.34896    0.07213
    848.72000    9.39046    0.06545    4.29273    0.05019
   1097.69000    8.49363    0.08685    2.99974    0.07991
   1101.26000    8.77557    0.04749    3.23456    0.05000
   1105.47000    8.61353    0.05359    3.12761    0.07438
   1109.72000    8.42749    0.06165    3.28177    0.02562
   1112.04000    8.50486    0.07586    3.26115    0.04178
   1113.41000    8.53865    0.03614    3.23774    0.01896
   1116.03000    8.54344    0.04848    3.19807    0.04559
   1118.14000    8.49105    0.02878    3.29721    0.08335
   1120.30000    8.50242    0.04899    3.26059    0.05018
   1124.13000    8.48178    0.04720    3.32155    0.05990
   1128.26000    8.64575    0.03963    3.26800    0.07373
   1132.30000    8.56128    0.04658    3.20449    0.03289
   1134.68000    8.51098    0.05995    3.28445    0.06353
   1136.17000    8.67634    0.05576    3.25800    0.03620
   1138.27000    8.64580    0.03033    3.35294    0.06137
   1139.89000    8.56964    0.05285    3.32985    0.03506
   1143.02000    8.48036    0.03937    3.18072    0.06278
   1146.37000    8.61003    0.05579    3.39306    0.07313
   1147.07000    8.62561    0.06313    3.26644    0.04617
   1149.13000    8.52124    0.03014    3.12893    0.06014
   1150.66000    8.66775    0.01903    3.20058    0.05820
   1153.90000    8.84736    0.04944    3.12892    0.05639
   1156.22000    8.81563    0.04360    3.15975    0.05325
   1158.58000    8.84773    0.07683    3.03826    0.07373
   1161.51000    8.77374    0.04206    3.19871    0.07190
   1164.13000    8.88040    0.04145    3.08507    0.03391
   1165.71000    8.76635    0.04102    3.08169    0.03952
   1168.79000    8.95616    0.04631    3.00429    0.06460
   1171.29000    9.04432    0.04927    3.04951    0.03023
   1173.53000    9.03882    0.06215    3.06578    0.05534
   1176.99000    8.98636    0.03529    3.05479    0.05575
   1180.35000    8.86330    0.03305    3.03506    0.05009
   1183.97000    8.54167    0.02402    3.15052    0.04727
   1188.41000    8.28879    0.06574    3.06490    0.04524
   1193.09000    8.22716    0.04928    3.19402    0.05950
   1195.71000    8.26002    0.05341    3.15676    0.06742
   1197.60000    8.37290    0.05076    3.01725    0.04748
   1200.29000    8.23662    0.04680    3.14536    0.02864
   1203.40000    8.35311    0.05713    3.06981    0.05349
   1207.04000    8.14076    0.07439    3.03451    0.08716
   1208.36000    8.22119    0.04895    3.15911    0.04688
   1212.09000    8.23246    0.04921    3.08220    0.05512
   1213.49000    8.31988    0.05636    3.11001    0.05778
   1461.60000    8.67003    0.05748    3.04674    0.05444
   1465.50000    8.79433    0.04400    2.87237    0.06451
   1468.30000    8.85313    0.03858    2.98052    0.04072
   1471.99000    8.84985    0.04268    3.03314    0.07015
   1474.13000    8.84308    0.05531    3.06011    0.01408
   1478.19000    8.84842    0.06315    2.95587    0.04338
   1479.97000    8.75985    0.04860    2.93988    0.07360
   1481.96000    8.79229    0.05414    2.98773    0.05972
   1484.22000    8.70084    0.05278    2.96708    0.05868
   1485.72000    8.73321    0.07073    2.98759    0.03291
   1488.36000    9.00501    0.06542    3.02201    0.06756
   1492.76000    8.94620    0.05503    3.00059    0.07209
   1495.08000    9.04912    0.05686    2.91628    0.05601
   1498.51000    8.88104    0.03567    2.94183    0.05758
   1500.31000    9.04627    0.04401    2.87713    0.07784
   1503.03000    9.27007    0.05653    2.90124    0.05771
   1505.06000    9.13532    0.07073    2.91704    0.04992
   1506.72000    9.25158    0.03900    2.90701    0.03691
   1510.66000    9.22377    0.02943    2.92827    0.09893
   1514.76000    9.11054    0.01286    2.85261    0.07803
   1517.44000    9.19513    0.02391    2.96235    0.03109
   1520.82000    8.98005    0.03572    3.00469    0.05235
   1522.21000    9.06445    0.05165    3.07522    0.05271
   1526.56000    8.70390    0.06053    2.98500    0.08369
   1529.67000    8.72919    0.02314    2.98587    0.04231
   1531.58000    8.60174    0.06475    3.09749    0.05795
   1536.05000    8.58936    0.05863    3.13771    0.06210
   1538.41000    8.49971    0.05433    2.99730    0.05048
   1541.32000    8.59216    0.06579    3.12158    0.05350
   1544.28000    8.49782    0.04823    3.15956    0.03695
   1546.87000    8.38483    0.02889    3.00435    0.08195
   1549.17000    8.37897    0.04931    3.12494    0.06424
   1550.80000    8.31605    0.04834    3.10248    0.05210
   1552.47000    8.37942    0.06451    3.07931    0.08497
   1554.21000    8.49476    0.04944    3.04103    0.06936
   1556.49000    8.66387    0.03907    3.01731    0.05653
   1559.49000    8.52356    0.06810    3.07776    0.05633
   1560.42000    8.29304    0.05127    3.08706    0.06209
   1562.67000    8.18688    0.04563    3.17088    0.07873
   1564.76000    8.23249    0.05318    3.15127    0.04415
   1567.40000    8.16305    0.06152    3.20005    0.05320
   1569.52000    8.23942    0.06410    3.05001    0.07438
   1574.99000    8.49475    0.05647    3.06079    0.05980
   1578.58000    8.37718    0.06658    3.07674    0.02918
