## Time Delay Challenge light curves
##
## [time]=days, [lc]=[err]=flux in nanomaggies
##
##       time       lc_A      err_A       lc_B      err_B
##-------------------------------------------------------
      0.32000    0.54559    0.04984    3.09841    0.05009
      2.73000    0.58272    0.06388    3.24649    0.06816
      4.63000    0.54190    0.04865    3.39281    0.08731
      8.17000    0.59924    0.03618    3.27601    0.07408
     10.73000    0.63508    0.05371    3.11406    0.05309
     14.18000    0.58014    0.04987    2.80780    0.05887
     16.94000    0.50125    0.04951    3.16860    0.05025
     19.80000    0.45739    0.06758    3.14281    0.04510
     23.19000    0.48859    0.05192    3.03192    0.04871
     24.76000    0.51168    0.06925    2.97871    0.05868
     26.47000    0.78522    0.06319    2.97009    0.04634
     28.90000    0.56523    0.06175    2.88139    0.06674
     31.75000    0.58420    0.09232    2.62689    0.04070
     34.86000    0.52396    0.06168    2.96727    0.05292
     37.68000    0.58275    0.05723    2.93054    0.06369
     40.81000    0.41394    0.06321    3.10434    0.03590
     43.98000    0.56606    0.02384    3.25353    0.04880
     48.61000    0.62389    0.05167    3.19201    0.06208
     50.54000    0.54187    0.03945    3.02307    0.05224
     54.40000    0.62054    0.05787    3.14878    0.03982
     57.50000    0.75421    0.04709    3.05179    0.05168
     61.40000    0.96369    0.07711    2.98545    0.06680
     63.40000    0.72683    0.04324    2.71335    0.06449
     66.35000    0.75573    0.05191    2.76292    0.02707
     69.59000    0.62527    0.04718    3.07350    0.06431
     72.94000    0.68634    0.05124    2.88281    0.06074
     76.56000    0.63697    0.06044    2.88523    0.06029
     77.56000    0.63730    0.03246    2.89812    0.04441
     80.46000    0.63908    0.06323    2.95040    0.04022
     81.29000    0.62122    0.05470    2.85431    0.05612
     83.02000    0.70755    0.05933    2.90355    0.04162
     85.83000    0.61436    0.03831    3.07936    0.06200
     89.13000    0.64609    0.00656    2.88949    0.06832
     91.64000    0.67276    0.06907    3.00544    0.06940
     94.77000    0.61656    0.03368    3.17210    0.05493
     97.24000    0.72511    0.04724    3.39303    0.02706
     99.43000    0.62324    0.08477    3.42035    0.06382
    102.79000    0.60070    0.04988    3.42140    0.06768
    104.50000    0.74058    0.05495    3.45245    0.04716
    107.08000    0.74763    0.06662    3.30085    0.06599
    110.24000    0.78369    0.03852    3.11290    0.04655
    113.90000    0.66617    0.03531    2.79586    0.06319
    116.92000    0.88666    0.06793    3.18127    0.06250
    119.09000    0.79871    0.08483    3.12601    0.07529
    366.50000    1.25985    0.02286    3.22620    0.07453
    369.68000    1.28561    0.05249    3.29015    0.03501
    374.16000    1.43452    0.05662    2.91876    0.06516
    376.54000    1.36456    0.07987    2.86348    0.03745
    379.79000    1.49068    0.09905    2.68231    0.07219
    383.23000    1.29658    0.04343    2.82034    0.06398
    387.16000    1.23843    0.03702    2.93574    0.03539
    390.96000    1.15649    0.06007    2.87251    0.03338
    394.83000    1.14596    0.05713    2.94682    0.06863
    396.08000    1.19354    0.02830    3.22709    0.05303
    400.40000    1.26053    0.05166    3.39421    0.05751
    404.82000    1.23604    0.05141    3.47419    0.06044
    408.35000    1.24233    0.06335    3.43207    0.01875
    410.64000    1.15036    0.04107    3.61083    0.03259
    416.58000    1.15926    0.03988    3.70044    0.04633
    418.80000    1.19933    0.05769    3.40400    0.03369
    421.48000    0.90364    0.03941    3.19947    0.05431
    423.09000    1.15753    0.04867    3.43988    0.05753
    424.53000    1.14835    0.05099    3.47775    0.07634
    429.29000    1.17761    0.04685    3.18657    0.04867
    430.74000    1.11954    0.04388    3.15072    0.03165
    432.13000    1.05254    0.04956    3.24669    0.04325
    436.48000    1.16886    0.02344    3.16592    0.05876
    439.69000    1.19538    0.03190    3.22620    0.05975
    441.29000    1.12732    0.06095    3.19070    0.05818
    444.05000    1.03735    0.04121    3.48307    0.05997
    449.73000    1.09407    0.08422    3.20248    0.05721
    453.16000    1.05142    0.02435    3.01184    0.02586
    458.82000    0.94171    0.06368    3.07483    0.05557
    461.12000    0.65027    0.04394    2.77203    0.04192
    464.01000    0.91216    0.05969    3.10663    0.06833
    465.34000    0.92190    0.04538    2.93849    0.06386
    469.22000    0.99870    0.03987    3.21010    0.07105
    471.99000    1.06440    0.10050    2.99102    0.06696
    476.88000    0.86086    0.07723    3.14233    0.07505
    478.55000    0.98402    0.05411    3.11113    0.05716
    482.28000    0.99664    0.03594    2.89089    0.04869
    731.79000    1.34904    0.04638    3.40610    0.09362
    733.71000    1.39249    0.03632    3.57052    0.05489
    735.50000    1.50422    0.07232    3.64158    0.06724
    739.75000    1.25520    0.06402    3.59522    0.10098
    742.51000    1.39155    0.03560    3.56608    0.05219
    745.55000    1.42066    0.07087    3.46209    0.05758
    748.29000    1.31563    0.04520    3.42109    0.05787
    751.01000    1.27370    0.02814    3.30488    0.07681
    753.72000    1.33240    0.06981    3.61828    0.04319
    754.41000    1.34350    0.04432    3.46255    0.04533
    755.61000    1.28630    0.04603    3.47122    0.05813
    758.41000    1.18276    0.02874    3.54580    0.00909
    761.39000    1.16468    0.06650    3.49467    0.06934
    764.02000    1.22134    0.06716    3.93644    0.06509
    767.12000    1.19584    0.06163    4.16419    0.05333
    771.19000    1.14886    0.02466    3.99976    0.05872
    774.24000    1.20283    0.06908    4.19849    0.02602
    777.12000    1.12816    0.07214    4.21709    0.07938
    779.50000    1.10636    0.05028    3.98274    0.08367
    782.51000    0.99736    0.04181    4.03449    0.06010
    785.89000    1.19173    0.05970    4.09736    0.05651
    788.68000    1.26317    0.04018    4.03305    0.06258
    793.09000    1.29800    0.07312    3.77100    0.05699
    795.29000    1.25732    0.07332    3.64824    0.06682
    797.38000    1.24558    0.07454    3.50900    0.03974
    800.25000    1.18470    0.07468    3.34454    0.07197
    804.10000    1.08887    0.07555    3.38832    0.04361
    805.73000    1.17967    0.06055    3.43204    0.04886
    808.98000    1.03343    0.05920    3.48220    0.05555
    809.63000    1.18131    0.06044    3.35321    0.04769
    813.28000    1.25725    0.02371    3.57115    0.05206
    816.49000    1.26844    0.05639    3.32191    0.05057
    819.41000    1.30357    0.05013    3.16199    0.04058
    824.14000    1.27024    0.05225    3.08847    0.03570
    827.75000    1.15240    0.05698    3.17087    0.01737
    833.01000    0.98963    0.04138    3.61433    0.06536
    835.63000    1.04600    0.05310    3.45618    0.03232
    840.26000    0.88764    0.08623    3.61724    0.03923
    844.23000    0.89304    0.05441    3.35667    0.03262
    848.05000    0.79182    0.04843    2.81895    0.06573
    849.65000    1.11826    0.07291    3.29561    0.06327
   1095.08000    1.46041    0.06302    4.26357    0.05192
   1097.40000    1.36721    0.03262    4.12317    0.07800
   1099.41000    1.43360    0.03690    4.10872    0.05172
   1101.69000    1.54544    0.06062    4.07021    0.05303
   1106.62000    1.50544    0.07046    3.59420    0.05352
   1110.26000    1.41475    0.07114    3.59162    0.05527
   1114.39000    1.37840    0.05249    3.73116    0.04908
   1119.02000    1.60458    0.04547    3.68498    0.07221
   1123.20000    1.29592    0.01980    3.42196    0.06283
   1124.98000    1.21283    0.06288    3.69010    0.08299
   1127.15000    1.33756    0.06661    3.96836    0.06871
   1128.79000    1.26635    0.02532    3.94774    0.04004
   1132.60000    1.49750    0.06783    3.84595    0.05179
   1134.63000    1.31708    0.07638    3.68499    0.06763
   1136.14000    1.28195    0.06924    3.75653    0.04354
   1138.86000    1.24195    0.04076    3.72447    0.05396
   1140.78000    1.34674    0.05861    3.97112    0.02965
   1146.78000    1.52172    0.04302    4.23328    0.07031
   1148.59000    1.42326    0.06205    4.16362    0.04672
   1153.67000    1.34476    0.07233    4.07945    0.04968
   1155.92000    1.25270    0.04808    3.94883    0.01688
   1161.32000    1.35856    0.06700    3.94935    0.04623
   1164.34000    1.42847    0.03127    3.55329    0.08479
   1168.33000    1.34214    0.05655    3.72675    0.04415
   1172.04000    1.44860    0.08232    3.91656    0.06048
   1175.67000    1.30551    0.03104    4.16629    0.06383
   1179.70000    1.26920    0.05002    3.91664    0.02734
   1181.43000    1.19488    0.03995    4.12999    0.03201
   1185.21000    1.28339    0.04237    4.55075    0.06825
   1188.96000    1.22367    0.02264    4.22550    0.04725
   1192.36000    1.27233    0.04544    4.19862    0.06271
   1194.10000    1.21532    0.07545    4.15451    0.03223
   1196.85000    1.25782    0.02958    4.08898    0.05271
   1199.26000    1.24368    0.06081    3.90087    0.05221
   1201.63000    1.00885    0.09033    4.09112    0.02647
   1203.67000    1.25287    0.05912    4.07941    0.08145
   1207.02000    1.15664    0.05119    4.00984    0.04557
   1209.65000    1.32239    0.05563    4.06421    0.07833
   1213.73000    1.28581    0.04203    3.86266    0.04676
   1462.86000    0.77131    0.03865    3.45972    0.03206
   1465.52000    0.92111    0.06506    3.79009    0.06188
   1470.18000    0.80284    0.07132    3.65248    0.05681
   1472.92000    0.70322    0.05880    3.75701    0.03745
   1474.70000    0.54466    0.06467    4.09008    0.04508
   1478.07000    0.65745    0.02805    3.87736    0.05505
   1480.33000    0.44035    0.05886    3.55908    0.05198
   1485.50000    0.58193    0.07399    3.99127    0.02808
   1488.28000    0.60341    0.06320    3.86295    0.05198
   1492.67000    0.64721    0.05569    3.62817    0.04852
   1496.58000    0.50459    0.08677    3.48397    0.04711
   1498.91000    0.66426    0.05254    3.64602    0.05687
   1501.81000    0.47693    0.06688    3.44646    0.03593
   1504.65000    0.72456    0.06108    3.49006    0.04347
   1507.74000    0.56602    0.03320    3.55714    0.03993
   1510.39000    0.63041    0.05818    3.59523    0.04931
   1513.52000    0.66513    0.06018    3.18417    0.02793
   1517.07000    0.59125    0.02850    3.04006    0.06359
   1520.32000    0.59633    0.04646    2.89803    0.05160
   1522.84000    0.61605    0.05117    2.99537    0.07934
   1526.30000    0.70261    0.05171    3.01890    0.00850
   1528.86000    0.63378    0.03475    2.94444    0.06229
   1532.54000    0.69017    0.02629    2.95472    0.05472
   1536.47000    0.62672    0.03690    2.76131    0.04339
   1539.99000    0.68246    0.04125    2.70071    0.06840
   1541.68000    0.72483    0.03034    2.77428    0.03355
   1544.49000    0.70353    0.05791    2.92164    0.02318
   1547.58000    0.62439    0.06094    2.95354    0.07074
   1549.79000    0.63009    0.05566    2.67341    0.04439
   1554.01000    0.58184    0.06650    2.84162    0.03762
   1556.44000    0.64474    0.05649    3.01991    0.03409
   1560.26000    0.63453    0.05376    3.17729    0.04820
   1562.78000    0.62109    0.06702    3.22631    0.05179
   1567.04000    0.64572    0.05988    3.30172    0.05146
   1568.69000    0.37617    0.06212    3.18394    0.03104
   1572.83000    0.80107    0.05913    3.24498    0.06262
   1577.53000    0.66891    0.04768    3.53845    0.03337
