## Time Delay Challenge light curves
##
## [time]=days, [lc]=[err]=flux in nanomaggies
##
##       time       lc_A      err_A       lc_B      err_B
##-------------------------------------------------------
      1.34000    1.82878    0.05314    2.87925    0.05528
      5.82000    1.78229    0.05556    2.82183    0.07775
     10.13000    1.70239    0.07152    2.90187    0.04608
     11.54000    1.77919    0.05945    2.90943    0.07017
     13.87000    1.71833    0.06402    2.73274    0.04249
     17.39000    1.76436    0.02322    2.68141    0.05675
     19.62000    1.73641    0.05609    2.78451    0.06408
     23.69000    1.81043    0.06620    2.78900    0.02692
     25.95000    1.91938    0.05633    2.75833    0.04818
     27.86000    1.80826    0.02980    2.89168    0.04248
     28.70000    1.70099    0.04456    2.81608    0.06236
     31.94000    1.78661    0.05040    2.84234    0.06467
     36.63000    1.82388    0.04177    2.73943    0.03982
     38.14000    1.74461    0.03846    2.87268    0.06980
     42.15000    1.81048    0.02388    2.77927    0.06391
     43.73000    1.76581    0.05741    2.78028    0.03135
     45.52000    1.76873    0.05681    2.85418    0.03260
     48.29000    1.78645    0.05013    2.74410    0.03620
     53.16000    1.74323    0.03476    2.77314    0.04431
     56.15000    1.73545    0.03071    2.80035    0.04417
     57.77000    1.57848    0.08080    2.82245    0.04878
     60.16000    1.80363    0.06949    2.85404    0.03866
     62.90000    1.81636    0.06818    2.73345    0.04183
     66.43000    1.86664    0.07357    2.86682    0.05567
     69.28000    1.85206    0.05063    2.84434    0.05888
     73.77000    1.68402    0.03692    2.80556    0.01314
     77.80000    1.82788    0.06952    2.78551    0.03860
     80.15000    1.88180    0.05556    2.83029    0.06153
     81.68000    1.77780    0.06462    2.81087    0.05893
     83.87000    1.72372    0.05706    2.75215    0.03541
     85.81000    1.84130    0.05074    2.81872    0.05569
     88.18000    1.60530    0.06485    2.82574    0.05571
     90.88000    1.70739    0.05755    2.83251    0.07241
     95.17000    1.84749    0.04763    2.75265    0.06206
     99.75000    1.82941    0.07446    2.72072    0.04755
    102.47000    1.70874    0.05383    2.80755    0.06209
    107.04000    1.84283    0.05309    2.84674    0.05033
    110.54000    1.82237    0.03788    2.81205    0.02435
    113.66000    1.78879    0.07513    2.72747    0.05000
    117.39000    1.77310    0.01538    2.80723    0.03778
    368.69000    1.63997    0.01970    2.90739    0.05310
    372.83000    1.62834    0.02828    2.93898    0.04853
    378.61000    1.64415    0.03021    2.98902    0.07912
    382.84000    1.62510    0.05342    2.90577    0.05180
    384.63000    1.64910    0.05850    2.92697    0.02959
    387.39000    1.65789    0.04486    3.04126    0.05275
    390.37000    1.65986    0.03721    2.92486    0.06055
    393.40000    1.61247    0.06233    2.95393    0.03905
    395.97000    1.59917    0.06871    2.99570    0.07924
    398.67000    1.66579    0.06267    2.93680    0.07075
    401.11000    1.60933    0.03040    3.00660    0.07686
    404.05000    1.57480    0.05896    2.90869    0.02845
    406.91000    1.63354    0.04773    2.97671    0.05596
    408.64000    1.57493    0.05577    2.96590    0.04074
    412.88000    1.63667    0.03174    2.97533    0.04541
    413.43000    1.58644    0.04860    2.92870    0.04302
    417.59000    1.59129    0.04341    2.95358    0.06393
    420.15000    1.56818    0.03884    3.05744    0.05937
    423.62000    1.54398    0.05364    3.02101    0.05659
    426.07000    1.57010    0.06919    3.09063    0.07936
    427.75000    1.53451    0.08510    3.05142    0.06827
    430.12000    1.65907    0.04757    2.98262    0.08019
    432.16000    1.61101    0.02910    3.03634    0.06620
    434.91000    1.61192    0.03586    3.04809    0.06048
    436.94000    1.66019    0.06491    3.03007    0.04423
    440.64000    1.61918    0.04986    2.92879    0.05386
    446.38000    1.59658    0.04527    3.10692    0.05410
    450.46000    1.60940    0.03715    3.18726    0.05879
    456.02000    1.50049    0.07380    3.32124    0.08406
    460.70000    1.51723    0.05448    3.17394    0.03857
    466.01000    1.50960    0.04241    3.26608    0.05093
    469.85000    1.64112    0.05682    3.44854    0.05830
    473.06000    1.58518    0.06298    3.39688    0.04038
    477.64000    1.70276    0.07463    3.39516    0.03471
    480.33000    1.62621    0.04283    3.41606    0.05373
    483.78000    1.46478    0.03445    3.40215    0.05644
    731.26000    1.74972    0.05047    6.16318    0.09324
    736.17000    1.72959    0.03606    6.31200    0.07794
    740.68000    1.77107    0.04309    6.50980    0.06257
    742.36000    1.84414    0.04430    6.49061    0.05573
    745.74000    1.74869    0.05334    6.52083    0.05975
    746.25000    1.75096    0.03744    6.59412    0.06017
    748.86000    1.81843    0.04985    6.44724    0.00623
    752.05000    1.79622    0.04029    6.42290    0.06451
    753.26000    1.79841    0.06969    6.43265    0.04747
    755.59000    1.77235    0.04207    6.51561    0.05547
    758.13000    1.74929    0.05659    6.54131    0.05508
    761.05000    1.65934    0.04726    6.46921    0.05841
    763.77000    1.87823    0.05377    6.47059    0.08294
    765.97000    1.71882    0.01603    6.42127    0.03314
    769.18000    1.78800    0.06262    6.47902    0.07296
    771.42000    1.75322    0.05070    6.48332    0.06257
    774.79000    1.77524    0.07430    6.51185    0.05216
    778.95000    1.65808    0.04631    6.47909    0.05033
    780.46000    1.79635    0.05801    6.54567    0.04486
    784.26000    1.78514    0.06147    6.43683    0.05513
    788.19000    1.74923    0.04858    6.44474    0.03942
    790.19000    1.78376    0.04818    6.31499    0.04771
    792.99000    1.72665    0.05470    6.32844    0.06216
    796.43000    1.73108    0.05404    6.21807    0.07838
    798.39000    1.83387    0.05519    6.38675    0.04092
    802.17000    1.67118    0.06073    6.25294    0.05133
    806.09000    1.68625    0.04709    6.19229    0.06849
    809.81000    1.73573    0.03819    6.09581    0.07812
    814.41000    1.79342    0.03141    6.13122    0.05967
    818.21000    1.80936    0.04406    6.18499    0.05557
    821.74000    1.78883    0.05882    6.09602    0.06481
    822.09000    1.77803    0.05241    6.11419    0.05358
    824.52000    1.75174    0.06973    6.15353    0.05369
    828.77000    1.78008    0.03594    6.19636    0.07035
    832.64000    1.69340    0.03384    6.13327    0.07115
    835.43000    1.71964    0.03195    6.14024    0.07725
    837.32000    1.63938    0.05924    6.12970    0.04484
    840.56000    1.66169    0.05141    6.24781    0.05230
    844.10000    1.70935    0.06445    6.21152    0.04789
    846.12000    1.63234    0.05162    6.24968    0.03849
    849.68000    1.63760    0.04719    6.29518    0.06648
   1098.12000    1.80330    0.06881    5.50224    0.05020
   1100.70000    1.74340    0.05292    5.51141    0.05746
   1102.04000    1.81023    0.05884    5.58823    0.04833
   1105.36000    1.77062    0.04829    5.50793    0.05242
   1106.36000    1.79408    0.05457    5.48455    0.03021
   1108.77000    1.71569    0.07510    5.50331    0.04925
   1109.32000    1.78323    0.02837    5.51165    0.06397
   1112.86000    1.74848    0.04273    5.72063    0.08511
   1114.60000    1.79541    0.06114    5.49690    0.05252
   1117.50000    1.83493    0.07920    5.63022    0.06069
   1120.07000    1.77609    0.05268    5.55657    0.04624
   1123.56000    1.76623    0.04646    5.62043    0.08358
   1125.92000    1.79751    0.07644    5.47691    0.05377
   1129.77000    1.86313    0.04584    5.47854    0.05351
   1133.07000    1.77020    0.02224    5.49428    0.02824
   1135.02000    1.74910    0.03854    5.43192    0.06833
   1138.41000    1.79866    0.06351    5.46513    0.03084
   1140.47000    1.67210    0.04211    5.53731    0.03768
   1143.40000    1.78383    0.07535    5.59096    0.04529
   1145.32000    1.72847    0.03617    5.53193    0.08808
   1148.92000    1.69553    0.03549    5.46545    0.08914
   1152.84000    1.82991    0.06927    5.40648    0.05824
   1155.03000    1.76747    0.04984    5.46712    0.02862
   1156.80000    1.77548    0.04826    5.33991    0.06288
   1160.50000    1.85191    0.05337    5.44355    0.01055
   1161.90000    1.70226    0.04520    5.52043    0.03992
   1165.56000    1.69534    0.02829    5.36138    0.06092
   1169.81000    1.68719    0.04274    5.51946    0.01584
   1171.14000    1.80566    0.05423    5.54335    0.03837
   1174.96000    1.79636    0.05741    5.46659    0.05345
   1178.05000    1.68995    0.05648    5.38006    0.08637
   1180.34000    1.70772    0.05070    5.39558    0.07974
   1183.66000    1.74669    0.06756    5.40963    0.06763
   1186.27000    1.81384    0.04217    5.37926    0.08582
   1189.23000    1.84839    0.04725    5.34996    0.04118
   1191.43000    1.78978    0.06000    5.32887    0.08244
   1195.67000    1.73914    0.06293    5.37814    0.06489
   1197.04000    1.72292    0.03522    5.33677    0.05224
   1199.46000    1.83107    0.05280    5.36059    0.02727
   1201.15000    1.70034    0.06627    5.31383    0.02687
   1203.13000    1.71455    0.06359    5.31619    0.05429
   1206.69000    1.75099    0.03547    5.22423    0.05941
   1209.94000    1.78394    0.06226    5.25074    0.04547
   1212.07000    1.67226    0.04978    5.23367    0.03398
   1214.50000    1.72272    0.05050    5.32762    0.06015
   1462.87000    1.71757    0.04509    5.33861    0.10392
   1465.66000    1.73835    0.04393    5.33830    0.01786
   1468.90000    1.71029    0.04855    5.34352    0.04750
   1471.45000    1.77283    0.02438    5.43482    0.04046
   1475.12000    1.63449    0.06469    5.44302    0.06093
   1478.08000    1.78249    0.06629    5.42253    0.07572
   1482.31000    1.72349    0.03399    5.43499    0.07208
   1485.44000    1.66318    0.04782    5.43265    0.03810
   1489.35000    1.83965    0.05922    5.43757    0.05779
   1493.33000    1.73016    0.04448    5.49700    0.05329
   1495.44000    1.78949    0.06203    5.54876    0.04289
   1498.26000    1.70215    0.06602    5.51559    0.03032
   1502.70000    1.72784    0.03047    5.67091    0.09376
   1505.52000    1.73472    0.02796    5.46352    0.07782
   1507.03000    1.71317    0.07303    5.56348    0.06464
   1512.16000    1.73059    0.03475    5.58106    0.04991
   1517.02000    1.70002    0.05402    5.51599    0.05333
   1520.99000    1.75940    0.04414    5.61234    0.03180
   1523.17000    1.86325    0.09380    5.66855    0.05684
   1523.73000    1.63686    0.04802    5.50258    0.04859
   1527.00000    1.67514    0.05034    5.55007    0.04068
   1533.34000    1.72259    0.07910    5.61263    0.03499
   1536.81000    1.80263    0.07078    5.63632    0.04005
   1539.99000    1.77656    0.05539    5.58651    0.06719
   1543.68000    1.72600    0.04767    5.57161    0.04222
   1547.82000    1.71145    0.04280    5.75123    0.08707
   1551.19000    1.80396    0.05541    5.70380    0.04984
   1553.38000    1.66236    0.03768    5.57869    0.07822
   1557.45000    1.75451    0.07447    5.71346    0.07983
   1562.31000    1.65685    0.07384    5.63026    0.05563
   1564.35000    1.73654    0.02640    5.64630    0.05013
   1565.11000    1.66994    0.05246    5.59387    0.06413
   1569.58000    1.77049    0.04305    5.51826    0.04885
   1571.18000    1.75822    0.04342    5.60409    0.05904
   1575.69000    1.75161    0.04231    5.70582    0.04930
   1579.25000    1.73737    0.06649    5.62161    0.04882
