## Time Delay Challenge light curves
##
## [time]=days, [lc]=[err]=flux in nanomaggies
##
##       time       lc_A      err_A       lc_B      err_B
##-------------------------------------------------------
      0.41000   27.44981    0.05963    1.59031    0.06914
      2.30000   27.53288    0.06864    1.61128    0.04875
      5.20000   28.28007    0.06446    1.73128    0.04449
      8.02000   26.99177    0.08112    1.71884    0.06217
     10.14000   26.86948    0.05126    1.61856    0.04593
     14.49000   26.17009    0.03975    1.56920    0.08187
     16.89000   27.03686    0.06272    1.62320    0.05652
     20.45000   27.41779    0.06458    1.69071    0.04793
     24.64000   27.53223    0.04136    1.77711    0.08281
     26.46000   27.81948    0.05422    1.74567    0.05282
     29.16000   27.85440    0.03489    1.75387    0.03769
     31.12000   28.62221    0.06436    1.69902    0.05338
     32.97000   28.17860    0.07388    1.92956    0.05597
     35.32000   28.18474    0.07393    1.75764    0.07352
     37.03000   28.02139    0.07227    1.74513    0.04623
     41.22000   26.94477    0.06754    1.61871    0.05517
     43.74000   27.01110    0.04628    1.60587    0.05596
     46.21000   26.54924    0.05147    1.72159    0.03828
     50.98000   26.88296    0.06726    1.71043    0.02169
     54.45000   26.93465    0.02279    1.75144    0.05596
     57.49000   27.32263    0.05239    1.78417    0.03003
     58.96000   27.49280    0.05530    1.77804    0.05282
     62.34000   27.98577    0.05989    1.80563    0.01766
     65.22000   26.91298    0.04825    1.84293    0.03761
     67.55000   27.52970    0.05188    1.83817    0.05369
     71.69000   28.49230    0.06669    1.69992    0.05509
     76.45000   28.31845    0.04472    1.61578    0.07091
     79.65000   27.56686    0.03616    1.71613    0.04975
     81.94000   27.01081    0.08141    1.69615    0.03890
     83.73000   27.36301    0.05131    1.72851    0.04656
     87.05000   27.20936    0.07146    1.72301    0.06460
     88.70000   26.71843    0.06111    1.67752    0.06190
     89.97000   26.23297    0.07901    1.83920    0.08345
     93.62000   26.57609    0.07553    1.74242    0.04428
     96.64000   26.41094    0.04748    1.69329    0.05666
    100.24000   26.35532    0.01563    1.70955    0.06294
    104.09000   27.83361    0.04789    1.70355    0.04455
    108.15000   27.27942    0.04794    1.70339    0.07371
    110.63000   27.61566    0.06026    1.73491    0.04696
    113.34000   27.65812    0.08247    1.78222    0.03103
    115.80000   28.27473    0.07539    1.78760    0.06553
    117.26000   28.88150    0.06524    1.73985    0.03186
    119.12000   28.37796    0.04912    1.60352    0.06553
    368.12000   24.62580    0.04987    1.45729    0.03012
    371.15000   25.53381    0.05739    1.56216    0.05479
    374.13000   25.18035    0.05188    1.52202    0.03635
    379.38000   25.87711    0.03970    1.58956    0.04675
    382.42000   25.73585    0.03907    1.56733    0.01875
    387.16000   25.60845    0.03854    1.57400    0.05193
    388.46000   25.07268    0.05329    1.52768    0.03959
    389.96000   25.68200    0.05016    1.38655    0.09729
    392.46000   26.10961    0.05747    1.61392    0.05681
    396.47000   27.10480    0.04461    1.64903    0.05074
    397.78000   27.02570    0.06146    1.54876    0.04925
    401.73000   26.46593    0.04422    1.62466    0.03323
    404.15000   27.20156    0.05591    1.66840    0.05615
    406.58000   27.28444    0.05642    1.61418    0.06768
    408.25000   27.24114    0.05687    1.57821    0.04644
    412.20000   26.84292    0.07029    1.62070    0.05291
    414.89000   26.06972    0.05429    1.56879    0.06059
    416.89000   27.09332    0.05534    1.74937    0.07225
    419.60000   27.16116    0.08717    1.51457    0.08803
    423.57000   27.81106    0.05513    1.69393    0.02500
    427.24000   27.50023    0.05399    1.70263    0.03626
    431.44000   28.04373    0.05053    1.74561    0.05269
    434.44000   28.54413    0.07588    1.66246    0.03990
    437.80000   28.08769    0.07407    1.67125    0.03232
    440.49000   28.06238    0.06529    1.70103    0.04443
    443.88000   28.56747    0.06547    1.71440    0.05416
    445.00000   28.12748    0.06299    1.59479    0.04975
    448.20000   28.50432    0.03888    1.80257    0.04099
    451.60000   28.94515    0.05692    1.78505    0.03150
    452.99000   28.54238    0.01958    1.75369    0.03919
    455.92000   28.06902    0.04122    1.60722    0.07742
    459.32000   27.58147    0.08069    1.84460    0.05273
    461.97000   27.31127    0.05907    1.82034    0.05137
    463.99000   27.69385    0.03369    1.77613    0.01862
    467.68000   27.35071    0.03809    1.78115    0.04021
    470.77000   28.35255    0.04274    1.75801    0.06123
    472.81000   28.88981    0.03925    1.80693    0.03628
    474.21000   28.26164    0.06132    1.81608    0.06803
    478.59000   28.71324    0.06027    1.71957    0.07789
    482.25000   28.55035    0.07284    1.80027    0.04939
    730.97000   25.35748    0.03857    1.44390    0.04262
    734.35000   25.29057    0.04289    1.53340    0.07029
    737.69000   24.69677    0.05530    1.51346    0.06347
    741.18000   24.01897    0.07109    1.49508    0.05225
    744.79000   24.63243    0.04652    1.46218    0.05135
    747.85000   24.91481    0.04811    1.47140    0.08852
    752.69000   24.67966    0.03927    1.57175    0.06019
    755.16000   25.22457    0.03818    1.61870    0.05241
    758.61000   24.81883    0.03269    1.49902    0.04861
    762.78000   24.17660    0.05383    1.34435    0.07906
    766.63000   24.90777    0.02612    1.50996    0.04550
    770.39000   24.74743    0.06050    1.43403    0.04776
    772.83000   24.52589    0.03104    1.47112    0.08422
    775.66000   25.17992    0.05398    1.46286    0.07936
    779.25000   25.84199    0.03908    1.54244    0.07414
    781.63000   25.79213    0.04371    1.46343    0.04195
    785.49000   25.57222    0.07081    1.54930    0.08193
    787.76000   26.22857    0.06614    1.51117    0.04400
    790.94000   25.95009    0.06269    1.50930    0.02230
    795.03000   27.26374    0.06749    1.41410    0.07214
    797.65000   27.03671    0.04592    1.53670    0.09486
    800.67000   26.23998    0.04486    1.51184    0.04901
    803.89000   26.26049    0.04529    1.51961    0.05246
    806.31000   25.81062    0.07424    1.42904    0.05396
    809.56000   26.14998    0.05765    1.61189    0.06641
    811.61000   25.74070    0.07341    1.53989    0.05692
    814.28000   25.54421    0.05116    1.57174    0.05187
    816.17000   26.02624    0.05213    1.42951    0.08686
    818.50000   25.72094    0.04586    1.52119    0.06414
    822.02000   25.88000    0.05207    1.61219    0.03722
    824.32000   26.14433    0.04332    1.65069    0.05596
    827.41000   26.24552    0.04275    1.69725    0.05477
    832.31000   26.37566    0.06432    1.66032    0.04567
    836.62000   26.62131    0.05987    1.64460    0.08426
    839.12000   26.30819    0.05184    1.58693    0.02233
    840.66000   26.38704    0.03994    1.56873    0.06553
    843.43000   26.31534    0.04715    1.51344    0.04091
    845.41000   26.84339    0.04015    1.50047    0.06072
    849.64000   25.09387    0.05673    1.55078    0.06855
   1100.25000   25.80249    0.04042    1.54644    0.06261
   1104.19000   25.83803    0.03073    1.59696    0.05810
   1106.60000   25.80669    0.06739    1.47838    0.05755
   1109.20000   26.14655    0.06699    1.47783    0.05399
   1110.63000   25.96597    0.03363    1.49076    0.05049
   1112.22000   26.14815    0.04657    1.51583    0.06973
   1113.96000   26.24055    0.06448    1.57289    0.03868
   1119.15000   26.60592    0.02789    1.52045    0.03942
   1121.47000   26.39290    0.05932    1.57192    0.06192
   1123.49000   26.52999    0.01995    1.55958    0.02873
   1126.26000   26.81687    0.06099    1.65988    0.05397
   1126.96000   26.78620    0.05937    1.43751    0.06076
   1130.96000   27.18645    0.07546    1.53289    0.06314
   1134.86000   27.01705    0.03518    1.56744    0.06123
   1138.05000   25.62851    0.03884    1.51442    0.04885
   1142.12000   25.90461    0.05426    1.49554    0.05717
   1146.02000   24.64582    0.08950    1.65658    0.07518
   1150.22000   24.49417    0.07040    1.56763    0.01832
   1154.35000   25.71546    0.06302    1.60841    0.06041
   1157.70000   24.53878    0.05190    1.66299    0.05120
   1161.97000   25.28206    0.04628    1.69779    0.03155
   1164.44000   25.50948    0.05965    1.62761    0.03801
   1166.31000   25.33324    0.06230    1.58308    0.06318
   1168.78000   25.64614    0.04961    1.48853    0.05924
   1172.93000   25.51142    0.09035    1.44909    0.04411
   1174.55000   25.37432    0.05501    1.45586    0.04846
   1176.53000   24.38327    0.05059    1.43890    0.00834
   1178.48000   24.53547    0.05748    1.46671    0.08819
   1181.10000   25.12520    0.05092    1.48164    0.07848
   1184.01000   24.74424    0.04597    1.46134    0.07228
   1184.58000   24.75305    0.05654    1.61997    0.09192
   1187.31000   24.30014    0.06181    1.36693    0.05113
   1188.50000   24.88253    0.05704    1.54540    0.06091
   1192.31000   24.26865    0.07652    1.46157    0.05764
   1192.55000   24.46548    0.05896    1.50652    0.03297
   1195.48000   24.60716    0.06841    1.57319    0.06727
   1197.98000   25.13569    0.06459    1.44172    0.05052
   1199.89000   25.36742    0.04876    1.56695    0.04392
   1203.54000   25.41174    0.05618    1.45466    0.04241
   1207.18000   26.23262    0.05331    1.39756    0.07262
   1208.86000   27.13401    0.05037    1.50239    0.02604
   1211.42000   26.89171    0.04290    1.49574    0.05948
   1214.42000   27.11358    0.07352    1.49095    0.04902
   1461.23000   29.21407    0.01398    1.76301    0.06265
   1462.99000   30.11349    0.06119    1.76027    0.02459
   1464.29000   29.54980    0.06270    1.80656    0.04710
   1467.34000   29.99215    0.08328    1.75728    0.08370
   1470.48000   29.93763    0.06475    1.83074    0.03942
   1473.25000   30.79645    0.06099    1.80068    0.07205
   1476.26000   30.53424    0.04643    1.74938    0.04641
   1478.91000   31.00565    0.04870    1.55526    0.06206
   1481.65000   32.31341    0.03491    1.67586    0.04395
   1483.37000   31.52050    0.03023    1.71157    0.07813
   1485.27000   30.81775    0.04906    1.74280    0.07028
   1489.47000   30.25910    0.06151    1.72562    0.05372
   1492.08000   30.86794    0.06530    1.74310    0.04668
   1492.53000   30.67475    0.02455    1.77026    0.05618
   1495.02000   29.58855    0.06880    1.81492    0.04926
   1498.26000   29.17986    0.07061    1.71252    0.07481
   1503.00000   28.93049    0.05745    1.77820    0.06451
   1505.59000   27.95125    0.05385    1.71653    0.04664
   1507.96000   27.51411    0.05732    1.77554    0.06339
   1510.45000   26.13287    0.05424    1.83125    0.05173
   1513.51000   26.08995    0.06016    1.86099    0.06278
   1517.41000   26.39967    0.07452    1.76475    0.05231
   1521.11000   26.49034    0.07057    1.84218    0.05538
   1525.51000   26.74572    0.05965    1.70581    0.02291
   1528.83000   27.70873    0.06469    1.64348    0.06195
   1531.79000   28.65522    0.04885    1.74331    0.06003
   1534.62000   29.48123    0.06015    1.62207    0.05147
   1536.95000   30.08945    0.04848    1.63398    0.06656
   1540.24000   28.30336    0.04105    1.54712    0.05448
   1543.57000   27.79497    0.03851    1.53093    0.04876
   1547.46000   26.96791    0.06995    1.56289    0.05793
   1551.58000   28.44067    0.03769    1.59256    0.04242
   1555.81000   29.01308    0.05243    1.59554    0.03828
   1557.82000   29.32520    0.03756    1.66607    0.05999
   1562.37000   29.82821    0.05850    1.64457    0.03168
   1565.51000   29.02545    0.05371    1.74283    0.06746
   1570.01000   27.70696    0.01665    1.68237    0.06153
   1574.19000   27.35094    0.03905    1.58494    0.04542
   1577.57000   28.33944    0.06010    1.52935    0.02961
   1578.67000   28.16857    0.05316    1.54516    0.03939
