## Time Delay Challenge light curves
##
## [time]=days, [lc]=[err]=flux in nanomaggies
##
##       time       lc_A      err_A       lc_B      err_B
##-------------------------------------------------------
      1.59000    0.60866    0.07515    2.79428    0.03078
      4.47000    0.61855    0.05118    2.79764    0.07863
      8.57000    0.61717    0.00745    2.83844    0.05323
     10.95000    0.63231    0.04989    2.78700    0.07095
     12.67000    0.49858    0.06512    2.67586    0.04684
     17.10000    0.60857    0.05799    2.68500    0.05004
     18.98000    0.61007    0.06182    2.67418    0.05323
     21.97000    0.63934    0.04589    2.81081    0.06794
     25.15000    0.66919    0.03949    2.86392    0.07656
     28.44000    0.54439    0.07083    2.76879    0.03176
     32.00000    0.61465    0.05313    2.75756    0.04262
     34.96000    0.60003    0.03558    2.92161    0.06220
     39.12000    0.69039    0.06263    2.82063    0.05999
     44.42000    0.62254    0.04442    2.86593    0.07606
     47.25000    0.61400    0.04121    2.83454    0.04402
     48.84000    0.61522    0.04919    2.85526    0.01780
     53.72000    0.59494    0.05919    2.83012    0.08893
     57.73000    0.57313    0.07480    2.95960    0.05592
     60.01000    0.49307    0.04196    2.85596    0.08423
     63.00000    0.57566    0.04487    2.85001    0.04895
     67.26000    0.56561    0.02789    2.74975    0.04162
     70.35000    0.57613    0.06363    2.74185    0.03913
     72.22000    0.56618    0.02861    2.73333    0.07207
     75.83000    0.68612    0.03885    2.91067    0.05744
     79.65000    0.56842    0.04715    2.92109    0.05637
     81.82000    0.48073    0.07091    2.81647    0.05442
     87.05000    0.61434    0.03377    2.88956    0.05487
     88.75000    0.58020    0.04759    2.90257    0.03244
     92.15000    0.60102    0.04833    2.90676    0.06637
     95.30000    0.60679    0.04312    2.95592    0.06328
     96.56000    0.68437    0.07264    2.85663    0.03842
     99.60000    0.48694    0.05328    2.83737    0.02047
    103.27000    0.56485    0.04986    2.80541    0.05634
    105.70000    0.60008    0.03909    2.84860    0.05289
    109.35000    0.59488    0.05429    2.83401    0.05777
    114.01000    0.59420    0.05550    2.75259    0.05871
    116.18000    0.59503    0.05980    2.90770    0.03429
    119.95000    0.57547    0.06656    2.78921    0.04130
    366.41000    0.61956    0.04402    3.03491    0.06652
    370.55000    0.68653    0.02932    2.93667    0.05118
    374.39000    0.74368    0.04465    3.04223    0.03000
    378.39000    0.69517    0.05680    3.21091    0.06971
    381.16000    0.59227    0.05313    3.10962    0.04779
    384.35000    0.55698    0.06848    3.16343    0.03981
    387.84000    0.80831    0.07651    3.12946    0.04556
    389.80000    0.65854    0.05890    3.12264    0.03880
    390.81000    0.62966    0.01229    3.18440    0.04906
    394.96000    0.57854    0.06454    3.17846    0.04979
    397.70000    0.60575    0.05760    3.04253    0.06585
    401.65000    0.58719    0.04488    3.06876    0.04383
    404.81000    0.60884    0.03723    3.20718    0.05129
    408.57000    0.66332    0.07639    3.10277    0.01962
    411.67000    0.50244    0.06380    3.03799    0.05503
    414.57000    0.69452    0.04459    3.16834    0.04630
    415.88000    0.64902    0.01956    3.25909    0.05447
    418.94000    0.62205    0.02447    3.38913    0.04720
    420.83000    0.76514    0.05824    3.25298    0.07432
    422.57000    0.63163    0.05295    3.06995    0.06995
    425.23000    0.65590    0.07366    3.33834    0.05310
    429.51000    0.67187    0.03260    3.34513    0.03922
    432.67000    0.76104    0.06176    3.16558    0.06339
    434.53000    0.61152    0.03222    3.35499    0.06235
    439.69000    0.69641    0.03874    3.50995    0.04805
    443.47000    0.55963    0.06069    3.34560    0.05566
    444.83000    0.63871    0.05747    3.34126    0.05342
    450.97000    0.61636    0.07697    3.27842    0.04566
    453.88000    0.60984    0.04728    3.42801    0.05392
    457.90000    0.61374    0.04666    3.36818    0.03406
    462.59000    0.65354    0.03871    3.37595    0.06519
    464.83000    0.59696    0.08267    3.29435    0.07644
    470.03000    0.69533    0.04138    3.36826    0.05984
    474.76000    0.69017    0.05024    3.33819    0.03637
    479.41000    0.73990    0.05872    3.27483    0.01451
    481.49000    0.74136    0.05682    3.31875    0.06288
    484.30000    0.68672    0.06859    3.19944    0.03565
    484.62000    0.67766    0.05647    3.23028    0.05738
    730.12000    0.64817    0.04147    3.18859    0.07635
    733.57000    0.68898    0.05028    3.17871    0.05690
    737.40000    0.67406    0.04701    3.30102    0.07761
    741.59000    0.66243    0.04712    3.42249    0.04386
    744.46000    0.70736    0.06908    3.38756    0.07006
    746.65000    0.69292    0.04287    3.27007    0.06164
    749.31000    0.68281    0.06853    3.35029    0.05954
    753.29000    0.57103    0.06266    3.25476    0.04776
    756.41000    0.64103    0.03957    3.21758    0.02759
    760.18000    0.57820    0.06006    3.27046    0.07149
    763.91000    0.79204    0.05560    3.23781    0.04629
    766.24000    0.68510    0.05746    3.14991    0.06896
    769.65000    0.73159    0.06669    3.18933    0.05271
    774.01000    0.73638    0.07588    3.32681    0.05572
    777.03000    0.65427    0.06236    3.26064    0.07199
    780.55000    0.61488    0.06097    3.19787    0.04057
    782.18000    0.67182    0.06846    3.28728    0.05088
    784.96000    0.73502    0.05530    3.22995    0.07240
    788.14000    0.73870    0.07055    3.37687    0.04411
    791.43000    0.60122    0.03763    3.51032    0.06791
    796.84000    0.69360    0.02817    3.30357    0.05332
    799.37000    0.66695    0.03950    3.43891    0.06266
    801.59000    0.65595    0.05897    3.53093    0.08741
    802.92000    0.68480    0.03494    3.40688    0.06182
    806.30000    0.74616    0.04830    3.37348    0.06573
    808.11000    0.69543    0.04423    3.32650    0.09035
    811.46000    0.57354    0.06010    3.40275    0.06854
    812.21000    0.65696    0.03361    3.31829    0.05984
    815.23000    0.70825    0.03519    3.29360    0.05446
    818.55000    0.63845    0.06860    3.07453    0.04654
    819.69000    0.69412    0.07201    3.20431    0.08071
    823.27000    0.62611    0.06086    3.26673    0.06605
    827.02000    0.67730    0.05508    3.24643    0.03553
    829.48000    0.67651    0.05517    3.24017    0.04677
    833.09000    0.73164    0.07645    3.29263    0.05227
    836.63000    0.66442    0.03245    3.23662    0.03437
    838.53000    0.69715    0.03376    3.19107    0.05265
    840.26000    0.74175    0.05040    3.32922    0.05101
    842.99000    0.76227    0.06504    3.35641    0.04857
    846.68000    0.75981    0.04276    3.35895    0.06468
   1096.45000    0.71114    0.05601    3.04101    0.05001
   1100.92000    0.69106    0.05986    3.08611    0.06814
   1103.09000    0.61858    0.07000    3.18287    0.02689
   1105.86000    0.64136    0.05083    3.16513    0.05151
   1110.58000    0.55849    0.05205    2.99210    0.08506
   1113.67000    0.67145    0.06870    3.01345    0.06044
   1117.52000    0.64541    0.05206    3.10753    0.03675
   1120.19000    0.68092    0.05834    3.18976    0.07655
   1122.47000    0.71808    0.05776    3.15412    0.02331
   1125.41000    0.57446    0.06904    2.97073    0.06356
   1127.79000    0.61864    0.05172    3.01758    0.03812
   1130.91000    0.63873    0.04515    3.25540    0.05184
   1131.95000    0.72026    0.04864    3.20334    0.05207
   1133.38000    0.56864    0.07325    3.23922    0.05727
   1135.12000    0.64041    0.05376    3.09700    0.01761
   1138.79000    0.67988    0.05256    3.09779    0.07130
   1141.72000    0.57134    0.02896    3.01912    0.08578
   1144.73000    0.64405    0.02291    3.08621    0.05228
   1148.58000    0.73529    0.05618    3.00654    0.03286
   1152.67000    0.73306    0.06040    3.07525    0.05629
   1156.91000    0.58493    0.07251    3.10974    0.08546
   1160.97000    0.70228    0.03239    2.92136    0.03317
   1163.57000    0.57314    0.05340    3.00985    0.05978
   1169.17000    0.70306    0.08154    2.87757    0.08477
   1171.19000    0.79172    0.09324    2.92429    0.04446
   1174.93000    0.66743    0.06324    2.86712    0.04868
   1180.05000    0.67569    0.05272    2.89328    0.06521
   1184.73000    0.66917    0.03037    2.83816    0.01819
   1187.66000    0.60771    0.03592    2.73749    0.06399
   1190.37000    0.64707    0.07699    2.92555    0.03575
   1192.99000    0.62673    0.04693    2.86612    0.04557
   1195.84000    0.57087    0.05279    2.87059    0.05958
   1199.76000    0.59063    0.04867    2.87467    0.07794
   1202.70000    0.68243    0.04825    2.93603    0.09208
   1205.96000    0.59680    0.06282    2.80977    0.07739
   1208.43000    0.60812    0.05125    2.84950    0.04275
   1214.33000    0.68273    0.06704    2.93235    0.04570
   1463.99000    0.63688    0.04603    3.25178    0.06707
   1466.63000    0.53538    0.08629    3.14836    0.03871
   1469.78000    0.68940    0.05099    3.12666    0.05988
   1473.69000    0.69001    0.03980    3.20927    0.07470
   1476.76000    0.63619    0.04490    3.18496    0.05837
   1479.79000    0.71101    0.04575    3.19481    0.05689
   1484.93000    0.63920    0.03974    3.30499    0.05370
   1487.13000    0.63540    0.05409    3.17362    0.04645
   1490.84000    0.68490    0.03680    3.27241    0.04118
   1494.91000    0.70936    0.06284    3.13321    0.06035
   1496.99000    0.64271    0.04078    3.28178    0.05291
   1500.87000    0.67675    0.03011    3.30921    0.05647
   1504.10000    0.63725    0.06085    3.22303    0.04756
   1507.04000    0.80162    0.05041    3.16228    0.05433
   1510.86000    0.69440    0.05473    2.94706    0.07139
   1514.40000    0.61918    0.04754    3.02548    0.05364
   1517.58000    0.62176    0.03936    2.92578    0.06502
   1521.55000    0.68564    0.03840    3.00223    0.05125
   1524.76000    0.64252    0.04804    2.82420    0.07379
   1526.60000    0.63673    0.05031    3.00852    0.05386
   1528.45000    0.69119    0.03916    2.92592    0.06320
   1530.44000    0.68105    0.03515    2.86898    0.05703
   1532.18000    0.70044    0.02672    2.84272    0.03572
   1533.26000    0.73666    0.05646    2.87876    0.03459
   1537.56000    0.72558    0.06315    2.78373    0.04730
   1539.00000    0.70604    0.05533    2.76871    0.05646
   1542.20000    0.71706    0.04715    2.71275    0.04897
   1545.79000    0.69129    0.04699    2.76677    0.06671
   1549.30000    0.74304    0.04949    2.88595    0.04133
   1552.57000    0.58933    0.04678    2.75540    0.03219
   1554.72000    0.62450    0.01924    2.74590    0.03581
   1557.80000    0.49777    0.07064    2.76592    0.04388
   1561.13000    0.65468    0.04712    2.86653    0.08798
   1564.39000    0.71406    0.08008    2.82322    0.04922
   1568.11000    0.62585    0.02229    2.82669    0.04304
   1572.10000    0.53485    0.05697    2.76063    0.04770
   1575.84000    0.60943    0.02975    2.72782    0.02101
   1579.49000    0.57086    0.04749    2.74445    0.06784
