## Time Delay Challenge light curves
##
## [time]=days, [lc]=[err]=flux in nanomaggies
##
##       time       lc_A      err_A       lc_B      err_B
##-------------------------------------------------------
      3.88000    1.07337    0.02796    0.37930    0.04065
      9.39000    1.08784    0.06744    0.34445    0.04281
     12.91000    1.06062    0.04482    0.34174    0.05562
     15.68000    0.99489    0.03273    0.41257    0.04186
     16.72000    1.08705    0.05747    0.61928    0.07549
     20.49000    1.09126    0.05167    0.39996    0.01381
     22.63000    1.03578    0.05682    0.45665    0.09113
     25.75000    1.07672    0.04999    0.35523    0.03205
     28.47000    1.03268    0.06620    0.49206    0.04032
     33.10000    1.11031    0.08868    0.34187    0.03994
     35.50000    0.99720    0.06484    0.36889    0.03920
     39.63000    1.00611    0.06160    0.42037    0.03768
     42.68000    0.97164    0.06390    0.26606    0.04917
     47.00000    0.95752    0.03069    0.51388    0.06846
     49.47000    0.80328    0.05219    0.46708    0.04206
     52.21000    0.86889    0.03581    0.35074    0.06841
     53.44000    1.00168    0.07645    0.35058    0.07722
     58.08000    0.94415    0.06401    0.37664    0.04473
     61.54000    0.94958    0.04045    0.47242    0.05436
     64.56000    0.90844    0.03994    0.40161    0.03205
     66.85000    1.10583    0.08170    0.45292    0.05567
     71.78000    0.91430    0.05305    0.41323    0.05566
     74.10000    0.86611    0.06565    0.41772    0.05147
     75.05000    0.94722    0.06293    0.33856    0.04795
     77.63000    0.98036    0.04168    0.37362    0.05655
     79.97000    0.93524    0.04377    0.47561    0.05942
     82.90000    1.00188    0.05787    0.40754    0.05760
     85.07000    0.89760    0.05838    0.29699    0.05405
     88.12000    0.98455    0.05327    0.40029    0.04962
     91.97000    0.82186    0.05527    0.35737    0.04655
     94.26000    0.91892    0.04190    0.36878    0.05207
     96.98000    0.91919    0.05912    0.32308    0.05927
     98.19000    0.95081    0.03101    0.13788    0.06675
    100.42000    0.88793    0.08324    0.40426    0.08802
    106.26000    0.96139    0.04544    0.35198    0.03013
    111.52000    0.88704    0.03115    0.35366    0.06507
    114.46000    0.85179    0.06821    0.40234    0.08001
    116.67000    0.79556    0.06799    0.34520    0.06775
    119.62000    0.87430    0.05336    0.33715    0.04768
    365.77000    0.96469    0.07181    0.35714    0.04450
    368.72000    0.98566    0.05299    0.34093    0.05746
    372.71000    0.98564    0.03917    0.40599    0.05128
    376.16000    0.95153    0.02013    0.35592    0.02902
    379.14000    0.98446    0.04721    0.41538    0.05378
    382.96000    0.84606    0.05619    0.44358    0.06022
    386.17000    0.91600    0.05880    0.35399    0.02976
    388.96000    0.99226    0.02768    0.39569    0.05336
    391.20000    1.02963    0.07748    0.31694    0.05533
    393.83000    1.01281    0.05596    0.30850    0.04442
    397.15000    0.98452    0.03491    0.34677    0.04983
    400.64000    1.09142    0.07295    0.39136    0.05315
    404.64000    0.99650    0.04449    0.32614    0.06831
    406.62000    1.04271    0.03763    0.41302    0.06794
    408.27000    1.10197    0.06271    0.37241    0.03530
    409.95000    1.00316    0.06535    0.41735    0.05873
    412.48000    1.02584    0.05938    0.48416    0.06039
    415.04000    1.01464    0.06372    0.47131    0.04778
    417.29000    1.04384    0.05708    0.47117    0.05985
    421.44000    0.97735    0.06304    0.35960    0.03066
    423.86000    0.97533    0.02772    0.39569    0.05948
    427.56000    1.03691    0.03330    0.36792    0.04907
    429.96000    0.99608    0.02426    0.37856    0.02586
    432.40000    0.97132    0.06843    0.45423    0.06906
    435.88000    0.92815    0.03245    0.36400    0.05020
    438.05000    0.93397    0.03748    0.28866    0.05642
    440.99000    1.03997    0.03905    0.31768    0.04907
    442.59000    1.03867    0.05596    0.44022    0.05781
    445.86000    1.05158    0.07060    0.46787    0.04810
    449.15000    0.92346    0.03824    0.43559    0.05989
    451.92000    0.96013    0.04500    0.50178    0.03909
    454.16000    0.89289    0.04617    0.38558    0.03753
    458.73000    0.89574    0.07952    0.42466    0.03443
    461.21000    1.14963    0.04440    0.36029    0.04815
    465.84000    1.04462    0.03311    0.38314    0.03457
    466.45000    0.98134    0.05507    0.36207    0.06137
    469.73000    1.04024    0.03422    0.43489    0.05689
    472.91000    1.04987    0.02740    0.43759    0.05499
    477.34000    1.08889    0.03089    0.51217    0.07142
    478.71000    0.98949    0.03941    0.40523    0.05325
    481.75000    0.97866    0.05961    0.35360    0.04418
    484.50000    1.02430    0.03869    0.46633    0.04756
    731.01000    0.81463    0.03021    0.36798    0.07317
    733.39000    0.79197    0.03049    0.22284    0.04567
    736.09000    0.79339    0.05773    0.33529    0.04393
    737.52000    0.76808    0.02898    0.36512    0.04072
    740.55000    0.88888    0.06784    0.34990    0.04206
    743.63000    0.78581    0.04637    0.34520    0.07961
    746.39000    0.76392    0.06161    0.37069    0.03148
    748.87000    0.76285    0.05716    0.34611    0.04489
    752.98000    0.80254    0.06210    0.31981    0.03724
    754.45000    0.81303    0.05886    0.33193    0.03806
    757.57000    0.68627    0.07034    0.36277    0.05577
    760.42000    0.77478    0.06953    0.42270    0.05080
    763.96000    0.81102    0.02803    0.37977    0.05371
    765.38000    0.82553    0.02451    0.36478    0.03829
    768.30000    0.79331    0.03597    0.26360    0.06084
    771.89000    0.79618    0.06098    0.37198    0.04238
    773.73000    0.80506    0.06154    0.39596    0.05045
    776.34000    0.75098    0.03310    0.36156    0.04244
    778.73000    0.77258    0.05736    0.36366    0.03744
    779.05000    0.79601    0.06550    0.35938    0.07597
    781.39000    0.79934    0.05296    0.32908    0.05574
    784.00000    0.82101    0.04197    0.35287    0.05076
    786.81000    0.69719    0.07193    0.34979    0.05136
    790.50000    0.72403    0.04733    0.35522    0.02478
    794.27000    0.81904    0.05529    0.29100    0.04840
    795.69000    0.87918    0.05371    0.33199    0.05202
    797.63000    0.87063    0.02428    0.38149    0.03006
    799.78000    0.72334    0.05430    0.30752    0.03728
    802.53000    0.67035    0.07118    0.25928    0.08484
    805.04000    0.83710    0.07217    0.37401    0.02088
    809.73000    0.79096    0.03734    0.35003    0.05288
    813.24000    0.76703    0.05288    0.33630    0.06225
    815.86000    0.85497    0.04428    0.35150    0.06170
    818.29000    0.84656    0.03611    0.26871    0.05816
    821.12000    0.85820    0.05421    0.33248    0.08235
    824.39000    0.79998    0.03498    0.36421    0.04228
    826.31000    0.90229    0.08191    0.32758    0.05059
    829.20000    0.75244    0.06295    0.42463    0.05761
    832.86000    0.78353    0.03618    0.39997    0.04733
    834.69000    0.72798    0.03462    0.39182    0.05395
    837.42000    0.80854    0.05558    0.36062    0.05695
    840.53000    0.80177    0.06065    0.37209    0.07347
    843.23000    0.80227    0.04459    0.36412    0.03561
    844.31000    0.81461    0.08111    0.32137    0.05408
    848.71000    0.75284    0.05161    0.39349    0.06990
   1095.49000    0.85836    0.05472    0.39390    0.05447
   1097.92000    0.82248    0.03511    0.26338    0.06547
   1101.27000    1.05506    0.07547    0.37824    0.08099
   1104.90000    0.89116    0.04547    0.36069    0.05734
   1108.18000    0.85474    0.04862    0.29976    0.07448
   1112.20000    0.82150    0.03789    0.39563    0.04949
   1115.10000    0.81711    0.07296    0.32211    0.06336
   1117.29000    0.90119    0.05778    0.43831    0.05586
   1122.90000    0.95392    0.07309    0.41904    0.06151
   1124.46000    0.87581    0.05328    0.32196    0.06795
   1128.18000    0.87926    0.04270    0.36868    0.03653
   1131.62000    0.87397    0.05088    0.38143    0.06159
   1134.44000    0.86790    0.00892    0.39234    0.03245
   1138.63000    0.94374    0.06294    0.33449    0.06953
   1142.39000    0.84867    0.04998    0.30690    0.06044
   1146.70000    0.78556    0.08672    0.30615    0.05275
   1147.70000    0.94950    0.04613    0.40622    0.04053
   1150.29000    0.88357    0.05770    0.41051    0.07980
   1153.15000    0.85070    0.05492    0.38569    0.06244
   1155.86000    0.88490    0.03554    0.37901    0.04736
   1158.45000    0.93599    0.04819    0.41369    0.06818
   1161.54000    0.89931    0.03860    0.46496    0.05628
   1163.53000    0.73805    0.06686    0.37473    0.03555
   1166.18000    0.82993    0.05897    0.34419    0.03698
   1169.60000    0.84877    0.06989    0.36774    0.06434
   1173.32000    0.95493    0.05279    0.44230    0.05377
   1176.77000    0.75080    0.05131    0.33552    0.03551
   1179.20000    0.82984    0.03391    0.40687    0.05175
   1182.32000    0.93907    0.06492    0.39702    0.01774
   1185.29000    0.95754    0.06042    0.37335    0.07699
   1189.12000    0.88416    0.02806    0.33891    0.05811
   1193.52000    0.84462    0.06016    0.36270    0.04020
   1195.20000    0.87543    0.07624    0.32067    0.07945
   1198.01000    0.89191    0.05707    0.42899    0.04273
   1200.61000    0.95676    0.04781    0.36952    0.07239
   1203.90000    0.83301    0.02238    0.32929    0.04080
   1207.04000    0.90223    0.04352    0.34039    0.05982
   1210.15000    1.07348    0.08538    0.44234    0.06287
   1213.52000    0.85593    0.04984    0.36125    0.03222
   1214.47000    0.90939    0.05084    0.38291    0.05137
   1460.43000    0.67511    0.03041    0.29342    0.05716
   1464.75000    0.64473    0.07632    0.29368    0.04664
   1469.18000    0.76988    0.05426    0.30218    0.03465
   1472.44000    0.64332    0.06054    0.30760    0.04316
   1478.68000    0.63035    0.07442    0.27862    0.03265
   1480.76000    0.66878    0.05218    0.25114    0.04358
   1484.24000    0.74589    0.04253    0.28935    0.03890
   1486.73000    0.69291    0.04794    0.26628    0.02421
   1489.09000    0.70549    0.05379    0.36920    0.05211
   1492.88000    0.75042    0.04234    0.15348    0.07572
   1495.20000    0.74942    0.06477    0.34389    0.05876
   1498.64000    0.71104    0.05155    0.21658    0.07216
   1502.14000    0.67510    0.05847    0.24083    0.04824
   1506.50000    0.70584    0.05097    0.29582    0.05833
   1507.79000    0.66968    0.07320    0.26295    0.08638
   1509.36000    0.58573    0.06802    0.29472    0.04634
   1511.35000    0.68295    0.03976    0.31221    0.03572
   1514.91000    0.60714    0.05635    0.30738    0.03159
   1518.38000    0.51286    0.06531    0.31954    0.04123
   1521.53000    0.71196    0.06414    0.22417    0.03960
   1522.64000    0.51123    0.07866    0.29330    0.05075
   1526.81000    0.62727    0.05833    0.31548    0.08659
   1529.55000    0.58207    0.03924    0.15456    0.06355
   1533.17000    0.64136    0.03974    0.34380    0.03405
   1537.48000    0.58872    0.05715    0.30490    0.03418
   1539.74000    0.64044    0.06141    0.27896    0.06033
   1541.04000    0.61842    0.05923    0.28968    0.07254
   1543.47000    0.62982    0.04871    0.36536    0.06385
   1547.89000    0.71953    0.08035    0.27174    0.03918
   1552.21000    0.66359    0.06063    0.18287    0.07888
   1555.34000    0.52034    0.05750    0.31671    0.05176
   1558.06000    0.51342    0.03548    0.32891    0.04516
   1560.82000    0.51865    0.04772    0.19705    0.06793
   1563.39000    0.53323    0.07033    0.34797    0.05706
   1568.05000    0.50218    0.04854    0.31689    0.04466
   1571.68000    0.52635    0.06762    0.25339    0.03604
   1576.09000    0.63818    0.03899    0.26783    0.04535
   1579.70000    0.62476    0.03446    0.22789    0.05281
