## Time Delay Challenge light curves
##
## [time]=days, [lc]=[err]=flux in nanomaggies
##
##       time       lc_A      err_A       lc_B      err_B
##-------------------------------------------------------
      1.99000    1.56194    0.04732    1.32795    0.00950
      4.87000    1.51273    0.06780    1.23713    0.05669
      5.72000    1.57877    0.01827    1.33247    0.04487
      7.55000    1.52397    0.04456    1.35314    0.04611
     10.76000    1.69952    0.05788    1.33940    0.00844
     14.24000    1.59526    0.06107    1.36340    0.03242
     17.39000    1.67642    0.05480    1.24392    0.07958
     19.63000    1.51823    0.07232    1.42550    0.07185
     20.33000    1.57459    0.04777    1.48350    0.04890
     21.22000    1.55517    0.04600    1.44214    0.05968
     22.74000    1.38857    0.08133    1.32462    0.06298
     26.10000    1.49882    0.06430    1.32499    0.04799
     28.08000    1.59829    0.04576    1.36027    0.06588
     30.49000    1.53464    0.04781    1.35575    0.06060
     33.27000    1.60298    0.05537    1.30407    0.08337
     36.13000    1.65543    0.08175    1.34393    0.04071
     39.41000    1.58481    0.05610    1.36400    0.04748
     41.98000    1.63507    0.05175    1.29323    0.04645
     45.94000    1.68568    0.10377    1.33458    0.06154
     47.60000    1.67975    0.05320    1.32574    0.05426
     51.25000    1.62976    0.07326    1.43330    0.04611
     55.57000    1.59908    0.06381    1.42318    0.04843
     58.57000    1.73445    0.05710    1.39989    0.01724
     61.43000    1.61419    0.05853    1.44976    0.04148
     64.84000    1.69178    0.04010    1.46080    0.04569
     68.68000    1.64685    0.05062    1.44431    0.07600
     72.85000    1.73479    0.06477    1.51088    0.07436
     76.51000    1.72605    0.06291    1.38274    0.07641
     80.12000    1.64138    0.07685    1.51369    0.06449
     83.02000    1.65005    0.02217    1.39079    0.06725
     85.45000    1.64707    0.08558    1.39561    0.03871
     89.08000    1.66891    0.01968    1.44623    0.05625
     92.10000    1.67839    0.07369    1.49313    0.05467
     96.66000    1.64669    0.04001    1.50420    0.05633
     99.49000    1.66990    0.02607    1.45683    0.05873
     99.85000    1.70091    0.07003    1.61373    0.05218
    105.19000    1.66452    0.05720    1.53227    0.05717
    108.37000    1.51156    0.08317    1.54138    0.07084
    110.05000    1.56198    0.06285    1.46355    0.02731
    111.57000    1.60241    0.04807    1.46835    0.07582
    114.64000    1.57952    0.04278    1.43361    0.04578
    117.27000    1.63614    0.03033    1.45441    0.01656
    366.44000    1.42997    0.06838    1.63497    0.08030
    369.63000    1.47062    0.06646    1.47658    0.05907
    371.49000    1.50588    0.05965    1.57009    0.04859
    375.10000    1.48837    0.08259    1.50324    0.03907
    376.90000    1.47334    0.03137    1.46584    0.04718
    380.38000    1.43588    0.03745    1.54631    0.04415
    382.66000    1.39744    0.03918    1.47789    0.05949
    386.23000    1.46731    0.06336    1.54831    0.03950
    386.38000    1.41502    0.04112    1.57221    0.03685
    389.57000    1.40332    0.06393    1.52309    0.04623
    391.99000    1.43892    0.02055    1.54308    0.06815
    395.21000    1.47333    0.07709    1.68885    0.06896
    397.86000    1.51156    0.03857    1.52358    0.04820
    399.52000    1.41237    0.06306    1.48354    0.05139
    402.73000    1.39881    0.04620    1.59140    0.05573
    405.62000    1.29215    0.06836    1.54982    0.06395
    407.58000    1.41123    0.04386    1.58347    0.05909
    409.42000    1.45641    0.06152    1.49976    0.04808
    411.65000    1.39389    0.04984    1.67707    0.03620
    414.24000    1.32697    0.03695    1.50821    0.05996
    419.09000    1.46040    0.05245    1.51594    0.05305
    421.83000    1.53807    0.05469    1.54433    0.06680
    425.23000    1.44720    0.04232    1.55388    0.05864
    428.13000    1.35877    0.03574    1.59481    0.07535
    430.39000    1.44821    0.04862    1.53600    0.05055
    433.81000    1.45625    0.01819    1.57603    0.03849
    437.66000    1.41093    0.04222    1.57985    0.06280
    439.93000    1.40047    0.09204    1.46399    0.06271
    442.37000    1.42341    0.04285    1.62823    0.05078
    446.21000    1.38861    0.06315    1.67490    0.06010
    448.89000    1.46507    0.05161    1.53926    0.05594
    451.53000    1.41113    0.06958    1.59394    0.05551
    454.55000    1.45461    0.05806    1.53089    0.07402
    457.11000    1.46045    0.04063    1.55011    0.04696
    461.29000    1.47700    0.03985    1.61846    0.04236
    465.08000    1.33631    0.07874    1.49249    0.04578
    469.78000    1.49855    0.04195    1.57137    0.06274
    472.48000    1.37033    0.05545    1.52886    0.05711
    474.89000    1.48739    0.05267    1.65922    0.04343
    478.87000    1.50390    0.07195    1.51650    0.05997
    480.26000    1.50731    0.04806    1.60373    0.07254
    482.45000    1.46337    0.03911    1.71278    0.06668
    484.65000    1.48915    0.05596    1.55465    0.02799
    730.61000    1.36817    0.04665    1.55680    0.03906
    732.42000    1.40473    0.07176    1.55905    0.05403
    736.54000    1.41055    0.05218    1.56943    0.03034
    738.85000    1.29197    0.06496    1.53298    0.07742
    742.75000    1.35847    0.06365    1.60429    0.07003
    745.93000    1.41891    0.06926    1.43670    0.05933
    748.80000    1.35708    0.05903    1.47621    0.05247
    751.74000    1.32929    0.04401    1.58815    0.06427
    755.16000    1.31945    0.02833    1.47341    0.03338
    757.77000    1.36160    0.04159    1.50066    0.03285
    761.82000    1.34429    0.04799    1.54638    0.07534
    764.33000    1.30065    0.05037    1.50147    0.06279
    766.39000    1.27967    0.07196    1.46789    0.05772
    771.14000    1.27345    0.09632    1.41489    0.05405
    772.12000    1.33256    0.05483    1.58294    0.06087
    776.56000    1.41845    0.05863    1.45892    0.05785
    779.48000    1.36131    0.04708    1.48112    0.04497
    782.51000    1.38626    0.07697    1.43765    0.06011
    784.39000    1.45192    0.04481    1.52641    0.04326
    785.71000    1.40507    0.06173    1.40917    0.06501
    789.11000    1.35866    0.05103    1.43364    0.05083
    790.95000    1.36560    0.05050    1.53795    0.03960
    793.61000    1.35282    0.05314    1.44881    0.06158
    797.98000    1.31268    0.06089    1.42310    0.03978
    802.06000    1.40196    0.05275    1.47979    0.05821
    804.42000    1.21333    0.07504    1.49533    0.03826
    807.21000    1.38121    0.04240    1.49251    0.07300
    810.09000    1.37986    0.02855    1.57750    0.03729
    813.83000    1.30575    0.06746    1.48116    0.01871
    818.49000    1.34750    0.05179    1.47902    0.04287
    820.98000    1.42147    0.04358    1.53948    0.07294
    823.79000    1.38416    0.05970    1.46638    0.03718
    825.44000    1.40547    0.08287    1.45731    0.04538
    828.85000    1.41659    0.05145    1.50860    0.05160
    830.78000    1.46032    0.03667    1.37295    0.05101
    834.77000    1.43264    0.05496    1.47345    0.06855
    837.06000    1.39873    0.05820    1.51093    0.06015
    841.52000    1.44437    0.03581    1.44392    0.08910
    845.12000    1.46839    0.06375    1.50870    0.05474
    847.49000    1.46448    0.06345    1.48131    0.03745
   1098.25000    1.23481    0.04948    1.14215    0.06532
   1102.14000    1.27971    0.04763    1.02933    0.06651
   1105.24000    1.35111    0.04775    1.11104    0.03934
   1108.96000    1.24045    0.04574    1.13574    0.03603
   1109.45000    1.32734    0.07072    0.96036    0.08117
   1112.16000    1.35770    0.04271    1.00700    0.02603
   1114.93000    1.22112    0.03388    1.09686    0.03716
   1115.20000    1.24723    0.04556    1.05282    0.05210
   1117.93000    1.26515    0.05080    1.06780    0.04351
   1121.99000    1.43797    0.07271    1.01022    0.06048
   1123.94000    1.28109    0.05283    1.11758    0.06357
   1125.71000    1.27152    0.07377    1.06241    0.03794
   1127.31000    1.30008    0.02472    1.10745    0.06775
   1129.86000    1.29516    0.05392    1.03297    0.05694
   1133.42000    1.31366    0.02396    0.95303    0.06001
   1136.13000    1.27158    0.07115    1.05452    0.05169
   1141.18000    1.32331    0.06933    0.99678    0.05261
   1143.43000    1.18534    0.03869    0.97489    0.05203
   1147.54000    1.23075    0.04984    0.98306    0.05310
   1151.34000    1.26917    0.04648    0.98382    0.07101
   1153.37000    1.30226    0.04394    0.99940    0.07922
   1157.03000    1.23228    0.06666    1.08561    0.05541
   1159.89000    1.17954    0.05361    1.14319    0.07929
   1164.90000    1.28500    0.05578    1.01135    0.05043
   1167.41000    1.28407    0.06617    1.06363    0.04548
   1171.26000    1.23665    0.06385    1.03889    0.05186
   1172.35000    1.23616    0.06233    0.87501    0.07818
   1176.52000    1.17904    0.05981    0.92058    0.04953
   1179.07000    1.19252    0.06880    0.92554    0.03639
   1182.57000    1.20796    0.07705    0.87477    0.08913
   1185.61000    1.18876    0.05320    1.00307    0.06933
   1186.87000    1.19894    0.06384    0.89619    0.05383
   1190.80000    1.22681    0.06136    0.95199    0.08229
   1194.12000    1.11701    0.05547    0.89526    0.05139
   1197.44000    1.24886    0.06249    0.95553    0.04904
   1199.56000    1.32285    0.05480    0.87980    0.05966
   1201.37000    1.12251    0.06558    0.97895    0.07893
   1204.10000    1.21343    0.02852    0.85760    0.04179
   1208.65000    1.16547    0.04749    0.84100    0.03644
   1212.18000    1.20275    0.05445    0.94420    0.04080
   1214.29000    1.23339    0.05014    0.90254    0.03970
   1462.11000    1.17905    0.07086    0.74048    0.04711
   1465.75000    1.28919    0.05884    0.66849    0.05460
   1468.23000    1.27380    0.06442    0.68120    0.03016
   1471.70000    1.25300    0.03871    0.75201    0.05704
   1474.66000    1.11407    0.06691    0.68509    0.03689
   1477.30000    1.17075    0.03475    0.69657    0.03653
   1479.80000    1.21520    0.04210    0.63406    0.04055
   1483.69000    1.15099    0.04024    0.68312    0.02979
   1486.80000    1.25486    0.07477    0.73697    0.04776
   1488.94000    1.23246    0.09590    0.73102    0.09892
   1492.13000    1.13795    0.03350    0.65538    0.03491
   1496.52000    1.20563    0.03241    0.67270    0.06197
   1500.19000    1.23605    0.02855    0.72314    0.07720
   1503.03000    1.24988    0.04958    0.78245    0.06764
   1504.76000    1.24425    0.06555    0.69092    0.02448
   1507.54000    1.21184    0.05809    0.70266    0.03833
   1511.43000    1.30590    0.05599    0.70423    0.03345
   1514.57000    1.29243    0.02467    0.67171    0.03942
   1517.36000    1.31665    0.08127    0.67463    0.05107
   1521.82000    1.37867    0.09640    0.78130    0.04471
   1524.25000    1.25438    0.05398    0.71916    0.04273
   1526.97000    1.25808    0.03110    0.70521    0.05479
   1528.27000    1.41567    0.06297    0.70412    0.05892
   1532.27000    1.32005    0.03299    0.62322    0.05934
   1535.59000    1.27668    0.05712    0.77475    0.05142
   1537.39000    1.23825    0.05655    0.75840    0.06895
   1540.77000    1.29020    0.06786    0.76593    0.04663
   1546.15000    1.27249    0.03814    0.67264    0.05266
   1549.21000    1.28305    0.07711    0.72113    0.04086
   1550.16000    1.30458    0.06678    0.84892    0.07972
   1553.20000    1.31183    0.06965    0.67371    0.05541
   1556.76000    1.20175    0.05969    0.82886    0.06110
   1560.38000    1.30563    0.07408    0.74048    0.05256
   1563.99000    1.31495    0.03887    0.72734    0.02906
   1565.42000    1.19494    0.04927    0.71222    0.03530
   1568.17000    1.28552    0.06080    0.66124    0.07657
   1569.49000    1.18235    0.05770    0.67564    0.05248
   1572.76000    1.24651    0.04332    0.63993    0.06599
   1575.71000    1.25669    0.06250    0.69227    0.02589
   1578.57000    1.21610    0.04933    0.76731    0.05357
   1579.48000    1.26761    0.04279    0.63138    0.03303
