## Time Delay Challenge light curves
##
## [time]=days, [lc]=[err]=flux in nanomaggies
##
##       time       lc_A      err_A       lc_B      err_B
##-------------------------------------------------------
      2.51000    5.48993    0.06009    0.49449    0.04433
      5.84000    5.65389    0.02538    0.54206    0.05335
      9.18000    5.73902    0.05142    0.47081    0.07137
     12.30000    5.68581    0.04228    0.52820    0.03443
     14.92000    5.80241    0.04810    0.52421    0.07068
     17.28000    5.74606    0.04792    0.54410    0.03938
     20.87000    5.88140    0.06264    0.50642    0.05790
     24.05000    5.99581    0.05590    0.50106    0.02236
     26.25000    6.13182    0.07037    0.60433    0.06010
     29.64000    6.04546    0.04391    0.50155    0.05661
     31.87000    6.23400    0.06197    0.49773    0.05050
     33.66000    6.06685    0.05128    0.45205    0.05516
     37.49000    6.11220    0.05230    0.45760    0.05944
     40.07000    6.19316    0.04888    0.43004    0.08072
     41.57000    6.30053    0.04443    0.37589    0.07385
     44.28000    6.36911    0.02283    0.43833    0.03018
     47.99000    6.33532    0.04970    0.47378    0.05634
     49.91000    6.48105    0.05077    0.50653    0.05691
     54.10000    6.45248    0.06705    0.56150    0.05215
     57.41000    6.51680    0.06419    0.47684    0.07840
     61.70000    6.65286    0.06889    0.43685    0.02017
     64.87000    6.90726    0.07816    0.43426    0.04448
     67.72000    6.72644    0.07055    0.47826    0.03887
     72.22000    6.86123    0.04424    0.41477    0.05104
     74.60000    6.91678    0.06461    0.34182    0.05361
     77.86000    6.74760    0.07432    0.42793    0.02184
     78.24000    6.81092    0.01252    0.45413    0.05262
     81.88000    6.82918    0.07116    0.50274    0.07392
     84.92000    6.87187    0.02488    0.39509    0.05232
     88.12000    6.80479    0.05096    0.40674    0.03874
     89.54000    6.82913    0.05054    0.43528    0.05197
     91.89000    6.63596    0.03766    0.45949    0.04736
     95.69000    6.91925    0.03925    0.34630    0.07051
    100.73000    7.29705    0.08643    0.31317    0.05225
    105.36000    7.11914    0.06293    0.42490    0.03343
    107.74000    7.22327    0.04873    0.43698    0.03769
    109.76000    7.25936    0.06745    0.44213    0.05900
    112.48000    7.22473    0.06179    0.45575    0.08611
    116.07000    7.34174    0.06925    0.49330    0.04824
    118.36000    7.37588    0.06255    0.45185    0.06206
    366.81000    4.25918    0.04785    0.37713    0.06416
    369.64000    4.32178    0.05877    0.48461    0.04537
    371.65000    4.39120    0.05154    0.44048    0.07209
    374.13000    4.30392    0.03933    0.51458    0.05179
    376.67000    4.43941    0.04756    0.50407    0.02339
    379.54000    4.44844    0.09912    0.43350    0.03377
    383.25000    4.35401    0.05458    0.51715    0.04590
    387.29000    4.31980    0.04210    0.49873    0.04174
    392.68000    4.19058    0.04986    0.54220    0.04833
    396.12000    4.32398    0.03188    0.51772    0.03546
    398.85000    4.33080    0.06425    0.52655    0.05040
    400.88000    4.23388    0.04924    0.44237    0.07336
    404.35000    4.16611    0.06640    0.59915    0.04884
    408.41000    4.12973    0.04204    0.59570    0.04451
    411.97000    4.24177    0.06561    0.62105    0.04830
    416.53000    4.03318    0.05161    0.52935    0.05123
    417.95000    4.05313    0.03894    0.66681    0.05391
    421.25000    4.07192    0.04085    0.74085    0.05751
    424.58000    4.03278    0.04466    0.79955    0.07254
    426.85000    4.11592    0.02089    0.71176    0.05037
    428.70000    4.04614    0.06361    0.51564    0.08151
    432.41000    3.99595    0.07010    0.56425    0.04348
    436.30000    3.86550    0.04712    0.65672    0.05807
    439.27000    3.92226    0.06822    0.66419    0.04863
    443.67000    3.67443    0.07552    0.53489    0.05392
    447.77000    3.70125    0.06495    0.66007    0.03679
    450.38000    3.78821    0.02875    0.64443    0.03039
    452.92000    3.82524    0.03861    0.66261    0.04915
    455.06000    3.75303    0.04735    0.66933    0.06116
    457.73000    3.76103    0.05008    0.64666    0.07952
    460.40000    3.61424    0.05445    0.58025    0.06644
    463.90000    3.54378    0.03889    0.69855    0.07390
    466.65000    3.54458    0.06962    0.70735    0.03430
    469.59000    3.56694    0.06325    0.68181    0.04650
    473.58000    3.48585    0.05725    0.71716    0.04038
    477.33000    3.47714    0.06889    0.70076    0.05786
    478.77000    3.51612    0.04635    0.62342    0.04068
    481.53000    3.36897    0.07562    0.67179    0.04218
    484.11000    3.54373    0.05035    0.63563    0.06643
    731.23000    2.58605    0.06114    0.55108    0.08668
    734.69000    2.46789    0.03500    0.43040    0.05971
    737.84000    2.51877    0.06141    0.65526    0.06113
    740.28000    2.46419    0.04637    0.57862    0.02142
    743.47000    2.53921    0.05996    0.51746    0.02801
    744.70000    2.43406    0.06074    0.55581    0.06805
    749.07000    2.71183    0.08309    0.49575    0.06244
    750.99000    2.68721    0.06848    0.56000    0.06176
    754.03000    2.73428    0.04485    0.55726    0.04836
    756.81000    2.65762    0.06504    0.49467    0.06378
    758.90000    2.61173    0.04335    0.61976    0.04579
    760.71000    2.58701    0.03537    0.52988    0.08674
    765.84000    2.54528    0.02228    0.52169    0.06119
    768.78000    2.57408    0.05196    0.49197    0.04142
    771.84000    2.50663    0.06208    0.58703    0.04357
    774.45000    2.44908    0.05818    0.52746    0.01933
    778.05000    2.58558    0.06676    0.54802    0.05511
    779.08000    2.61251    0.07596    0.50436    0.03529
    781.87000    2.52463    0.04530    0.37811    0.06956
    784.78000    2.62224    0.08054    0.49260    0.07496
    789.85000    2.56726    0.06996    0.44872    0.04091
    791.93000    2.67781    0.06199    0.55413    0.03972
    794.25000    2.49685    0.07600    0.52778    0.04462
    796.21000    2.61613    0.05104    0.52567    0.03319
    798.58000    2.59515    0.05441    0.55930    0.05238
    800.38000    2.72091    0.09297    0.42703    0.07085
    800.75000    2.53293    0.07799    0.56777    0.06436
    803.86000    2.61985    0.03440    0.57634    0.05643
    807.46000    2.54770    0.03246    0.47488    0.04372
    809.16000    2.62010    0.05001    0.60932    0.06944
    811.16000    2.75831    0.06044    0.46844    0.04722
    813.85000    2.65523    0.05501    0.60915    0.04903
    817.55000    2.63640    0.06004    0.54305    0.06262
    820.25000    2.62222    0.05256    0.54357    0.02132
    822.85000    2.78476    0.05917    0.49792    0.04161
    824.65000    2.65753    0.03904    0.53596    0.04092
    825.84000    2.72113    0.05860    0.62535    0.06883
    829.85000    2.72555    0.04931    0.52234    0.04659
    833.27000    2.77700    0.07655    0.45285    0.07777
    836.99000    2.77816    0.03009    0.60759    0.04081
    840.76000    2.76380    0.07098    0.52601    0.06705
    844.19000    2.71303    0.04814    0.60254    0.05587
    847.04000    2.78218    0.05047    0.57539    0.02699
    849.55000    2.79568    0.07447    0.60729    0.07246
   1095.25000    5.53295    0.06576    0.61633    0.04496
   1098.71000    5.40969    0.07115    0.75530    0.07014
   1100.45000    5.48963    0.05530    0.68576    0.05797
   1102.89000    5.56042    0.04630    0.59788    0.06182
   1106.29000    5.61527    0.05150    0.62342    0.06813
   1108.95000    5.69483    0.06394    0.55409    0.05667
   1113.08000    5.82876    0.05382    0.51450    0.04644
   1113.93000    5.81439    0.03889    0.57674    0.04612
   1116.63000    5.82178    0.04890    0.62792    0.03822
   1117.24000    5.78597    0.03931    0.75163    0.07071
   1120.78000    5.97429    0.04829    0.69039    0.05028
   1123.01000    5.97080    0.06786    0.60981    0.02574
   1124.42000    5.85732    0.05002    0.56028    0.07350
   1128.13000    6.15673    0.03450    0.50008    0.05652
   1131.70000    6.27761    0.05071    0.57680    0.07731
   1134.77000    6.23306    0.04857    0.56933    0.07157
   1138.10000    6.43191    0.04202    0.53291    0.07682
   1141.92000    6.65116    0.04908    0.53970    0.05879
   1143.98000    6.55108    0.04487    0.69090    0.05236
   1144.88000    6.47352    0.05856    0.56116    0.05505
   1147.94000    6.66491    0.05357    0.54070    0.05823
   1152.57000    6.76086    0.07602    0.48641    0.05866
   1157.88000    6.98135    0.04323    0.61503    0.06539
   1160.35000    6.99505    0.06758    0.56038    0.05429
   1163.23000    7.20511    0.07276    0.65901    0.07887
   1166.31000    7.24129    0.04317    0.60875    0.05664
   1169.74000    7.33831    0.04572    0.62514    0.02853
   1172.30000    7.40538    0.05597    0.51032    0.04823
   1175.19000    7.25319    0.07113    0.54871    0.04644
   1178.11000    7.45634    0.07230    0.62577    0.04753
   1181.30000    7.50867    0.03272    0.51474    0.04799
   1184.73000    7.58195    0.06742    0.60799    0.05729
   1187.56000    7.48781    0.06688    0.52418    0.04999
   1189.93000    7.56212    0.05433    0.58270    0.06095
   1193.36000    7.65790    0.07692    0.58412    0.03989
   1195.80000    7.67663    0.08695    0.54940    0.02401
   1198.36000    7.71154    0.05175    0.55458    0.07673
   1201.82000    7.67658    0.01505    0.54871    0.03704
   1204.88000    7.74836    0.08446    0.58782    0.04005
   1208.18000    7.67707    0.06573    0.59268    0.05310
   1212.41000    7.75150    0.04093    0.48963    0.06107
   1460.37000    3.82095    0.06025    0.79246    0.05163
   1464.06000    3.63648    0.02560    0.71062    0.05439
   1469.26000    3.62108    0.05543    0.69678    0.03048
   1471.99000    3.69537    0.07179    0.73183    0.01687
   1474.21000    3.56047    0.02615    0.76039    0.02357
   1477.09000    3.58564    0.04779    0.87235    0.05247
   1479.50000    3.43572    0.03834    0.70955    0.02833
   1482.22000    3.40355    0.05508    0.74588    0.05328
   1486.32000    3.26230    0.05804    0.73663    0.03604
   1488.53000    3.16516    0.03917    0.69228    0.07139
   1492.71000    3.11551    0.05494    0.76168    0.06442
   1494.68000    3.11281    0.05331    0.68889    0.05013
   1497.25000    2.98055    0.02830    0.72711    0.03318
   1500.58000    3.00185    0.03927    0.74137    0.04318
   1502.39000    3.01187    0.04094    0.73025    0.03621
   1504.09000    3.00369    0.04437    0.73260    0.05698
   1505.17000    3.01626    0.06937    0.68773    0.03418
   1508.70000    3.03898    0.04603    0.58999    0.03851
   1512.37000    3.02309    0.04167    0.70173    0.03744
   1516.50000    2.95417    0.06797    0.70807    0.06593
   1519.41000    2.85844    0.05451    0.66762    0.06962
   1522.05000    2.92025    0.05664    0.60734    0.06052
   1524.95000    2.89809    0.06068    0.63274    0.04533
   1528.42000    2.77470    0.04876    0.65328    0.04543
   1529.65000    2.82814    0.03577    0.70709    0.06901
   1533.53000    2.63918    0.06449    0.63115    0.07046
   1537.13000    2.86920    0.03872    0.64256    0.06066
   1538.31000    2.78267    0.02659    0.71298    0.05248
   1542.50000    2.83853    0.04683    0.57723    0.05313
   1543.85000    2.89205    0.06655    0.73968    0.05685
   1547.28000    2.75935    0.03068    0.56114    0.04922
   1549.94000    2.81368    0.01719    0.56133    0.04749
   1553.40000    2.74657    0.03631    0.58136    0.05493
   1556.92000    2.84492    0.05486    0.62736    0.01489
   1560.43000    2.78842    0.03825    0.57161    0.04225
   1561.13000    2.91784    0.05918    0.61276    0.05752
   1564.80000    2.72908    0.04081    0.61387    0.05143
   1568.33000    2.87200    0.03134    0.59326    0.05943
   1570.94000    2.90657    0.03936    0.57501    0.04285
   1575.60000    2.85553    0.06003    0.54688    0.06300
   1578.59000    3.10185    0.08107    0.55329    0.04946
