## Time Delay Challenge light curves
##
## [time]=days, [lc]=[err]=flux in nanomaggies
##
##       time       lc_A      err_A       lc_B      err_B
##-------------------------------------------------------
      1.38000    8.48124    0.05062   14.40356    0.06446
      7.52000    8.39341    0.05800   14.53275    0.05835
     15.43000    8.22952    0.04585   14.28741    0.03566
     21.91000    8.38218    0.06297   14.41172    0.04388
     27.17000    8.38130    0.05148   14.50926    0.05555
     34.56000    8.33750    0.04382   14.42814    0.04754
     41.97000    8.10914    0.04631   14.22966    0.08524
     48.19000    8.13423    0.02755   14.25299    0.03662
     53.87000    8.19761    0.05566   14.13942    0.05166
     58.38000    8.15800    0.05212   14.37041    0.05521
     65.09000    8.40997    0.05095   14.26241    0.03520
     69.24000    8.11554    0.06271   14.52309    0.03627
     75.90000    7.92326    0.06952   14.61716    0.07800
     80.66000    7.87790    0.05197   14.48745    0.06787
     87.25000    8.08874    0.05709   14.03586    0.05411
     92.92000    7.93189    0.06875   14.08395    0.02185
     99.73000    7.57680    0.02975   14.34484    0.05314
    104.81000    7.56100    0.03417   14.17672    0.04695
    109.21000    7.63226    0.05627   14.44757    0.03460
    116.07000    7.60806    0.04427   14.11206    0.03392
    368.89000    7.87851    0.04413   13.98113    0.09133
    375.22000    7.79398    0.07025   13.91182    0.06694
    381.10000    7.92062    0.04046   13.46503    0.03693
    388.30000    7.84892    0.04599   13.69867    0.04808
    393.02000    7.84433    0.04203   13.53386    0.06799
    398.17000    7.86562    0.05167   13.58355    0.05774
    404.70000    8.07935    0.03599   13.42964    0.06140
    410.91000    8.29755    0.06357   13.13041    0.06454
    417.38000    7.93452    0.04850   13.24501    0.10134
    424.68000    7.81765    0.04644   13.25258    0.05554
    431.11000    7.84652    0.07143   13.25523    0.03202
    438.91000    7.68172    0.02346   13.03331    0.04934
    446.73000    7.97873    0.05207   13.57295    0.03156
    453.94000    7.98597    0.05627   13.64752    0.05885
    459.53000    7.97362    0.06727   13.44999    0.04348
    465.98000    7.86478    0.04575   13.25161    0.08461
    474.77000    7.94812    0.03756   12.93918    0.05262
    481.03000    7.87840    0.03928   12.84432    0.05950
    730.08000    7.77473    0.04099   13.70363    0.02829
    737.01000    7.43394    0.05429   13.83709    0.06335
    743.53000    7.60517    0.08906   13.75463    0.06178
    750.43000    7.60989    0.06921   13.81987    0.05386
    755.41000    7.54712    0.07724   13.84182    0.03568
    761.48000    7.31199    0.05216   13.73158    0.02364
    768.64000    7.16182    0.06515   13.56680    0.03720
    775.34000    6.87038    0.08281   13.22000    0.06411
    782.41000    7.03910    0.06467   12.78290    0.06346
    789.34000    7.21352    0.06038   13.01184    0.07311
    795.79000    7.21468    0.06047   13.25940    0.04545
    801.95000    7.06701    0.07021   13.17253    0.04482
    809.94000    7.16268    0.04537   12.45530    0.02931
    816.17000    7.30805    0.04018   12.33521    0.02478
    822.28000    7.25825    0.07139   12.22004    0.03788
    828.08000    7.20350    0.02540   12.30533    0.05577
    833.70000    7.42480    0.05306   12.62460    0.06139
    838.11000    7.26477    0.07311   12.43837    0.05728
    846.20000    7.23637    0.04118   12.37838    0.03019
   1096.13000    6.53105    0.04442   11.32755    0.07353
   1102.28000    6.60396    0.00943   11.15492    0.02524
   1108.57000    6.51534    0.05459   11.20277    0.04971
   1115.15000    6.57308    0.06466   11.22690    0.03872
   1119.37000    6.70998    0.05727   11.18588    0.04605
   1125.53000    6.67746    0.01866   11.34141    0.05559
   1130.74000    6.64549    0.06919   11.28961    0.06293
   1137.42000    6.67874    0.05472   11.05092    0.03545
   1143.01000    6.90323    0.03990   10.85238    0.03677
   1149.06000    6.95686    0.04237   11.10492    0.05764
   1156.23000    7.13377    0.06339   10.73609    0.05453
   1161.88000    7.22397    0.05847   11.08194    0.05330
   1168.38000    7.16666    0.02864   11.13325    0.06058
   1174.34000    7.28106    0.05937   11.21542    0.03383
   1180.77000    7.24488    0.08280   11.20622    0.05253
   1188.62000    7.45164    0.08836   11.41189    0.06542
   1194.14000    7.52829    0.05304   11.50887    0.05037
   1200.47000    7.56673    0.05082   11.89968    0.03813
   1206.42000    7.44285    0.07219   11.96430    0.05340
   1212.10000    7.34084    0.06528   11.85695    0.06127
   1462.71000    8.70556    0.03619   14.14802    0.08222
   1469.60000    8.62472    0.04617   14.10809    0.02773
   1476.72000    8.45009    0.04077   13.70815    0.06501
   1481.52000    8.28518    0.05941   13.28111    0.03888
   1488.45000    8.28257    0.05306   13.18823    0.06941
   1494.64000    8.13315    0.04813   13.45852    0.07387
   1499.33000    8.12173    0.06125   13.66250    0.05950
   1506.34000    8.24860    0.07279   14.02741    0.04306
   1514.54000    8.21536    0.04397   13.83952    0.05944
   1518.91000    8.26213    0.06175   13.71745    0.06384
   1526.41000    8.22581    0.06404   13.19633    0.04350
   1533.02000    8.06264    0.03002   13.19854    0.05500
   1539.18000    7.80460    0.03098   13.28842    0.05471
   1543.13000    7.84818    0.06359   13.22462    0.04166
   1549.51000    7.69856    0.05738   13.28162    0.07579
   1556.32000    7.68010    0.01417   13.50415    0.04923
   1563.15000    7.67120    0.03773   13.41960    0.04967
   1567.43000    7.64286    0.05935   13.55787    0.08046
   1574.07000    7.59914    0.06357   13.39240    0.05866
   1579.85000    7.41554    0.06267   13.15301    0.05814
   1825.51000    6.38019    0.06674   12.19775    0.06823
   1832.61000    6.46834    0.04869   12.15769    0.05754
   1838.81000    6.56709    0.04209   12.15574    0.07141
   1843.61000    6.76661    0.05516   11.80325    0.04535
   1851.80000    6.37080    0.06401   11.41255    0.05719
   1857.97000    6.50190    0.06186   11.85265    0.04358
   1864.45000    6.59879    0.07543   11.39217    0.07259
   1872.21000    6.62539    0.06363   11.05020    0.05409
   1878.37000    6.64851    0.04093   10.99109    0.03668
   1884.49000    6.68256    0.07825   11.17558    0.06148
   1891.93000    6.64803    0.06372   11.03291    0.08118
   1898.23000    6.90455    0.04566   10.77723    0.04315
   1904.94000    6.92279    0.06089   10.91290    0.04460
   1909.84000    6.71788    0.05276   10.91242    0.06494
   1915.73000    6.70676    0.03956   11.08956    0.05023
   1920.18000    7.03469    0.07166   10.85416    0.07947
   1925.77000    7.00727    0.05446   10.94646    0.03105
   1930.99000    6.71091    0.06089   10.99757    0.03964
   1936.01000    6.68481    0.05684   11.03252    0.06335
   1941.16000    6.81200    0.02532   11.36941    0.04674
   2194.89000    6.56261    0.03874   12.14009    0.02675
   2201.08000    6.54263    0.03483   12.11230    0.05203
   2206.20000    6.51628    0.05625   12.13695    0.04432
   2211.75000    6.46499    0.04224   12.14517    0.03047
   2219.86000    6.23785    0.04021   11.67745    0.06464
   2227.04000    6.12991    0.01186   11.29905    0.05771
   2232.29000    6.11576    0.05828   11.41421    0.04884
   2237.01000    6.16804    0.05853   11.59749    0.05914
   2242.22000    6.01553    0.05650   11.51257    0.04909
   2249.32000    6.06108    0.04455   11.30123    0.04649
   2254.23000    6.09392    0.08428   11.25660    0.02162
   2260.86000    6.10947    0.03370   11.00981    0.05549
   2268.42000    6.12286    0.05160   10.82280    0.07573
   2274.53000    5.93638    0.07045   10.80714    0.06176
   2279.38000    6.07350    0.04582   10.89203    0.02293
   2285.76000    6.07130    0.06628   10.92623    0.04472
   2291.61000    5.84485    0.09435   10.48741    0.05056
   2298.63000    6.01937    0.08627   10.83732    0.03637
   2303.76000    6.11516    0.07024   11.09945    0.05624
   2309.57000    6.05610    0.05973   10.91244    0.08662
   2558.87000    5.66916    0.03738   10.32473    0.06266
   2564.69000    5.72343    0.04139   10.37539    0.03653
   2571.39000    5.72374    0.07201   10.76252    0.05763
   2576.26000    5.71966    0.05626   11.02799    0.07421
   2583.21000    5.69208    0.05154   10.89349    0.06283
   2589.27000    5.81479    0.07814   10.81498    0.06305
   2594.44000    5.78073    0.02362   10.74842    0.05926
   2602.09000    5.83073    0.02635   10.36011    0.02094
   2607.85000    6.07035    0.06279   10.57956    0.04370
   2612.61000    6.09296    0.07967   10.38113    0.07725
   2620.63000    6.01406    0.05103   10.29047    0.06440
   2627.17000    6.32192    0.05924   10.21028    0.05812
   2633.21000    6.38331    0.07948   10.26876    0.04039
   2640.39000    6.30540    0.05680   10.34650    0.05411
   2647.05000    6.37221    0.05106   10.44497    0.06219
   2652.85000    6.27248    0.04712   10.65863    0.07011
   2659.36000    6.29951    0.04815   10.84855    0.06542
   2663.34000    6.39655    0.04686   10.77941    0.04771
   2669.35000    6.42075    0.05288   10.83852    0.03943
   2926.47000    5.79382    0.04225   11.12938    0.02661
   2929.45000    5.62821    0.06847   11.13729    0.06717
   2934.98000    5.83175    0.03718   10.99486    0.05737
   2940.65000    5.89184    0.05431   10.87868    0.05176
   2948.45000    5.81956    0.03687   10.62464    0.03201
   2954.33000    5.84656    0.03539   10.61327    0.03821
   2961.19000    5.89302    0.05183   10.92465    0.04100
   2966.02000    5.93255    0.04822   10.93278    0.09349
   2972.67000    5.74034    0.03287   10.70615    0.05008
   2979.77000    5.72718    0.03214   10.80526    0.04340
   2987.05000    5.81440    0.05875   10.90702    0.07710
   2992.81000    5.82594    0.05844   10.64606    0.04351
   2999.27000    5.93838    0.05348   10.69884    0.04799
   3005.81000    5.82074    0.07510   10.80791    0.04368
   3009.97000    5.99021    0.08401   11.00370    0.06851
   3015.06000    6.05564    0.07114   10.56032    0.05216
   3021.72000    6.20267    0.06170   10.38150    0.04455
   3027.77000    6.23943    0.05028   10.44549    0.04583
   3034.84000    6.29986    0.06292   10.69248    0.07630
   3039.50000    6.04307    0.04800   10.63281    0.04407
   3287.45000    6.05691    0.05650   11.23267    0.02745
   3294.97000    6.06646    0.05812   10.77212    0.03768
   3301.06000    5.96755    0.05871   10.52439    0.05207
   3306.03000    5.99877    0.04540   10.42804    0.04976
   3311.69000    5.96168    0.05082   10.43142    0.05437
   3315.80000    6.06436    0.05183   10.27268    0.05178
   3322.91000    6.29611    0.02235   10.33946    0.03815
   3329.82000    6.30857    0.07762   10.40601    0.05564
   3335.93000    6.46444    0.05977   10.32197    0.04663
   3341.21000    6.34374    0.04642   10.42228    0.05592
   3345.75000    6.49596    0.05619   10.46386    0.06092
   3350.75000    6.51170    0.06093   10.51897    0.03660
   3355.51000    6.67845    0.04031   10.45856    0.06590
   3361.47000    6.53693    0.06754   10.24114    0.07052
   3368.26000    6.75797    0.07681   10.75015    0.03076
   3374.53000    6.73962    0.05913   10.87181    0.03758
   3379.35000    6.70891    0.06822   10.89076    0.05371
   3387.35000    6.45497    0.04594   11.13369    0.03512
   3395.56000    6.13296    0.05955   11.53749    0.05830
   3402.87000    6.37524    0.04225   11.44370    0.05632
