## Time Delay Challenge light curves
##
## [time]=days, [lc]=[err]=flux in nanomaggies
##
##       time       lc_A      err_A       lc_B      err_B
##-------------------------------------------------------
      1.77000    1.12126    0.04786    0.34721    0.06723
      7.68000    1.03306    0.03397    0.31099    0.03202
     13.08000    0.98877    0.06767    0.38129    0.05758
     18.34000    1.00764    0.03780    0.35426    0.06224
     25.27000    1.02085    0.05567    0.26480    0.08163
     32.85000    0.99664    0.05493    0.25422    0.05659
     39.43000    1.04327    0.06492    0.39612    0.03947
     44.82000    1.02778    0.04554    0.30537    0.05613
     50.80000    0.97559    0.01527    0.37717    0.04390
     55.33000    0.98896    0.05828    0.33284    0.06229
     61.38000    0.99667    0.06352    0.33787    0.03928
     67.40000    1.00630    0.04787    0.24402    0.06712
     75.40000    0.96745    0.04530    0.35605    0.01765
     81.56000    0.93094    0.05952    0.20305    0.09226
     86.74000    0.99760    0.04667    0.32793    0.07032
     94.12000    1.01339    0.04426    0.29808    0.05881
     99.81000    1.06823    0.05789    0.35106    0.03513
    105.57000    0.99234    0.05224    0.28205    0.04296
    113.57000    1.00191    0.04999    0.29884    0.05483
    371.89000    0.85234    0.04251    0.25360    0.05095
    378.56000    0.91158    0.06989    0.28267    0.05206
    385.57000    1.00496    0.07940    0.37896    0.04297
    392.15000    0.89874    0.06241    0.32604    0.03504
    399.26000    0.86374    0.05607    0.34163    0.03418
    404.78000    1.03153    0.04777    0.31235    0.06119
    411.35000    1.02374    0.04274    0.29631    0.03562
    418.84000    0.96506    0.06549    0.32755    0.06605
    424.87000    0.93546    0.07059    0.31526    0.07091
    431.21000    1.02931    0.07522    0.38213    0.05054
    436.49000    0.95658    0.03642    0.32482    0.07223
    441.71000    0.95448    0.07118    0.36148    0.07330
    446.99000    0.86269    0.06640    0.29713    0.08881
    451.03000    0.92673    0.04548    0.35197    0.06330
    457.04000    1.00883    0.07371    0.28796    0.07340
    462.51000    0.84306    0.05750    0.39909    0.04550
    469.65000    0.82756    0.06639    0.33752    0.05169
    475.51000    0.79989    0.08337    0.23487    0.07196
    479.77000    0.87068    0.02996    0.34220    0.04456
    734.42000    0.89576    0.05480    0.36053    0.06144
    741.81000    0.85170    0.08445    0.27591    0.02658
    746.35000    0.84937    0.02459    0.31899    0.02723
    750.87000    0.81143    0.01852    0.43690    0.05273
    757.57000    0.71342    0.07435    0.28092    0.04895
    762.83000    0.95848    0.05614    0.25294    0.04062
    767.58000    0.91950    0.05244    0.32212    0.06218
    772.97000    0.84324    0.04606    0.26938    0.07094
    778.05000    0.71784    0.05683    0.34842    0.04384
    784.20000    0.90711    0.05649    0.28305    0.06027
    788.90000    0.81276    0.04834    0.30914    0.02502
    796.13000    0.94480    0.04855    0.30326    0.05078
    801.82000    0.82731    0.05293    0.28028    0.05176
    807.81000    0.99628    0.07196    0.29296    0.05709
    814.15000    0.86021    0.03166    0.21449    0.07336
    821.29000    0.74802    0.05625    0.26625    0.03152
    827.91000    0.71973    0.06246    0.29620    0.04803
    834.06000    0.74203    0.04915    0.41058    0.08172
    840.65000    0.78097    0.05635    0.22029    0.04951
    847.15000    0.83859    0.06598    0.35008    0.08054
   1096.39000    0.93705    0.04694    0.35905    0.05008
   1102.81000    0.89146    0.05507    0.32654    0.04997
   1109.11000    0.96205    0.06346    0.32330    0.01850
   1113.60000    0.87527    0.04750    0.43084    0.06990
   1117.23000    0.97434    0.04735    0.28729    0.05660
   1123.74000    0.98770    0.06280    0.36094    0.04431
   1131.18000    0.97225    0.04858    0.33758    0.03995
   1137.51000    1.01551    0.09543    0.31157    0.05412
   1142.96000    1.00486    0.04459    0.22830    0.06119
   1147.75000    0.87563    0.07854    0.27317    0.06613
   1154.23000    0.94088    0.06196    0.29175    0.03979
   1160.05000    0.88106    0.03966    0.35513    0.03665
   1164.78000    0.92478    0.02991    0.38070    0.05818
   1169.99000    0.99076    0.07000    0.34827    0.07603
   1176.76000    0.84530    0.04502    0.23411    0.05741
   1184.21000    0.82792    0.04795    0.48566    0.08358
   1190.12000    0.88197    0.03111    0.30874    0.06802
   1196.05000    0.95009    0.06618    0.33510    0.04635
   1201.10000    0.85533    0.03712    0.31660    0.01772
   1207.87000    0.87130    0.03054    0.28704    0.05927
   1214.60000    0.88553    0.03751    0.35678    0.06565
   1463.57000    0.90974    0.03204    0.26135    0.08527
   1469.98000    0.85371    0.06049    0.32953    0.07313
   1475.03000    0.89494    0.04247    0.36649    0.02480
   1480.47000    0.97972    0.03761    0.20040    0.08304
   1487.24000    0.99112    0.05039    0.35613    0.04266
   1493.45000    0.96504    0.04842    0.36236    0.04641
   1499.39000    0.92950    0.01856    0.33787    0.06433
   1505.37000    0.85364    0.04448    0.28817    0.02530
   1513.12000    0.91033    0.01916    0.49526    0.05841
   1518.10000    0.86321    0.03494    0.31682    0.05027
   1525.37000    0.88266    0.03247    0.35111    0.07201
   1530.66000    0.83906    0.03839    0.36237    0.08243
   1536.07000    0.90343    0.06193    0.33985    0.03445
   1541.39000    0.89956    0.05733    0.37325    0.06202
   1547.93000    0.78832    0.08315    0.29614    0.04460
   1554.62000    0.95417    0.05438    0.35200    0.04674
   1561.48000    0.86678    0.03583    0.46868    0.08698
   1567.25000    0.88921    0.05821    0.33473    0.03331
   1573.48000    0.94197    0.04846    0.26973    0.05251
   1825.23000    0.87189    0.06106    0.25817    0.02155
   1831.52000    0.75604    0.06698    0.28800    0.02743
   1835.46000    0.75882    0.06346    0.35969    0.05516
   1843.49000    0.79625    0.03989    0.28669    0.07127
   1848.62000    0.76117    0.04984    0.24059    0.05491
   1854.36000    0.72092    0.05571    0.32482    0.04237
   1860.73000    0.80502    0.03422    0.32835    0.02880
   1868.00000    0.74977    0.03988    0.23804    0.03927
   1875.10000    0.78643    0.02486    0.29631    0.05388
   1881.81000    0.80287    0.03270    0.30119    0.04529
   1889.03000    0.74528    0.05218    0.26705    0.03336
   1895.78000    0.78722    0.02870    0.37315    0.05906
   1902.81000    0.71089    0.04909    0.30085    0.04427
   1907.89000    0.79531    0.02789    0.29702    0.04020
   1914.28000    0.71314    0.03913    0.27240    0.04244
   1920.36000    0.77153    0.05345    0.31255    0.05098
   1924.84000    0.76078    0.05265    0.24483    0.05646
   1931.47000    0.70160    0.05420    0.28290    0.01696
   1937.40000    0.78679    0.07628    0.29183    0.04348
   1943.72000    0.80461    0.05316    0.31760    0.04054
   2192.38000    0.85575    0.04038    0.43750    0.05952
   2197.78000    0.80650    0.04160    0.33672    0.05625
   2204.38000    0.84168    0.03076    0.41737    0.07076
   2209.65000    0.83918    0.06428    0.35853    0.05911
   2214.56000    0.75516    0.04389    0.28051    0.06309
   2221.54000    0.81864    0.03764    0.30603    0.02509
   2226.23000    0.91044    0.06203    0.31392    0.05703
   2231.44000    0.70249    0.05279    0.33167    0.05732
   2238.06000    0.64614    0.04657    0.29697    0.04717
   2244.77000    0.75167    0.06649    0.32826    0.04221
   2251.17000    0.76589    0.04786    0.32021    0.06891
   2256.27000    0.74054    0.06432    0.40774    0.06039
   2261.69000    0.86883    0.05664    0.29244    0.03356
   2267.12000    0.82789    0.02408    0.34416    0.07176
   2272.36000    0.71052    0.05241    0.30810    0.03365
   2280.42000    0.72502    0.03862    0.32831    0.04209
   2284.45000    0.72351    0.06958    0.29222    0.02948
   2290.84000    0.81755    0.05602    0.37580    0.05353
   2296.89000    0.75908    0.06315    0.29241    0.05014
   2303.55000    0.84230    0.06261    0.32775    0.04209
   2309.47000    0.78944    0.02860    0.24842    0.05492
   2558.77000    1.03988    0.04961    0.36376    0.04785
   2564.21000    0.98099    0.06674    0.40605    0.06648
   2570.91000    1.08124    0.07505    0.33179    0.07917
   2577.15000    0.95404    0.04099    0.47057    0.06019
   2582.65000    0.93908    0.02537    0.40890    0.03395
   2588.38000    0.97154    0.07437    0.33160    0.06630
   2595.26000    0.91142    0.06002    0.42768    0.03031
   2600.46000    1.05818    0.04599    0.39987    0.03879
   2605.64000    1.03664    0.05685    0.49604    0.04112
   2613.43000    1.00809    0.05353    0.33618    0.03690
   2619.55000    1.07371    0.10237    0.48196    0.05566
   2624.66000    0.94745    0.05937    0.38501    0.06982
   2631.86000    0.93223    0.04348    0.47523    0.04669
   2638.46000    0.92072    0.05787    0.39499    0.05984
   2645.83000    1.00132    0.05120    0.42740    0.05505
   2651.75000    0.92650    0.04047    0.40958    0.03959
   2657.51000    0.95395    0.06316    0.37006    0.06541
   2663.82000    0.99555    0.07475    0.46109    0.06032
   2668.63000    0.94111    0.04376    0.39916    0.04314
   2923.93000    0.87979    0.03981    0.36894    0.05841
   2929.87000    0.93096    0.07146    0.29266    0.04828
   2936.07000    0.85044    0.04402    0.36178    0.05695
   2942.78000    0.83163    0.11160    0.42332    0.02923
   2948.97000    0.89444    0.04155    0.30252    0.06889
   2955.62000    0.83722    0.05292    0.47225    0.06045
   2961.68000    0.87826    0.07137    0.42996    0.05455
   2968.29000    0.81253    0.05913    0.45271    0.05654
   2974.32000    0.76550    0.05486    0.36554    0.05114
   2979.08000    0.90035    0.04035    0.47837    0.05270
   2986.02000    1.06497    0.05774    0.45202    0.04594
   2990.42000    0.99078    0.06537    0.41872    0.05744
   2995.26000    0.97747    0.06264    0.41383    0.05283
   3001.20000    0.89205    0.04226    0.35921    0.05348
   3007.79000    0.87943    0.06683    0.48263    0.05170
   3013.31000    0.93139    0.08886    0.28113    0.07180
   3020.35000    0.90697    0.02846    0.47601    0.04215
   3026.85000    0.86927    0.01946    0.46861    0.06867
   3030.54000    0.85599    0.05959    0.35585    0.04887
   3036.11000    0.85524    0.07724    0.37211    0.02450
   3285.78000    0.90474    0.05292    0.49080    0.06882
   3292.77000    0.97733    0.05181    0.45171    0.04557
   3299.51000    1.02553    0.06387    0.36922    0.04708
   3306.29000    1.00941    0.04864    0.33510    0.06491
   3312.35000    1.01915    0.04723    0.44827    0.07234
   3316.02000    0.96730    0.04325    0.47193    0.01388
   3320.55000    1.02784    0.04398    0.52514    0.06902
   3326.09000    1.04017    0.05327    0.49662    0.06524
   3332.71000    1.04550    0.08951    0.45862    0.05399
   3338.24000    0.94753    0.04095    0.48097    0.06431
   3343.46000    0.94498    0.04963    0.53948    0.06106
   3349.32000    0.91410    0.04311    0.50299    0.03943
   3355.38000    1.03241    0.04309    0.42879    0.06439
   3362.23000    1.01361    0.05213    0.54386    0.06042
   3367.65000    1.03531    0.04943    0.46125    0.05636
   3373.58000    0.95001    0.09019    0.56983    0.04549
   3377.69000    0.97009    0.03784    0.35372    0.06623
   3383.16000    0.98262    0.04676    0.51664    0.04304
   3387.56000    1.01951    0.06482    0.44845    0.06767
   3393.44000    0.99266    0.06421    0.56468    0.08067
   3401.19000    0.94966    0.04755    0.56708    0.03955
