## Time Delay Challenge light curves
##
## [time]=days, [lc]=[err]=flux in nanomaggies
##
##       time       lc_A      err_A       lc_B      err_B
##-------------------------------------------------------
      0.75000    3.57144    0.06984    0.98302    0.06576
      7.52000    3.18954    0.08167    1.11217    0.04178
     13.62000    2.91689    0.04247    1.12391    0.07093
     18.38000    3.04268    0.05898    1.15643    0.06561
     25.29000    2.99796    0.04278    1.00959    0.06542
     31.08000    3.18240    0.06442    1.05763    0.03458
     37.41000    3.02143    0.05976    0.95195    0.03662
     44.06000    3.41687    0.06755    0.88366    0.07351
     50.63000    3.75320    0.07285    0.66567    0.08503
     54.65000    3.77593    0.03609    0.73783    0.05102
     60.16000    3.63137    0.03549    0.75978    0.06193
     67.58000    3.89627    0.05998    0.74774    0.05599
     73.43000    3.90176    0.04902    0.71350    0.04665
     78.39000    4.15477    0.05100    0.80136    0.04955
     83.54000    3.76197    0.07199    0.68312    0.06602
     89.64000    4.31928    0.05194    0.82072    0.01965
     95.10000    4.15963    0.07363    0.93339    0.05922
    101.35000    3.55674    0.05997    0.96965    0.03749
    107.34000    4.06877    0.05548    0.89527    0.06572
    114.21000    3.72752    0.04864    0.99803    0.06409
    369.55000    3.47139    0.05069    0.84135    0.03415
    376.37000    3.16635    0.06574    0.96666    0.02605
    382.13000    3.39363    0.06628    0.94535    0.03987
    386.66000    2.90889    0.06979    0.92315    0.07090
    391.46000    2.91807    0.05921    0.97653    0.05861
    398.89000    2.74272    0.01290    0.94314    0.05423
    404.53000    2.97331    0.04742    0.93431    0.08815
    410.76000    2.85206    0.02557    0.84824    0.05000
    417.53000    2.93466    0.05414    0.84279    0.05217
    422.43000    2.88667    0.06745    0.86619    0.06144
    427.90000    3.06791    0.07164    0.85309    0.04390
    434.32000    2.91247    0.03826    0.75329    0.07119
    441.66000    2.64675    0.06887    0.73191    0.06471
    447.24000    2.36528    0.02275    0.69727    0.06325
    450.65000    2.20293    0.05560    0.58064    0.05448
    456.05000    2.41120    0.04035    0.72126    0.03343
    462.16000    2.17905    0.05087    0.77569    0.04263
    466.33000    2.23013    0.05632    0.58243    0.04655
    473.34000    2.27521    0.06758    0.70150    0.09723
    479.18000    2.29495    0.06714    0.73337    0.03908
    735.65000    3.59811    0.05488    0.91134    0.06864
    740.65000    3.77964    0.04933    0.75474    0.07028
    747.09000    3.46117    0.04294    0.80432    0.03496
    752.69000    3.42613    0.05130    0.89630    0.06674
    758.80000    3.21588    0.05215    0.89854    0.02197
    765.03000    3.18260    0.07341    1.05781    0.05387
    770.25000    3.06453    0.01316    0.88511    0.01862
    775.44000    3.24722    0.08991    0.95906    0.05684
    781.21000    3.43248    0.03762    0.88622    0.04392
    788.72000    3.20952    0.04131    1.00632    0.04408
    795.16000    3.24192    0.07535    0.82029    0.02629
    801.35000    3.23522    0.07947    0.77559    0.05175
    808.36000    3.43389    0.06691    0.82789    0.03472
    813.52000    3.37873    0.03484    0.66465    0.09780
    818.76000    3.54063    0.02920    0.78973    0.03267
    824.86000    3.84615    0.06425    0.75716    0.04252
    830.50000    3.67202    0.04390    0.78509    0.05464
    835.31000    3.67162    0.03466    0.78893    0.05000
    840.84000    3.61511    0.02406    0.68607    0.04398
    846.26000    3.68873    0.03422    0.75994    0.06460
   1100.03000    3.60904    0.05589    0.65975    0.07160
   1106.79000    4.01280    0.06118    0.95888    0.07148
   1114.39000    3.88843    0.05321    0.88283    0.03537
   1119.79000    3.81072    0.04442    0.77090    0.06705
   1125.25000    3.64362    0.07301    0.81475    0.07024
   1131.46000    3.93112    0.03925    0.90663    0.05269
   1134.34000    3.95930    0.06680    0.92175    0.04581
   1140.21000    3.65554    0.09121    0.91285    0.04787
   1146.22000    3.47277    0.05261    0.88591    0.04864
   1153.08000    3.45144    0.03359    0.90736    0.05862
   1160.91000    3.71709    0.06841    0.87795    0.04513
   1166.53000    3.89516    0.03651    0.79138    0.05354
   1172.08000    3.65621    0.03435    0.90518    0.05692
   1177.79000    3.63978    0.04927    0.82239    0.07347
   1183.58000    3.75086    0.02804    0.85416    0.05468
   1190.06000    3.63423    0.03609    0.88299    0.06555
   1196.34000    3.52688    0.04394    0.80098    0.04571
   1203.62000    3.33288    0.06284    0.81868    0.03016
   1208.40000    3.46655    0.06297    0.88057    0.05231
   1214.27000    3.19692    0.08006    0.90347    0.07401
   1464.18000    2.19137    0.06870    0.63231    0.05888
   1471.61000    2.26366    0.05068    0.51108    0.07553
   1477.22000    2.36811    0.05268    0.50084    0.05584
   1482.71000    2.23321    0.03972    0.48271    0.04726
   1487.89000    2.28640    0.04312    0.45705    0.04400
   1495.23000    2.28867    0.08890    0.43974    0.06017
   1501.47000    2.70257    0.03889    0.41292    0.04546
   1505.89000    2.95980    0.02403    0.44132    0.03558
   1511.54000    2.86287    0.05549    0.64192    0.08531
   1516.25000    2.82839    0.04578    0.39950    0.06095
   1522.56000    3.00717    0.06312    0.56546    0.04778
   1528.95000    2.81859    0.02701    0.51644    0.06174
   1535.71000    3.04199    0.05412    0.46381    0.05413
   1539.90000    3.03345    0.05373    0.60648    0.05361
   1545.90000    3.55184    0.08592    0.50020    0.07041
   1553.23000    3.60303    0.05444    0.72851    0.05709
   1559.54000    3.44144    0.05289    0.64278    0.03592
   1566.48000    3.07966    0.05880    0.75375    0.03863
   1573.28000    3.06032    0.04070    0.71378    0.04705
   1578.79000    3.27345    0.06230    0.72228    0.05716
   1826.12000    2.95154    0.04304    0.90707    0.04820
   1832.39000    3.04717    0.05491    0.94961    0.04148
   1837.26000    3.22417    0.09339    0.83040    0.07469
   1842.47000    3.28247    0.04795    0.77793    0.05092
   1848.89000    3.44080    0.06898    0.84404    0.05289
   1855.53000    3.44568    0.07610    0.96155    0.07997
   1861.57000    3.65584    0.05437    0.71123    0.03994
   1867.27000    3.32895    0.04213    0.84264    0.07113
   1874.26000    3.05194    0.06718    0.66049    0.05215
   1880.60000    3.11732    0.02234    0.66736    0.04332
   1886.45000    3.18265    0.06223    0.73865    0.02563
   1894.14000    3.33058    0.05069    0.76095    0.05081
   1900.02000    3.69269    0.06212    0.79626    0.07580
   1905.21000    3.95635    0.07240    0.87005    0.06425
   1911.53000    3.49005    0.05925    0.89917    0.05534
   1917.14000    3.91125    0.07612    0.69619    0.04987
   1921.72000    3.67851    0.06890    0.72832    0.02886
   1929.38000    3.44933    0.05813    0.65069    0.05237
   1936.37000    3.54860    0.04672    0.76805    0.06588
   1943.30000    4.05954    0.04601    0.77877    0.08846
   2194.94000    2.45950    0.02966    0.68124    0.02977
   2200.45000    2.24414    0.05641    0.57494    0.06711
   2206.98000    2.22208    0.03255    0.66062    0.06347
   2211.90000    2.32098    0.05288    0.65768    0.06830
   2218.79000    2.33088    0.06941    0.54882    0.04803
   2222.61000    2.36407    0.05988    0.62268    0.02676
   2227.17000    2.50937    0.05073    0.73272    0.08729
   2233.69000    2.41849    0.06248    0.50666    0.04229
   2241.20000    2.27349    0.05883    0.58418    0.02800
   2248.57000    2.46827    0.05615    0.52143    0.03851
   2255.44000    2.49812    0.03651    0.50185    0.04275
   2259.99000    2.22444    0.06097    0.48050    0.03820
   2265.77000    2.12426    0.09971    0.64494    0.07019
   2270.17000    2.14226    0.04641    0.55772    0.01572
   2278.45000    2.07997    0.03689    0.60303    0.05184
   2283.87000    2.27086    0.06932    0.61767    0.06460
   2287.85000    2.24172    0.02794    0.54234    0.04887
   2293.96000    2.35124    0.03721    0.57628    0.07483
   2302.90000    2.19939    0.05803    0.54261    0.05160
   2557.44000    1.73435    0.05116    0.20209    0.07554
   2563.14000    2.21581    0.06409    0.33327    0.04084
   2567.94000    2.24326    0.03754    0.38658    0.04854
   2572.39000    1.91969    0.05356    0.49148    0.07846
   2578.81000    1.94415    0.05164    0.35922    0.05275
   2585.79000    1.89123    0.03884    0.48041    0.05675
   2591.19000    2.04752    0.06447    0.41432    0.05008
   2596.39000    2.12699    0.06059    0.39283    0.07824
   2602.80000    1.79203    0.06589    0.39078    0.04824
   2609.22000    1.91509    0.02105    0.44767    0.08369
   2614.83000    2.13166    0.01318    0.47689    0.03692
   2621.50000    2.23033    0.05551    0.44704    0.05910
   2628.54000    2.24478    0.03703    0.44559    0.04734
   2634.19000    2.47867    0.01319    0.42033    0.04868
   2640.65000    2.37855    0.01871    0.54075    0.06506
   2645.87000    2.82575    0.07884    0.46646    0.06354
   2652.38000    2.82736    0.03898    0.43899    0.04625
   2657.18000    2.70624    0.05857    0.43121    0.04525
   2663.38000    2.83510    0.08693    0.46814    0.06682
   2668.54000    2.74563    0.05327    0.60250    0.07765
   2673.60000    2.61637    0.09446    0.58505    0.05878
   2922.20000    3.04242    0.04725    0.96311    0.05071
   2928.88000    3.03663    0.02857    0.99752    0.04296
   2935.21000    3.10111    0.05393    0.94423    0.04535
   2940.25000    2.93988    0.03517    0.94450    0.03888
   2946.80000    2.93875    0.03999    0.79173    0.07122
   2951.79000    2.46706    0.05843    0.83149    0.08000
   2958.71000    2.38474    0.04892    0.65105    0.04355
   2963.41000    2.52066    0.05796    0.61067    0.06545
   2969.13000    2.53099    0.02901    0.62420    0.03513
   2975.59000    2.49606    0.02173    0.67341    0.02795
   2979.87000    2.54862    0.01757    0.70892    0.03596
   2986.78000    2.40889    0.06256    0.60673    0.03520
   2991.88000    2.46197    0.04727    0.71217    0.07835
   2998.58000    2.31266    0.03642    0.50747    0.06949
   3005.09000    2.47988    0.05129    0.50322    0.04588
   3012.82000    2.44373    0.07547    0.46605    0.05966
   3019.13000    2.58878    0.02401    0.56374    0.04730
   3025.73000    2.90663    0.04894    0.63036    0.05405
   3032.28000    2.90007    0.07746    0.60593    0.05005
   3037.98000    2.68259    0.04076    0.51371    0.08137
   3289.37000    2.05725    0.06901    0.47283    0.04408
   3296.39000    1.96932    0.04608    0.35173    0.06328
   3301.56000    2.08270    0.03440    0.45005    0.08646
   3307.40000    2.00547    0.07467    0.33699    0.06596
   3314.60000    1.95797    0.07322    0.43252    0.05987
   3321.27000    2.00402    0.03376    0.36679    0.03793
   3326.44000    2.10237    0.04938    0.31208    0.07645
   3332.28000    2.14445    0.04067    0.39172    0.05535
   3336.35000    2.39162    0.05928    0.51097    0.06949
   3341.73000    1.92838    0.05488    0.40638    0.04300
   3346.50000    2.08814    0.05739    0.43358    0.05196
   3351.30000    2.24397    0.04710    0.49357    0.05281
   3355.86000    2.36718    0.07031    0.49805    0.05648
   3362.16000    2.34080    0.04738    0.46868    0.05729
   3367.88000    2.29323    0.05171    0.35220    0.09046
   3373.68000    2.33189    0.03625    0.52533    0.04218
   3379.26000    2.26106    0.07226    0.48055    0.04582
   3385.81000    2.08719    0.03296    0.61055    0.07433
   3391.23000    1.82171    0.03476    0.47716    0.03936
   3397.33000    1.86666    0.05180    0.51696    0.05348
   3403.73000    1.79527    0.08154    0.54186    0.05041
