## Time Delay Challenge light curves
##
## [time]=days, [lc]=[err]=flux in nanomaggies
##
##       time       lc_A      err_A       lc_B      err_B
##-------------------------------------------------------
      5.54000    1.22356    0.03721    9.04954    0.03712
     11.13000    1.08781    0.06091    9.25564    0.08511
     16.53000    1.18563    0.03169    9.38163    0.04322
     21.48000    1.11936    0.06663    9.45494    0.05472
     27.32000    1.14239    0.04780    9.63248    0.02807
     31.62000    1.22890    0.05187    9.38968    0.04121
     37.16000    1.16696    0.07905    9.62767    0.05780
     43.82000    1.23311    0.06430    9.62128    0.04524
     49.75000    1.13228    0.08480    9.80931    0.05080
     56.53000    1.16362    0.06667    9.70457    0.04711
     63.41000    1.13283    0.06003    9.68138    0.04747
     69.76000    1.12224    0.07289    9.64765    0.04716
     76.44000    1.16053    0.04506    9.50934    0.03677
     82.05000    1.10942    0.05225    9.82450    0.05189
     88.48000    1.16203    0.08004    9.76421    0.06192
     93.50000    1.22226    0.07076    9.53768    0.04220
     98.63000    1.22531    0.05723    9.55686    0.07934
    107.01000    1.00124    0.06691    9.72531    0.05621
    112.64000    1.06901    0.04099    9.84383    0.06828
    118.83000    1.14028    0.04942    9.78647    0.06142
    367.46000    1.39781    0.03164   10.10253    0.04007
    375.05000    1.33031    0.05237   10.17024    0.05707
    379.83000    1.38846    0.07223   10.49777    0.04995
    384.14000    1.35139    0.08178   10.72717    0.05836
    390.13000    1.35833    0.02984   10.72945    0.05315
    395.34000    1.32639    0.06368   10.56459    0.03602
    402.72000    1.38048    0.06510   10.70313    0.06509
    408.00000    1.35144    0.07258   10.73632    0.04633
    415.83000    1.34069    0.05290   11.16790    0.06155
    420.72000    1.31669    0.03212   10.74310    0.05269
    428.45000    1.17124    0.07074   10.87221    0.05142
    434.01000    1.23212    0.04438   11.05587    0.06495
    441.48000    1.23738    0.04238   11.18615    0.05827
    448.03000    1.31049    0.06372   11.15791    0.04058
    454.16000    1.41289    0.05676   11.20659    0.07219
    460.34000    1.36483    0.04513   11.58693    0.05022
    465.58000    1.35843    0.04084   11.31515    0.03420
    472.04000    1.37806    0.05674   11.39559    0.04760
    477.67000    1.28220    0.04447   11.19044    0.03333
    483.05000    1.26912    0.05540   10.90980    0.03744
    733.09000    1.28926    0.06755   10.44101    0.09506
    740.31000    1.28584    0.06152   10.81915    0.07677
    746.93000    1.32103    0.04921   10.65430    0.03748
    751.39000    1.13843    0.07551   10.57109    0.02987
    757.86000    1.18253    0.05168   10.37534    0.04421
    763.13000    1.31408    0.09430   10.55287    0.03284
    770.53000    1.46520    0.06337   10.83445    0.05541
    775.59000    1.35712    0.07689   10.57750    0.05638
    781.09000    1.31317    0.06568   10.56630    0.07647
    788.34000    1.32069    0.03429   10.69885    0.05895
    794.38000    1.29519    0.05218   10.72233    0.04099
    801.67000    1.20426    0.08343   10.85368    0.03579
    805.50000    1.37353    0.03563   10.52266    0.06883
    811.50000    1.32614    0.02164   10.17411    0.07175
    817.14000    1.32295    0.09603    9.82612    0.03577
    825.06000    1.42049    0.07755   10.03224    0.04503
    830.97000    1.25557    0.05999    9.67263    0.04255
    836.24000    1.35263    0.04204    9.85519    0.02482
    844.07000    1.36522    0.04961   10.10665    0.07006
    849.21000    1.28674    0.04288   10.09382    0.04987
   1099.74000    1.28420    0.05761   11.73917    0.06571
   1106.78000    1.23621    0.02895   11.54289    0.05181
   1112.63000    1.26228    0.04066   11.39751    0.05586
   1119.19000    1.27350    0.06144   11.24404    0.05240
   1124.93000    1.26699    0.05285   11.44444    0.03777
   1131.40000    1.16637    0.03991   10.95458    0.04358
   1137.29000    1.22872    0.04838   10.85014    0.02990
   1142.30000    1.28164    0.04779   10.83267    0.05271
   1149.44000    1.25936    0.05531   10.82817    0.05221
   1156.53000    1.20857    0.05634   10.72320    0.05437
   1164.03000    1.35252    0.04094   11.27685    0.03907
   1169.44000    1.35966    0.07168   11.19440    0.05632
   1176.40000    1.40877    0.04714   11.31725    0.04053
   1182.02000    1.38366    0.06454   11.31504    0.03551
   1188.15000    1.43766    0.04943   11.03181    0.04541
   1192.25000    1.46344    0.07699   11.26713    0.05525
   1199.06000    1.39733    0.06004   11.17192    0.03693
   1205.29000    1.43650    0.04335   11.21109    0.04203
   1209.98000    1.45141    0.05245   10.93818    0.04507
   1463.34000    1.18365    0.06571   10.82601    0.03167
   1470.08000    1.23760    0.04493   10.68993    0.04434
   1477.23000    1.28705    0.05558   10.88557    0.05735
   1485.16000    1.34182    0.05711   10.90714    0.03807
   1491.65000    1.31249    0.03145   10.70690    0.07194
   1496.31000    1.33836    0.04650   10.42958    0.07662
   1501.88000    1.33521    0.03891   10.35842    0.07503
   1505.65000    1.31922    0.03270   10.42607    0.07062
   1512.83000    1.31710    0.06087   10.59505    0.07334
   1519.36000    1.23761    0.06697   10.62583    0.03315
   1523.80000    1.31395    0.06997   10.54445    0.05701
   1530.51000    1.38510    0.05213   10.63839    0.06959
   1535.69000    1.37731    0.03964   10.45184    0.04829
   1542.05000    1.32426    0.05806   10.42053    0.07270
   1546.55000    1.20508    0.06052   10.41052    0.04815
   1553.05000    1.31582    0.07163   10.87572    0.07207
   1559.57000    1.29549    0.05155   10.76865    0.08577
   1565.24000    1.45617    0.04972   10.50871    0.07953
   1570.29000    1.45023    0.06469   10.50467    0.04864
   1575.23000    1.46984    0.07772   10.07556    0.07550
   1827.73000    1.24338    0.05041    9.64830    0.07793
   1835.31000    1.13989    0.07106    9.90985    0.02558
   1839.76000    1.16751    0.03478   10.12058    0.05067
   1847.08000    1.14069    0.03326   10.12251    0.04666
   1853.64000    1.01290    0.06248   10.41105    0.06949
   1858.75000    1.16080    0.04334   10.11339    0.04529
   1864.99000    1.17698    0.05624    9.69086    0.04304
   1871.82000    1.22799    0.05353    9.86834    0.10788
   1877.67000    1.07511    0.04783   10.16299    0.04207
   1887.28000    1.24093    0.05861   10.05457    0.07823
   1893.40000    1.15245    0.03493    9.73518    0.07052
   1901.74000    1.22441    0.02499   10.08399    0.04251
   1907.72000    1.25223    0.06985    9.81075    0.05454
   1914.04000    1.11268    0.05070    9.77031    0.03791
   1918.53000    1.21476    0.04906    9.55670    0.05247
   1924.05000    1.24858    0.07531    9.77979    0.05136
   1930.12000    1.27550    0.03702    9.85141    0.03896
   1935.89000    1.34055    0.07300    9.86348    0.07421
   1942.64000    1.22923    0.03644    9.62454    0.06501
   2193.99000    1.17633    0.06556    9.85091    0.06475
   2201.11000    1.25501    0.03762   10.23724    0.06695
   2205.69000    1.31012    0.06691   10.30551    0.07917
   2211.33000    1.13599    0.04805   10.30484    0.02228
   2216.98000    1.20044    0.06597   10.76327    0.06688
   2224.27000    1.07876    0.07563   10.95236    0.05366
   2232.26000    1.22223    0.05718   10.89467    0.04132
   2237.38000    1.17207    0.06724   10.69152    0.05301
   2243.84000    1.26259    0.03528   10.83082    0.06522
   2249.71000    1.09947    0.06823   11.19780    0.04229
   2256.64000    1.23861    0.05905   11.29963    0.03927
   2260.66000    1.27245    0.08680   11.35184    0.05748
   2266.48000    1.41821    0.06413   11.18687    0.04908
   2274.54000    1.32641    0.04296   11.11178    0.05011
   2279.74000    1.27639    0.05921   11.47225    0.06024
   2285.85000    1.18191    0.07432   11.69909    0.04639
   2291.95000    1.23015    0.06313   11.27863    0.07500
   2297.44000    1.19341    0.03588   11.76150    0.04175
   2305.02000    1.17775    0.06086   12.02438    0.06597
   2308.42000    1.23649    0.05663   12.22430    0.06467
   2558.86000    1.47834    0.03490   11.25214    0.08244
   2563.77000    1.49147    0.05823   11.08821    0.04037
   2569.84000    1.53535    0.04993   10.84803    0.06957
   2576.67000    1.42601    0.03385   10.59770    0.06476
   2582.18000    1.49782    0.04475   10.55931    0.06597
   2588.75000    1.41264    0.04972   10.61620    0.05846
   2594.03000    1.38165    0.05378   10.74036    0.05732
   2599.43000    1.55175    0.04535   10.91260    0.04148
   2605.23000    1.62688    0.05838   10.95756    0.08766
   2610.32000    1.50839    0.05989   10.94479    0.05791
   2615.69000    1.48254    0.06656   10.81065    0.04638
   2622.27000    1.47044    0.06947   10.62122    0.05460
   2628.63000    1.44734    0.06925   10.68031    0.05139
   2636.08000    1.51475    0.04076   10.76228    0.04886
   2642.10000    1.59786    0.07380   10.60894    0.06039
   2646.78000    1.37683    0.04505   10.58318    0.03675
   2653.18000    1.46120    0.03146   10.53054    0.05504
   2659.34000    1.38883    0.05130   10.36950    0.04656
   2665.62000    1.39925    0.04261   10.60617    0.05483
   2672.35000    1.39380    0.04541   10.74549    0.05301
   2923.16000    1.32268    0.01920   10.53626    0.05690
   2928.38000    1.37908    0.04711   10.43255    0.01314
   2933.57000    1.38912    0.05897   10.50822    0.05463
   2940.23000    1.43562    0.04439   10.26498    0.04666
   2946.19000    1.21254    0.05643   10.27210    0.05747
   2950.60000    1.28460    0.03452   10.26071    0.05388
   2958.32000    1.28071    0.04384   10.13670    0.06550
   2964.53000    1.46584    0.06786    9.78610    0.06977
   2970.94000    1.25297    0.04532    9.49895    0.08427
   2977.30000    1.39620    0.07255    9.38869    0.04953
   2982.63000    1.26393    0.06035    9.41847    0.06067
   2987.81000    1.24687    0.04829    9.29844    0.00744
   2994.02000    1.28876    0.05901    9.15268    0.04041
   3000.61000    1.40547    0.07201    9.50324    0.05337
   3006.14000    1.37022    0.05178    9.44323    0.05976
   3013.41000    1.32052    0.06129    9.63603    0.06233
   3020.77000    1.19571    0.05624    9.61282    0.05492
   3025.77000    1.37181    0.06453    9.56546    0.06125
   3032.63000    1.28898    0.05248    9.73465    0.01548
   3290.62000    1.25374    0.04300    9.42017    0.04111
   3296.48000    1.25597    0.07345    9.62494    0.05237
   3301.62000    1.20979    0.06637    9.40140    0.04093
   3307.93000    1.17428    0.03792    9.38540    0.04348
   3313.55000    1.23900    0.05449    9.74640    0.04304
   3320.43000    1.17038    0.04486   10.30914    0.06337
   3327.65000    1.16574    0.04509   10.07938    0.05720
   3332.10000    1.23445    0.07697   10.15512    0.05185
   3335.95000    1.16734    0.03189    9.92067    0.06102
   3341.57000    1.27787    0.06309   10.26000    0.05294
   3346.53000    1.29641    0.06690   10.42570    0.06348
   3353.05000    1.27725    0.05708   10.25369    0.04306
   3359.69000    1.25006    0.04673   10.18955    0.07986
   3367.19000    1.13373    0.06932    9.96523    0.05940
   3373.25000    1.17066    0.07455    9.97610    0.04972
   3380.11000    1.16585    0.07937    9.64367    0.06857
   3385.92000    1.10549    0.04878    9.51728    0.03682
   3391.47000    1.20759    0.03803    9.81180    0.06428
   3396.33000    1.27774    0.04940    9.70719    0.05435
   3402.73000    1.14017    0.05184    9.97500    0.04682
