## Time Delay Challenge light curves
##
## [time]=days, [lc]=[err]=flux in nanomaggies
##
##       time       lc_A      err_A       lc_B      err_B
##-------------------------------------------------------
      4.54000    1.94296    0.04100    1.49691    0.05100
     12.24000    1.89861    0.07292    1.29693    0.07910
     17.84000    1.86794    0.04761    1.32072    0.08071
     25.13000    1.95691    0.06792    1.39819    0.04846
     31.84000    1.85250    0.06224    1.25288    0.06538
     38.60000    1.83753    0.06426    1.38803    0.03686
     44.16000    1.87422    0.02667    1.45608    0.05703
     50.40000    1.88718    0.04440    1.25507    0.04980
     55.84000    1.95104    0.04720    1.33206    0.03348
     59.17000    1.91039    0.04352    1.25949    0.03908
     66.25000    1.92374    0.05255    1.32025    0.06706
     72.99000    1.89945    0.02046    1.29077    0.07423
     78.67000    1.90040    0.04432    1.25629    0.03656
     84.83000    1.90450    0.05817    1.30945    0.02292
     89.95000    1.87026    0.03495    1.27941    0.05625
     95.33000    1.91016    0.06496    1.30364    0.06334
    102.45000    1.84376    0.04177    1.27612    0.02748
    108.62000    1.92180    0.07388    1.46877    0.07101
    115.93000    1.86255    0.04615    1.28297    0.04992
    367.04000    1.72094    0.06080    1.27182    0.06304
    372.35000    1.79189    0.06287    1.30921    0.03852
    380.07000    1.75452    0.04135    1.21110    0.07282
    386.43000    1.71808    0.03400    1.34361    0.04133
    394.22000    1.67883    0.05296    1.22967    0.06876
    398.13000    1.64306    0.05932    1.28823    0.01589
    404.23000    1.70289    0.05665    1.31874    0.04826
    411.04000    1.66446    0.03821    1.31470    0.05737
    416.87000    1.71288    0.04586    1.29819    0.03563
    423.29000    1.68414    0.00756    1.27379    0.06178
    428.26000    1.71695    0.01251    1.26745    0.07658
    435.07000    1.61345    0.06645    1.28660    0.03547
    441.63000    1.58655    0.04466    1.36231    0.07312
    446.87000    1.70457    0.08416    1.34523    0.05328
    454.74000    1.59175    0.04207    1.34856    0.03531
    461.88000    1.55141    0.07893    1.43586    0.06755
    467.07000    1.75514    0.07010    1.38021    0.02373
    473.44000    1.61229    0.01036    1.32191    0.06944
    481.37000    1.57516    0.04583    1.37434    0.04695
    731.48000    1.40549    0.04783    1.37397    0.04351
    739.66000    1.48663    0.04404    1.38174    0.06758
    745.17000    1.47493    0.06736    1.33678    0.03936
    750.46000    1.43203    0.04637    1.39863    0.05598
    755.54000    1.47515    0.02050    1.35200    0.06852
    761.03000    1.53569    0.05279    1.31925    0.07340
    767.31000    1.51293    0.04645    1.37121    0.04421
    774.25000    1.50835    0.05831    1.47943    0.04233
    781.34000    1.58771    0.05514    1.30317    0.05101
    788.10000    1.71079    0.09660    1.55446    0.08958
    794.03000    1.56156    0.03498    1.45567    0.06411
    800.74000    1.58372    0.02617    1.34335    0.05112
    806.80000    1.58680    0.07899    1.32802    0.04340
    812.55000    1.58312    0.04876    1.32134    0.02530
    816.84000    1.56904    0.05359    1.35172    0.03745
    822.05000    1.61971    0.06661    1.25070    0.04711
    828.80000    1.64613    0.05475    1.41527    0.06110
    835.60000    1.53396    0.05684    1.38546    0.05542
    840.45000    1.69594    0.05416    1.40134    0.07666
    845.55000    1.67025    0.07893    1.35280    0.04666
   1100.60000    1.37673    0.05324    1.28727    0.05751
   1106.03000    1.50751    0.10512    1.34200    0.05286
   1110.95000    1.31485    0.04823    1.27164    0.04366
   1116.33000    1.33387    0.05867    1.33334    0.03915
   1122.22000    1.45016    0.07579    1.12402    0.06488
   1128.42000    1.31730    0.06647    1.26208    0.03601
   1133.65000    1.35811    0.05004    1.20454    0.04295
   1139.08000    1.38936    0.03623    1.15724    0.08056
   1144.60000    1.37513    0.04743    1.23208    0.03876
   1149.70000    1.48266    0.06184    1.22763    0.05542
   1154.38000    1.42612    0.03553    1.20905    0.05500
   1160.28000    1.40595    0.03805    1.24860    0.05472
   1166.44000    1.49357    0.05827    1.19672    0.05299
   1171.64000    1.42954    0.03144    1.23590    0.01762
   1177.22000    1.42702    0.06897    1.18722    0.02521
   1184.53000    1.49920    0.06838    1.20362    0.06505
   1190.56000    1.43394    0.04478    1.32860    0.06616
   1196.37000    1.36709    0.05054    1.14420    0.07552
   1201.65000    1.44669    0.05130    1.23427    0.06427
   1207.17000    1.47340    0.03875    1.22117    0.02523
   1212.80000    1.29253    0.06362    1.18446    0.05264
   1464.70000    1.24466    0.06078    1.42046    0.04231
   1469.38000    1.39723    0.08858    1.44886    0.04297
   1477.29000    1.28750    0.05679    1.50483    0.06374
   1483.77000    1.33165    0.06209    1.42155    0.07222
   1489.23000    1.33734    0.03163    1.42716    0.04552
   1496.40000    1.37060    0.05562    1.47132    0.06796
   1502.46000    1.22914    0.04834    1.47884    0.07189
   1507.97000    1.28070    0.03805    1.46093    0.07188
   1514.09000    1.32259    0.03985    1.39841    0.03976
   1521.50000    1.35536    0.03861    1.38351    0.04026
   1527.15000    1.24631    0.07324    1.31025    0.06123
   1532.61000    1.24000    0.02474    1.31161    0.04563
   1537.31000    1.33040    0.03969    1.32388    0.04651
   1543.62000    1.23518    0.05643    1.32010    0.05584
   1549.71000    1.25073    0.04965    1.31609    0.08185
   1556.80000    1.23392    0.05728    1.23233    0.07013
   1561.58000    1.15284    0.05652    1.33454    0.05464
   1568.35000    1.30522    0.08399    1.32880    0.06106
   1575.37000    1.30403    0.04352    1.20506    0.05580
   1579.63000    1.22271    0.05801    1.25078    0.07533
   1825.54000    1.18237    0.05925    1.36668    0.02597
   1833.25000    1.20996    0.03196    1.36739    0.03159
   1837.79000    1.24528    0.04703    1.45861    0.03535
   1844.99000    1.31096    0.07570    1.39215    0.06554
   1850.55000    1.21885    0.07555    1.45485    0.04740
   1854.77000    1.23588    0.02281    1.43985    0.05440
   1861.60000    1.20330    0.04710    1.44791    0.05345
   1869.70000    1.16154    0.05910    1.40501    0.04858
   1877.93000    1.21562    0.06048    1.46373    0.04719
   1884.42000    1.16404    0.05193    1.33456    0.05384
   1889.12000    1.21608    0.03484    1.50200    0.08190
   1893.87000    1.23403    0.07607    1.48082    0.06987
   1899.29000    1.21195    0.03990    1.36707    0.04341
   1903.80000    1.27765    0.04777    1.44071    0.08423
   1911.03000    1.23234    0.05507    1.44247    0.07023
   1916.94000    1.19417    0.04130    1.38302    0.04181
   1923.83000    1.18721    0.05683    1.44559    0.04508
   1929.76000    1.28150    0.07363    1.43420    0.04923
   1935.37000    1.19671    0.07114    1.36746    0.07592
   1942.06000    1.15608    0.02644    1.34393    0.03661
   2192.17000    1.13453    0.06911    1.23544    0.03588
   2197.29000    1.15894    0.04418    1.21883    0.05397
   2202.97000    1.18629    0.05229    1.26824    0.02151
   2208.32000    1.09579    0.05680    1.22943    0.06424
   2214.24000    1.04710    0.08334    1.13837    0.06333
   2219.46000    1.06640    0.05959    1.26267    0.02378
   2223.65000    1.15777    0.03694    1.27775    0.06057
   2227.97000    1.11716    0.07006    1.37398    0.06642
   2233.22000    1.16279    0.03323    1.30344    0.05794
   2241.69000    1.19067    0.04171    1.36915    0.05494
   2250.11000    1.16923    0.03461    1.24389    0.05644
   2255.79000    1.14134    0.05426    1.35557    0.03762
   2261.96000    1.09730    0.06188    1.43206    0.04832
   2267.65000    1.07801    0.04065    1.34954    0.04400
   2273.41000    1.22567    0.04858    1.43687    0.04799
   2280.65000    1.17855    0.04432    1.33327    0.08509
   2286.01000    1.11682    0.05832    1.43301    0.06625
   2291.97000    1.20850    0.05733    1.41679    0.02280
   2297.45000    1.12847    0.06849    1.46569    0.06234
   2303.02000    1.15270    0.05789    1.34563    0.03780
   2309.47000    1.20330    0.02186    1.40014    0.04653
   2555.66000    0.98455    0.05873    1.24706    0.05261
   2562.67000    1.03988    0.03824    1.35938    0.03379
   2569.54000    1.04034    0.04157    1.29033    0.05565
   2576.55000    0.98407    0.05289    1.29961    0.02553
   2580.69000    0.97015    0.05981    1.29324    0.02096
   2587.75000    0.96329    0.05603    1.36316    0.06448
   2592.98000    1.00300    0.05526    1.24230    0.08113
   2599.17000    1.00144    0.04918    1.37504    0.05237
   2606.14000    1.05256    0.05934    1.30381    0.02575
   2612.84000    1.04535    0.02634    1.30600    0.06020
   2617.19000    1.05644    0.04086    1.34849    0.08188
   2622.27000    1.10145    0.04645    1.34206    0.05790
   2629.01000    1.06981    0.05506    1.28141    0.04380
   2633.93000    1.04970    0.07994    1.27602    0.04546
   2639.56000    0.92134    0.05934    1.21651    0.06919
   2644.50000    1.03009    0.05508    1.22368    0.04628
   2649.19000    1.05477    0.03792    1.24794    0.02861
   2653.15000    1.07174    0.04909    1.31918    0.05942
   2657.45000    1.08238    0.06283    1.31125    0.05253
   2664.04000    1.07114    0.02332    1.24506    0.07505
   2671.45000    1.07343    0.03230    1.18335    0.06853
   2925.78000    1.10985    0.05314    1.22312    0.07747
   2934.56000    1.02195    0.04475    1.26284    0.05981
   2939.37000    1.11411    0.05047    1.40657    0.06644
   2946.14000    1.09375    0.05720    1.20585    0.05397
   2952.40000    1.06500    0.03518    1.11387    0.05968
   2957.56000    1.13589    0.04990    1.26615    0.05000
   2963.86000    1.09590    0.04638    1.11810    0.05072
   2968.29000    1.04097    0.05789    1.15223    0.03964
   2975.30000    1.06781    0.07237    1.25583    0.06421
   2981.43000    1.00486    0.05522    1.26527    0.05028
   2986.52000    1.08029    0.03251    1.14675    0.06528
   2993.01000    1.03273    0.05628    1.18240    0.05508
   2998.28000    1.11330    0.05107    1.27886    0.05223
   3004.82000    0.91699    0.07383    1.21513    0.04472
   3009.63000    1.02017    0.08636    1.26942    0.05578
   3015.66000    1.01735    0.07219    1.26686    0.03503
   3020.95000    1.05633    0.04552    1.01789    0.06762
   3028.53000    1.02572    0.04305    1.25790    0.04582
   3034.93000    1.03618    0.03649    1.19818    0.06336
   3291.46000    0.98414    0.05868    1.21709    0.05622
   3297.62000    0.95861    0.04233    1.24157    0.07134
   3301.32000    1.02201    0.04283    1.14115    0.06214
   3308.06000    1.05205    0.09192    1.11509    0.08042
   3312.00000    0.96562    0.03826    1.24046    0.07193
   3319.08000    1.03700    0.04240    1.15120    0.02228
   3323.86000    1.05443    0.06407    1.18465    0.02659
   3330.17000    0.98926    0.09662    1.20656    0.07807
   3335.51000    0.97657    0.04787    1.15920    0.05404
   3340.98000    1.05668    0.05763    1.18703    0.05000
   3346.71000    0.94859    0.06438    1.09465    0.10047
   3352.58000    1.05216    0.06249    1.23936    0.03056
   3357.21000    0.97798    0.04332    1.20581    0.07412
   3361.87000    1.01940    0.01982    1.20866    0.04281
   3366.33000    1.01070    0.06163    1.13385    0.06957
   3373.89000    1.03321    0.06471    1.28740    0.07447
   3380.31000    1.06879    0.05613    1.30877    0.04293
   3385.81000    0.97289    0.04926    1.24537    0.03804
   3392.63000    0.96316    0.04078    1.21047    0.07317
   3399.64000    1.15462    0.04926    1.26962    0.05497
