## Time Delay Challenge light curves
##
## [time]=days, [lc]=[err]=flux in nanomaggies
##
##       time       lc_A      err_A       lc_B      err_B
##-------------------------------------------------------
      3.34000    3.13248    0.06388   22.09601    0.05715
     10.34000    3.08593    0.05862   22.41210    0.05585
     17.04000    3.31516    0.04113   23.80916    0.06797
     22.34000    3.09379    0.06065   24.08593    0.03674
     28.48000    3.51541    0.04693   25.99242    0.05971
     33.54000    3.65669    0.08425   25.87326    0.05773
     40.62000    4.22845    0.07029   24.22889    0.05612
     45.52000    4.22588    0.04918   24.23141    0.05702
     52.16000    4.25546    0.04385   23.59630    0.07160
     57.28000    3.89706    0.04675   22.35765    0.05108
     63.59000    3.74617    0.04705   22.90323    0.04880
     69.41000    3.86681    0.06587   22.74069    0.06200
     73.08000    3.93412    0.07789   22.61015    0.02834
     79.31000    3.81715    0.08198   23.01538    0.02915
     85.92000    4.15003    0.06063   26.39708    0.06271
     92.64000    3.96124    0.06758   22.18163    0.06794
     97.63000    3.95198    0.03962   22.08687    0.06379
    105.54000    3.83754    0.04048   24.84043    0.04592
    109.43000    3.93483    0.03943   22.94663    0.06044
    115.41000    3.64564    0.07285   25.01104    0.05321
    368.35000    2.73404    0.04449   12.68838    0.05596
    374.22000    2.51891    0.03172   14.02217    0.06019
    381.71000    2.55076    0.04031   15.14954    0.03269
    388.23000    2.64608    0.05854   15.00657    0.04124
    394.34000    2.67110    0.04974   16.10824    0.08059
    399.27000    2.19958    0.05919   14.52157    0.03039
    403.74000    1.97680    0.05966   14.52790    0.03381
    409.11000    2.02279    0.04763   14.08305    0.06651
    415.04000    2.10670    0.06242   16.36822    0.04379
    420.36000    2.08542    0.08956   16.87270    0.05655
    427.87000    2.28963    0.04693   17.99317    0.03789
    432.75000    2.35026    0.07359   16.58922    0.03545
    438.42000    2.64352    0.07311   17.86317    0.05943
    444.36000    2.52980    0.07077   19.56844    0.03065
    448.62000    2.53318    0.02102   20.15413    0.06322
    454.46000    2.60333    0.04761   19.03450    0.06624
    461.00000    2.36722    0.02236   20.89219    0.04754
    468.04000    2.63869    0.06218   21.01410    0.07546
    472.70000    2.78170    0.05871   22.07070    0.05975
    480.13000    2.96738    0.02428   23.32017    0.07228
    734.41000    3.68648    0.07027   28.76699    0.03547
    740.96000    3.86350    0.02032   28.60040    0.04693
    747.14000    4.21977    0.04726   24.63492    0.03317
    753.77000    4.47564    0.05722   25.87699    0.06683
    759.28000    4.75948    0.04545   23.75724    0.07546
    765.91000    4.32883    0.04205   23.68515    0.06496
    772.77000    4.39047    0.06651   24.86443    0.06862
    775.57000    4.21811    0.04095   23.21083    0.06889
    781.49000    4.70186    0.07559   26.69213    0.04164
    784.56000    4.73507    0.06231   25.62094    0.07161
    790.34000    4.73739    0.03668   23.17674    0.05407
    793.91000    4.99386    0.02366   24.11937    0.06272
    800.54000    4.16752    0.02718   25.64448    0.04350
    804.90000    4.00825    0.06653   25.02801    0.04732
    810.46000    4.14441    0.05499   26.53529    0.05168
    816.93000    4.07626    0.03905   25.28159    0.05746
    823.63000    3.72963    0.04104   24.13381    0.05768
    830.06000    3.72299    0.05350   22.35740    0.06732
    835.59000    3.85445    0.05074   18.92450    0.06049
    840.88000    3.97052    0.03802   17.41976    0.06272
    847.71000    3.75730    0.05126   17.79436    0.04378
   1098.05000    2.05959    0.07487   18.44086    0.04313
   1103.73000    2.36071    0.06796   19.10509    0.05388
   1109.60000    2.34587    0.03640   18.45280    0.07673
   1117.98000    2.57556    0.05486   18.49590    0.04658
   1124.05000    2.44735    0.05113   18.76660    0.04934
   1132.40000    2.44592    0.04122   20.93457    0.06974
   1137.56000    2.86084    0.03532   20.85456    0.04407
   1144.31000    2.90213    0.06810   23.11675    0.06128
   1149.90000    3.08764    0.08712   24.81901    0.03377
   1155.10000    3.17532    0.05415   25.09785    0.05024
   1161.00000    3.58150    0.03601   24.20769    0.06667
   1167.28000    3.26479    0.06134   23.48195    0.02574
   1174.11000    3.31801    0.02602   21.21872    0.03652
   1181.10000    3.36175    0.05539   24.41449    0.02821
   1185.93000    3.53960    0.05000   25.33810    0.05300
   1193.01000    3.53674    0.04337   23.90028    0.03930
   1200.00000    4.04828    0.04073   23.32554    0.05448
   1207.24000    4.22636    0.03540   22.44101    0.03760
   1213.65000    4.19212    0.02167   22.25287    0.04529
   1461.79000    2.92126    0.07376   18.19319    0.04830
   1466.50000    2.74150    0.03015   18.12653    0.07106
   1471.76000    2.40908    0.04459   15.93781    0.06064
   1478.84000    2.77517    0.07584   17.54497    0.06208
   1483.83000    2.89962    0.08315   18.12035    0.04237
   1489.72000    2.86991    0.07469   17.97578    0.04738
   1494.91000    2.95501    0.05341   17.36981    0.05647
   1500.79000    3.02497    0.05536   16.27670    0.05727
   1507.04000    2.87076    0.06070   15.45824    0.03330
   1512.13000    3.06043    0.06638   14.88495    0.05261
   1516.88000    3.15147    0.06857   17.12266    0.04493
   1523.05000    2.90913    0.05212   17.01550    0.03596
   1530.87000    2.50427    0.04185   19.89958    0.07462
   1538.05000    2.80675    0.04118   19.42929    0.03843
   1544.00000    2.80010    0.07482   19.49330    0.05818
   1551.38000    2.67189    0.05928   19.73131    0.03957
   1556.45000    2.52032    0.04366   18.28767    0.05673
   1562.49000    2.48844    0.06009   18.58924    0.04942
   1568.54000    2.39021    0.05041   18.01286    0.04709
   1574.30000    2.60105    0.06068   18.87356    0.05200
   1825.26000    3.40516    0.04342   22.86453    0.04230
   1831.27000    3.56542    0.05056   23.59315    0.08949
   1836.49000    3.50428    0.03833   25.16837    0.02710
   1841.88000    3.73221    0.05828   23.89959    0.04385
   1847.98000    3.56216    0.03306   25.23728    0.05906
   1852.58000    3.81204    0.04547   23.96704    0.06275
   1859.06000    3.59378    0.09367   22.58714    0.03632
   1865.76000    3.79662    0.07206   19.27850    0.04035
   1870.73000    3.88584    0.05868   18.83897    0.02933
   1877.29000    3.65023    0.07041   20.56354    0.03177
   1884.60000    3.85650    0.05503   22.81443    0.03487
   1889.66000    4.22520    0.06145   22.84349    0.05845
   1895.24000    4.59504    0.05874   24.55179    0.03988
   1901.61000    4.48381    0.04355   24.66955    0.06596
   1907.03000    4.45116    0.04229   24.95230    0.04760
   1912.04000    4.52357    0.08554   28.89904    0.04575
   1919.89000    3.83218    0.03836   27.62466    0.07489
   1926.73000    3.54572    0.05157   24.74832    0.05090
   1932.05000    3.77449    0.04895   24.87245    0.06493
   1938.10000    4.22094    0.05031   24.67092    0.04406
   1942.76000    4.20772    0.04489   25.51468    0.01406
   2191.77000    3.63230    0.04514   19.05002    0.05070
   2196.40000    3.70458    0.06081   19.23238    0.06717
   2203.41000    3.58296    0.04604   18.99079    0.02345
   2210.38000    3.79474    0.06161   17.99496    0.08006
   2217.10000    3.49935    0.08406   15.03560    0.00335
   2222.17000    3.75872    0.04940   14.64784    0.05027
   2228.61000    3.48229    0.06824   14.45456    0.03928
   2235.65000    3.21020    0.03468   15.18506    0.03853
   2242.35000    3.36937    0.08334   18.53418    0.07209
   2247.68000    3.39920    0.05110   16.95286    0.03652
   2253.35000    3.07088    0.03430   15.32937    0.07384
   2260.09000    3.20543    0.04924   17.77685    0.06469
   2267.44000    3.04098    0.04466   17.36218    0.07075
   2274.17000    2.62117    0.06302   17.12085    0.03763
   2279.63000    2.57184    0.03523   20.27293    0.02560
   2286.70000    2.54134    0.07348   22.42385    0.03939
   2292.24000    2.62654    0.07251   23.94347    0.02910
   2298.55000    3.20191    0.05769   23.88674    0.07287
   2304.64000    2.77122    0.05437   23.14935    0.04765
   2560.33000    5.81358    0.04354   37.34619    0.03663
   2567.63000    5.49237    0.05929   40.65895    0.07006
   2572.52000    5.32655    0.06149   43.37394    0.06705
   2576.25000    5.31909    0.06454   42.57424    0.06663
   2581.24000    5.84789    0.05925   42.19833    0.04480
   2586.96000    5.65318    0.04349   45.49164    0.03623
   2594.02000    5.38024    0.05309   40.01745    0.06011
   2600.86000    5.24138    0.07638   41.69479    0.04889
   2608.27000    6.23713    0.07603   33.84237    0.05434
   2613.31000    6.18970    0.03254   35.76681    0.01800
   2620.95000    5.92862    0.02319   29.63234    0.03861
   2626.92000    7.15446    0.05342   25.09818    0.05570
   2632.03000    6.97584    0.05551   24.41820    0.04749
   2638.93000    6.90851    0.04312   21.75686    0.05440
   2645.82000    6.91521    0.02202   24.21574    0.06280
   2652.22000    6.65421    0.07831   22.58475    0.07169
   2659.58000    6.67949    0.05375   25.39423    0.03926
   2666.57000    5.99913    0.05310   25.70974    0.02335
   2672.86000    5.17183    0.05430   26.73653    0.06417
   2926.27000    5.50419    0.05863   22.62167    0.06884
   2932.86000    6.11224    0.04080   22.03457    0.02180
   2938.09000    6.18481    0.04977   21.87717    0.03258
   2943.35000    6.42914    0.04598   21.03416    0.04625
   2951.06000    6.50709    0.06387   21.32440    0.07796
   2956.43000    6.21180    0.04785   20.06344    0.05020
   2964.27000    6.05607    0.03643   18.27965    0.06226
   2970.35000    6.13863    0.05739   18.12809    0.06131
   2977.63000    5.34809    0.05691   18.50534    0.05530
   2983.22000    4.30268    0.03214   19.73719    0.07134
   2988.09000    4.26780    0.05001   19.35657    0.06779
   2993.94000    4.28620    0.04578   21.81184    0.07892
   2999.43000    4.05302    0.03395   19.97303    0.08127
   3003.44000    3.85751    0.05641   20.40259    0.06909
   3009.82000    3.95684    0.05061   18.04437    0.06952
   3016.09000    3.64403    0.04909   18.39460    0.05159
   3023.07000    3.35425    0.05058   19.41916    0.04855
   3028.50000    3.31113    0.04121   18.98391    0.05315
   3034.85000    3.29803    0.04914   21.93645    0.00598
   3039.73000    3.50598    0.05817   21.79519    0.07233
   3288.67000    3.16377    0.04966   14.40615    0.07291
   3296.77000    2.75590    0.04087   12.92915    0.03614
   3302.79000    3.02107    0.01796   14.75407    0.04111
   3309.08000    2.72374    0.05415   12.94543    0.02945
   3316.73000    2.52720    0.05712   10.67337    0.02069
   3321.05000    2.65735    0.06824   10.06979    0.02409
   3326.69000    2.64275    0.06469   10.54652    0.06951
   3333.10000    2.55903    0.01754    9.30998    0.08297
   3339.43000    2.45900    0.04891    9.58670    0.05391
   3343.94000    2.67237    0.07167    9.90959    0.05005
   3350.09000    2.47702    0.07437   10.99406    0.04536
   3358.37000    2.71704    0.01379   11.47157    0.06586
   3364.52000    2.40388    0.04767   11.93799    0.04360
   3370.39000    2.02530    0.05477   11.20020    0.03816
   3376.61000    1.79806    0.05474   10.34983    0.02966
   3382.78000    1.87844    0.04897   10.30783    0.07125
   3388.54000    1.48714    0.06698   10.15636    0.04653
   3393.95000    1.79601    0.04869    9.67018    0.05171
   3400.52000    1.72210    0.07335    9.06341    0.05558
