## Time Delay Challenge light curves
##
## [time]=days, [lc]=[err]=flux in nanomaggies
##
##       time       lc_A      err_A       lc_B      err_B
##-------------------------------------------------------
      1.87000    3.46197    0.04117    4.40432    0.06899
      8.17000    3.63125    0.03129    4.55079    0.04458
     14.90000    3.28368    0.05106    3.89038    0.05741
     19.79000    3.12819    0.05646    4.38538    0.05828
     26.09000    3.53882    0.05318    4.88507    0.04235
     31.72000    3.24658    0.03671    4.01846    0.04852
     38.22000    3.56187    0.04812    3.69134    0.06491
     42.18000    3.21665    0.06357    3.58840    0.07941
     48.90000    3.21274    0.06595    3.43923    0.05685
     56.29000    3.09433    0.04586    3.61111    0.03622
     60.35000    2.98285    0.01935    3.23381    0.07684
     67.52000    3.22555    0.06113    3.24297    0.04815
     72.95000    2.69787    0.07568    3.12214    0.03313
     76.05000    2.89302    0.05889    3.43349    0.06202
     80.84000    2.99829    0.05665    3.60859    0.05485
     86.95000    2.78751    0.04755    3.78544    0.07999
     91.96000    2.94419    0.04564    3.49296    0.05367
     96.43000    3.12167    0.05927    3.70338    0.06220
    103.27000    2.71876    0.05398    3.58083    0.03633
    110.54000    3.30228    0.04605    3.99652    0.04915
    117.86000    3.05014    0.03717    3.80430    0.08140
    368.30000    2.87135    0.05971    6.49314    0.04971
    374.26000    3.23424    0.06812    5.84933    0.03100
    378.37000    3.29633    0.07488    5.97419    0.05834
    383.54000    2.89933    0.04991    5.60582    0.06442
    389.60000    3.15070    0.03447    5.77009    0.05447
    397.02000    3.08413    0.04024    5.22745    0.04233
    404.85000    4.13293    0.02153    5.69112    0.07663
    411.49000    4.05722    0.06401    5.98699    0.07592
    415.66000    4.01964    0.07073    5.92589    0.03693
    421.16000    4.56595    0.07603    6.85808    0.07803
    426.29000    4.75361    0.05967    6.50868    0.06416
    430.80000    4.93447    0.07867    6.73387    0.05749
    437.72000    4.95425    0.05920    6.06357    0.05025
    444.12000    4.93112    0.03131    6.15717    0.05389
    449.83000    4.35139    0.03751    5.76364    0.04086
    456.11000    4.66195    0.07380    5.20448    0.03875
    462.42000    4.19750    0.06806    5.31681    0.05918
    468.46000    4.13733    0.05572    4.84504    0.05646
    475.07000    4.19136    0.04947    4.76599    0.03713
    481.08000    3.90238    0.03344    5.08221    0.04181
    734.93000    3.03116    0.06057    4.03324    0.07203
    741.41000    2.65236    0.04947    4.30450    0.05784
    749.32000    2.82870    0.04707    4.15177    0.06293
    756.84000    2.72590    0.04375    3.70931    0.04451
    762.10000    2.81394    0.04633    3.56839    0.02667
    768.36000    3.16237    0.01267    3.41434    0.02523
    774.49000    2.87570    0.05792    3.44028    0.06220
    781.08000    2.74383    0.06020    4.00959    0.05657
    787.11000    2.82367    0.06005    4.21788    0.07193
    791.56000    2.98245    0.04498    4.19683    0.06933
    798.42000    2.88333    0.06435    4.38118    0.07066
    804.20000    2.99900    0.03537    4.50977    0.02174
    809.34000    2.97497    0.06178    4.34962    0.05916
    815.02000    2.85144    0.07259    3.95067    0.02500
    820.23000    2.91146    0.04682    4.18253    0.05265
    827.18000    3.30508    0.05901    3.92332    0.06612
    833.33000    2.90925    0.02134    3.84256    0.06266
    838.79000    2.79050    0.03941    3.87266    0.02432
    844.41000    2.87100    0.03598    3.99504    0.04334
   1096.87000    3.47430    0.05244    5.36700    0.06633
   1104.05000    3.46199    0.06803    4.63945    0.07119
   1110.62000    3.74302    0.09130    4.26704    0.08397
   1115.87000    3.90028    0.05505    3.76544    0.06257
   1122.95000    4.06394    0.02846    3.91433    0.02179
   1128.78000    4.04327    0.04339    3.75901    0.05977
   1137.05000    3.74111    0.07181    4.21169    0.03839
   1142.92000    3.99471    0.02349    3.64543    0.05467
   1149.72000    3.61854    0.05765    3.80162    0.06908
   1157.75000    3.76295    0.06243    3.77775    0.06003
   1164.37000    3.79468    0.04949    4.09983    0.01528
   1169.90000    3.71727    0.07061    3.89738    0.07542
   1176.60000    4.16167    0.07469    4.22306    0.03783
   1181.88000    4.44708    0.08040    4.24748    0.00916
   1187.35000    3.63344    0.05883    4.53658    0.04303
   1194.47000    3.65759    0.06018    4.76129    0.05138
   1200.50000    3.26958    0.03045    4.93246    0.03790
   1206.16000    3.31846    0.06676    4.99809    0.07809
   1213.40000    3.07193    0.06373    4.90949    0.04311
   1462.66000    2.66814    0.06623    3.50028    0.06445
   1469.13000    2.21068    0.07448    3.80682    0.06159
   1476.11000    2.41637    0.04365    4.71595    0.05745
   1481.83000    2.79132    0.04677    4.58637    0.05240
   1487.89000    3.18238    0.05062    5.08825    0.05659
   1494.63000    3.29489    0.04994    4.36147    0.06486
   1499.05000    3.07858    0.05239    4.67231    0.04984
   1504.50000    3.02929    0.03599    5.03173    0.04592
   1509.94000    3.17236    0.06630    6.12450    0.05220
   1516.37000    3.61019    0.07603    5.74695    0.07170
   1522.29000    3.44329    0.04887    5.55754    0.06031
   1528.96000    3.01986    0.04668    5.21680    0.06593
   1534.86000    2.96586    0.04432    4.89624    0.05790
   1539.09000    2.64207    0.03734    4.40653    0.04009
   1544.95000    2.70357    0.04820    4.20941    0.02259
   1549.08000    2.66169    0.02649    3.92256    0.02069
   1553.48000    3.13568    0.05870    4.70621    0.08252
   1560.71000    3.65913    0.05234    4.29555    0.06306
   1565.94000    3.77051    0.07631    4.95730    0.06927
   1570.37000    3.78568    0.03787    4.38240    0.07388
   1574.65000    3.99581    0.02745    4.71258    0.05540
   1579.67000    4.22876    0.05849    4.81564    0.05701
   1827.59000    2.77545    0.06970    3.65680    0.04819
   1833.73000    2.63406    0.05553    3.60336    0.05906
   1839.17000    2.88151    0.04940    3.83232    0.04187
   1845.02000    3.28509    0.03577    4.42969    0.03974
   1850.40000    3.32279    0.05482    5.15290    0.04757
   1856.14000    3.15968    0.04448    4.47707    0.05387
   1862.34000    3.28059    0.04052    4.13162    0.03888
   1868.80000    3.44767    0.04353    3.77114    0.07524
   1873.45000    3.44466    0.04900    3.87007    0.04451
   1879.54000    4.06011    0.04804    3.80627    0.05930
   1885.26000    3.48814    0.05458    3.56388    0.03614
   1891.03000    3.23093    0.05444    3.43097    0.06567
   1896.37000    3.09117    0.04952    3.77018    0.04380
   1902.44000    2.77122    0.06762    3.40000    0.05578
   1909.10000    2.88529    0.04689    3.54887    0.05099
   1914.58000    3.21686    0.04200    3.64012    0.05171
   1922.88000    3.05920    0.04141    3.90931    0.05229
   1928.70000    3.79813    0.05137    3.76897    0.03723
   1936.11000    4.10801    0.05106    3.65045    0.06396
   1941.35000    4.08466    0.06658    3.65324    0.05426
   2192.98000    3.01059    0.05713    2.91881    0.05555
   2198.84000    3.25437    0.04348    3.03286    0.02239
   2204.66000    3.42229    0.03728    3.08623    0.06381
   2210.87000    2.64085    0.03612    3.07963    0.06979
   2216.62000    2.23044    0.05984    3.09356    0.05427
   2221.11000    1.96000    0.02341    3.37408    0.05772
   2228.98000    1.99146    0.03899    3.56294    0.03405
   2234.79000    2.08143    0.03090    3.63202    0.04807
   2239.62000    2.12835    0.05201    3.93760    0.04174
   2245.98000    2.07438    0.03459    3.93356    0.06637
   2253.84000    1.94977    0.06879    3.10867    0.06119
   2260.01000    2.10698    0.04079    2.81641    0.04574
   2265.76000    2.27680    0.04661    3.70586    0.03298
   2271.24000    2.18236    0.08541    4.19772    0.05796
   2276.08000    2.27728    0.06671    4.62431    0.05977
   2282.66000    2.39203    0.08434    4.81101    0.04534
   2289.34000    2.95139    0.08257    5.15569    0.06218
   2293.97000    2.76206    0.03026    5.69464    0.06991
   2299.37000    2.98696    0.04278    5.72790    0.05551
   2304.86000    2.98314    0.06332    6.39196    0.05293
   2560.53000    3.15677    0.02934    3.27210    0.03348
   2566.05000    3.36505    0.06292    3.02215    0.03101
   2572.36000    3.62635    0.07155    2.77629    0.02405
   2576.34000    4.25937    0.03749    2.80373    0.05894
   2580.98000    4.31024    0.04867    2.92057    0.06547
   2587.74000    3.69748    0.05160    2.97182    0.04352
   2593.38000    3.09469    0.06197    3.38749    0.04610
   2600.07000    3.20523    0.05386    3.11312    0.04596
   2606.96000    3.16758    0.04936    3.26140    0.05831
   2612.08000    3.27569    0.06721    2.91856    0.08448
   2619.56000    3.66880    0.08682    2.82871    0.04075
   2624.69000    4.17965    0.04003    3.11690    0.05045
   2629.18000    3.98624    0.05799    2.81672    0.04410
   2634.74000    3.52661    0.04310    2.86737    0.06708
   2642.80000    3.34355    0.08900    2.97127    0.05590
   2648.93000    3.15158    0.04657    3.01965    0.06089
   2654.51000    2.99457    0.00978    2.70515    0.04265
   2662.32000    2.73662    0.09658    2.88907    0.06560
   2669.60000    3.02335    0.06802    3.17461    0.03819
   2674.31000    3.02695    0.03634    3.12984    0.06325
   2922.00000    3.58752    0.03348    6.26949    0.03621
   2928.59000    3.99239    0.01895    6.32790    0.06659
   2933.89000    3.64224    0.08062    5.22528    0.04830
   2939.94000    3.68674    0.06503    4.82895    0.06924
   2947.49000    3.53341    0.05603    4.73190    0.04580
   2953.53000    3.35352    0.04929    4.43517    0.02808
   2960.98000    3.62684    0.03622    4.16433    0.04861
   2965.72000    4.02095    0.07706    4.06547    0.00524
   2971.89000    4.32197    0.02999    4.35528    0.04794
   2977.90000    4.18286    0.05597    4.35778    0.06881
   2983.66000    4.17972    0.03549    4.61276    0.06149
   2989.57000    4.80738    0.07692    4.58964    0.05207
   2995.92000    5.26254    0.03769    4.69364    0.02239
   3000.33000    5.75671    0.04352    4.68384    0.03595
   3006.35000    5.60436    0.04143    4.20207    0.03572
   3012.88000    6.60741    0.05515    4.16563    0.03432
   3020.29000    5.65861    0.05560    5.22084    0.05217
   3026.96000    5.57408    0.04904    5.76482    0.05345
   3033.32000    5.41745    0.05130    5.82178    0.04259
   3039.63000    5.17919    0.04487    5.62719    0.05211
   3285.96000    4.01680    0.02151    5.64735    0.04362
   3291.76000    4.22901    0.02174    6.22024    0.02930
   3298.23000    5.01305    0.08264    5.87628    0.06586
   3303.23000    4.50846    0.04653    6.57290    0.06618
   3308.43000    4.26281    0.05557    5.73310    0.03870
   3315.99000    4.24608    0.05853    5.10617    0.07492
   3323.40000    4.53019    0.06154    4.01699    0.04543
   3330.30000    4.58130    0.04427    3.77838    0.03756
   3334.80000    4.85240    0.04602    3.59014    0.04631
   3341.50000    4.55689    0.08694    3.70951    0.05593
   3347.69000    5.16088    0.05485    4.02214    0.03333
   3353.79000    5.31835    0.06590    3.45266    0.06380
   3360.11000    6.61667    0.07765    3.47948    0.05650
   3366.79000    5.76540    0.04769    3.55378    0.07588
   3373.58000    6.55439    0.06796    3.89655    0.05447
   3379.65000    7.54416    0.06781    3.91594    0.06700
   3385.35000    7.10382    0.03748    3.49733    0.02434
   3390.05000    7.42659    0.06252    3.45151    0.05805
   3395.60000    6.70209    0.04495    3.14502    0.05122
   3401.73000    6.06237    0.06893    3.42031    0.02465
