## Time Delay Challenge light curves
##
## [time]=days, [lc]=[err]=flux in nanomaggies
##
##       time       lc_A      err_A       lc_B      err_B
##-------------------------------------------------------
      0.82000    2.58990    0.02610    2.46880    0.05978
      6.23000    2.63128    0.06272    2.89280    0.08610
     13.69000    2.53105    0.06295    2.53368    0.08298
     19.21000    2.60037    0.07490    2.51445    0.03816
     25.74000    2.57189    0.03707    2.96461    0.05304
     31.54000    2.24951    0.06538    2.49391    0.03478
     36.06000    2.28065    0.08234    2.75159    0.07312
     42.36000    1.99362    0.05192    2.69683    0.05328
     47.23000    2.19645    0.06101    2.74013    0.05075
     53.75000    1.77488    0.03248    2.74998    0.05145
     59.63000    1.66283    0.05412    2.63743    0.06928
     65.88000    1.86209    0.06672    2.68880    0.06759
     71.95000    1.66978    0.02511    2.32180    0.02283
     76.94000    1.81036    0.06617    2.37283    0.05464
     80.70000    1.78511    0.04324    2.31599    0.05647
     87.41000    1.87453    0.03026    2.17754    0.04057
     93.83000    1.80872    0.07068    1.99574    0.04081
    101.43000    1.94751    0.06017    1.76895    0.05591
    107.44000    1.70883    0.07595    1.84284    0.06193
    114.49000    1.60021    0.04289    1.73992    0.04016
    368.66000    2.77678    0.08004    2.47211    0.05197
    376.03000    2.79293    0.05022    2.34748    0.02622
    381.90000    2.91483    0.05340    2.67704    0.04741
    387.03000    2.44970    0.02314    2.47763    0.08673
    394.99000    2.31682    0.04771    2.89314    0.07389
    400.40000    2.36644    0.06580    2.89924    0.05847
    405.06000    2.11786    0.05644    3.06152    0.05800
    409.66000    2.57519    0.05310    2.59454    0.05653
    416.77000    2.42242    0.04059    2.84831    0.02467
    422.33000    2.64458    0.03598    2.71320    0.08566
    429.11000    2.84104    0.05641    2.22228    0.02461
    432.32000    2.99778    0.06540    2.18182    0.07273
    439.37000    3.21148    0.04173    2.10963    0.04426
    444.01000    3.19637    0.02689    2.35536    0.05397
    449.55000    3.31726    0.04395    2.42320    0.04125
    455.47000    3.72562    0.06103    2.37100    0.05454
    461.68000    3.55857    0.03369    2.40578    0.06505
    467.26000    3.22742    0.06809    2.60041    0.04477
    472.38000    2.91107    0.07324    2.65388    0.06892
    477.70000    2.93907    0.06949    2.75010    0.07353
    483.24000    2.89856    0.06333    2.97761    0.05948
    731.35000    2.16194    0.06126    2.84526    0.03279
    736.05000    2.00079    0.08630    2.99838    0.05358
    741.33000    2.02102    0.06973    2.64821    0.03059
    748.17000    1.88102    0.05321    2.57402    0.04061
    753.99000    1.82454    0.08930    2.21249    0.07449
    760.85000    1.93799    0.04301    2.00248    0.06872
    768.17000    2.19399    0.04245    1.94604    0.03233
    773.35000    2.14868    0.04277    1.88515    0.07365
    779.24000    1.88027    0.02139    1.58472    0.05388
    784.43000    2.03320    0.06103    1.63530    0.03966
    789.45000    2.17506    0.06380    1.80186    0.07259
    795.52000    2.22030    0.06580    1.68811    0.05384
    802.52000    2.15311    0.03084    1.68222    0.03722
    809.05000    2.19871    0.08297    2.00019    0.05579
    814.32000    1.93999    0.06206    1.99905    0.07325
    819.87000    2.10052    0.04876    1.68765    0.03517
    826.15000    2.24044    0.07485    1.71507    0.07252
    833.94000    2.30128    0.03486    1.96430    0.06634
    837.49000    2.14735    0.04483    1.87804    0.04919
    844.62000    2.10486    0.06932    1.85071    0.05393
   1099.66000    2.91298    0.05794    2.41340    0.07002
   1104.80000    3.15117    0.06512    2.58753    0.04014
   1111.49000    3.36628    0.04328    2.58712    0.05534
   1118.28000    3.52918    0.04694    2.57846    0.05684
   1123.36000    3.55864    0.06613    2.78724    0.06636
   1129.38000    3.74462    0.07947    2.60395    0.06408
   1136.30000    3.47320    0.02495    2.60407    0.06852
   1143.78000    3.42462    0.06141    2.37907    0.06188
   1149.74000    3.53415    0.06520    2.76704    0.02994
   1156.48000    3.90656    0.05909    2.78324    0.03295
   1162.89000    4.08015    0.03834    2.71198    0.09081
   1169.86000    4.20006    0.05816    2.86655    0.08060
   1176.74000    4.28739    0.07786    2.85755    0.04472
   1183.97000    4.64722    0.05528    2.73584    0.03539
   1189.01000    3.84307    0.07033    2.87384    0.05595
   1196.69000    3.68723    0.03878    3.15376    0.01767
   1201.80000    3.36767    0.03100    3.25396    0.03204
   1208.18000    3.21685    0.03293    3.32638    0.04270
   1213.50000    3.05616    0.03108    3.61079    0.04593
   1461.50000    3.07095    0.05313    2.09471    0.05632
   1466.32000    2.90032    0.05880    2.06450    0.05507
   1470.29000    3.12397    0.03124    2.22219    0.03908
   1475.97000    3.25281    0.05663    2.02673    0.03822
   1482.66000    3.08881    0.05418    1.97931    0.04916
   1488.58000    2.65541    0.06282    2.11461    0.05919
   1494.01000    2.49964    0.05739    1.95058    0.03400
   1502.25000    2.47796    0.06591    2.22415    0.05143
   1508.02000    2.30528    0.04128    2.35454    0.07255
   1515.00000    2.74035    0.02635    2.58022    0.05428
   1520.56000    2.47173    0.07512    2.35067    0.03915
   1526.08000    2.07407    0.05232    2.17324    0.04660
   1532.78000    2.11298    0.09194    2.02249    0.06460
   1540.24000    2.11778    0.05659    1.87771    0.04984
   1546.70000    2.28228    0.03185    1.79908    0.01895
   1551.68000    1.98151    0.07405    1.80464    0.06419
   1557.28000    2.09272    0.05085    2.01050    0.07562
   1562.40000    2.14064    0.02834    1.80447    0.06564
   1569.92000    2.21554    0.04415    1.61152    0.03548
   1575.55000    2.46396    0.05466    1.58828    0.05317
   1828.50000    5.23677    0.03584    3.15515    0.03472
   1834.81000    5.74931    0.02417    3.60146    0.05632
   1839.67000    5.02674    0.03922    3.31982    0.05664
   1847.23000    3.97814    0.02772    3.18586    0.05762
   1854.47000    3.97886    0.06697    3.19323    0.05228
   1859.20000    3.38276    0.02627    3.08049    0.04713
   1867.64000    3.58958    0.08285    3.53053    0.03957
   1873.49000    3.75685    0.07378    3.65907    0.05139
   1879.81000    4.21967    0.06502    3.80442    0.04879
   1885.87000    4.28958    0.05567    3.05884    0.04289
   1892.43000    4.15902    0.05349    2.65192    0.03384
   1898.28000    4.05544    0.07006    2.46311    0.05862
   1903.10000    4.06236    0.08916    2.21421    0.05430
   1911.90000    3.88766    0.04578    2.62302    0.06972
   1918.41000    4.00678    0.07349    2.76471    0.02278
   1924.18000    4.40541    0.05152    2.82030    0.05500
   1929.81000    4.28733    0.05258    2.91352    0.05058
   1934.44000    4.60294    0.05677    2.91905    0.05013
   1941.54000    4.27371    0.02726    2.84166    0.06433
   2194.95000    4.68149    0.00967    1.95367    0.05425
   2199.15000    4.50973    0.06433    2.26758    0.04805
   2205.03000    4.40683    0.04369    2.38288    0.05906
   2210.94000    4.61606    0.05708    2.77480    0.06084
   2216.97000    4.25299    0.00769    2.70783    0.05391
   2222.27000    4.35307    0.07390    2.69111    0.05179
   2229.77000    4.58898    0.04726    2.68604    0.07131
   2235.78000    4.64734    0.05080    3.02644    0.06507
   2241.74000    4.96995    0.01704    2.94469    0.02311
   2248.51000    4.30909    0.05774    2.92551    0.04471
   2253.32000    4.24319    0.04126    2.91967    0.06352
   2260.99000    4.50929    0.10097    2.85952    0.04643
   2266.95000    4.26684    0.04719    2.87936    0.05640
   2272.37000    4.20496    0.01984    2.83475    0.07327
   2277.20000    4.69406    0.03112    2.94690    0.04895
   2281.57000    4.06824    0.05255    3.25239    0.07516
   2289.20000    3.62745    0.03214    2.83047    0.05074
   2295.52000    3.66106    0.08657    2.68555    0.05323
   2300.91000    3.89104    0.05117    2.92089    0.05280
   2307.76000    3.84878    0.04648    2.78280    0.05881
   2559.24000    4.47758    0.06207    2.48380    0.03126
   2566.28000    4.53520    0.05229    2.74671    0.05782
   2570.70000    4.49584    0.06431    2.70799    0.07537
   2575.40000    4.38391    0.04002    2.84194    0.04691
   2581.79000    3.70914    0.06135    2.87252    0.03735
   2588.10000    3.63565    0.04993    2.97253    0.06565
   2593.43000    3.49344    0.03822    2.99138    0.04091
   2597.01000    3.66260    0.05437    2.94192    0.05251
   2604.14000    3.14775    0.04866    2.60640    0.06079
   2610.49000    3.75695    0.06334    2.55555    0.06810
   2615.57000    4.17546    0.03126    2.69347    0.05825
   2619.93000    4.75880    0.10316    2.39949    0.04194
   2624.65000    5.10526    0.05379    2.36561    0.05340
   2631.04000    5.70481    0.05120    2.19170    0.03416
   2636.11000    5.51222    0.07118    2.04849    0.05130
   2642.21000    6.04523    0.08199    1.93654    0.05050
   2648.37000    5.43787    0.05731    2.11239    0.05774
   2655.24000    6.09703    0.04261    2.24240    0.06587
   2660.33000    6.79794    0.03940    2.84383    0.02035
   2666.00000    7.07569    0.03035    2.92884    0.03425
   2671.47000    7.01635    0.05103    3.37229    0.06570
   2924.33000    3.95828    0.05093    2.43404    0.06542
   2930.78000    4.07468    0.05749    2.18384    0.04384
   2935.76000    4.14547    0.03975    1.92953    0.06160
   2942.52000    3.99425    0.06096    2.30940    0.05003
   2948.42000    4.05943    0.03695    2.25483    0.04491
   2956.05000    4.00975    0.03388    2.48220    0.05659
   2961.62000    4.01577    0.04767    2.50132    0.04408
   2968.17000    3.54651    0.01622    2.14888    0.04116
   2973.93000    3.24550    0.03979    2.38003    0.05980
   2978.26000    3.20494    0.02950    2.27417    0.05831
   2984.61000    3.47612    0.06541    2.14166    0.06578
   2989.81000    3.51789    0.04519    2.36410    0.02912
   2996.52000    3.63538    0.05613    2.30389    0.04661
   3002.50000    3.49564    0.06038    2.36903    0.06688
   3007.87000    3.64896    0.03102    1.94491    0.03475
   3015.56000    3.88229    0.02291    1.73932    0.05106
   3021.30000    3.78620    0.06924    1.73589    0.07305
   3028.48000    3.94675    0.04447    1.74309    0.05990
   3033.61000    3.59083    0.06251    2.16644    0.06967
   3039.34000    3.58603    0.04375    1.97408    0.05404
   3288.18000    2.48479    0.04151    1.30782    0.02442
   3294.51000    2.95715    0.05273    1.30115    0.05613
   3299.37000    3.10489    0.06240    1.21435    0.06091
   3305.03000    2.98893    0.06437    1.05891    0.04494
   3311.54000    3.65631    0.08206    1.28109    0.03496
   3318.93000    3.32419    0.05765    1.09865    0.05319
   3326.83000    3.55204    0.01143    1.22699    0.05200
   3332.49000    3.47072    0.06409    1.52697    0.07775
   3339.40000    3.73699    0.04599    1.59633    0.05897
   3345.91000    3.60465    0.05080    1.59191    0.05526
   3352.11000    3.64952    0.03674    1.69917    0.07398
   3358.33000    3.75049    0.03706    1.76586    0.08074
   3366.47000    3.65511    0.05031    1.78837    0.02765
   3371.98000    3.83720    0.07926    1.78663    0.06214
   3379.71000    3.82793    0.06756    1.88162    0.04059
   3383.54000    4.05916    0.06390    2.15451    0.08678
   3390.16000    3.56596    0.07648    1.93915    0.06378
   3397.20000    3.08819    0.05046    1.93505    0.03705
   3403.82000    3.07239    0.06830    1.86105    0.06902
