## Time Delay Challenge light curves
##
## [time]=days, [lc]=[err]=flux in nanomaggies
##
##       time       lc_A      err_A       lc_B      err_B
##-------------------------------------------------------
      1.18000    1.33697    0.05799    0.01331    0.06261
      8.07000    1.25536    0.05941   -0.06713    0.06192
     16.06000    1.40492    0.02038    0.00363    0.05869
     21.81000    1.37684    0.06148    0.12076    0.07770
     28.49000    1.49433    0.05380    0.03534    0.07891
     34.22000    1.33800    0.05023    0.11449    0.09196
     40.31000    1.35870    0.05665   -0.00784    0.06289
     45.95000    1.37027    0.08087    0.04439    0.05798
     52.28000    1.21089    0.07874    0.04071    0.05969
     56.64000    1.26914    0.06618   -0.00860    0.05122
     63.79000    1.37025    0.06452    0.05984    0.05864
     69.17000    1.36454    0.05150    0.03644    0.05086
     75.33000    1.37565    0.07398    0.04654    0.03292
     81.83000    1.41703    0.03744    0.05295    0.04175
     87.96000    1.33925    0.08248    0.10757    0.06891
     93.44000    1.41966    0.03466    0.05991    0.02698
    100.08000    1.43788    0.03662    0.06953    0.07767
    106.21000    1.47219    0.04525    0.10218    0.06667
    111.94000    1.37471    0.07065    0.04471    0.04026
    118.15000    1.58834    0.05999    0.09613    0.05364
    367.25000    1.71117    0.03677    0.05745    0.04910
    373.64000    1.79390    0.06967    0.11284    0.05031
    378.35000    1.69494    0.03648    0.05035    0.01454
    383.86000    1.85219    0.05653   -0.21915    0.08295
    388.50000    1.87535    0.07237    0.05711    0.06962
    395.35000    1.84137    0.03825    0.08754    0.04613
    401.28000    1.85294    0.07875    0.02409    0.02989
    407.30000    1.95574    0.04112    0.10255    0.05424
    413.35000    1.88803    0.01586    0.05920    0.03561
    418.17000    1.92325    0.02680    0.03408    0.04493
    423.22000    1.89606    0.03892    0.02870    0.06764
    428.74000    1.93767    0.05408    0.13114    0.06110
    434.45000    2.07455    0.04212    0.13734    0.07541
    440.02000    2.00187    0.08039    0.07672    0.05375
    445.89000    2.06058    0.06024    0.10606    0.06202
    451.44000    1.96540    0.07125    0.04880    0.05221
    456.14000    1.97854    0.03246    0.04968    0.05590
    463.54000    1.99088    0.04105    0.04700    0.03405
    469.15000    1.99424    0.05795   -0.00234    0.06177
    474.30000    2.05740    0.06343    0.04525    0.03724
    480.93000    1.93998    0.03840   -0.00233    0.05212
    732.55000    1.62943    0.04901   -0.01471    0.05201
    737.75000    1.59120    0.03688    0.11924    0.03718
    743.11000    1.54408    0.04625    0.01311    0.05634
    747.40000    1.55071    0.06758    0.04955    0.06234
    754.74000    1.55115    0.04104   -0.00930    0.05194
    761.90000    1.73172    0.05041    0.07491    0.07734
    767.76000    1.73011    0.04954   -0.06644    0.05447
    774.54000    1.50221    0.07869    0.06766    0.02024
    780.21000    1.51943    0.06715    0.00410    0.05253
    785.72000    1.77523    0.06420   -0.03749    0.06201
    792.74000    1.73267    0.05341    0.02289    0.03873
    797.95000    1.76013    0.05250    0.04946    0.05656
    806.17000    1.75260    0.08020    0.14962    0.04820
    812.24000    1.68419    0.08471    0.07347    0.05610
    818.46000    1.64874    0.08520    0.05223    0.05623
    824.32000    1.59654    0.03711    0.03136    0.04527
    831.59000    1.63901    0.01124    0.06880    0.03472
    837.25000    1.57371    0.06489    0.09949    0.06686
    842.54000    1.52425    0.05786    0.05174    0.04248
    847.42000    1.51103    0.03706   -0.08385    0.05054
   1098.99000    1.95747    0.04918    0.03735    0.06134
   1105.24000    1.96701    0.06881   -0.05641    0.07524
   1111.12000    1.84951    0.06404   -0.04323    0.03933
   1117.78000    1.86680    0.04743    0.09894    0.07551
   1124.12000    1.89923    0.05709    0.11187    0.05766
   1130.07000    1.82574    0.05390    0.10481    0.04501
   1135.03000    1.75264    0.05924    0.02662    0.08388
   1141.00000    1.82443    0.05896    0.02678    0.04740
   1145.71000    1.82687    0.07000    0.00726    0.04093
   1151.16000    1.89947    0.05615    0.04993    0.05643
   1155.33000    1.80023    0.06640    0.04946    0.03856
   1164.53000    1.72584    0.08073    0.03487    0.07817
   1171.17000    1.85567    0.02983    0.04419    0.06504
   1177.23000    1.71085    0.05776    0.05790    0.05034
   1180.26000    1.71663    0.02842   -0.04974    0.05813
   1187.38000    1.61605    0.07182    0.02058    0.05908
   1193.62000    1.67391    0.03705    0.00415    0.04109
   1198.57000    1.74550    0.06567    0.04849    0.07300
   1205.06000    1.69865    0.06381   -0.01297    0.07259
   1210.51000    1.85187    0.06657   -0.01179    0.06641
   1462.42000    2.17100    0.00521    0.06030    0.05677
   1468.88000    2.10931    0.04767    0.04369    0.05669
   1474.42000    1.96864    0.05390    0.00226    0.02491
   1482.42000    2.06609    0.04408    0.06230    0.03949
   1486.19000    2.06518    0.07309    0.03883    0.04592
   1490.86000    1.99681    0.05190    0.06146    0.06206
   1495.59000    1.98686    0.05466   -0.04872    0.04231
   1501.95000    2.06410    0.05171    0.08248    0.03671
   1507.45000    2.14323    0.03881    0.01546    0.02380
   1512.82000    2.16831    0.07521    0.02709    0.04389
   1519.66000    2.13836    0.07565    0.04182    0.07682
   1525.06000    2.15469    0.04674    0.05621    0.04002
   1533.48000    2.10479    0.03470    0.04225    0.06975
   1539.18000    2.13902    0.07608    0.04711    0.04502
   1544.84000    2.16172    0.04196    0.03510    0.04815
   1549.59000    1.98403    0.07197    0.00808    0.05459
   1554.24000    1.98407    0.06078    0.08347    0.07126
   1560.66000    2.01338    0.01811    0.04661    0.03730
   1567.09000    1.90854    0.03521    0.07819    0.06884
   1573.43000    1.94048    0.05942    0.13637    0.08148
   1579.56000    2.01694    0.06176    0.02004    0.06519
   1829.54000    1.63121    0.03397    0.00702    0.05745
   1834.72000    1.53880    0.07372    0.23389    0.07659
   1840.93000    1.53266    0.05799    0.08328    0.05911
   1846.24000    1.67764    0.05654    0.01155    0.04659
   1850.43000    1.80191    0.06899    0.05857    0.03258
   1854.40000    1.79675    0.06044    0.12853    0.06172
   1860.97000    1.76176    0.05870    0.09198    0.06549
   1865.06000    1.68451    0.06292   -0.00359    0.05049
   1870.41000    1.68850    0.03574    0.01795    0.05790
   1877.45000    1.68129    0.06621    0.01163    0.03074
   1882.52000    1.62829    0.04966    0.03357    0.01288
   1887.83000    1.65012    0.02284    0.01016    0.03021
   1892.60000    1.61786    0.07532    0.00643    0.06005
   1898.21000    1.64391    0.04171    0.00041    0.07869
   1904.90000    1.53072    0.03930   -0.04078    0.07390
   1910.19000    1.47697    0.04848   -0.12628    0.07603
   1914.60000    1.40258    0.06623   -0.01987    0.05679
   1920.06000    1.58306    0.07237   -0.02113    0.03714
   1926.46000    1.56157    0.06808    0.00269    0.02481
   1933.10000    1.63048    0.06110   -0.07887    0.07559
   1940.39000    1.65459    0.05185    0.10799    0.05023
   2196.51000    1.93482    0.06540   -0.00370    0.04457
   2202.89000    2.01936    0.07206   -0.01065    0.04932
   2209.45000    1.99989    0.05437    0.02645    0.04381
   2213.89000    2.29783    0.04926    0.07897    0.05205
   2219.21000    2.20250    0.04485    0.00372    0.04027
   2224.19000    2.24290    0.05553    0.08462    0.04339
   2229.66000    2.25406    0.04406    0.03908    0.04353
   2234.35000    2.20613    0.05190    0.11052    0.03633
   2240.94000    2.13409    0.07281    0.10557    0.06537
   2246.43000    2.08019    0.03156    0.19509    0.07953
   2252.43000    1.93451    0.04000    0.08524    0.06475
   2257.44000    1.87401    0.06476    0.00465    0.04877
   2263.65000    1.97150    0.03696    0.09518    0.04231
   2268.61000    2.01397    0.03850   -0.02867    0.04385
   2275.39000    1.94212    0.04743    0.10419    0.08079
   2281.17000    2.11549    0.05657    0.07316    0.06126
   2288.13000    2.05082    0.04274    0.04459    0.05873
   2294.53000    2.03860    0.05972    0.07084    0.05309
   2299.44000    2.04562    0.05589    0.11451    0.06705
   2305.47000    1.94925    0.04632    0.02940    0.04992
   2309.00000    1.96758    0.06218    0.02726    0.04058
   2557.96000    1.57247    0.04057    0.08531    0.03728
   2565.13000    1.43332    0.06953    0.04443    0.04588
   2571.91000    1.50277    0.06136    0.02648    0.00956
   2578.72000    1.52869    0.05790    0.02372    0.03668
   2585.77000    1.63866    0.06421    0.09181    0.06028
   2593.26000    1.44695    0.04974   -0.03256    0.05803
   2598.62000    1.69119    0.04260    0.12508    0.05794
   2603.19000    1.69698    0.04260   -0.00289    0.07652
   2607.84000    1.67098    0.01626    0.02026    0.03305
   2615.79000    1.64465    0.06028    0.02591    0.03959
   2621.65000    1.66239    0.05859    0.07133    0.06071
   2628.88000    1.69613    0.05331    0.04162    0.03464
   2634.77000    1.74737    0.05566   -0.06952    0.06118
   2640.27000    1.76019    0.02220   -0.01088    0.06280
   2646.88000    1.83133    0.06273   -0.01829    0.03091
   2652.12000    1.74690    0.04940   -0.06178    0.06356
   2659.28000    1.75050    0.03197    0.02725    0.02112
   2666.13000    1.74278    0.03965    0.01460    0.01681
   2672.69000    1.80067    0.04832   -0.01595    0.06136
   2922.42000    2.07194    0.03818   -0.06544    0.06733
   2928.13000    2.10406    0.05617   -0.12889    0.09698
   2933.05000    1.98554    0.08103    0.08916    0.04069
   2938.26000    1.88871    0.04406    0.15162    0.06022
   2944.90000    1.99943    0.07037    0.10635    0.06035
   2950.61000    1.92760    0.04319    0.02671    0.06940
   2956.26000    1.86002    0.06563    0.08823    0.04304
   2963.48000    2.05982    0.04300    0.08785    0.03735
   2969.34000    2.01015    0.06106    0.13432    0.05770
   2976.77000    2.08215    0.05543    0.03740    0.06428
   2981.39000    2.04623    0.04641    0.06295    0.06368
   2987.84000    2.02848    0.06499    0.02762    0.06290
   2992.95000    1.87444    0.05915   -0.05579    0.04363
   2999.22000    1.81755    0.02587    0.03941    0.06629
   3003.69000    1.92164    0.04606    0.01283    0.02595
   3008.30000    2.00831    0.06224    0.07342    0.07088
   3015.12000    1.92106    0.04867   -0.01621    0.05681
   3019.15000    1.87970    0.04913   -0.02485    0.02650
   3024.89000    1.75411    0.04739    0.02038    0.05721
   3029.33000    1.74869    0.05675    0.00204    0.05928
   3034.65000    1.92141    0.08020    0.05113    0.05559
   3285.61000    1.72509    0.09328   -0.02799    0.06578
   3291.12000    1.58155    0.04346    0.08998    0.04596
   3296.80000    1.60276    0.06289   -0.07821    0.04702
   3303.43000    1.62927    0.08634    0.01101    0.03650
   3309.14000    1.67353    0.03849    0.05265    0.04257
   3315.65000    1.82126    0.04241   -0.10115    0.06664
   3322.41000    1.84927    0.04253    0.04170    0.02869
   3329.13000    1.76172    0.07104    0.08847    0.07396
   3335.19000    1.85930    0.09055    0.09931    0.03483
   3343.48000    1.89974    0.07648    0.08028    0.07224
   3351.16000    1.69144    0.07113    0.02803    0.05610
   3356.27000    1.88270    0.06680    0.15448    0.05823
   3363.51000    1.77282    0.05816    0.01346    0.04476
   3369.08000    1.95227    0.03299    0.06306    0.05706
   3376.42000    1.99280    0.05769    0.01815    0.05316
   3381.56000    1.86944    0.06566   -0.04839    0.04930
   3387.66000    1.88479    0.02968    0.03588    0.05841
   3393.55000    1.83069    0.04726   -0.04460    0.04409
   3400.41000    1.89824    0.05269   -0.00813    0.07122
