## Time Delay Challenge light curves
##
## [time]=days, [lc]=[err]=flux in nanomaggies
##
##       time       lc_A      err_A       lc_B      err_B
##-------------------------------------------------------
      7.61000    0.51678    0.05261    1.11579    0.07540
     13.84000    0.56858    0.05716    1.06931    0.06202
     18.81000    0.59442    0.06438    1.17678    0.04657
     27.29000    0.58813    0.06310    1.30021    0.07204
     32.75000    0.53636    0.07581    1.12285    0.03254
     37.91000    0.58466    0.07627    1.12154    0.07413
     43.79000    0.59797    0.04200    1.10696    0.02114
     49.51000    0.46442    0.05544    1.31299    0.05857
     56.33000    0.50977    0.04529    1.17760    0.08597
     63.82000    0.61708    0.05869    1.10769    0.03713
     69.54000    0.51158    0.06149    1.22067    0.07030
     74.57000    0.56492    0.05646    1.11097    0.08355
     81.11000    0.50621    0.05995    1.15478    0.05912
     86.43000    0.57742    0.06202    1.23444    0.05692
     92.40000    0.49351    0.04598    1.21174    0.03248
     99.15000    0.57041    0.03419    1.13502    0.02963
    105.63000    0.54782    0.06579    1.12049    0.04150
    112.64000    0.50778    0.05013    1.07372    0.06619
    119.22000    0.53421    0.05529    1.14731    0.06539
    367.97000    0.45513    0.05373    0.97997    0.06145
    373.19000    0.51690    0.05749    0.93374    0.05324
    379.37000    0.45305    0.06043    0.91956    0.03251
    384.25000    0.44149    0.05959    0.90191    0.05438
    390.01000    0.40236    0.06115    1.14384    0.05609
    396.88000    0.51365    0.05822    1.14638    0.07128
    405.35000    0.44472    0.04468    1.06834    0.05263
    410.89000    0.35099    0.04481    1.13844    0.05586
    417.74000    0.40482    0.02773    1.23718    0.04431
    423.41000    0.51831    0.05258    1.04758    0.04286
    430.87000    0.48010    0.05806    1.10620    0.06033
    435.77000    0.41144    0.04816    1.01635    0.04178
    441.19000    0.47057    0.01462    1.06991    0.03289
    446.22000    0.49161    0.03116    1.17221    0.07916
    451.66000    0.49399    0.04516    1.03249    0.02033
    456.59000    0.55955    0.04950    1.02106    0.04915
    462.75000    0.50203    0.04886    1.00823    0.04784
    467.30000    0.47890    0.04431    0.99363    0.05767
    471.55000    0.50061    0.04174    1.04829    0.02691
    477.62000    0.41985    0.06205    0.96657    0.07159
    484.37000    0.43482    0.02636    1.06799    0.06260
    733.63000    0.37630    0.06729    1.05848    0.04553
    739.43000    0.44513    0.03509    0.97999    0.09954
    745.54000    0.43972    0.06689    1.06015    0.04824
    751.68000    0.44114    0.03726    1.04572    0.03368
    757.07000    0.56329    0.08554    1.05285    0.09373
    764.10000    0.43219    0.05647    1.10397    0.05848
    770.42000    0.30402    0.07581    1.12319    0.08316
    775.83000    0.49586    0.01908    1.16755    0.04481
    781.72000    0.46066    0.07535    1.13968    0.06178
    788.72000    0.30707    0.06608    1.04933    0.04774
    794.76000    0.57740    0.05777    1.10745    0.04753
    800.11000    0.44139    0.02873    1.11441    0.05517
    805.42000    0.55294    0.06402    1.16617    0.05885
    811.53000    0.52392    0.03696    1.03978    0.05694
    818.19000    0.52010    0.06136    1.08249    0.04142
    824.71000    0.48030    0.04395    1.08671    0.06935
    830.72000    0.53287    0.06086    1.13360    0.03915
    836.46000    0.49376    0.03226    1.02084    0.03629
    842.07000    0.59129    0.05737    0.97794    0.07914
    847.20000    0.49041    0.05265    1.03700    0.08520
   1095.10000    0.61287    0.07906    1.07483    0.06411
   1100.37000    0.48333    0.06140    0.96034    0.04386
   1106.14000    0.54319    0.05724    0.94579    0.03811
   1111.63000    0.53119    0.05600    0.92497    0.03675
   1119.18000    0.47175    0.00359    1.04782    0.05286
   1125.55000    0.54405    0.07000    1.06159    0.07178
   1132.06000    0.42759    0.06413    1.16986    0.05941
   1138.64000    0.38776    0.05291    1.16818    0.03938
   1145.16000    0.45827    0.05029    1.13239    0.03525
   1153.00000    0.50137    0.03510    1.24703    0.05446
   1160.05000    0.44351    0.05856    1.20055    0.06684
   1165.06000    0.55180    0.06598    1.37699    0.04372
   1172.11000    0.56414    0.04448    1.38188    0.06416
   1180.04000    0.49300    0.04308    1.35417    0.03308
   1185.98000    0.59393    0.06158    1.33188    0.03540
   1193.98000    0.58543    0.06151    1.38724    0.04209
   1200.34000    0.63090    0.06409    1.38273    0.02099
   1207.67000    0.61292    0.06748    1.41995    0.02195
   1213.52000    0.49221    0.04468    1.24595    0.03962
   1462.58000    0.57296    0.04740    1.24601    0.04159
   1468.31000    0.55631    0.05506    1.14875    0.03744
   1474.46000    0.50550    0.03761    1.17639    0.04494
   1480.16000    0.31937    0.07769    1.11612    0.02748
   1486.63000    0.53656    0.05580    1.09466    0.04262
   1492.26000    0.59592    0.06302    1.14403    0.06104
   1498.16000    0.56109    0.08509    1.08529    0.05371
   1505.18000    0.42904    0.06658    0.98145    0.04996
   1512.94000    0.38791    0.06593    0.97187    0.05700
   1518.52000    0.42257    0.06603    0.97784    0.08337
   1524.28000    0.47852    0.05609    0.95453    0.01880
   1530.01000    0.42320    0.06491    0.91458    0.09125
   1535.36000    0.39432    0.02983    0.90558    0.02742
   1541.27000    0.44002    0.06520    0.88106    0.04483
   1547.95000    0.43280    0.05924    0.88617    0.03756
   1553.46000    0.40368    0.04359    0.95234    0.01861
   1560.49000    0.43831    0.03063    0.92900    0.06640
   1566.22000    0.33690    0.04012    0.97865    0.02780
   1573.04000    0.33129    0.04373    1.04732    0.05000
   1578.69000    0.39772    0.04862    0.90824    0.05703
   1828.54000    0.49718    0.04625    1.25771    0.06513
   1834.45000    0.43863    0.04333    1.26872    0.03558
   1841.53000    0.60901    0.05526    1.22807    0.04204
   1845.88000    0.44854    0.06455    1.27082    0.06471
   1852.82000    0.53667    0.08253    1.35226    0.04021
   1859.14000    0.48472    0.05756    1.24075    0.06075
   1864.83000    0.50613    0.06457    1.20020    0.01517
   1871.11000    0.49457    0.03356    1.27275    0.03462
   1878.20000    0.46874    0.04914    1.16217    0.01143
   1882.00000    0.36399    0.06521    1.08371    0.03290
   1888.12000    0.55535    0.06511    1.13334    0.04757
   1894.62000    0.45729    0.03971    1.04751    0.05896
   1901.85000    0.53493    0.06295    0.92501    0.06967
   1907.92000    0.54769    0.05942    1.02456    0.05486
   1913.70000    0.28614    0.06745    1.06341    0.07973
   1918.54000    0.44124    0.04304    0.95797    0.06693
   1924.59000    0.43333    0.03708    1.00304    0.06316
   1932.29000    0.37803    0.08362    1.00676    0.03742
   1936.98000    0.37724    0.05500    1.07422    0.04449
   1943.75000    0.40205    0.04938    1.10663    0.05293
   2198.11000    0.54457    0.03227    1.06532    0.06961
   2203.71000    0.55389    0.06001    1.05772    0.05084
   2211.43000    0.50071    0.03927    1.01594    0.04494
   2219.04000    0.36061    0.06915    1.13664    0.07614
   2224.50000    0.43401    0.04716    1.06874    0.03951
   2231.37000    0.41476    0.04244    1.08939    0.07423
   2236.64000    0.44405    0.01962    1.13444    0.04670
   2241.36000    0.42944    0.05396    1.02037    0.05845
   2247.75000    0.47725    0.02490    1.11799    0.05932
   2254.70000    0.51181    0.05646    0.98239    0.04118
   2262.30000    0.49112    0.03463    0.96977    0.03250
   2268.16000    0.42111    0.06527    1.05253    0.01178
   2272.92000    0.47505    0.04983    1.11119    0.05319
   2280.01000    0.42082    0.03932    1.04730    0.01547
   2285.09000    0.34671    0.03748    1.01223    0.06995
   2291.73000    0.40530    0.08848    1.09500    0.04000
   2298.84000    0.44684    0.05606    1.13098    0.06214
   2306.66000    0.40420    0.05611    1.08149    0.04894
   2557.90000    0.53148    0.06558    1.37869    0.06884
   2563.16000    0.46617    0.07579    1.24614    0.01840
   2569.55000    0.53029    0.04653    1.22027    0.04309
   2572.36000    0.42953    0.06530    1.10007    0.07848
   2578.17000    0.46098    0.04318    1.21869    0.06773
   2585.07000    0.44335    0.05329    1.23559    0.05469
   2592.20000    0.59106    0.06025    1.18723    0.06354
   2597.09000    0.48573    0.03373    1.15104    0.04912
   2603.08000    0.42574    0.04282    1.28183    0.08410
   2608.34000    0.49408    0.07134    1.18005    0.04369
   2616.56000    0.41935    0.06549    1.23306    0.03659
   2621.46000    0.43236    0.02798    1.25048    0.04842
   2628.18000    0.43100    0.05381    1.28022    0.05336
   2635.01000    0.39735    0.05412    1.22957    0.06565
   2639.41000    0.45434    0.03811    1.17541    0.04892
   2645.29000    0.33353    0.05491    1.19794    0.03061
   2652.79000    0.48403    0.06216    1.20973    0.07776
   2659.29000    0.46604    0.02800    1.39531    0.07553
   2665.67000    0.47302    0.02742    1.28247    0.03885
   2672.87000    0.40542    0.07164    1.16184    0.05934
   2920.97000    0.50843    0.06141    1.10958    0.05596
   2926.20000    0.48569    0.08009    1.06398    0.07126
   2932.39000    0.43818    0.04588    1.13777    0.01472
   2937.25000    0.50969    0.03820    1.06942    0.07114
   2945.42000    0.42935    0.05059    1.09513    0.08893
   2950.87000    0.37429    0.02779    1.13833    0.07155
   2957.31000    0.38766    0.07437    1.13273    0.05994
   2964.11000    0.39079    0.06530    1.23318    0.06771
   2969.46000    0.45390    0.04789    1.09404    0.03067
   2975.38000    0.42181    0.05215    1.18197    0.05224
   2983.54000    0.41964    0.03702    1.02077    0.04759
   2990.08000    0.46225    0.05067    0.95344    0.04910
   2995.54000    0.37617    0.07317    1.06280    0.03951
   2999.83000    0.41736    0.03102    1.14635    0.04860
   3007.46000    0.41998    0.07280    1.05256    0.04689
   3012.59000    0.39059    0.04685    1.10365    0.05273
   3019.41000    0.32198    0.04675    1.02593    0.07175
   3026.80000    0.42369    0.04789    1.01299    0.04978
   3032.68000    0.40052    0.04385    1.03723    0.04376
   3036.33000    0.41537    0.06921    1.02992    0.02734
   3285.75000    0.20739    0.07583    1.44797    0.05308
   3292.13000    0.45910    0.02875    1.32246    0.07530
   3297.34000    0.42981    0.05308    1.34348    0.01624
   3305.50000    0.57686    0.03780    1.27967    0.02903
   3310.57000    0.47708    0.07102    1.25584    0.03507
   3317.57000    0.46308    0.04719    1.21847    0.04942
   3323.12000    0.41080    0.05233    1.19721    0.04008
   3330.98000    0.48310    0.05957    1.27298    0.05272
   3336.60000    0.51253    0.04101    1.17527    0.04796
   3342.85000    0.38409    0.05930    1.20508    0.06798
   3350.43000    0.33917    0.06038    1.18750    0.05172
   3356.59000    0.31602    0.05555    1.21799    0.04573
   3362.15000    0.52188    0.06529    1.24385    0.06224
   3366.88000    0.48018    0.06902    1.22273    0.05818
   3373.59000    0.44575    0.05176    1.24108    0.04077
   3378.50000    0.49047    0.03078    1.36843    0.05123
   3384.31000    0.50619    0.05562    1.13801    0.05539
   3389.96000    0.40776    0.06449    1.16005    0.04956
   3395.73000    0.47544    0.06944    1.24311    0.08673
   3400.62000    0.39695    0.05742    1.18375    0.00390
