## Time Delay Challenge light curves
##
## [time]=days, [lc]=[err]=flux in nanomaggies
##
##       time       lc_A      err_A       lc_B      err_B
##-------------------------------------------------------
      1.17000    0.81347    0.03075    3.11065    0.03837
      8.07000    0.77068    0.04970    3.06648    0.05907
     14.07000    0.91058    0.08020    3.07544    0.05160
     17.51000    0.81426    0.06610    3.00609    0.04880
     24.92000    0.84457    0.03560    2.96217    0.08447
     30.33000    0.74437    0.03902    3.02633    0.04890
     36.62000    0.78877    0.03012    3.13651    0.04192
     41.52000    0.73691    0.04242    2.99297    0.04056
     48.40000    0.76582    0.03764    2.98057    0.03994
     55.13000    0.79748    0.05288    3.00893    0.07375
     60.79000    0.79184    0.05649    3.08882    0.05133
     67.05000    0.71257    0.04288    3.16070    0.04572
     74.09000    0.83349    0.05456    3.21324    0.03215
     79.86000    0.75430    0.06216    3.15516    0.05070
     86.23000    0.83260    0.06272    3.07215    0.06617
     90.20000    0.82362    0.04601    3.15752    0.05715
     95.73000    0.86166    0.06487    3.20028    0.04183
    101.54000    0.86379    0.07377    3.12815    0.04496
    107.27000    0.95818    0.06451    3.25642    0.04230
    111.88000    0.77545    0.05405    3.17379    0.06039
    118.23000    0.79375    0.06340    3.21790    0.01783
    366.79000    0.90263    0.04687    3.34003    0.05173
    372.95000    0.89077    0.06513    3.34492    0.05003
    378.48000    0.89886    0.04908    3.64958    0.08203
    384.50000    0.80433    0.07122    3.56243    0.03585
    391.27000    0.86544    0.06351    3.60308    0.06869
    397.37000    0.88387    0.03030    3.72314    0.02901
    402.89000    0.87014    0.06058    3.85535    0.07194
    408.67000    0.96329    0.05770    3.83189    0.03076
    416.51000    0.92452    0.07665    3.89172    0.07398
    422.38000    0.94668    0.06920    3.83137    0.06737
    427.48000    0.99178    0.06106    3.71177    0.03494
    434.94000    0.96430    0.07186    3.57302    0.03062
    439.72000    1.08840    0.05857    3.64275    0.05565
    445.41000    0.98324    0.05574    3.57793    0.06954
    451.96000    0.94781    0.02339    3.63046    0.08717
    460.25000    0.97262    0.03821    3.44804    0.05185
    465.58000    0.90158    0.04843    3.39247    0.02755
    471.64000    0.82125    0.04380    3.27256    0.07203
    477.92000    0.97091    0.05721    3.26534    0.04409
    482.30000    0.89727    0.05753    3.30628    0.04616
    734.91000    0.92373    0.00899    3.56570    0.04143
    741.21000    0.96595    0.05542    3.47237    0.05116
    747.45000    0.93678    0.05093    3.49016    0.05165
    753.40000    0.91823    0.01989    3.39753    0.05210
    760.54000    0.89122    0.05859    3.46858    0.06756
    766.11000    0.95496    0.05280    3.49890    0.03059
    772.12000    0.88689    0.07543    3.63167    0.04029
    780.23000    0.80408    0.04203    3.66358    0.04381
    789.58000    0.84376    0.05407    3.64486    0.04748
    795.61000    0.84918    0.04657    3.78849    0.07345
    800.98000    0.95490    0.03650    3.80849    0.03070
    808.69000    0.88835    0.04630    3.58685    0.05355
    815.01000    0.90546    0.05228    3.67514    0.06068
    820.80000    1.03221    0.06755    3.75317    0.07729
    827.39000    0.87398    0.05903    3.43655    0.04407
    832.38000    0.97517    0.05124    3.37789    0.04185
    838.56000    0.88530    0.04534    3.37142    0.02450
    843.61000    1.01599    0.05670    3.53642    0.03720
   1098.34000    0.91232    0.06136    4.12402    0.04044
   1104.07000    1.04915    0.05250    4.27235    0.04703
   1109.40000    1.00599    0.06951    4.29194    0.07536
   1116.20000    1.08850    0.05726    4.39495    0.05313
   1122.78000    0.99632    0.05363    4.28919    0.04388
   1128.17000    1.04033    0.09858    4.32927    0.05920
   1133.67000    1.06800    0.04698    4.30721    0.04678
   1139.94000    1.05685    0.04021    4.26597    0.07222
   1146.60000    1.08499    0.07376    4.44539    0.08897
   1152.85000    1.07369    0.06743    4.46868    0.06129
   1158.19000    1.00560    0.06362    4.65693    0.06918
   1163.14000    1.04044    0.08551    4.44838    0.06243
   1170.35000    1.05083    0.05090    4.36936    0.04980
   1176.81000    1.12053    0.04119    4.14628    0.09151
   1182.95000    0.94567    0.08273    4.38424    0.06453
   1189.20000    1.03719    0.06401    4.61751    0.06483
   1194.49000    1.09323    0.06805    4.46890    0.04610
   1199.57000    1.11492    0.04904    4.25397    0.05790
   1205.49000    1.04540    0.02150    4.28903    0.07617
   1210.99000    1.04352    0.06442    4.18685    0.07894
   1463.77000    0.99641    0.03440    4.39770    0.05194
   1470.38000    0.99984    0.03169    4.17097    0.03499
   1476.32000    1.02981    0.04904    4.09093    0.01538
   1482.51000    0.96326    0.06581    4.02407    0.05725
   1490.58000    1.07332    0.07002    3.91036    0.05531
   1496.88000    0.89196    0.03900    4.09049    0.02747
   1502.38000    0.99479    0.05948    4.04585    0.05429
   1509.31000    0.90792    0.05720    3.93884    0.06758
   1513.01000    1.01528    0.03813    3.92729    0.06463
   1518.93000    0.93510    0.02354    3.92393    0.03537
   1522.33000    0.94409    0.06990    3.80659    0.03673
   1528.58000    0.95895    0.05317    3.91739    0.06858
   1534.40000    0.87915    0.03886    3.67961    0.06133
   1540.84000    0.92334    0.04630    3.89339    0.03732
   1547.17000    0.86041    0.02947    3.95801    0.07209
   1553.28000    0.91692    0.04105    3.81439    0.06624
   1559.45000    0.84449    0.03670    3.61651    0.06547
   1565.75000    0.88944    0.06104    3.70447    0.04576
   1572.35000    0.87476    0.05716    3.70659    0.05187
   1578.63000    0.99160    0.05976    3.82652    0.04256
   1825.10000    0.92139    0.06338    4.19773    0.05237
   1829.04000    0.89644    0.04347    4.38362    0.00779
   1832.79000    1.03930    0.04752    4.36778    0.04887
   1838.88000    0.96929    0.05306    4.46796    0.04505
   1844.81000    0.83446    0.08576    4.39669    0.03797
   1852.14000    1.03570    0.03961    4.15243    0.07307
   1858.10000    0.99977    0.04610    4.08683    0.07109
   1863.29000    0.98441    0.04391    4.04096    0.04089
   1871.59000    0.99395    0.03077    4.19508    0.06415
   1877.01000    0.99779    0.04839    3.82813    0.04849
   1883.42000    0.91025    0.03388    4.07621    0.03251
   1892.23000    0.97547    0.03656    4.03630    0.06568
   1898.52000    0.92204    0.07519    3.90073    0.02795
   1904.92000    0.86204    0.05561    3.92400    0.05405
   1911.99000    0.91853    0.05711    3.84500    0.05058
   1918.48000    0.83710    0.06031    3.62894    0.03281
   1923.71000    0.80586    0.05915    3.67093    0.02781
   1930.51000    0.83635    0.03496    3.70023    0.03352
   1936.78000    0.87095    0.04806    3.83032    0.06153
   1943.48000    0.81324    0.04275    3.76802    0.07187
   2192.03000    0.66305    0.05768    3.39918    0.06751
   2199.43000    0.75293    0.05346    3.43455    0.02917
   2205.21000    0.65013    0.06221    3.39623    0.04304
   2211.57000    0.72589    0.02332    3.45467    0.03342
   2217.31000    0.82680    0.06677    3.23204    0.06053
   2223.06000    0.75350    0.06074    3.31156    0.04312
   2229.90000    0.76101    0.06141    3.30809    0.04134
   2237.17000    0.65203    0.07968    3.32889    0.04219
   2243.49000    0.76544    0.06639    3.46337    0.00842
   2247.93000    0.74673    0.07451    3.46248    0.03979
   2253.83000    0.80049    0.06823    3.33479    0.09584
   2258.71000    0.74139    0.04232    3.60777    0.05461
   2265.08000    0.68219    0.06737    3.33070    0.06907
   2272.26000    0.76531    0.04833    3.50454    0.05358
   2278.02000    0.78287    0.05009    3.30858    0.05193
   2283.24000    0.82877    0.05148    3.37904    0.06497
   2291.09000    0.68283    0.04043    3.59292    0.08652
   2297.14000    0.82462    0.05272    3.51973    0.04181
   2303.55000    0.76280    0.05134    3.53010    0.06081
   2308.58000    0.88487    0.04956    3.69352    0.05134
   2558.92000    0.74951    0.06010    3.65284    0.01108
   2566.14000    0.76212    0.06028    3.68114    0.03295
   2572.78000    0.73040    0.04046    3.52152    0.07140
   2577.80000    0.86374    0.03389    3.73962    0.09168
   2583.47000    0.74311    0.06779    3.74357    0.07372
   2590.13000    0.93108    0.06180    3.58751    0.06064
   2596.67000    0.75181    0.04104    3.71604    0.07423
   2603.51000    0.85871    0.07222    3.68600    0.04719
   2610.13000    0.76629    0.06885    3.72379    0.07475
   2616.87000    0.76623    0.03631    3.80588    0.05113
   2622.29000    0.77619    0.04917    3.87677    0.06914
   2625.91000    0.76734    0.05768    3.97558    0.03610
   2631.50000    0.75374    0.03374    3.98230    0.05953
   2635.62000    0.84593    0.05244    3.86796    0.04617
   2641.62000    0.84856    0.06297    3.84974    0.05083
   2646.93000    0.83761    0.04365    3.76927    0.04162
   2652.40000    0.79139    0.05683    3.82002    0.05335
   2657.04000    0.74777    0.06700    3.87525    0.03053
   2662.85000    0.78073    0.03383    3.97388    0.06277
   2668.35000    0.82568    0.03755    3.79061    0.06344
   2673.85000    0.75231    0.06736    3.73137    0.03106
   2926.06000    0.70345    0.06849    3.72145    0.05186
   2932.54000    0.65663    0.07366    3.76264    0.04833
   2938.23000    0.71914    0.06130    3.84708    0.05858
   2943.57000    0.74910    0.04624    3.83376    0.07577
   2950.46000    0.71097    0.03067    3.57651    0.04898
   2958.27000    0.77955    0.06016    3.51112    0.06610
   2965.87000    0.72597    0.04847    3.49032    0.03511
   2972.50000    0.71820    0.05584    3.55580    0.04580
   2977.59000    0.81084    0.05031    3.57818    0.06311
   2984.05000    0.77292    0.08201    3.57164    0.03711
   2990.20000    0.75735    0.08027    3.56099    0.06661
   2997.28000    0.69034    0.05518    3.67856    0.03671
   3003.83000    0.63556    0.05524    3.60621    0.03979
   3010.00000    0.67247    0.06796    3.67477    0.05355
   3015.96000    0.71646    0.05383    3.62044    0.07570
   3021.43000    0.63186    0.08253    3.69736    0.04337
   3025.43000    0.70220    0.03066    3.41586    0.08014
   3032.28000    0.73782    0.04770    3.69122    0.04590
   3038.52000    0.73355    0.02216    3.57872    0.04627
   3287.40000    0.64944    0.05290    3.52783    0.04637
   3293.82000    0.76726    0.09422    3.46874    0.01912
   3300.43000    0.70780    0.03053    3.56814    0.05537
   3306.17000    0.62951    0.03881    3.65990    0.06125
   3311.40000    0.65760    0.05908    3.44589    0.05722
   3317.64000    0.60457    0.05928    3.41076    0.03106
   3323.30000    0.70884    0.03785    3.46390    0.06626
   3329.58000    0.70690    0.06769    3.43238    0.03310
   3334.33000    0.72610    0.04617    3.54088    0.03523
   3340.50000    0.61279    0.04060    3.49196    0.05246
   3346.63000    0.63602    0.05431    3.56952    0.03877
   3351.64000    0.64572    0.05123    3.42033    0.03933
   3356.70000    0.73586    0.05732    3.45500    0.04549
   3363.94000    0.76876    0.06028    3.36400    0.04189
   3369.90000    0.76186    0.05670    3.16839    0.08601
   3375.98000    0.58972    0.07196    3.30069    0.05162
   3383.26000    0.62311    0.04696    3.27531    0.01963
   3389.27000    0.54408    0.06278    3.23498    0.08902
   3396.35000    0.61265    0.02864    3.23410    0.07844
   3402.60000    0.57766    0.04871    3.39934    0.04066
