## Time Delay Challenge light curves
##
## [time]=days, [lc]=[err]=flux in nanomaggies
##
##       time       lc_A      err_A       lc_B      err_B
##-------------------------------------------------------
      0.78000    1.85637    0.05752    1.70085    0.08090
      6.85000    1.81686    0.05460    1.74259    0.01638
     13.64000    1.85354    0.04901    1.66021    0.05607
     20.49000    1.79290    0.03793    1.62573    0.05741
     26.49000    1.89361    0.03738    1.71616    0.04984
     32.84000    1.77437    0.05339    1.67466    0.05665
     37.80000    1.84372    0.05752    1.68613    0.05117
     43.73000    1.76564    0.05626    1.58325    0.02334
     50.66000    1.75627    0.03684    1.61485    0.06551
     57.50000    1.85997    0.04539    1.66344    0.04702
     62.62000    1.86018    0.06997    1.65645    0.03618
     69.54000    1.81146    0.06264    1.79860    0.06126
     74.15000    1.82159    0.03312    1.68453    0.04893
     79.42000    1.96749    0.05644    1.60454    0.05966
     84.68000    1.95692    0.06909    1.62511    0.04967
     91.43000    1.88083    0.03954    1.71503    0.03382
     97.92000    1.83691    0.04140    1.69190    0.04044
    104.54000    1.86312    0.06216    1.76239    0.04701
    110.85000    1.86212    0.05434    1.68112    0.05700
    116.78000    1.87531    0.05698    1.71869    0.05423
    365.65000    2.23827    0.06174    2.18335    0.06010
    373.06000    2.41182    0.06050    2.05336    0.04866
    380.38000    2.23944    0.05993    2.14224    0.05225
    386.71000    2.34635    0.02953    2.15202    0.01975
    392.06000    2.39402    0.07420    2.30003    0.06743
    398.91000    2.40732    0.06321    2.16537    0.06158
    405.04000    2.35440    0.03113    2.23960    0.05130
    407.65000    2.40240    0.05986    2.30068    0.05017
    412.41000    2.36665    0.04761    2.20735    0.04711
    418.93000    2.16163    0.05995    2.18765    0.04436
    424.63000    2.38393    0.05615    2.10749    0.06211
    431.29000    2.38309    0.05062    2.28508    0.06735
    438.64000    2.29867    0.05252    2.23080    0.04487
    444.62000    2.34050    0.04508    2.11395    0.05080
    450.60000    2.35948    0.05589    2.08378    0.07938
    456.09000    2.41130    0.05754    2.22128    0.03377
    461.20000    2.51717    0.05186    2.21972    0.05802
    468.70000    2.62423    0.07756    2.43301    0.06710
    474.88000    2.46195    0.03472    2.28402    0.08228
    482.45000    2.53158    0.06077    2.29137    0.04879
    734.73000    2.14630    0.03220    1.92653    0.04508
    739.98000    2.15846    0.03136    1.99370    0.06175
    747.05000    2.20682    0.08209    1.84710    0.08644
    752.31000    2.19519    0.03647    1.99507    0.06704
    759.13000    2.22373    0.05100    2.07166    0.07737
    765.36000    2.26590    0.02914    1.94627    0.05957
    771.16000    2.26527    0.04133    1.98518    0.04107
    776.68000    2.17188    0.03593    1.99243    0.06393
    783.25000    2.15086    0.05494    1.91667    0.06073
    789.99000    2.08162    0.03025    2.00381    0.07744
    793.82000    2.01828    0.07019    1.92854    0.04617
    799.63000    1.99580    0.04130    1.88663    0.05229
    805.42000    2.05383    0.07846    1.93294    0.06047
    810.62000    1.97000    0.05973    1.85719    0.07256
    816.99000    1.95057    0.07064    1.80327    0.04702
    824.57000    1.98497    0.04451    1.85499    0.05098
    831.79000    1.97935    0.06034    1.82405    0.04694
    839.65000    1.92985    0.03791    1.85883    0.01306
    845.47000    2.03843    0.05639    1.81826    0.04398
   1102.82000    1.99902    0.05995    1.75823    0.04341
   1108.36000    1.90514    0.04520    1.85494    0.06430
   1112.92000    1.93210    0.04740    1.79324    0.08308
   1119.61000    1.96587    0.03968    1.70743    0.05257
   1126.39000    2.04092    0.04014    1.89794    0.06890
   1134.92000    1.96195    0.08348    1.86678    0.03310
   1141.78000    2.06787    0.05900    1.87711    0.00167
   1147.08000    2.05034    0.05822    1.86641    0.05322
   1151.51000    2.04709    0.02667    1.89785    0.03557
   1157.23000    2.04090    0.06239    1.82313    0.03406
   1163.89000    2.03847    0.06048    1.87512    0.05952
   1171.61000    1.83449    0.07002    1.90634    0.06271
   1179.94000    2.05226    0.06770    1.71959    0.06552
   1187.31000    1.97871    0.05204    1.76499    0.05193
   1194.46000    1.95369    0.03015    1.93462    0.04678
   1199.69000    1.89949    0.06144    1.83017    0.05843
   1204.85000    2.00047    0.03023    1.86955    0.04793
   1210.03000    2.03296    0.03771    1.81424    0.02592
   1460.63000    1.88688    0.04134    1.84504    0.07549
   1466.32000    1.93291    0.03774    1.78495    0.03636
   1473.88000    1.93990    0.07592    1.80438    0.03017
   1480.83000    1.87473    0.05795    1.75299    0.04389
   1486.28000    2.08077    0.06268    1.72830    0.04669
   1492.93000    1.91449    0.05288    1.86385    0.05899
   1499.12000    1.99252    0.03921    1.73211    0.06772
   1506.58000    1.92885    0.03091    1.74584    0.05496
   1512.07000    1.86721    0.07233    1.85492    0.06865
   1518.66000    1.97129    0.06080    1.85835    0.07698
   1525.51000    1.96305    0.02770    1.74642    0.04683
   1531.37000    2.04514    0.05807    1.70470    0.06149
   1538.16000    1.96886    0.03850    1.79863    0.06229
   1544.75000    1.95658    0.03214    1.79738    0.07674
   1551.82000    1.97156    0.09626    1.75642    0.07436
   1558.08000    1.99773    0.07303    1.87078    0.04939
   1564.59000    2.02299    0.04603    1.77633    0.04133
   1570.77000    1.95224    0.03673    1.81710    0.02977
   1578.07000    1.90046    0.05353    1.74583    0.05794
   1825.17000    1.88704    0.04201    1.87710    0.05475
   1832.20000    1.93264    0.04028    1.89359    0.07477
   1836.78000    1.99687    0.05083    1.90775    0.05441
   1841.82000    1.89676    0.09836    1.83122    0.04858
   1847.16000    1.92876    0.05755    2.04688    0.10183
   1852.18000    1.93015    0.07680    1.86015    0.05428
   1858.14000    1.97713    0.05198    1.89595    0.03502
   1865.79000    1.95073    0.05092    1.80647    0.08023
   1870.75000    2.02429    0.07419    1.88576    0.06383
   1877.70000    1.91849    0.03988    1.82950    0.07376
   1884.79000    1.96601    0.06302    1.90424    0.04076
   1891.09000    1.91556    0.05841    1.90995    0.07376
   1896.82000    1.95047    0.06407    1.79245    0.05584
   1901.78000    1.83813    0.06480    1.76985    0.04547
   1908.44000    1.83623    0.05430    1.69361    0.05615
   1913.52000    1.88219    0.02936    1.73108    0.01378
   1919.24000    1.84788    0.03348    1.75046    0.06243
   1924.94000    1.87584    0.07105    1.81149    0.05283
   1932.29000    1.73897    0.04146    1.67876    0.02679
   1938.06000    1.87938    0.07657    1.83082    0.08208
   1944.82000    1.90024    0.04526    1.65025    0.04929
   2192.94000    1.68746    0.03380    1.47501    0.05730
   2201.23000    1.65527    0.06015    1.59424    0.05915
   2207.40000    1.63976    0.03057    1.58363    0.04261
   2214.15000    1.73009    0.06679    1.58368    0.04735
   2219.23000    1.67219    0.06521    1.58893    0.06619
   2224.77000    1.65743    0.08519    1.49156    0.07372
   2229.24000    1.74630    0.03197    1.56530    0.03107
   2236.01000    1.62235    0.06220    1.60207    0.03836
   2240.25000    1.65371    0.04088    1.64634    0.05357
   2244.78000    1.66636    0.05501    1.65979    0.07962
   2251.12000    1.71458    0.06367    1.50976    0.05495
   2257.76000    1.74526    0.04475    1.66334    0.05637
   2264.32000    1.77396    0.05427    1.64682    0.04003
   2268.66000    1.77251    0.03338    1.61327    0.06768
   2275.37000    1.85786    0.05092    1.63599    0.10529
   2281.96000    1.81446    0.05212    1.63968    0.06944
   2288.69000    1.76985    0.03250    1.55474    0.06254
   2293.47000    1.74570    0.04265    1.60755    0.06456
   2298.85000    1.71961    0.02993    1.66418    0.04932
   2304.92000    1.77829    0.05107    1.54028    0.06135
   2555.86000    1.95434    0.04897    1.68780    0.06032
   2563.07000    1.88340    0.05603    1.77936    0.06421
   2568.11000    2.02313    0.05451    1.76785    0.05610
   2573.72000    1.94579    0.02696    1.69035    0.07555
   2579.83000    1.95170    0.04511    1.70967    0.05705
   2585.07000    2.08900    0.06300    1.82347    0.05864
   2591.13000    1.98624    0.06951    1.75137    0.06141
   2596.65000    1.87664    0.03956    1.89976    0.04099
   2602.03000    1.96373    0.05695    1.86123    0.06347
   2606.75000    1.97387    0.02257    1.78880    0.09156
   2612.29000    1.94821    0.06403    1.73261    0.07445
   2618.61000    2.05453    0.04833    1.81904    0.03817
   2623.86000    1.99364    0.04839    1.87852    0.06140
   2630.60000    1.79794    0.08489    1.73713    0.02642
   2636.09000    1.94158    0.04647    1.75350    0.07101
   2641.27000    1.88652    0.00672    1.64440    0.08912
   2648.35000    1.87276    0.04791    1.75374    0.05118
   2655.19000    1.73951    0.07830    1.80251    0.02897
   2660.38000    1.91061    0.05392    1.76400    0.07660
   2666.98000    1.86795    0.05791    1.74336    0.04934
   2671.97000    1.96782    0.06694    1.74957    0.03935
   2925.94000    1.83182    0.05497    1.75620    0.07180
   2932.20000    1.82019    0.04441    1.73466    0.06810
   2939.28000    1.84477    0.03612    1.75431    0.05403
   2944.95000    1.84944    0.06061    1.60815    0.06267
   2951.95000    1.91341    0.06015    1.56571    0.07593
   2956.92000    1.87561    0.03975    1.62516    0.03615
   2962.85000    1.73937    0.03387    1.74094    0.07610
   2967.93000    1.81930    0.06271    1.68834    0.05210
   2971.71000    1.79360    0.06969    1.63966    0.04729
   2977.00000    1.83013    0.02829    1.73304    0.03502
   2983.91000    1.84572    0.05394    1.66632    0.06205
   2993.16000    1.90865    0.03999    1.69551    0.03793
   2998.28000    1.85797    0.06053    1.68986    0.05686
   3006.23000    1.85321    0.03149    1.65049    0.03116
   3011.18000    1.89035    0.04371    1.66493    0.04887
   3016.80000    1.83289    0.04708    1.68053    0.03885
   3022.48000    1.82280    0.06607    1.58620    0.08676
   3028.88000    1.92470    0.03687    1.58245    0.05290
   3033.94000    1.86975    0.07374    1.74000    0.06812
   3288.37000    1.86300    0.04713    1.74644    0.05102
   3293.77000    1.79089    0.04941    1.76637    0.04827
   3302.16000    1.94396    0.04844    1.77624    0.06303
   3310.33000    1.78693    0.05498    1.75564    0.03802
   3315.94000    1.87705    0.04635    1.67716    0.04338
   3320.18000    1.81544    0.05760    1.66524    0.04355
   3326.54000    1.84537    0.04870    1.52661    0.05937
   3331.08000    1.85343    0.04115    1.64746    0.05116
   3338.54000    1.83199    0.03799    1.65789    0.05540
   3344.72000    1.86461    0.04732    1.81512    0.06899
   3350.07000    1.84223    0.03552    1.72976    0.01106
   3355.51000    1.90112    0.02179    1.71734    0.02135
   3364.06000    1.86551    0.07890    1.68411    0.05621
   3369.28000    1.74255    0.05687    1.75823    0.04302
   3373.72000    1.91667    0.05326    1.70071    0.05348
   3381.32000    1.93808    0.06178    1.78001    0.06332
   3386.88000    1.90125    0.07061    1.78576    0.04191
   3391.48000    1.86373    0.07578    1.67145    0.05943
   3396.71000    1.94307    0.03557    1.78005    0.03200
   3402.60000    1.99603    0.02413    1.78663    0.05871
