## Time Delay Challenge light curves
##
## [time]=days, [lc]=[err]=flux in nanomaggies
##
##       time       lc_A      err_A       lc_B      err_B
##-------------------------------------------------------
      3.05000    2.77804    0.05981    0.93688    0.06674
      8.69000    2.78145    0.04065    0.75587    0.06987
     14.31000    2.81764    0.05796    0.80112    0.03730
     21.48000    3.14153    0.06910    0.73448    0.03784
     29.38000    2.97691    0.05912    0.78419    0.03750
     34.95000    3.10766    0.02542    0.78958    0.05312
     40.46000    2.94971    0.04427    0.89686    0.04312
     45.67000    2.90589    0.05339    0.84336    0.05754
     51.47000    2.99314    0.05310    0.86777    0.02840
     56.94000    3.05188    0.02680    0.80862    0.11178
     62.05000    2.86751    0.06403    0.96721    0.08096
     67.89000    2.81917    0.05546    0.92040    0.04876
     72.56000    2.82865    0.03932    0.84564    0.04798
     79.93000    2.87324    0.04237    0.71467    0.08441
     83.91000    2.84494    0.05915    0.87251    0.06889
     91.02000    2.74886    0.04498    0.86538    0.05951
     96.53000    2.50565    0.06317    0.82428    0.03233
    103.05000    2.52110    0.07544    0.71730    0.04722
    109.25000    2.39238    0.06737    0.79583    0.05672
    114.42000    2.63701    0.06173    0.70096    0.04050
    367.89000    2.59252    0.02251    0.61179    0.04973
    373.43000    2.50008    0.05232    0.72059    0.04076
    379.41000    2.29616    0.07888    0.86556    0.07017
    385.99000    2.44129    0.06974    0.79684    0.05701
    390.53000    2.45333    0.06355    0.75773    0.07996
    397.57000    2.45907    0.06118    0.63363    0.05991
    401.86000    2.51753    0.05694    0.71563    0.04978
    406.61000    2.46642    0.03515    0.70005    0.04540
    412.73000    2.61701    0.05432    0.64042    0.04896
    418.81000    2.60794    0.07300    0.76054    0.02551
    426.11000    2.51825    0.03861    0.68428    0.04398
    430.60000    2.73911    0.04543    0.68796    0.04272
    437.17000    2.60351    0.06108    0.69704    0.04015
    442.54000    2.49171    0.09052    0.72566    0.07835
    446.38000    2.53449    0.06324    0.73643    0.03823
    451.74000    2.47776    0.06137    0.77347    0.09499
    460.04000    2.52939    0.02500    0.75832    0.05798
    466.81000    2.50432    0.05388    0.81069    0.07821
    473.66000    2.52693    0.06632    0.74689    0.07878
    481.20000    2.50926    0.05064    0.86314    0.07026
    730.75000    3.05798    0.06290    0.68809    0.06129
    735.47000    2.81132    0.05324    0.70758    0.04896
    740.58000    2.78280    0.01874    0.76990    0.06300
    746.59000    2.84436    0.04650    0.82574    0.06239
    752.93000    2.76757    0.02923    0.51923    0.06428
    758.82000    2.80333    0.04984    0.82071    0.04269
    762.50000    2.83323    0.06285    0.80090    0.06306
    769.31000    2.63008    0.04881    0.68552    0.08830
    775.30000    2.49384    0.05193    0.68835    0.05375
    781.23000    2.59710    0.08336    0.74995    0.02895
    786.19000    2.43974    0.09499    0.69974    0.04106
    791.61000    2.60349    0.06232    0.73980    0.05368
    796.19000    2.51505    0.05619    0.76474    0.04926
    802.26000    2.61627    0.05186    0.58118    0.06787
    807.97000    2.70126    0.05340    0.77327    0.06503
    813.86000    2.56461    0.05926    0.90337    0.06690
    822.02000    2.62575    0.04436    0.81180    0.03999
    828.09000    2.53926    0.07946    0.71237    0.07545
    834.53000    2.69922    0.05695    0.76251    0.06471
    842.20000    2.69573    0.02241    0.68157    0.05358
    847.53000    2.70217    0.04934    0.72873    0.02826
   1097.48000    2.54385    0.04474    0.68552    0.04611
   1102.96000    2.47149    0.03182    0.74705    0.04829
   1108.24000    2.57421    0.05841    0.70474    0.05092
   1115.00000    2.49811    0.03461    0.65969    0.06473
   1121.49000    2.74985    0.07160    0.70641    0.06110
   1127.54000    2.97396    0.07707    0.72171    0.03707
   1133.05000    2.89670    0.05537    0.80986    0.04009
   1139.86000    2.97424    0.05448    0.79904    0.02858
   1146.80000    2.83030    0.04548    0.80299    0.04487
   1151.76000    2.98171    0.06419    0.80362    0.02190
   1158.78000    2.79369    0.04850    0.79805    0.06060
   1163.77000    2.95323    0.07010    0.76230    0.08640
   1170.30000    2.68656    0.04223    0.80667    0.06879
   1177.54000    2.55609    0.04105    0.83776    0.02980
   1182.62000    2.54229    0.03585    0.71163    0.05314
   1188.88000    2.31759    0.04047    0.69393    0.07390
   1195.38000    2.45110    0.05099    0.65813    0.03796
   1200.94000    2.44543    0.06195    0.62460    0.03903
   1205.95000    2.29155    0.06718    0.69849    0.01985
   1212.70000    2.46493    0.06706    0.68362    0.01525
   1464.38000    3.23107    0.03198    0.91395    0.04664
   1470.65000    3.31743    0.05883    1.03142    0.06547
   1475.72000    3.39500    0.02745    0.92377    0.02359
   1482.56000    3.23340    0.04578    0.94293    0.01486
   1489.30000    3.52078    0.04235    0.96269    0.06432
   1495.29000    3.50854    0.07778    0.96271    0.07130
   1500.77000    3.45362    0.02684    1.02861    0.05502
   1506.95000    3.27897    0.01961    1.02500    0.06210
   1512.83000    3.07350    0.05407    0.88802    0.04394
   1520.86000    3.03877    0.04553    0.87614    0.05729
   1526.39000    2.77843    0.08398    0.85823    0.06371
   1532.21000    2.75280    0.08329    0.79451    0.06334
   1538.91000    2.68232    0.07065    0.76140    0.06421
   1545.15000    2.82686    0.05743    0.70747    0.06387
   1553.93000    2.91392    0.05115    0.83796    0.10150
   1561.36000    2.86697    0.01760    0.89819    0.08588
   1567.06000    2.91749    0.07425    0.78562    0.05897
   1574.22000    2.73246    0.04707    0.74676    0.04603
   1830.97000    2.78180    0.03502    0.77680    0.04146
   1838.43000    2.79558    0.00886    0.72629    0.04084
   1843.96000    2.82226    0.03658    0.77584    0.05956
   1850.36000    2.74912    0.05178    0.86978    0.06017
   1856.14000    2.77085    0.04712    0.79929    0.05772
   1860.96000    2.72048    0.06300    0.80007    0.04351
   1867.86000    2.72202    0.06601    0.72233    0.05947
   1873.32000    2.71421    0.03363    0.72302    0.08289
   1880.45000    2.58700    0.03497    0.74812    0.05253
   1885.32000    2.62846    0.04503    0.73600    0.04105
   1890.02000    2.77151    0.04178    0.69052    0.07379
   1895.63000    2.59589    0.05324    0.72781    0.04584
   1900.79000    2.61813    0.05098    0.73643    0.02102
   1906.36000    2.52048    0.06110    0.63041    0.03921
   1911.08000    2.54343    0.06402    0.69337    0.02371
   1919.06000    2.47011    0.04142    0.65317    0.04782
   1924.13000    2.49864    0.06092    0.64351    0.05554
   1928.88000    2.59764    0.07275    0.66446    0.04713
   1935.78000    2.76533    0.06959    0.62854    0.06089
   1941.11000    2.79223    0.07710    0.75935    0.02857
   2194.69000    2.85757    0.04546    0.77198    0.04890
   2200.05000    2.89873    0.06284    0.83488    0.04221
   2205.53000    2.67534    0.06345    0.71960    0.06308
   2212.75000    2.86036    0.07445    0.73186    0.04809
   2217.79000    3.11482    0.04252    0.86720    0.04337
   2222.72000    3.04143    0.04312    0.90158    0.05982
   2228.82000    2.79543    0.05051    0.86592    0.05982
   2234.13000    2.95444    0.05803    0.85284    0.04615
   2240.75000    2.89630    0.04167    0.75032    0.05708
   2246.93000    2.91290    0.06144    0.97679    0.07771
   2252.41000    2.85256    0.05724    0.79403    0.03224
   2259.62000    2.81902    0.02405    0.80127    0.03121
   2265.03000    2.81619    0.07147    0.85929    0.06257
   2270.21000    3.02851    0.04742    0.78292    0.04620
   2275.93000    2.84490    0.07654    0.84508    0.06764
   2281.87000    2.89119    0.02965    0.66862    0.07651
   2288.42000    2.84525    0.04374    0.75743    0.04857
   2294.56000    2.82794    0.05238    0.77575    0.06638
   2300.69000    2.96353    0.04707    0.78324    0.05006
   2306.66000    2.85120    0.04407    0.80570    0.05315
   2557.87000    2.64758    0.04425    0.79504    0.05378
   2564.31000    2.86234    0.03623    0.83101    0.05715
   2570.23000    2.77771    0.06175    0.78305    0.05669
   2575.93000    2.91934    0.03536    0.84238    0.05362
   2583.05000    3.11916    0.07753    0.80140    0.05664
   2588.33000    2.94152    0.05585    0.83295    0.03632
   2592.03000    2.89930    0.05279    0.85653    0.02922
   2597.42000    2.94962    0.04221    0.77367    0.08148
   2602.88000    2.91852    0.05237    0.88786    0.04802
   2609.12000    2.97315    0.04545    0.86196    0.01156
   2615.33000    2.94972    0.05207    0.80706    0.03258
   2621.50000    2.92072    0.06826    0.84530    0.04606
   2627.93000    2.88581    0.05719    0.79399    0.05075
   2633.25000    2.94160    0.04272    0.73795    0.05563
   2639.85000    2.94229    0.03687    0.80757    0.03908
   2643.49000    2.83449    0.04245    0.86748    0.05241
   2649.59000    2.89678    0.05563    0.79532    0.07620
   2655.79000    2.87864    0.06218    0.89318    0.04989
   2663.03000    2.76328    0.03836    0.76958    0.04720
   2669.70000    2.59126    0.05337    0.85957    0.05615
   2924.30000    2.38760    0.08154    0.82945    0.04633
   2928.72000    2.42266    0.04931    0.63294    0.04696
   2933.42000    2.35662    0.06637    0.73790    0.06042
   2938.85000    2.45756    0.07979    0.70665    0.06158
   2945.13000    2.48854    0.04531    0.75557    0.08291
   2951.36000    2.33511    0.05176    0.66078    0.05304
   2958.38000    2.32400    0.04477    0.63880    0.04703
   2962.95000    2.39942    0.06278    0.55283    0.06567
   2968.34000    2.42400    0.05805    0.69743    0.05160
   2973.92000    2.21895    0.05990    0.65474    0.06018
   2980.19000    2.19185    0.05270    0.71010    0.05941
   2986.53000    2.27011    0.06948    0.67233    0.05192
   2992.02000    2.33384    0.04738    0.62104    0.05008
   2998.07000    2.28224    0.08852    0.56825    0.04069
   3005.47000    2.26137    0.03919    0.61394    0.05245
   3012.14000    2.36262    0.04964    0.56620    0.04130
   3016.51000    2.20422    0.07607    0.60357    0.05606
   3023.85000    2.36357    0.04416    0.67497    0.06533
   3028.73000    2.41856    0.04880    0.63928    0.05471
   3033.71000    2.53522    0.04756    0.61649    0.02843
   3038.85000    2.25796    0.04118    0.71926    0.06331
   3287.44000    2.98591    0.04597    0.79579    0.05850
   3292.42000    2.96769    0.03650    0.85977    0.05569
   3297.91000    2.82050    0.05069    0.91768    0.05170
   3303.99000    2.64316    0.05297    0.77912    0.05129
   3309.49000    2.77052    0.04987    0.72191    0.05571
   3315.21000    2.79050    0.06464    0.73712    0.04601
   3321.85000    2.81110    0.03614    0.80225    0.03207
   3325.92000    2.74291    0.05975    0.74013    0.05530
   3333.43000    2.72157    0.03985    0.75841    0.07957
   3340.23000    2.60258    0.02859    0.87415    0.06353
   3346.06000    2.70013    0.02900    0.87778    0.05008
   3352.68000    2.73452    0.06541    0.70700    0.03310
   3359.77000    2.80718    0.06118    0.69250    0.06976
   3364.95000    2.77593    0.05180    0.80255    0.02339
   3370.87000    2.91552    0.05955    0.72930    0.03410
   3375.43000    2.86395    0.06626    0.77498    0.05919
   3381.44000    2.95910    0.06833    0.78819    0.06053
   3388.18000    2.83851    0.06098    0.79492    0.05681
   3394.18000    2.70905    0.06069    0.77737    0.04526
   3397.29000    2.82911    0.04453    0.79234    0.03387
   3401.64000    2.54068    0.07773    0.67945    0.05323
