## Time Delay Challenge light curves
##
## [time]=days, [lc]=[err]=flux in nanomaggies
##
##       time       lc_A      err_A       lc_B      err_B
##-------------------------------------------------------
      7.22000    2.59313    0.04990    2.57087    0.03493
     13.35000    2.54135    0.05468    2.57305    0.03286
     19.74000    2.50842    0.04557    2.58237    0.04308
     25.15000    2.54725    0.03597    2.50189    0.01237
     30.84000    2.61813    0.06924    2.49248    0.04426
     38.48000    2.49867    0.06593    2.50246    0.04664
     43.29000    2.51104    0.04520    2.50310    0.05419
     49.07000    2.45422    0.04802    2.45383    0.02921
     56.94000    2.44408    0.05012    2.40382    0.04780
     61.19000    2.56600    0.04437    2.43578    0.03597
     67.10000    2.42143    0.02113    2.46698    0.03769
     71.76000    2.35663    0.06169    2.46336    0.02729
     77.14000    2.30841    0.06123    2.36544    0.04411
     82.08000    2.28923    0.05789    2.34956    0.09128
     87.63000    2.30738    0.03378    2.38496    0.05732
     91.79000    2.35827    0.04507    2.36295    0.05857
     99.71000    2.34247    0.05584    2.28197    0.04093
    104.02000    2.18968    0.07687    2.20001    0.05041
    109.20000    2.26040    0.04346    2.32588    0.07816
    112.58000    2.22483    0.05413    2.30278    0.07366
    117.46000    2.25643    0.05600    2.22581    0.04977
    368.68000    2.44523    0.03712    2.34849    0.04969
    375.01000    2.44991    0.07982    2.29554    0.08032
    380.79000    2.44838    0.03993    2.48725    0.06479
    387.10000    2.54750    0.04707    2.36520    0.05580
    390.60000    2.42990    0.03862    2.29157    0.06808
    398.28000    2.41737    0.05334    2.41672    0.05991
    404.42000    2.47945    0.08162    2.39693    0.04827
    410.42000    2.53812    0.04016    2.41922    0.02177
    414.37000    2.48293    0.03753    2.51951    0.08195
    421.32000    2.47234    0.04788    2.40629    0.02411
    427.10000    2.51865    0.04623    2.46175    0.01754
    432.43000    2.60577    0.05084    2.49567    0.04267
    437.97000    2.69579    0.09125    2.49077    0.07401
    443.97000    2.64796    0.05032    2.43493    0.05351
    450.35000    2.64438    0.04535    2.62921    0.07246
    457.46000    2.63545    0.04994    2.50113    0.05719
    463.83000    2.65572    0.05098    2.60891    0.01299
    470.76000    2.58301    0.07056    2.57144    0.07631
    477.60000    2.68046    0.07146    2.61267    0.08180
    484.34000    2.69959    0.03768    2.57632    0.09065
    735.06000    2.56246    0.04379    2.66085    0.04488
    741.44000    2.52609    0.07665    2.67530    0.06274
    746.75000    2.54591    0.04167    2.61721    0.04448
    751.93000    2.51317    0.03854    2.66381    0.05476
    758.29000    2.20773    0.09190    2.54512    0.05166
    764.22000    2.50626    0.04893    2.63258    0.05820
    770.79000    2.49347    0.05975    2.60527    0.06141
    776.46000    2.43979    0.05903    2.59564    0.03601
    782.20000    2.39748    0.04188    2.60316    0.06539
    786.92000    2.41456    0.06632    2.65052    0.08300
    792.86000    2.37472    0.05719    2.56798    0.02199
    798.32000    2.29604    0.05386    2.56021    0.06791
    802.51000    2.40020    0.05548    2.54350    0.05662
    807.17000    2.44656    0.07275    2.46629    0.04297
    812.50000    2.39791    0.03347    2.53851    0.07701
    817.89000    2.40935    0.04621    2.42334    0.05574
    825.83000    2.25797    0.05885    2.31931    0.04982
    829.90000    2.45977    0.04705    2.33526    0.07999
    835.42000    2.35478    0.05077    2.41158    0.04160
    841.91000    2.41700    0.03679    2.55600    0.05348
    848.67000    2.31215    0.05582    2.45906    0.05380
   1099.95000    2.43210    0.05524    2.31855    0.07288
   1105.99000    2.34637    0.05408    2.58541    0.06442
   1113.84000    2.38200    0.06252    2.57436    0.02720
   1119.81000    2.21458    0.05207    2.53788    0.03122
   1126.84000    2.31230    0.01316    2.51980    0.03918
   1134.13000    2.16199    0.07180    2.39454    0.07185
   1138.83000    2.31825    0.03449    2.43921    0.03830
   1142.92000    2.41049    0.04903    2.47850    0.03606
   1148.43000    2.25561    0.05250    2.47248    0.03975
   1154.25000    2.35117    0.04351    2.46403    0.06270
   1161.35000    2.35971    0.04874    2.50578    0.04580
   1167.45000    2.23718    0.05090    2.43445    0.01673
   1173.66000    2.33836    0.03516    2.44935    0.07204
   1179.23000    2.32473    0.03758    2.36006    0.05819
   1186.07000    2.40043    0.06112    2.39650    0.04334
   1192.17000    2.30437    0.03724    2.42316    0.04470
   1198.42000    2.31303    0.02349    2.41894    0.04558
   1205.15000    2.40692    0.05543    2.35239    0.06136
   1210.91000    2.29214    0.04223    2.36705    0.04924
   1460.69000    2.37258    0.07121    2.53659    0.04825
   1467.01000    2.30852    0.03918    2.41448    0.04887
   1472.76000    2.37877    0.07688    2.44824    0.04565
   1480.98000    2.31291    0.08458    2.51193    0.03436
   1487.10000    2.35423    0.03779    2.51588    0.05101
   1490.48000    2.27855    0.05151    2.43155    0.06612
   1497.59000    2.35868    0.02965    2.50121    0.04804
   1503.56000    2.38533    0.07489    2.47839    0.03771
   1510.78000    2.37263    0.06283    2.44902    0.05592
   1517.48000    2.38835    0.05225    2.54100    0.07554
   1523.55000    2.36782    0.05091    2.50562    0.03583
   1529.29000    2.25269    0.07191    2.47436    0.04026
   1533.35000    2.34416    0.05230    2.40183    0.04130
   1539.69000    2.18990    0.06862    2.45521    0.04895
   1545.11000    2.20477    0.05848    2.46619    0.05075
   1551.65000    2.19838    0.06002    2.48837    0.06003
   1557.68000    2.27699    0.04588    2.49127    0.07030
   1563.38000    2.20965    0.03045    2.47580    0.04642
   1571.24000    2.21624    0.02659    2.47031    0.04495
   1577.15000    2.19585    0.06222    2.44417    0.05813
   1825.92000    2.72980    0.02509    2.90302    0.04637
   1832.18000    2.88108    0.01790    2.86166    0.04800
   1838.97000    2.87137    0.07486    2.98946    0.02927
   1844.78000    2.86318    0.05499    3.02345    0.06846
   1850.17000    2.98813    0.03738    3.08902    0.04245
   1855.09000    2.89666    0.06756    2.96681    0.07149
   1859.24000    2.82244    0.06418    3.10893    0.07036
   1865.86000    2.94050    0.05562    3.14080    0.05375
   1872.62000    2.86016    0.04639    3.13124    0.04162
   1879.14000    2.98248    0.03474    3.08153    0.03234
   1886.12000    2.96376    0.06894    3.16043    0.03216
   1891.06000    2.87540    0.05075    3.09740    0.03846
   1897.65000    2.76597    0.04843    3.14338    0.07478
   1902.21000    2.68870    0.06740    3.11860    0.02998
   1907.20000    2.71792    0.05490    2.85219    0.07039
   1913.44000    2.65660    0.00813    3.03252    0.07590
   1920.54000    2.65976    0.04024    3.02299    0.04762
   1926.86000    2.72527    0.05658    2.79971    0.05540
   1932.76000    2.67987    0.05710    2.85202    0.04427
   1936.91000    2.72448    0.05927    2.84638    0.04358
   1943.51000    2.68347    0.07981    2.91659    0.02684
   2190.34000    2.71220    0.02746    3.05885    0.08454
   2197.51000    2.70797    0.04549    3.02055    0.05385
   2203.45000    2.71524    0.03697    2.89924    0.07151
   2209.39000    2.78144    0.03868    2.89542    0.04310
   2216.70000    2.76595    0.05473    3.03282    0.04378
   2223.76000    2.78830    0.05461    3.04713    0.03172
   2229.45000    2.78161    0.03145    3.06544    0.07126
   2235.02000    2.74393    0.05450    2.98817    0.08549
   2242.11000    2.67761    0.04646    2.92406    0.05655
   2247.08000    2.79563    0.05747    2.98088    0.05470
   2252.54000    2.71762    0.05085    3.00520    0.02785
   2258.90000    2.74331    0.03502    3.00820    0.06236
   2265.52000    2.80982    0.05347    2.98868    0.03766
   2268.84000    2.59902    0.06401    3.10592    0.04474
   2276.71000    2.62501    0.04004    2.99938    0.03987
   2282.83000    2.59306    0.06615    2.90262    0.04391
   2287.37000    2.64325    0.02826    2.96056    0.07529
   2293.60000    2.68976    0.05413    2.99653    0.05057
   2300.45000    2.62595    0.04758    2.84089    0.03576
   2305.94000    2.65080    0.04223    2.84063    0.05879
   2557.23000    2.32335    0.04286    2.61519    0.06752
   2562.58000    2.27109    0.04097    2.63339    0.07213
   2568.33000    2.19596    0.06744    2.59776    0.09291
   2574.82000    2.27948    0.02778    2.42784    0.08597
   2580.72000    2.26899    0.05434    2.60487    0.08507
   2587.51000    2.16342    0.07651    2.47608    0.04606
   2592.20000    2.22309    0.04313    2.51733    0.04200
   2598.12000    2.26246    0.02142    2.56345    0.06384
   2604.71000    2.24096    0.05485    2.40676    0.04171
   2611.15000    2.40915    0.04623    2.64755    0.06659
   2617.15000    2.39682    0.06019    2.57713    0.04746
   2622.41000    2.37686    0.04305    2.60043    0.07050
   2629.15000    2.43713    0.04993    2.70306    0.06741
   2634.08000    2.43951    0.05390    2.59861    0.01954
   2641.21000    2.27216    0.02631    2.54934    0.03434
   2646.90000    2.38546    0.06894    2.57271    0.03831
   2654.48000    2.37582    0.04458    2.62093    0.04954
   2659.95000    2.38114    0.05433    2.61978    0.03408
   2665.91000    2.25341    0.07499    2.60969    0.04794
   2671.02000    2.31586    0.07556    2.62090    0.04329
   2923.50000    2.41602    0.04879    2.71542    0.03682
   2929.32000    2.47290    0.08528    2.77667    0.04045
   2937.10000    2.37734    0.06218    2.65402    0.06897
   2943.74000    2.38958    0.06739    2.61791    0.06793
   2949.17000    2.37251    0.06508    2.62962    0.01044
   2955.58000    2.36597    0.02832    2.76999    0.05655
   2963.10000    2.50299    0.06824    2.72460    0.05626
   2967.43000    2.52329    0.06604    2.60789    0.04113
   2975.11000    2.36342    0.04096    2.69713    0.03741
   2980.25000    2.46495    0.03244    2.73577    0.03038
   2987.98000    2.47818    0.04293    2.72929    0.02736
   2992.89000    2.49100    0.04953    2.79075    0.06212
   2998.69000    2.40567    0.04127    2.71439    0.01100
   3006.76000    2.39384    0.05107    2.68875    0.04069
   3012.05000    2.36744    0.07181    2.70247    0.05961
   3018.21000    2.28282    0.06147    2.66971    0.07207
   3023.34000    2.37704    0.05621    2.61677    0.07276
   3028.90000    2.45037    0.03894    2.55298    0.02825
   3034.04000    2.47778    0.04317    2.58374    0.06901
   3290.83000    2.52029    0.03415    2.86192    0.04728
   3297.25000    2.56958    0.05374    2.87495    0.03242
   3304.33000    2.60207    0.04241    2.93955    0.04600
   3311.03000    2.70528    0.03555    3.03543    0.05439
   3316.48000    2.61657    0.05954    3.07538    0.06261
   3320.35000    2.69186    0.06458    3.00089    0.05223
   3327.75000    2.55235    0.06007    2.92632    0.05180
   3334.83000    2.43578    0.02039    3.02123    0.05703
   3341.45000    2.47773    0.03792    2.95926    0.06343
   3347.35000    2.47293    0.02822    2.83937    0.06626
   3352.76000    2.52354    0.06142    2.85676    0.06834
   3357.55000    2.48241    0.05809    2.73526    0.06100
   3361.32000    2.60275    0.06179    2.82496    0.04383
   3366.82000    2.56956    0.05322    2.87847    0.05157
   3374.12000    2.49614    0.06310    2.78929    0.04171
   3379.91000    2.49740    0.02339    2.67764    0.07089
   3384.83000    2.50854    0.05177    2.78910    0.04788
   3391.01000    2.45362    0.03983    2.74557    0.06934
   3396.60000    2.48426    0.04608    2.83347    0.06810
   3403.28000    2.63132    0.06198    2.64546    0.05823
