## Time Delay Challenge light curves
##
## [time]=days, [lc]=[err]=flux in nanomaggies
##
##       time       lc_A      err_A       lc_B      err_B
##-------------------------------------------------------
      6.49000    1.17373    0.04595    0.47659    0.06173
     12.27000    1.16722    0.03084    0.50881    0.05565
     17.68000    1.18536    0.03032    0.37932    0.04357
     25.02000    1.12192    0.04447    0.45637    0.07458
     30.67000    1.31836    0.05082    0.37853    0.06931
     36.80000    1.21742    0.06472    0.44927    0.05654
     42.53000    1.14650    0.02785    0.38983    0.02699
     49.81000    1.19767    0.06034    0.48434    0.05422
     56.06000    1.20555    0.05228    0.36982    0.02598
     61.90000    1.20220    0.05436    0.44594    0.04027
     66.92000    1.15433    0.04212    0.46525    0.05146
     74.21000    1.08079    0.06789    0.41789    0.02995
     80.80000    1.06171    0.07723    0.42913    0.04935
     87.48000    1.12036    0.06870    0.38591    0.08811
     94.92000    1.11641    0.01258    0.43464    0.04392
    101.74000    1.13252    0.07231    0.43669    0.04034
    107.72000    1.05496    0.05742    0.39653    0.02635
    113.64000    1.08792    0.05197    0.39035    0.02502
    117.45000    1.13282    0.06661    0.42845    0.03886
    365.26000    1.06115    0.06521    0.46948    0.07057
    371.84000    1.08846    0.04255    0.41848    0.05593
    379.24000    1.08110    0.04851    0.36801    0.05640
    384.02000    1.02995    0.04317    0.36232    0.05565
    389.54000    1.00444    0.03694    0.34271    0.06430
    395.26000    0.92016    0.07434    0.41734    0.07886
    402.89000    1.09200    0.07199    0.43304    0.04219
    409.40000    1.06431    0.03979    0.44327    0.05397
    414.43000    0.96810    0.04774    0.31679    0.04210
    420.85000    0.98483    0.04954    0.45702    0.06582
    426.58000    1.14752    0.05098    0.39509    0.05551
    432.50000    1.09511    0.05594    0.40285    0.05504
    438.50000    1.00393    0.05313    0.37586    0.06371
    445.11000    1.05678    0.03375    0.45986    0.05602
    449.77000    1.10346    0.06734    0.30191    0.05414
    456.52000    0.96276    0.05585    0.34978    0.04011
    461.28000    0.91227    0.05122    0.35892    0.05032
    465.79000    1.06329    0.02656    0.45020    0.05469
    471.53000    0.97544    0.08542    0.45604    0.07076
    478.40000    1.02381    0.05585    0.41569    0.08455
    483.94000    1.10986    0.05430    0.26519    0.06796
    731.73000    1.18164    0.06643    0.27828    0.07180
    738.07000    1.15874    0.04149    0.45939    0.06516
    746.53000    1.17997    0.04489    0.46391    0.06261
    753.26000    1.14910    0.04590    0.46538    0.06885
    758.08000    1.14200    0.05025    0.38502    0.04590
    764.20000    1.29060    0.06149    0.44986    0.07159
    769.74000    1.26312    0.07716    0.39577    0.03371
    774.79000    1.33615    0.05606    0.47498    0.06672
    779.80000    1.42262    0.05890    0.39471    0.05756
    785.55000    1.32828    0.06197    0.49961    0.05236
    792.49000    1.28663    0.03698    0.45113    0.05432
    798.71000    1.29430    0.07133    0.37795    0.04712
    803.85000    1.22889    0.04649    0.45667    0.01846
    810.65000    1.31201    0.05122    0.45911    0.04662
    816.79000    1.34235    0.04190    0.45755    0.05946
    823.84000    1.32902    0.06448    0.36376    0.05781
    829.32000    1.27624    0.06458    0.38974    0.05885
    835.65000    1.29972    0.01750    0.46271    0.05794
    841.52000    1.26129    0.04201    0.49666    0.05851
    848.40000    1.21971    0.07993    0.45496    0.03947
   1097.86000    1.33868    0.04778    0.47933    0.04812
   1103.88000    1.42813    0.06755    0.46844    0.03095
   1110.02000    1.38079    0.04788    0.62950    0.06926
   1114.39000    1.36637    0.06375    0.41335    0.03445
   1121.28000    1.32504    0.04378    0.47962    0.02189
   1129.05000    1.35813    0.00581    0.43962    0.03677
   1133.34000    1.35646    0.03749    0.44761    0.05959
   1139.39000    1.45235    0.05210    0.46740    0.07868
   1144.92000    1.37824    0.05205    0.41178    0.04491
   1151.79000    1.45881    0.06210    0.48137    0.04993
   1157.62000    1.46387    0.05146    0.46742    0.03781
   1164.05000    1.49893    0.03003    0.47723    0.03968
   1169.16000    1.61511    0.05101    0.36043    0.05386
   1175.43000    1.57977    0.04295    0.50412    0.04956
   1181.83000    1.57709    0.03858    0.51755    0.03185
   1186.23000    1.64258    0.04653    0.40217    0.06928
   1192.13000    1.43771    0.07003    0.58059    0.04210
   1196.78000    1.55963    0.04272    0.51464    0.06057
   1202.34000    1.52860    0.03687    0.62449    0.05451
   1209.26000    1.48165    0.03796    0.59404    0.04492
   1460.56000    1.37847    0.01643    0.42608    0.04379
   1466.94000    1.37186    0.04320    0.46762    0.04230
   1473.96000    1.42608    0.03091    0.53218    0.08599
   1479.24000    1.43306    0.03933    0.51937    0.05344
   1487.30000    1.35855    0.03014    0.44279    0.05305
   1493.24000    1.36749    0.03792    0.53002    0.04759
   1499.30000    1.30169    0.03487    0.47406    0.03069
   1505.41000    1.40877    0.04669    0.42648    0.04298
   1511.49000    1.35816    0.02714    0.50286    0.04797
   1516.56000    1.28334    0.04605    0.47793    0.04575
   1520.45000    1.36808    0.07748    0.45158    0.04565
   1527.74000    1.43071    0.05832    0.44292    0.03651
   1532.77000    1.42963    0.03676    0.46200    0.05417
   1539.83000    1.23337    0.07129    0.50198    0.06975
   1545.75000    1.30777    0.07660    0.42981    0.05213
   1552.00000    1.35087    0.05097    0.46568    0.05108
   1557.00000    1.29515    0.05664    0.50061    0.04097
   1561.44000    1.38880    0.07874    0.40778    0.06806
   1568.20000    1.28784    0.03027    0.52419    0.05209
   1573.95000    1.33237    0.06258    0.49512    0.05819
   1830.03000    1.33611    0.06184    0.44979    0.03945
   1836.18000    1.28904    0.04372    0.45748    0.04968
   1841.88000    1.28694    0.01544    0.42815    0.07841
   1848.66000    1.40887    0.06246    0.41076    0.04596
   1855.94000    1.27541    0.05244    0.46735    0.06485
   1862.34000    1.32200    0.04948    0.44868    0.04472
   1868.61000    1.34526    0.05588    0.44404    0.04435
   1873.81000    1.35768    0.04531    0.46949    0.05038
   1878.81000    1.30319    0.06051    0.39278    0.06989
   1885.13000    1.20486    0.07027    0.49332    0.04960
   1889.85000    1.33178    0.05985    0.40886    0.05471
   1894.90000    1.33407    0.05757    0.31457    0.06374
   1900.06000    1.25159    0.07001    0.46679    0.03771
   1904.41000    1.40809    0.06137    0.51141    0.05548
   1911.07000    1.28487    0.05024    0.42956    0.06975
   1916.73000    1.34990    0.06247    0.45409    0.03296
   1924.16000    1.35756    0.06441    0.48050    0.03189
   1929.13000    1.27506    0.04898    0.46378    0.07064
   1934.16000    1.31113    0.04806    0.45321    0.07160
   1940.71000    1.54236    0.08277    0.48786    0.04129
   2193.99000    1.38134    0.06671    0.49331    0.03391
   2198.56000    1.39634    0.04681    0.52523    0.04544
   2204.56000    1.29768    0.05509    0.36406    0.08173
   2210.85000    1.56033    0.06914    0.51665    0.06637
   2216.38000    1.17461    0.05126    0.48176    0.04969
   2223.53000    1.26827    0.04580    0.47802    0.04486
   2230.81000    1.21126    0.05929    0.58209    0.07525
   2235.25000    1.20277    0.06605    0.45569    0.01965
   2243.36000    1.29759    0.04790    0.44879    0.06087
   2250.37000    1.23640    0.04509    0.40782    0.06598
   2257.29000    1.28839    0.07091    0.39022    0.06742
   2263.65000    1.24370    0.09382    0.44294    0.02032
   2267.68000    1.12210    0.05644    0.38424    0.06240
   2273.42000    1.20074    0.06136    0.42978    0.04737
   2278.55000    1.19536    0.03758    0.44974    0.06490
   2283.69000    1.17323    0.03789    0.39953    0.04873
   2292.61000    1.19768    0.05056    0.44155    0.03907
   2299.90000    1.12934    0.05596    0.45107    0.03530
   2306.90000    1.16462    0.08381    0.45878    0.02964
   2555.46000    1.12633    0.04660    0.35131    0.05828
   2560.82000    1.17329    0.06837    0.46686    0.07727
   2566.43000    1.23230    0.06734    0.42995    0.06550
   2571.54000    1.24303    0.06298    0.29159    0.06735
   2578.09000    1.13704    0.03018    0.40799    0.05744
   2584.42000    1.09329    0.02625    0.37811    0.03773
   2590.05000    1.13352    0.06712    0.42332    0.05305
   2593.96000    1.13929    0.07671    0.24950    0.06457
   2599.84000    1.11628    0.05098    0.41281    0.02395
   2605.60000    1.11154    0.05151    0.38304    0.04619
   2612.93000    1.21454    0.05596    0.41773    0.05807
   2618.68000    1.20318    0.05974    0.36577    0.04102
   2625.45000    1.16897    0.04855    0.36840    0.04815
   2632.35000    1.16307    0.05256    0.38100    0.05639
   2641.19000    1.07596    0.05164    0.38538    0.05256
   2647.61000    1.15400    0.01725    0.37607    0.04685
   2654.84000    1.04474    0.04330    0.44370    0.07759
   2660.98000    1.09134    0.04355    0.37032    0.04876
   2667.79000    1.06749    0.04435    0.34758    0.04961
   2673.81000    1.06755    0.06479    0.45135    0.06553
   2921.32000    1.18712    0.01413    0.36387    0.06097
   2926.22000    1.08107    0.07437    0.49473    0.05802
   2931.93000    1.15270    0.04177    0.56541    0.07594
   2939.14000    1.19050    0.06152    0.48924    0.04582
   2945.18000    1.28437    0.04855    0.43243    0.06720
   2951.95000    1.15500    0.08442    0.38847    0.05022
   2958.76000    1.26615    0.02995    0.47698    0.04644
   2963.89000    1.22641    0.03975    0.29254    0.05174
   2969.54000    1.19215    0.02316    0.40765    0.06157
   2973.87000    1.08286    0.07072    0.24759    0.07204
   2980.18000    1.25978    0.04708    0.36847    0.04926
   2985.65000    1.20178    0.04630    0.43161    0.07853
   2992.47000    1.23777    0.03661    0.50485    0.05857
   2999.53000    1.20608    0.03807    0.40161    0.05388
   3006.13000    1.17974    0.08222    0.42547    0.07247
   3011.68000    1.20960    0.06124    0.43070    0.02489
   3019.06000    1.20709    0.06519    0.54567    0.08762
   3024.28000    1.17234    0.02425    0.50968    0.05337
   3029.31000    1.25540    0.06869    0.44829    0.03446
   3036.06000    1.07908    0.07953    0.41923    0.05238
   3287.90000    1.51978    0.06344    0.49412    0.04398
   3293.27000    1.43685    0.03974    0.45499    0.01307
   3298.11000    1.53562    0.08806    0.49789    0.04758
   3304.63000    1.43774    0.04950    0.50335    0.05614
   3310.21000    1.51100    0.06039    0.55881    0.05796
   3317.20000    1.53861    0.04322    0.41808    0.06623
   3324.71000    1.53436    0.04139    0.45949    0.04051
   3333.48000    1.44641    0.08881    0.34886    0.06746
   3338.48000    1.48376    0.04272    0.47714    0.03527
   3345.48000    1.36868    0.05665    0.52448    0.04453
   3351.68000    1.47474    0.07269    0.54966    0.04607
   3357.36000    1.47980    0.05713    0.42798    0.08881
   3362.60000    1.36144    0.08129    0.44534    0.04883
   3368.51000    1.48152    0.05241    0.66441    0.08395
   3374.20000    1.44991    0.05313    0.47959    0.02438
   3382.10000    1.48297    0.05548    0.58585    0.04258
   3389.14000    1.50082    0.07816    0.46482    0.07106
   3395.15000    1.46465    0.05269    0.50904    0.03448
   3400.48000    1.47218    0.07070    0.46206    0.04181
   3404.57000    1.36293    0.04884    0.62178    0.06516
