## Time Delay Challenge light curves
##
## [time]=days, [lc]=[err]=flux in nanomaggies
##
##       time       lc_A      err_A       lc_B      err_B
##-------------------------------------------------------
      5.66000    1.12274    0.04969    0.31334    0.05918
     13.06000    1.25918    0.04016    0.47609    0.02871
     19.29000    1.30716    0.03912    0.62316    0.05920
     25.09000    1.29850    0.05065    0.40862    0.11526
     30.26000    1.24737    0.05704    0.59014    0.07316
     36.91000    1.10364    0.03588    0.53089    0.02912
     44.51000    1.13316    0.05858    0.45231    0.04722
     49.97000    1.31760    0.06507    0.42173    0.02742
     56.53000    1.21066    0.06901    0.55767    0.04547
     62.89000    1.27796    0.03681    0.57791    0.05086
     69.96000    1.48740    0.05039    0.56752    0.03886
     74.95000    1.48482    0.01986    0.59555    0.07311
     80.78000    1.60945    0.04075    0.51667    0.03374
     87.80000    1.32408    0.06651    0.64742    0.05738
     94.08000    1.39453    0.06592    0.42064    0.06433
    100.23000    1.31611    0.05502    0.57204    0.04224
    105.25000    1.25934    0.02476    0.48495    0.05095
    111.72000    1.32603    0.03522    0.51694    0.03445
    116.16000    1.41260    0.06603    0.55481    0.08304
    367.58000    1.24487    0.04667    0.48623    0.04280
    374.31000    1.06780    0.04810    0.55542    0.02792
    381.01000    1.09074    0.05123    0.45960    0.03860
    385.95000    1.09650    0.03405    0.41829    0.07080
    393.62000    1.09095    0.05666    0.41299    0.02391
    399.71000    1.11634    0.05571    0.46866    0.07167
    406.93000    1.09552    0.04681    0.43183    0.04375
    413.92000    1.13929    0.06831    0.47479    0.04287
    420.24000    1.06124    0.03706    0.47354    0.04255
    426.08000    1.14568    0.04206    0.44959    0.05451
    431.25000    1.03035    0.06161    0.42178    0.06703
    435.28000    1.02524    0.06005    0.51132    0.07450
    440.37000    1.18012    0.05264    0.35596    0.06141
    446.72000    0.99512    0.02153    0.38011    0.04722
    452.98000    1.01926    0.07138    0.29380    0.05024
    457.48000    1.11459    0.05705    0.40709    0.05008
    462.66000    1.07755    0.03550    0.39551    0.05621
    470.26000    1.10760    0.05810    0.46782    0.05705
    475.86000    1.04071    0.04646    0.50653    0.05529
    481.26000    1.13156    0.05132    0.29176    0.04737
    732.89000    1.34075    0.08144    0.51217    0.04430
    741.01000    1.34152    0.02362    0.52941    0.03447
    746.15000    1.34239    0.06249    0.64927    0.07268
    752.47000    1.45837    0.04797    0.61693    0.04162
    757.99000    1.46942    0.04499    0.60945    0.08217
    763.94000    1.64708    0.03676    0.69188    0.04363
    770.14000    1.69622    0.04544    0.59818    0.05322
    777.48000    1.41087    0.04451    0.72492    0.04325
    782.74000    1.65430    0.06172    0.61012    0.06382
    788.97000    1.52981    0.04077    0.68120    0.05518
    794.36000    1.46547    0.03863    0.56267    0.04655
    799.29000    1.59571    0.03775    0.52915    0.04349
    804.46000    1.40752    0.05067    0.60795    0.05336
    812.11000    1.34395    0.06728    0.53202    0.06872
    819.11000    1.74211    0.06898    0.52017    0.04914
    824.80000    1.58420    0.04872    0.63260    0.05335
    830.16000    1.66201    0.06709    0.57374    0.05962
    835.96000    1.41182    0.06706    0.64726    0.03686
    842.62000    1.30285    0.03427    0.54599    0.06316
    849.34000    1.44151    0.09034    0.54358    0.04052
   1099.82000    1.06680    0.05427    0.39667    0.04838
   1104.46000    1.18444    0.04630    0.42190    0.05593
   1111.37000    1.14815    0.04921    0.56564    0.05206
   1119.13000    0.96530    0.07387    0.34423    0.06163
   1125.53000    1.08783    0.07328    0.48099    0.05902
   1132.45000    1.13886    0.06111    0.49536    0.07384
   1137.92000    1.03958    0.05426    0.32173    0.05618
   1144.07000    1.19958    0.06898    0.45582    0.01540
   1149.13000    1.09524    0.06367    0.41284    0.04730
   1155.56000    0.97516    0.09445    0.30730    0.04460
   1163.19000    1.17092    0.03415    0.32615    0.07370
   1169.17000    1.11461    0.02929    0.63439    0.07420
   1173.06000    1.16900    0.02959    0.37955    0.04924
   1180.35000    1.24450    0.04616    0.37257    0.06901
   1185.68000    1.35926    0.02801    0.47604    0.04732
   1191.97000    1.39354    0.04090    0.49276    0.03877
   1197.93000    1.41968    0.06953    0.50843    0.03041
   1204.99000    1.49878    0.04515    0.62163    0.05664
   1210.88000    1.36595    0.04168    0.48625    0.06060
   1461.53000    1.18578    0.05546    0.39175    0.05379
   1468.24000    1.22993    0.05295    0.49826    0.04035
   1473.50000    1.26272    0.07464    0.64066    0.06507
   1480.40000    1.43558    0.04991    0.46561    0.06763
   1487.28000    1.18958    0.07420    0.58592    0.07827
   1493.97000    1.03135    0.03755    0.49090    0.08479
   1500.55000    1.22010    0.05388    0.49126    0.01850
   1507.89000    1.23602    0.04673    0.49876    0.03987
   1512.24000    1.29174    0.05787    0.52972    0.05409
   1517.02000    1.10762    0.05702    0.57287    0.05427
   1520.66000    1.26965    0.07854    0.52725    0.04118
   1524.77000    1.17576    0.06617    0.36621    0.07340
   1530.11000    1.31822    0.08979    0.36188    0.07418
   1536.52000    1.30737    0.04016    0.47252    0.05740
   1541.26000    1.51873    0.05984    0.53129    0.03024
   1547.87000    1.43493    0.06719    0.59958    0.05506
   1553.09000    1.34455    0.02112    0.62912    0.03567
   1558.38000    1.15183    0.05847    0.51569    0.03031
   1563.87000    1.26291    0.02062    0.48188    0.04854
   1569.73000    1.31948    0.05093    0.49068    0.03015
   1574.61000    1.28597    0.02694    0.54956    0.07842
   1829.71000    1.19759    0.05331    0.37235    0.02999
   1836.11000    1.08189    0.05070    0.39462    0.06385
   1842.13000    1.04680    0.05074    0.46463    0.06516
   1849.29000    1.10741    0.03794    0.43239    0.05233
   1854.73000    1.20000    0.05304    0.50658    0.06851
   1861.36000    1.27064    0.06563    0.44935    0.05014
   1865.95000    1.17404    0.04614    0.54769    0.05022
   1873.56000    1.29548    0.05971    0.60311    0.05303
   1879.02000    1.11962    0.06075    0.57605    0.06172
   1883.98000    1.26399    0.06813    0.39548    0.07444
   1889.70000    1.15722    0.06223    0.30174    0.06869
   1895.22000    1.24081    0.06619    0.48926    0.04537
   1900.47000    1.38349    0.03663    0.52357    0.06039
   1906.42000    1.42946    0.05814    0.52255    0.06350
   1912.68000    1.53264    0.05275    0.63310    0.07058
   1917.96000    1.64946    0.01397    0.63108    0.04214
   1925.06000    1.51569    0.05464    0.71227    0.05156
   1931.02000    1.69535    0.04714    0.75726    0.05892
   1936.23000    1.65064    0.07818    0.67966    0.05980
   1942.24000    1.58460    0.06118    0.79347    0.04911
   2193.02000    1.31494    0.05351    0.49234    0.03372
   2199.28000    1.30643    0.04757    0.49317    0.05502
   2204.41000    1.22431    0.01974    0.50257    0.03048
   2211.08000    1.29736    0.07462    0.54307    0.07723
   2217.01000    1.31793    0.07365    0.51114    0.05598
   2222.32000    1.24188    0.05948    0.54227    0.04936
   2229.56000    1.26393    0.07113    0.48962    0.05577
   2236.22000    1.30164    0.06224    0.58432    0.04239
   2242.10000    1.26059    0.06247    0.46587    0.07071
   2248.61000    1.36119    0.06184    0.52361    0.03554
   2253.27000    1.54737    0.05196    0.51384    0.06778
   2260.50000    1.24388    0.02013    0.59835    0.06011
   2264.49000    1.09332    0.04685    0.51166    0.02975
   2269.15000    1.16059    0.05079    0.53218    0.04417
   2274.79000    1.10233    0.03749    0.47774    0.03842
   2281.87000    1.08580    0.02629    0.41476    0.02961
   2286.95000    1.17310    0.06827    0.44759    0.06849
   2294.73000    1.19647    0.05192    0.42389    0.06414
   2298.91000    1.24646    0.05508    0.47757    0.03640
   2305.28000    1.26427    0.06868    0.53073    0.04870
   2555.80000    1.10813    0.07313    0.49392    0.02432
   2561.60000    1.24445    0.04774    0.54891    0.07989
   2568.14000    1.30403    0.04598    0.48102    0.06007
   2574.22000    1.38894    0.07187    0.57460    0.06204
   2580.23000    1.41526    0.03674    0.64362    0.04979
   2584.09000    1.51298    0.04604    0.62131    0.05971
   2588.93000    1.48400    0.02304    0.63177    0.02824
   2596.20000    1.34436    0.04229    0.58940    0.04319
   2602.66000    1.04460    0.05517    0.48836    0.04645
   2608.78000    1.11091    0.04320    0.44264    0.06185
   2616.67000    1.08874    0.04250    0.45981    0.07568
   2623.98000    1.27750    0.04122    0.37398    0.06220
   2631.19000    1.24771    0.03907    0.47521    0.01227
   2638.00000    1.14090    0.07068    0.48655    0.05992
   2644.60000    1.13904    0.06333    0.55848    0.07630
   2651.31000    0.91936    0.07761    0.56052    0.05032
   2656.12000    1.10503    0.03281    0.45474    0.06390
   2658.95000    1.10134    0.01988    0.33570    0.04106
   2665.05000    1.21103    0.05364    0.42194    0.02194
   2670.50000    1.31182    0.06884    0.45103    0.07284
   2924.38000    1.73345    0.02672    0.59920    0.01879
   2930.78000    1.89219    0.06098    0.65347    0.03332
   2938.16000    1.58418    0.03631    0.63143    0.03516
   2944.39000    1.64477    0.07665    0.60592    0.04250
   2951.01000    1.57435    0.04354    0.53508    0.03376
   2959.84000    1.72396    0.04957    0.66636    0.02616
   2965.52000    1.65504    0.06816    0.67785    0.07767
   2970.70000    1.71941    0.04280    0.62068    0.05213
   2976.74000    1.72653    0.04848    0.64019    0.06262
   2982.49000    1.87046    0.04253    0.70133    0.06628
   2987.58000    1.83956    0.02499    0.69947    0.03727
   2993.84000    1.73943    0.07417    0.71444    0.05232
   3002.09000    1.52576    0.04211    0.82134    0.06037
   3009.85000    1.75159    0.04046    0.52492    0.05362
   3015.57000    1.74984    0.06072    0.67725    0.06680
   3022.84000    1.77169    0.07847    0.65297    0.05757
   3028.33000    1.78426    0.02674    0.72820    0.07635
   3033.55000    1.66575    0.04622    0.79649    0.07378
   3286.04000    1.60613    0.04744    0.44729    0.09360
   3292.23000    1.57408    0.05318    0.69142    0.04365
   3297.16000    1.55536    0.03600    0.55613    0.03847
   3300.79000    1.51096    0.07478    0.57425    0.08206
   3307.57000    1.38320    0.06445    0.57157    0.04748
   3314.65000    1.34093    0.07362    0.55042    0.05345
   3318.51000    1.32974    0.06351    0.43689    0.06231
   3324.13000    1.33624    0.07470    0.49803    0.07118
   3330.03000    1.37586    0.07956    0.36027    0.07438
   3336.50000    1.31614    0.04660    0.48185    0.06581
   3341.22000    1.27561    0.06068    0.46551    0.04047
   3346.90000    1.20756    0.06114    0.53429    0.04511
   3353.79000    1.19342    0.04081    0.66392    0.06379
   3357.74000    1.17880    0.02002    0.47296    0.05363
   3363.53000    1.22166    0.05209    0.46991    0.04692
   3370.78000    1.25439    0.02956    0.46034    0.05621
   3375.97000    1.33280    0.06434    0.38951    0.08543
   3381.18000    1.26037    0.05679    0.44628    0.03621
   3386.22000    1.21259    0.03092    0.54226    0.04302
   3391.72000    1.09730    0.04495    0.51401    0.05014
   3398.65000    1.26687    0.03649    0.47672    0.06090
   3402.87000    1.24461    0.04509    0.49606    0.04954
