## Time Delay Challenge light curves
##
## [time]=days, [lc]=[err]=flux in nanomaggies
##
##       time       lc_A      err_A       lc_B      err_B
##-------------------------------------------------------
      2.24000    2.35162    0.09252    0.22983    0.02280
      7.82000    2.35968    0.07302    0.11342    0.05219
     14.14000    2.47053    0.05160    0.07375    0.06845
     20.09000    2.58723    0.05611    0.16372    0.04433
     28.27000    2.44891    0.04889    0.13838    0.04426
     33.16000    2.40810    0.07141    0.24941    0.05680
     39.20000    2.62874    0.05176    0.31308    0.07243
     44.32000    2.55714    0.04829    0.28955    0.07921
     50.58000    2.50813    0.07871    0.17281    0.05742
     56.61000    2.58836    0.04747    0.24598    0.05254
     62.53000    2.69737    0.06454    0.17989    0.06086
     68.26000    2.76046    0.04004    0.17844    0.06315
     74.13000    2.61108    0.05809    0.14676    0.04280
     81.62000    2.74679    0.07950    0.20343    0.05022
     87.06000    2.58640    0.04482    0.21801    0.07397
     94.37000    2.73126    0.07850    0.34049    0.08772
     99.61000    2.49897    0.05297    0.26141    0.03454
    105.75000    2.60946    0.08101    0.20733    0.03057
    110.78000    2.52715    0.03223    0.20853    0.05396
    118.46000    2.71487    0.05259    0.10277    0.04869
    371.50000    2.22501    0.03903    0.23950    0.05850
    379.37000    2.10897    0.05218    0.17006    0.04196
    385.50000    1.97044    0.03492    0.16971    0.03315
    389.60000    2.00433    0.05371    0.13160    0.04454
    396.51000    1.93699    0.05686    0.10585    0.02694
    402.18000    1.98828    0.06104    0.19357    0.04919
    408.88000    2.09261    0.04215    0.09552    0.07121
    416.35000    2.10786    0.06355    0.19075    0.03999
    421.16000    2.10881    0.06199   -0.01206    0.05756
    426.69000    2.17532    0.04689    0.15536    0.03915
    432.33000    2.08572    0.05495    0.14089    0.02088
    438.82000    2.24524    0.04270    0.18160    0.05177
    444.33000    2.23272    0.03434    0.15769    0.01873
    451.49000    2.04424    0.05463    0.16135    0.06695
    457.71000    2.07575    0.03842    0.16394    0.07006
    463.53000    2.14764    0.06557    0.11363    0.05629
    469.49000    1.94234    0.02196    0.23198    0.03843
    475.51000    1.97713    0.07927    0.14339    0.04170
    481.43000    1.90657    0.04502    0.16015    0.06063
    735.85000    2.12175    0.05100    0.13096    0.08214
    741.82000    2.02439    0.07219    0.13510    0.05770
    747.52000    2.08266    0.06650    0.10764    0.03826
    755.32000    1.93238    0.06983    0.10726    0.04029
    762.45000    1.95822    0.06605    0.12289    0.04595
    766.32000    2.19191    0.05534    0.05727    0.02823
    772.64000    2.12618    0.05031    0.15330    0.07241
    778.78000    2.04590    0.04550   -0.01720    0.07334
    785.71000    1.95965    0.06628    0.15476    0.03527
    792.97000    1.90586    0.02771    0.31063    0.07010
    799.80000    1.63961    0.07245    0.13975    0.05457
    806.29000    1.94544    0.04089    0.08695    0.05340
    811.76000    2.12141    0.06465    0.18851    0.04508
    817.56000    1.92947    0.05769    0.28604    0.06608
    823.99000    1.90427    0.06065    0.17750    0.03322
    832.34000    2.02723    0.02971    0.11669    0.01754
    834.55000    1.93392    0.05351    0.13773    0.06109
    839.43000    2.06010    0.05632    0.19901    0.04046
    845.91000    2.16246    0.03200    0.17991    0.05605
   1095.65000    2.04790    0.05441    0.11260    0.04206
   1103.96000    2.13030    0.02858    0.13509    0.04474
   1110.84000    2.23260    0.08391    0.19550    0.06069
   1118.39000    2.17473    0.06227    0.22907    0.06575
   1124.22000    2.26035    0.06050    0.15416    0.05041
   1130.96000    2.19341    0.06119    0.17686    0.04232
   1136.95000    2.11222    0.05644    0.24160    0.07445
   1143.83000    2.15237    0.05557    0.15992    0.04548
   1150.22000    2.08818    0.04974    0.10036    0.06236
   1157.70000    2.25897    0.07250    0.14045    0.05088
   1162.72000    2.12562    0.04318    0.15184    0.06510
   1168.91000    2.22396    0.05940    0.04383    0.06390
   1174.92000    2.02980    0.02424    0.24445    0.07438
   1183.19000    2.02134    0.01322    0.16993    0.02743
   1188.69000    2.04870    0.06304    0.18974    0.06167
   1194.27000    2.10485    0.01982    0.13904    0.06310
   1201.30000    2.02585    0.05444    0.15649    0.07714
   1206.78000    2.06717    0.03218    0.24057    0.06826
   1212.66000    2.02323    0.02972    0.21650    0.04142
   1462.19000    3.66255    0.08065    0.34584    0.05052
   1467.63000    3.45603    0.06643    0.24721    0.05101
   1471.43000    3.58288    0.04585    0.21186    0.06846
   1477.69000    3.57500    0.05520    0.24969    0.05219
   1482.90000    3.61252    0.05766    0.28397    0.05671
   1489.08000    3.52860    0.06672    0.23648    0.06289
   1495.55000    3.73116    0.05251    0.29849    0.05433
   1502.26000    3.50706    0.06274    0.30711    0.03628
   1508.04000    3.36856    0.07115    0.29203    0.02979
   1514.78000    3.22482    0.04688    0.19577    0.07304
   1519.43000    3.27700    0.04865    0.27561    0.05785
   1524.51000    3.23768    0.05877    0.16845    0.08097
   1530.94000    3.30058    0.07340    0.26019    0.02308
   1535.75000    3.28787    0.06977    0.24440    0.06611
   1541.97000    3.10183    0.05512    0.21744    0.04116
   1547.22000    3.02659    0.03188    0.17837    0.04033
   1555.14000    3.14771    0.02367    0.28238    0.05305
   1562.98000    3.07083    0.05332    0.18050    0.06938
   1569.13000    3.17912    0.06911    0.15751    0.07580
   1575.70000    3.29219    0.03500    0.26474    0.04971
   1827.01000    3.60235    0.06405    0.35353    0.06034
   1831.10000    3.36789    0.06329    0.32984    0.06566
   1835.48000    3.49004    0.05243    0.28302    0.02762
   1842.34000    3.29570    0.06344    0.26758    0.06565
   1850.28000    3.17937    0.04158    0.26293    0.01984
   1855.87000    3.16873    0.04859    0.33909    0.08557
   1860.66000    3.15418    0.05222    0.23709    0.01908
   1866.47000    2.92767    0.05775    0.33087    0.07230
   1872.59000    2.94463    0.01631    0.12664    0.05178
   1877.61000    2.92459    0.06059    0.20843    0.05145
   1883.61000    2.89006    0.08200    0.21626    0.04869
   1887.99000    2.95625    0.07084    0.23218    0.03810
   1894.94000    3.02499    0.05991    0.24198    0.03394
   1901.44000    2.96143    0.05912    0.21370    0.04006
   1906.40000    3.07774    0.03215    0.23425    0.05348
   1912.46000    3.05319    0.05534    0.21236    0.04904
   1918.00000    3.20872    0.07540    0.22762    0.03080
   1923.37000    3.10702    0.05185    0.25844    0.03493
   1930.29000    3.07076    0.03161    0.22772    0.06003
   1934.60000    3.07148    0.04984    0.23489    0.03531
   1939.10000    3.03499    0.08485    0.32014    0.05414
   2190.12000    3.31643    0.00903    0.28543    0.05688
   2196.32000    3.36550    0.06077    0.29289    0.05006
   2200.94000    3.49864    0.04039    0.20253    0.05771
   2205.71000    3.29021    0.05820    0.32920    0.07286
   2212.94000    3.51463    0.02653    0.19170    0.05563
   2217.60000    3.59926    0.07023    0.23256    0.03812
   2223.04000    3.53603    0.03101    0.16818    0.05413
   2230.10000    3.60424    0.02705    0.30290    0.04994
   2234.90000    3.46749    0.05478    0.27905    0.03790
   2240.26000    3.21469    0.06503    0.27442    0.04061
   2244.63000    3.24742    0.04279    0.23843    0.05512
   2251.37000    3.12496    0.02578    0.29507    0.04346
   2258.86000    3.19909    0.04287    0.17091    0.05313
   2263.56000    3.01555    0.06075    0.24457    0.06646
   2268.42000    3.05174    0.04172    0.23861    0.05976
   2273.77000    3.29517    0.04658    0.31845    0.03536
   2280.40000    3.41168    0.05917    0.31468    0.06131
   2287.10000    3.34454    0.03376    0.27190    0.04103
   2292.28000    3.17832    0.06491    0.23605    0.06809
   2297.92000    3.47543    0.08415    0.30616    0.04727
   2303.76000    3.24435    0.03679    0.25386    0.04433
   2308.69000    3.36199    0.07009    0.15318    0.07064
   2556.74000    3.81098    0.06401    0.28179    0.03760
   2561.81000    3.83228    0.02349    0.46302    0.08257
   2569.23000    3.66798    0.04560    0.31388    0.05886
   2573.19000    3.57442    0.05227    0.38471    0.03426
   2581.27000    3.89111    0.09403    0.33108    0.03604
   2587.54000    3.91126    0.02723    0.28213    0.06778
   2593.81000    3.74697    0.05726    0.28258    0.04250
   2600.69000    3.84280    0.07869    0.29365    0.03935
   2606.84000    3.76171    0.04106    0.34073    0.04618
   2613.28000    3.43286    0.07920    0.20643    0.06127
   2619.03000    3.37757    0.05186    0.23738    0.04566
   2624.48000    3.45403    0.05581    0.26576    0.06369
   2631.17000    3.56424    0.01724    0.29484    0.05288
   2639.79000    3.36701    0.04879    0.26394    0.06656
   2645.65000    3.39358    0.04404    0.30440    0.05353
   2650.31000    3.36543    0.04897    0.31607    0.04675
   2656.52000    3.39226    0.04476    0.29758    0.04170
   2663.43000    3.32005    0.06155    0.29169    0.03905
   2669.79000    3.45524    0.04816    0.24708    0.03024
   2924.19000    2.74546    0.05566    0.05199    0.05048
   2929.88000    2.75156    0.06975    0.21741    0.04911
   2936.43000    2.61330    0.03845    0.25189    0.07246
   2942.34000    2.49564    0.06248    0.21683    0.02492
   2948.68000    2.56396    0.04970    0.23761    0.02970
   2954.17000    2.82767    0.06707    0.21560    0.03169
   2960.15000    2.68006    0.04758    0.20902    0.03226
   2967.04000    2.75230    0.08186    0.17318    0.08077
   2973.14000    2.70755    0.05451    0.32068    0.06880
   2979.04000    2.72478    0.05033    0.23019    0.03454
   2983.43000    2.71549    0.02975    0.18369    0.06889
   2988.70000    2.72818    0.08582    0.19486    0.08491
   2994.67000    2.68303    0.07317    0.23432    0.06657
   2999.35000    2.73136    0.04251    0.20675    0.02352
   3005.01000    2.79719    0.04885    0.17866    0.04894
   3010.91000    2.71377    0.02152    0.24375    0.04446
   3015.29000    2.62650    0.06557    0.21109    0.05688
   3022.00000    2.80902    0.07442    0.25193    0.06763
   3028.13000    2.89746    0.06989    0.29959    0.05804
   3032.35000    3.14766    0.03779    0.22253    0.06027
   3037.57000    3.17639    0.05601    0.19541    0.07659
   3285.57000    2.92496    0.05533    0.19958    0.06808
   3292.20000    2.85748    0.04721    0.32733    0.04900
   3298.99000    2.80532    0.07535    0.25184    0.05900
   3305.54000    2.78965    0.07357    0.21584    0.06789
   3313.02000    2.76285    0.07235    0.17692    0.04705
   3318.60000    2.66719    0.07627    0.18880    0.04835
   3325.16000    2.64839    0.07310    0.17450    0.05995
   3330.96000    2.82881    0.05287    0.10095    0.09055
   3337.18000    2.82132    0.04936    0.23359    0.05519
   3342.77000    2.85508    0.07156    0.23682    0.06277
   3349.93000    2.68500    0.04786    0.27415    0.05224
   3356.06000    2.42683    0.09707    0.18040    0.04501
   3362.65000    2.70835    0.04060    0.22355    0.04902
   3369.33000    2.68428    0.03944    0.22311    0.03463
   3373.42000    2.72374    0.05871    0.22262    0.02126
   3379.68000    2.52243    0.04661    0.25869    0.03735
   3386.98000    2.67575    0.03254    0.23157    0.06636
   3392.39000    2.73859    0.01498    0.29685    0.05756
   3398.07000    2.86473    0.06012    0.25091    0.05025
   3403.34000    2.59909    0.03985    0.33544    0.05330
