## Time Delay Challenge light curves
##
## [time]=days, [lc]=[err]=flux in nanomaggies
##
##       time       lc_A      err_A       lc_B      err_B
##-------------------------------------------------------
      0.99000    1.78712    0.06381    0.03424    0.06125
      4.11000    1.72312    0.06453    0.24280    0.05562
     10.48000    1.70471    0.05164    0.12667    0.04452
     16.74000    1.85534    0.03172    0.11877    0.03364
     23.01000    1.69934    0.05689    0.11838    0.05377
     29.81000    1.84976    0.05028    0.23408    0.05992
     35.72000    1.69844    0.06906    0.15543    0.04468
     41.07000    1.76392    0.01066    0.24427    0.06287
     47.78000    1.78675    0.05479    0.10161    0.04872
     55.17000    1.70310    0.04808    0.12248    0.03640
     60.93000    1.74724    0.03820    0.15668    0.03404
     66.12000    1.81379    0.05085    0.12285    0.08913
     71.36000    1.76628    0.05011    0.10002    0.03244
     75.24000    1.70204    0.08248    0.14162    0.08353
     81.93000    1.72820    0.05440    0.19169    0.03926
     88.40000    1.82113    0.04649    0.10081    0.03866
     94.73000    1.92444    0.05166    0.08789    0.05584
     99.97000    1.85559    0.05045    0.09384    0.02811
    107.38000    1.77299    0.06352    0.18153    0.06821
    113.90000    1.86915    0.04385    0.16906    0.05750
    119.41000    1.88207    0.02623    0.12923    0.04190
    368.67000    1.92390    0.06238    0.02016    0.06485
    376.38000    1.92578    0.05235    0.12417    0.03104
    382.46000    1.93750    0.04408    0.00620    0.07127
    386.59000    2.06602    0.07242    0.10143    0.06274
    391.77000    1.95100    0.04255    0.10918    0.04758
    396.27000    1.89924    0.05823    0.15005    0.05281
    402.13000    1.95733    0.05830    0.12358    0.04412
    408.90000    1.95784    0.05563    0.10712    0.05883
    417.20000    1.91729    0.07056    0.15489    0.02272
    420.77000    1.81501    0.04689    0.02408    0.05086
    427.19000    1.75641    0.04774    0.14423    0.02233
    434.45000    1.65121    0.05217    0.12999    0.05525
    440.35000    1.67031    0.02147    0.20369    0.03876
    446.38000    1.59362    0.05487    0.16818    0.05685
    451.47000    1.68994    0.05184    0.10344    0.04586
    455.53000    1.69195    0.02412    0.10063    0.06392
    462.11000    1.66517    0.06690    0.25120    0.06089
    468.54000    1.54764    0.05172    0.15482    0.04002
    475.99000    1.46202    0.04608    0.13573    0.02788
    483.34000    1.35415    0.06500   -0.02306    0.04780
    732.58000    1.06783    0.05304    0.03553    0.05407
    740.02000    1.07310    0.05642    0.07485    0.02532
    745.15000    0.99496    0.03924    0.09256    0.03331
    751.64000    0.94815    0.05331    0.12017    0.03688
    759.30000    0.95110    0.05127    0.06835    0.07520
    766.02000    1.01223    0.05640    0.10658    0.03566
    772.91000    0.92479    0.05379    0.15742    0.07256
    778.29000    0.92121    0.07924    0.21284    0.08139
    784.08000    1.05906    0.04363    0.19134    0.07329
    789.48000    1.01690    0.02873    0.03255    0.08134
    795.49000    1.08624    0.06552    0.02271    0.07028
    801.76000    1.03640    0.03226    0.16046    0.06532
    808.06000    1.05334    0.04344    0.23661    0.07439
    812.33000    0.87696    0.04579    0.16241    0.03186
    818.10000    0.82658    0.08186    0.12459    0.03522
    825.01000    0.91497    0.06396    0.13114    0.05887
    830.45000    0.82630    0.06013    0.14204    0.05870
    836.07000    0.88817    0.05128    0.11136    0.06344
    842.63000    0.79133    0.04560    0.18789    0.08644
    849.06000    0.80583    0.03925    0.16081    0.06481
   1101.12000    0.72095    0.04625    0.30018    0.06996
   1107.07000    0.64864    0.05783    0.06552    0.03908
   1113.41000    0.65437    0.05960    0.14231    0.05880
   1119.63000    0.74342    0.04302    0.12561    0.02248
   1126.51000    0.61504    0.04052    0.14556    0.05560
   1132.11000    0.65662    0.02828    0.09872    0.06296
   1138.56000    0.64140    0.06825    0.14103    0.03948
   1144.19000    0.68020    0.07244    0.16313    0.06000
   1149.49000    0.68578    0.03611    0.13691    0.07665
   1157.67000    0.72764    0.07779    0.07678    0.04782
   1163.96000    0.78216    0.04886    0.12889    0.02532
   1171.00000    0.62959    0.05919    0.14214    0.03112
   1177.19000    0.67529    0.02923    0.19108    0.05812
   1183.15000    0.68830    0.02183    0.14451    0.04170
   1187.63000    0.68667    0.05481    0.18773    0.03232
   1193.27000    0.61097    0.03632    0.10020    0.07532
   1199.07000    0.69310    0.06937    0.13767    0.05715
   1204.57000    0.68596    0.01834    0.09345    0.05768
   1212.10000    0.71511    0.03026    0.11910    0.04943
   1460.60000    0.54639    0.03744    0.11660    0.03562
   1466.43000    0.52881    0.04928    0.10652    0.03583
   1473.18000    0.54540    0.05971    0.07106    0.04702
   1479.55000    0.66881    0.07044    0.06371    0.06920
   1484.55000    0.62808    0.09256    0.07309    0.04167
   1491.10000    0.69907    0.06635    0.14698    0.03334
   1497.25000    0.60834    0.04787    0.09639    0.07305
   1503.45000    0.51951    0.05742    0.04515    0.04474
   1508.38000    0.66819    0.07700    0.16436    0.05254
   1513.77000    0.54268    0.04559    0.06993    0.07126
   1520.51000    0.59011    0.04220    0.08338    0.02285
   1527.33000    0.53202    0.04008    0.13565    0.06030
   1534.54000    0.49276    0.06386    0.22845    0.07301
   1541.41000    0.45854    0.06464    0.16890    0.06525
   1547.45000    0.46011    0.05090    0.10910    0.06749
   1551.88000    0.48165    0.03054    0.12642    0.03331
   1558.70000    0.43408    0.05637    0.12733    0.05749
   1563.88000    0.62701    0.05284    0.14556    0.07310
   1571.50000    0.64664    0.07952    0.07422    0.06457
   1576.49000    0.56276    0.05167    0.04979    0.04537
   1831.73000    0.51404    0.04987    0.12755    0.08039
   1839.29000    0.55192    0.01713    0.21255    0.07770
   1844.98000    0.64497    0.05763    0.18675    0.05410
   1850.99000    0.61052    0.05023    0.10570    0.06442
   1857.94000    0.54834    0.05808    0.16009    0.06491
   1862.16000    0.52258    0.06203    0.14996    0.05607
   1866.54000    0.55362    0.07316    0.13427    0.05189
   1871.43000    0.50626    0.05780    0.08375    0.05660
   1876.18000    0.52713    0.05323    0.17501    0.07318
   1883.44000    0.60429    0.04805    0.07972    0.06706
   1889.65000    0.57610    0.07678    0.11703    0.04988
   1895.15000    0.61076    0.04440    0.11618    0.03074
   1901.71000    0.53588    0.05735    0.16957    0.03309
   1909.14000    0.62866    0.04923    0.16923    0.04417
   1915.29000    0.66421    0.08430    0.20231    0.05606
   1921.58000    0.60211    0.04310    0.13263    0.06888
   1927.98000    0.61470    0.04972    0.04535    0.04702
   1933.77000    0.62948    0.03457    0.09341    0.05812
   1939.68000    0.68395    0.05268    0.12753    0.01951
   2195.91000    0.40928    0.07535    0.14587    0.05092
   2202.79000    0.47875    0.04001    0.23249    0.04573
   2208.34000    0.59256    0.05106    0.11251    0.07364
   2213.97000    0.49616    0.04441    0.02000    0.06209
   2220.76000    0.50105    0.05771    0.16997    0.07562
   2226.13000    0.47440    0.06087    0.14473    0.05821
   2232.78000    0.61085    0.05744    0.02165    0.05782
   2238.92000    0.48746    0.05822    0.17391    0.04629
   2245.00000    0.61745    0.03977    0.16021    0.03857
   2249.19000    0.54986    0.04893    0.09638    0.02373
   2254.28000    0.55239    0.04368    0.05000    0.03661
   2261.13000    0.54519    0.08081    0.15982    0.07360
   2266.33000    0.69145    0.06434    0.16289    0.04727
   2272.22000    0.56319    0.08413    0.17734    0.05850
   2279.60000    0.48529    0.06692    0.09029    0.05917
   2283.84000    0.55386    0.05043    0.19712    0.07157
   2291.88000    0.52927    0.05756    0.03254    0.07541
   2297.81000    0.55936    0.05907    0.14285    0.04824
   2303.95000    0.56514    0.05380    0.11809    0.05142
   2309.80000    0.46867    0.06647    0.11762    0.06258
   2559.42000    0.56916    0.05278    0.10271    0.02158
   2565.67000    0.47727    0.05043    0.11691    0.03173
   2573.72000    0.48907    0.06595    0.07907    0.05466
   2579.79000    0.49452    0.03838    0.17338    0.06492
   2585.52000    0.53845    0.02518    0.02899    0.05332
   2593.05000    0.62563    0.03478    0.14332    0.02551
   2599.09000    0.58579    0.04196    0.18445    0.05944
   2605.33000    0.47974    0.06221    0.15685    0.05893
   2611.41000    0.46012    0.05379    0.21271    0.07753
   2617.62000    0.60770    0.05914    0.12678    0.04275
   2622.53000    0.46517    0.05388    0.18467    0.04825
   2628.08000    0.55416    0.03078    0.09134    0.03221
   2634.64000    0.52470    0.04594    0.12436    0.02191
   2641.27000    0.59203    0.02958    0.08671    0.06597
   2648.14000    0.71273    0.06547    0.08654    0.04858
   2653.77000    0.67320    0.06495    0.02765    0.07829
   2659.64000    0.63420    0.07565    0.01586    0.05878
   2664.62000    0.59561    0.05591    0.22463    0.05112
   2670.60000    0.72384    0.05459    0.14046    0.05955
   2922.15000    0.69369    0.05664    0.17202    0.07752
   2928.49000    0.66746    0.02523    0.11597    0.05222
   2935.89000    0.62886    0.04944    0.12561    0.03665
   2942.32000    0.68701    0.03564    0.06934    0.06428
   2948.21000    0.64137    0.05137    0.12335    0.04555
   2953.13000    0.70905    0.05453    0.04486    0.06701
   2958.79000    0.58493    0.07648    0.14737    0.03952
   2962.79000    0.59600    0.04621    0.11802    0.04967
   2970.24000    0.73281    0.05849    0.11459    0.02235
   2976.71000    0.63517    0.07876    0.16127    0.04926
   2981.50000    0.67310    0.05160    0.21950    0.04176
   2988.31000    0.62453    0.07362    0.14427    0.02746
   2995.04000    0.74764    0.07217    0.06818    0.05941
   2999.12000    0.75767    0.04934    0.08164    0.05998
   3004.52000    0.73523    0.02764    0.09340    0.04776
   3011.65000    0.65655    0.05173    0.11256    0.04444
   3016.96000    0.70973    0.06483    0.22941    0.08214
   3021.47000    0.77756    0.04650    0.18087    0.07444
   3027.39000    0.53607    0.05795    0.15393    0.06107
   3031.74000    0.81741    0.06130    0.23042    0.07267
   3038.34000    0.70090    0.03028    0.19298    0.06260
   3286.24000    0.76868    0.05690    0.24245    0.06777
   3292.73000    0.85972    0.05874    0.20451    0.04223
   3297.27000    0.76080    0.00622    0.33343    0.06874
   3302.02000    0.84872    0.07012    0.09729    0.04190
   3308.43000    0.76097    0.04289    0.15528    0.01651
   3313.77000    0.60885    0.06480    0.04941    0.04004
   3319.62000    0.76443    0.06575    0.16970    0.00874
   3326.51000    0.70961    0.04721    0.12332    0.03049
   3332.72000    0.76712    0.04440    0.18491    0.05085
   3337.48000    0.78425    0.01962    0.15806    0.04125
   3344.79000    0.72029    0.05741    0.13241    0.07661
   3351.02000    0.82729    0.04407    0.09827    0.05537
   3358.31000    0.76645    0.04085    0.14074    0.05308
   3364.17000    0.79538    0.07885    0.13457    0.04487
   3370.44000    0.75148    0.06146    0.19338    0.05420
   3375.72000    0.78274    0.04052    0.18279    0.06100
   3379.86000    0.86052    0.05750    0.15899    0.04465
   3385.99000    0.86960    0.06684    0.19978    0.02631
   3393.50000    0.80616    0.02824    0.19290    0.03529
   3399.11000    0.85246    0.07404    0.15322    0.04767
   3403.98000    0.85035    0.06476    0.24846    0.06987
