## Time Delay Challenge light curves
##
## [time]=days, [lc]=[err]=flux in nanomaggies
##
##       time       lc_A      err_A       lc_B      err_B
##-------------------------------------------------------
      0.08000    3.24784    0.02334    0.95642    0.05557
      6.42000    3.29960    0.05315    0.89403    0.08137
     11.73000    3.02857    0.07172    0.90323    0.03254
     18.22000    3.28119    0.03728    0.92161    0.04411
     25.57000    3.68885    0.04724    0.79431    0.03337
     29.79000    3.62927    0.05007    0.91866    0.06049
     36.29000    3.70368    0.06891    0.87331    0.03885
     42.65000    3.80155    0.06939    1.00251    0.07115
     47.62000    3.94496    0.04088    0.87937    0.05425
     54.00000    3.81814    0.03174    0.85092    0.04146
     58.95000    3.97554    0.04350    0.96842    0.04565
     65.09000    3.66393    0.08045    1.01248    0.08574
     70.50000    3.60114    0.07501    0.96898    0.04679
     74.75000    3.59491    0.07478    0.92581    0.06186
     82.22000    3.58033    0.05448    1.08610    0.06155
     88.46000    3.82915    0.07308    0.92813    0.04092
     94.55000    3.89515    0.07243    1.03731    0.04221
    101.30000    3.67880    0.07983    1.08218    0.04796
    106.81000    3.49962    0.02790    1.13564    0.02997
    112.28000    3.24380    0.07447    1.14128    0.04108
    118.89000    3.58050    0.03613    1.14488    0.04469
    365.07000    2.51829    0.04061    0.45615    0.04569
    371.62000    2.42522    0.04739    0.49803    0.05949
    378.09000    2.91308    0.07190    0.59344    0.04004
    384.10000    2.60462    0.02833    0.61856    0.05520
    388.14000    2.76273    0.06047    0.54806    0.05053
    392.33000    2.75862    0.05889    0.53192    0.06262
    396.68000    2.55809    0.07211    0.57151    0.05901
    402.02000    2.76466    0.04390    0.54417    0.05004
    407.61000    2.88089    0.04142    0.56279    0.05280
    415.08000    2.97564    0.06452    0.50820    0.08251
    419.62000    3.11291    0.04608    0.52329    0.01639
    426.49000    3.18738    0.02344    0.52568    0.04833
    432.83000    2.98023    0.09519    0.50103    0.08286
    437.65000    2.99174    0.04341    0.60499    0.03350
    443.32000    2.71834    0.03862    0.66999    0.05277
    450.12000    2.80780    0.05669    0.57841    0.02746
    457.83000    2.77349    0.04216    0.52337    0.08376
    465.43000    2.73735    0.05341    0.62025    0.05502
    470.71000    2.55175    0.04385    0.56939    0.04625
    476.86000    2.37503    0.04631    0.52979    0.06114
    483.34000    2.20195    0.06287    0.46808    0.05266
    735.72000    2.69157    0.06410    0.46635    0.04646
    742.94000    2.56901    0.00956    0.49306    0.06177
    748.84000    2.28674    0.04570    0.41979    0.05770
    755.81000    2.26291    0.05362    0.35610    0.04649
    762.69000    2.67408    0.06393    0.43586    0.03749
    768.91000    2.56051    0.05391    0.47469    0.01786
    777.76000    2.44488    0.05084    0.45478    0.03677
    784.85000    2.17517    0.03768    0.43443    0.07489
    790.67000    2.06869    0.00714    0.60959    0.05770
    797.88000    2.08694    0.06496    0.57559    0.05220
    803.43000    2.19506    0.05266    0.52629    0.06063
    809.65000    1.94152    0.04820    0.57810    0.05282
    815.17000    2.01614    0.05737    0.43662    0.05357
    820.67000    1.99167    0.06855    0.51345    0.08428
    826.06000    2.37192    0.03045    0.52155    0.06237
    832.00000    2.16241    0.04071    0.46219    0.03017
    839.82000    2.10370    0.05349    0.61904    0.05297
    846.63000    2.12322    0.05375    0.37998    0.05761
   1101.42000    2.36321    0.06714    0.66688    0.05480
   1107.47000    2.42093    0.04563    0.54568    0.01459
   1113.18000    2.48563    0.02765    0.52720    0.06237
   1120.46000    2.52154    0.01560    0.52745    0.03938
   1127.69000    2.40968    0.05642    0.47201    0.07968
   1135.06000    2.36069    0.04188    0.50003    0.04124
   1140.12000    2.64371    0.04051    0.44092    0.06390
   1147.94000    2.73500    0.03463    0.51156    0.02571
   1152.11000    2.81335    0.03110    0.59821    0.05289
   1159.82000    2.94919    0.04642    0.49223    0.03656
   1166.35000    2.93372    0.01962    0.49244    0.04875
   1171.31000    3.11135    0.04223    0.39009    0.03135
   1176.48000    2.78908    0.04684    0.34346    0.04735
   1181.86000    2.97751    0.04954    0.36011    0.05060
   1186.71000    2.80208    0.05231    0.44578    0.04202
   1193.99000    2.98494    0.08175    0.43021    0.03949
   1199.46000    2.92156    0.02993    0.40464    0.05506
   1204.24000    3.16562    0.02677    0.43230    0.05095
   1208.76000    3.05685    0.02463    0.42635    0.04913
   1467.72000    3.39428    0.04046    0.55872    0.03844
   1474.02000    3.52650    0.04590    0.75936    0.06404
   1478.56000    3.19270    0.07434    0.61829    0.04117
   1483.91000    3.37249    0.02452    0.72693    0.07112
   1489.38000    3.61564    0.05112    0.57735    0.05220
   1495.88000    3.65583    0.05125    0.57165    0.04035
   1501.02000    3.60304    0.03657    0.56020    0.04099
   1508.43000    3.35644    0.06126    0.62663    0.02992
   1514.49000    3.55874    0.06088    0.63319    0.04315
   1519.78000    3.69287    0.03966    0.69908    0.03287
   1526.80000    3.70012    0.03260    0.54052    0.06717
   1534.27000    3.51799    0.03312    0.54877    0.06190
   1540.37000    3.25920    0.05835    0.65357    0.03564
   1545.64000    3.47736    0.07117    0.69376    0.03751
   1552.39000    3.42958    0.06068    0.70612    0.07524
   1559.06000    3.59011    0.07915    0.66913    0.05988
   1565.88000    3.54132    0.07215    0.75536    0.06068
   1572.77000    3.73352    0.05117    0.74450    0.06410
   1578.47000    4.33264    0.06557    0.70172    0.05079
   1826.11000    3.16899    0.01699    0.56896    0.02384
   1832.34000    3.47091    0.05458    0.62766    0.05866
   1838.13000    3.43391    0.04882    0.61408    0.05175
   1843.24000    3.43878    0.06791    0.67633    0.03740
   1848.68000    3.81612    0.05820    0.53026    0.08638
   1854.86000    3.53133    0.04590    0.64682    0.07257
   1860.33000    3.33808    0.04491    0.57477    0.08096
   1867.68000    3.03383    0.06724    0.69999    0.04274
   1872.96000    2.99062    0.03196    0.65125    0.03903
   1879.56000    3.79686    0.07818    0.44502    0.07946
   1884.58000    3.81758    0.05505    0.63650    0.03608
   1890.10000    3.27326    0.07324    0.59570    0.03639
   1895.83000    3.09995    0.05059    0.78176    0.08192
   1901.26000    3.20665    0.02111    0.72299    0.06843
   1907.23000    3.31769    0.04952    0.60994    0.03754
   1912.42000    2.90249    0.03341    0.63348    0.04377
   1919.03000    3.01124    0.05200    0.67073    0.05905
   1925.25000    2.98991    0.03088    0.62837    0.05626
   1932.31000    2.94434    0.04360    0.64821    0.05201
   1937.60000    3.13405    0.06108    0.60225    0.04726
   1943.45000    2.86494    0.06716    0.50930    0.06788
   2193.47000    3.59325    0.07160    0.82711    0.06159
   2198.58000    3.79018    0.02990    0.76771    0.04211
   2207.10000    3.25834    0.03987    0.68535    0.07016
   2213.24000    3.29737    0.06339    0.77933    0.03607
   2218.43000    3.33428    0.06303    0.66340    0.05530
   2222.70000    3.55332    0.05397    0.83035    0.05947
   2228.40000    3.90694    0.03889    0.78847    0.03419
   2233.15000    3.66287    0.04507    0.77966    0.02888
   2239.89000    3.47391    0.03775    0.67039    0.05077
   2245.05000    3.65779    0.06501    0.67260    0.04793
   2250.69000    3.62036    0.04210    0.56445    0.05004
   2255.55000    3.54559    0.03914    0.68047    0.03725
   2261.41000    3.69490    0.06642    0.73932    0.04341
   2267.05000    3.53198    0.05156    0.76267    0.03660
   2273.17000    3.52615    0.03709    0.92758    0.06590
   2279.37000    3.78511    0.05872    0.80545    0.04480
   2286.41000    3.61133    0.06939    0.69186    0.07378
   2293.06000    3.65786    0.06661    0.76851    0.05662
   2299.02000    3.76882    0.04563    0.94117    0.04802
   2305.65000    3.71215    0.06772    0.72139    0.06518
   2556.22000    3.05727    0.09457    0.90685    0.03197
   2562.99000    3.33472    0.04403    0.81560    0.07883
   2569.93000    3.65342    0.02968    0.86538    0.08352
   2575.82000    3.62754    0.06128    0.93418    0.05196
   2582.17000    3.52154    0.03219    1.01018    0.08595
   2590.50000    3.49290    0.05480    0.89344    0.04830
   2597.92000    3.41786    0.04387    0.76168    0.04439
   2603.98000    3.53523    0.03582    0.64278    0.06673
   2610.00000    3.41977    0.06483    0.66056    0.04012
   2615.22000    3.36143    0.01155    0.72615    0.04398
   2621.26000    3.35374    0.07230    0.65617    0.04365
   2626.10000    3.10771    0.03288    0.69303    0.08065
   2631.24000    2.86159    0.03279    0.71515    0.06799
   2636.23000    2.79366    0.06466    0.76595    0.05476
   2642.82000    2.89191    0.04400    0.87979    0.03998
   2649.08000    2.82958    0.07995    0.85941    0.06749
   2655.13000    2.96655    0.05531    0.76558    0.06763
   2660.57000    2.88878    0.06705    0.80995    0.04539
   2665.80000    2.94473    0.06487    0.80935    0.06249
   2671.49000    2.94427    0.04746    0.80586    0.08142
   2922.50000    3.26828    0.05913    0.87553    0.07092
   2927.63000    3.34449    0.06508    0.84906    0.06380
   2933.46000    3.38722    0.05739    1.05812    0.06213
   2938.99000    3.49809    0.03159    0.93923    0.03331
   2944.60000    3.58313    0.06663    0.77768    0.06886
   2948.58000    3.64762    0.06236    0.94347    0.05762
   2956.14000    3.49219    0.04622    0.84698    0.02366
   2961.65000    3.49764    0.03578    0.78504    0.04648
   2968.08000    3.53136    0.06080    0.91628    0.07527
   2975.82000    3.60204    0.06628    0.82777    0.05046
   2980.11000    3.62857    0.00964    0.79341    0.06787
   2984.87000    3.57103    0.05626    0.92364    0.03884
   2991.28000    3.81287    0.07769    0.82824    0.03436
   2996.87000    3.83403    0.04637    0.95765    0.04913
   3002.80000    4.16461    0.08177    0.90678    0.03987
   3008.62000    3.73375    0.01649    0.83219    0.06242
   3013.54000    3.39965    0.07430    0.91846    0.06177
   3018.79000    3.35167    0.03913    1.00693    0.04440
   3023.00000    3.05286    0.03998    1.02622    0.06805
   3028.46000    3.30882    0.05873    1.00913    0.04721
   3035.14000    3.54269    0.06286    1.00258    0.04287
   3289.33000    2.69993    0.06268    1.07280    0.04777
   3295.30000    2.76753    0.05183    1.00858    0.06806
   3300.80000    2.69928    0.03475    1.06065    0.05523
   3306.93000    2.67082    0.05425    1.18274    0.03586
   3311.98000    2.54280    0.06101    1.28518    0.06229
   3317.36000    2.70034    0.05312    1.19144    0.05171
   3323.81000    2.61686    0.04225    1.13253    0.03273
   3330.55000    2.74372    0.06522    1.04852    0.04223
   3335.76000    2.74595    0.08085    1.10468    0.05663
   3342.89000    2.87259    0.05459    1.07349    0.03740
   3349.44000    2.80552    0.03514    0.90964    0.08801
   3355.42000    3.06635    0.04103    1.00037    0.05672
   3360.11000    3.18374    0.02978    1.00220    0.06377
   3366.81000    3.24791    0.02803    1.06039    0.05877
   3372.80000    2.88325    0.05733    1.01891    0.04128
   3377.31000    2.79775    0.01328    0.99061    0.04584
   3382.50000    2.68882    0.03890    0.92427    0.05539
   3389.20000    2.51383    0.06166    1.07522    0.06411
   3395.02000    2.63019    0.04480    0.92878    0.03187
   3399.71000    2.49467    0.05261    1.02554    0.07066
   3404.76000    2.48580    0.06167    0.90447    0.07180
