## Time Delay Challenge light curves
##
## [time]=days, [lc]=[err]=flux in nanomaggies
##
##       time       lc_A      err_A       lc_B      err_B
##-------------------------------------------------------
      5.44000    6.20769    0.05211   17.21279    0.06994
     11.00000    6.34251    0.04162   17.34848    0.08418
     17.24000    6.05591    0.06228   17.06760    0.04870
     23.14000    5.55437    0.05610   17.19586    0.06029
     28.74000    5.59327    0.03011   17.15171    0.07395
     33.93000    5.65329    0.04970   16.75254    0.03308
     38.86000    5.79913    0.06534   16.53859    0.06652
     46.54000    6.08942    0.08066   16.27967    0.06918
     52.74000    6.48183    0.06571   16.24219    0.04629
     59.28000    6.18023    0.04649   16.60764    0.05579
     65.65000    6.11009    0.06301   16.71972    0.03661
     70.82000    6.25788    0.05075   17.93643    0.06802
     77.16000    6.07948    0.07061   18.47646    0.06915
     81.86000    6.11443    0.04447   18.45759    0.04076
     86.77000    6.07703    0.04159   19.68719    0.05422
     93.79000    5.93161    0.04227   20.67488    0.04981
    101.08000    5.86470    0.04598   20.72970    0.07086
    107.76000    5.90338    0.04497   19.34739    0.07979
    113.97000    5.89842    0.06917   19.92012    0.05374
    117.97000    6.03011    0.05033   19.85987    0.07127
    367.43000    6.86273    0.05621   19.51299    0.04588
    373.17000    7.00603    0.06604   18.76211    0.05346
    378.20000    6.96594    0.06787   19.63662    0.04488
    383.95000    7.12703    0.05160   20.32871    0.03077
    389.83000    7.20723    0.04835   21.28663    0.05496
    395.19000    6.79264    0.05672   22.00627    0.06514
    400.84000    6.72973    0.03701   21.21436    0.05057
    407.87000    7.31478    0.05292   22.19565    0.04774
    413.36000    6.93358    0.07587   21.50152    0.04606
    418.26000    7.23475    0.03943   20.79708    0.04589
    424.41000    7.30492    0.07771   20.54720    0.04372
    431.45000    7.19869    0.03517   20.98090    0.07120
    436.52000    7.55682    0.07166   20.61868    0.04515
    442.91000    7.98639    0.05907   19.95479    0.05309
    447.61000    8.17231    0.05702   19.78573    0.04732
    454.24000    8.14176    0.00854   20.23680    0.06711
    458.88000    8.20427    0.04310   20.06490    0.04629
    465.68000    8.07818    0.02843   18.69932    0.05745
    473.58000    7.86994    0.03998   18.17597    0.03067
    480.35000    7.84488    0.05478   17.62220    0.03784
    730.11000    8.38741    0.05549   22.55207    0.05585
    734.84000    8.43144    0.04537   22.76994    0.06660
    741.68000    8.83397    0.04704   22.74180    0.02799
    747.55000    8.84481    0.02795   23.12225    0.03716
    755.33000    9.21862    0.06308   22.73550    0.04360
    762.32000    9.32383    0.07181   21.24188    0.04772
    768.51000    9.26670    0.07271   20.49400    0.07056
    775.36000    8.87655    0.06044   18.87742    0.01615
    780.75000    9.05916    0.03359   18.41458    0.05273
    786.42000    9.01824    0.06003   18.55262    0.05090
    790.84000    9.24001    0.06158   18.76046    0.08136
    796.53000    8.99704    0.06890   18.64655    0.06817
    802.85000    9.46429    0.05069   18.45984    0.04385
    808.10000    9.21855    0.04174   18.18743    0.05733
    814.66000    8.80621    0.06410   18.91150    0.07682
    818.47000    8.54910    0.02950   18.82935    0.05991
    824.35000    8.35480    0.02742   19.20782    0.05612
    829.69000    7.82077    0.04050   19.30836    0.03699
    834.75000    7.57930    0.06212   18.75312    0.04245
    839.18000    7.62065    0.02303   19.32299    0.03565
    844.54000    7.35709    0.04782   18.42641    0.05502
    849.46000    7.64294    0.06306   18.93398    0.08248
   1099.68000    8.87588    0.06012   17.88364    0.07799
   1106.08000    9.17327    0.06001   17.47751    0.02785
   1110.28000    8.81103    0.04450   16.93360    0.05911
   1115.58000    9.02510    0.04169   17.02972    0.05505
   1120.17000    8.61726    0.05076   16.63915    0.05507
   1126.20000    8.70648    0.02909   16.78230    0.05504
   1133.27000    9.15576    0.03757   16.73867    0.07247
   1137.38000    8.57600    0.02635   16.65784    0.04910
   1143.05000    8.02392    0.03456   16.79536    0.07662
   1148.78000    7.61660    0.07021   17.30150    0.04673
   1154.57000    7.68005    0.02732   17.63014    0.03916
   1161.99000    7.48182    0.05034   18.24898    0.06106
   1168.49000    7.36980    0.04686   18.50461    0.05870
   1174.85000    7.20881    0.06401   18.35758    0.06077
   1179.25000    7.07193    0.04707   19.17227    0.02641
   1184.77000    7.38247    0.06948   19.63109    0.02939
   1190.91000    7.56325    0.03814   20.73755    0.03877
   1196.75000    7.31874    0.04418   19.75386    0.03895
   1203.72000    7.45905    0.07597   20.76245    0.04814
   1210.82000    7.65627    0.04690   19.67330    0.02630
   1462.28000   10.30393    0.05784   20.74603    0.06632
   1468.96000    9.75248    0.01903   19.69179    0.04696
   1475.47000    9.10180    0.05008   18.16571    0.07563
   1479.52000    9.46579    0.07695   18.56940    0.08281
   1486.05000    9.60033    0.04331   17.94392    0.02993
   1492.18000    9.72927    0.06044   17.30975    0.05599
   1497.71000    9.29713    0.08143   17.95566    0.04510
   1503.26000    9.96590    0.05958   17.91655    0.04381
   1509.19000   10.00215    0.06344   18.11602    0.06346
   1515.95000    9.63232    0.04356   17.37017    0.06121
   1521.56000    9.37507    0.03618   16.38348    0.04123
   1527.17000    9.01568    0.05113   16.13267    0.07395
   1533.94000    8.66285    0.03798   16.97650    0.04602
   1538.66000    8.34126    0.07229   16.59098    0.05449
   1542.53000    8.26150    0.08528   17.50605    0.03357
   1548.40000    8.17439    0.01265   17.22689    0.05024
   1552.64000    8.33520    0.03611   17.18441    0.02170
   1558.95000    8.49068    0.03440   17.95460    0.04481
   1567.47000    8.47878    0.05664   19.07532    0.08073
   1572.50000    7.85144    0.06586   19.03244    0.05482
   1577.08000    7.67741    0.06142   19.38933    0.08789
   1826.87000    9.76652    0.01958   18.92532    0.06109
   1833.35000    9.66991    0.04036   18.56639    0.04489
   1839.80000    9.23344    0.04827   18.56735    0.03895
   1845.89000    9.36853    0.05823   18.11558    0.03318
   1851.50000    9.09935    0.06197   18.52807    0.07646
   1857.85000    9.58263    0.05556   17.39652    0.01904
   1864.78000    9.36902    0.04449   17.39165    0.06144
   1870.61000    9.72061    0.04197   18.35643    0.07418
   1877.86000    9.60016    0.03396   17.68762    0.05741
   1883.14000    9.51283    0.05915   17.07970    0.06982
   1889.23000    9.29349    0.04894   17.38981    0.04018
   1896.21000    9.05261    0.04763   18.10770    0.06280
   1903.01000    8.78367    0.04028   18.26511    0.06230
   1909.12000    8.70727    0.07355   18.69298    0.06437
   1916.01000    8.75389    0.04659   18.23044    0.06672
   1921.30000    8.46884    0.05020   18.98344    0.07012
   1926.83000    9.23948    0.03579   19.09349    0.06985
   1932.25000    8.64657    0.01487   18.86752    0.04326
   1937.42000    8.28894    0.05869   18.92762    0.05599
   1942.62000    8.37282    0.04351   18.15450    0.04010
   2190.80000    8.59765    0.04434   18.63757    0.05969
   2196.68000    8.85746    0.03570   18.55325    0.04906
   2202.25000    9.22393    0.05648   19.31553    0.08142
   2209.64000    8.96925    0.07359   18.65796    0.04369
   2216.22000    9.15781    0.07992   18.32297    0.08246
   2223.17000    9.04122    0.06042   18.43636    0.03951
   2229.18000    8.88780    0.06426   18.28600    0.05037
   2235.73000    8.91819    0.06213   19.48393    0.04613
   2241.30000    9.04459    0.05495   20.07169    0.04781
   2247.73000    9.28171    0.04166   19.96705    0.07204
   2252.68000    9.05629    0.04124   19.18233    0.06127
   2259.83000    9.78846    0.03905   20.11387    0.04607
   2266.77000    9.50606    0.03617   20.95123    0.04750
   2274.51000    9.07525    0.03852   19.44545    0.05374
   2280.83000    9.22009    0.04801   19.63147    0.07913
   2285.24000    9.14282    0.06744   20.40785    0.06936
   2291.10000    9.91231    0.03494   18.75272    0.05439
   2296.76000   10.08195    0.05811   19.15380    0.06107
   2303.32000   10.08887    0.04293   18.23534    0.06701
   2557.01000    9.02762    0.03639   19.07718    0.04901
   2563.88000    9.29495    0.06468   18.28546    0.07988
   2568.54000    9.16560    0.06628   18.38460    0.06721
   2574.41000    9.04565    0.05161   18.61175    0.03074
   2579.11000    9.42576    0.08253   18.45248    0.05616
   2585.20000    9.45508    0.04017   18.14132    0.05895
   2593.33000    9.86907    0.04986   18.40508    0.03005
   2598.22000    9.78602    0.04205   18.61050    0.04583
   2605.83000    9.47381    0.05710   18.68304    0.01580
   2613.71000    9.45971    0.05464   18.71006    0.04831
   2618.95000    9.24901    0.05301   19.16979    0.05923
   2623.00000    9.25104    0.03437   19.39527    0.04658
   2629.25000    9.33712    0.02589   18.41268    0.04430
   2633.48000    9.37124    0.05350   18.36328    0.08600
   2640.11000    9.00273    0.07136   19.22774    0.03341
   2646.30000    9.39762    0.05664   18.93572    0.08123
   2650.70000    9.43757    0.05815   19.13080    0.04854
   2656.47000    9.58731    0.02249   19.45155    0.07903
   2660.62000    9.48260    0.04923   20.45433    0.05347
   2667.18000    9.42234    0.05661   19.47088    0.03671
   2672.81000    9.37329    0.05681   19.34603    0.05990
   2920.09000    9.74235    0.07767   19.07744    0.02633
   2925.36000    9.49215    0.06063   18.65666    0.05572
   2931.28000    9.21414    0.04134   19.36916    0.06856
   2936.39000    9.14980    0.05911   19.59708    0.04542
   2942.43000    9.51079    0.05906   18.95816    0.03337
   2950.33000    9.67718    0.08843   20.19838    0.05350
   2956.63000    9.70039    0.04461   19.32410    0.01760
   2962.33000    9.54961    0.03835   19.61609    0.05547
   2965.98000    9.73959    0.05257   18.44739    0.04823
   2971.25000    9.53603    0.03378   18.73588    0.04239
   2976.70000    9.33478    0.05219   16.99866    0.03040
   2982.25000    9.32317    0.04926   17.15001    0.04785
   2988.27000    9.55492    0.05681   17.25331    0.04355
   2993.79000    9.86003    0.03669   17.42560    0.04945
   2997.46000    9.37643    0.04710   17.01650    0.03095
   3004.73000    9.79946    0.03901   17.81955    0.05946
   3010.14000    9.63084    0.05623   17.01254    0.10480
   3014.90000    9.48643    0.03897   17.91341    0.03577
   3019.92000    9.48796    0.05911   16.98651    0.07382
   3026.57000    9.18690    0.05608   17.60182    0.05360
   3031.06000    8.54301    0.04120   17.18392    0.07113
   3037.14000    8.54729    0.02878   17.03853    0.05213
   3287.66000    8.37553    0.04705   17.14873    0.04390
   3295.06000    7.89110    0.04618   17.08393    0.04296
   3300.59000    7.91991    0.04317   16.47289    0.04623
   3306.78000    7.86380    0.01994   16.58429    0.07178
   3313.65000    7.52164    0.03660   16.85920    0.05697
   3319.28000    7.60089    0.08423   17.56202    0.06971
   3325.85000    7.33844    0.03248   18.28172    0.05277
   3332.59000    8.04454    0.05292   17.95788    0.05216
   3337.43000    7.87936    0.04897   18.65515    0.05862
   3343.10000    8.19688    0.07966   17.82527    0.07153
   3348.80000    8.16077    0.03764   17.08109    0.03887
   3354.53000    7.98825    0.04485   16.84316    0.06147
   3360.62000    7.90293    0.05506   17.07837    0.04586
   3366.27000    8.19577    0.07726   18.00441    0.07754
   3370.97000    8.28275    0.05480   19.00132    0.03796
   3378.96000    8.44527    0.08691   18.31604    0.03255
   3385.50000    8.60976    0.05727   17.70905    0.04094
   3390.72000    8.67209    0.00758   17.93016    0.04348
   3396.03000    8.66410    0.02945   18.13236    0.06624
   3401.40000    8.43499    0.07314   18.82553    0.05813
