## Time Delay Challenge light curves
##
## [time]=days, [lc]=[err]=flux in nanomaggies
##
##       time       lc_A      err_A       lc_B      err_B
##-------------------------------------------------------
      4.98000    2.27432    0.05569    2.46544    0.07861
     10.86000    2.18325    0.06138    2.44904    0.06879
     16.58000    1.83249    0.03813    2.35057    0.05393
     22.53000    1.89434    0.02788    2.33928    0.05268
     28.91000    1.97293    0.00233    1.85930    0.04922
     34.91000    1.85509    0.05460    2.05732    0.07072
     41.30000    1.85301    0.03389    1.99322    0.05503
     48.27000    1.76107    0.01830    1.98044    0.06236
     53.22000    1.71616    0.06401    1.96424    0.05680
     59.53000    1.90295    0.04227    2.01170    0.07181
     66.67000    1.96889    0.06981    1.78935    0.07090
     73.27000    2.16296    0.04978    2.07821    0.06477
     79.11000    2.08014    0.03248    2.07823    0.03659
     84.18000    2.01335    0.05231    2.11899    0.06995
     91.71000    1.93963    0.06827    2.25044    0.05333
     99.32000    1.99106    0.02903    2.04418    0.03159
    104.69000    2.08465    0.05398    2.11483    0.04955
    110.06000    2.09865    0.09121    2.23781    0.05446
    114.46000    1.87743    0.05563    2.08881    0.06754
    119.52000    1.55198    0.03663    2.14797    0.07543
    370.25000    2.09826    0.06116    1.89049    0.04792
    377.56000    1.94054    0.06085    2.01198    0.06521
    382.51000    2.00607    0.05298    2.07504    0.05167
    388.02000    2.07324    0.08335    2.25005    0.05130
    393.89000    1.91165    0.06495    2.17472    0.04766
    399.03000    1.88159    0.06140    2.15839    0.07156
    404.19000    1.91293    0.08076    2.07341    0.04200
    409.42000    1.75425    0.06055    1.76787    0.05885
    415.49000    1.92502    0.05404    2.00741    0.04277
    422.52000    1.93782    0.07446    1.85095    0.06149
    430.06000    2.03556    0.03792    2.17807    0.03551
    437.27000    2.11844    0.03523    2.02102    0.06248
    444.04000    1.89927    0.02705    1.95424    0.08707
    450.40000    1.90867    0.07981    2.26255    0.08903
    457.89000    1.90205    0.07012    2.09919    0.04952
    464.87000    2.06056    0.03856    1.97909    0.03216
    470.92000    2.10069    0.04453    1.88430    0.05494
    477.85000    2.24875    0.06691    2.30724    0.09372
    484.05000    2.27548    0.05868    2.22498    0.02574
    735.27000    2.29768    0.05803    2.76897    0.05454
    740.04000    2.18656    0.04213    2.70587    0.03293
    746.35000    2.27555    0.04292    2.44903    0.05116
    752.16000    2.45653    0.05847    2.37092    0.06283
    757.63000    2.81540    0.05587    2.48515    0.03883
    763.15000    3.23555    0.06687    2.70067    0.04295
    767.72000    3.07461    0.05503    2.73339    0.10462
    773.55000    3.27706    0.07482    3.44610    0.05470
    779.08000    2.96661    0.06004    3.25824    0.05290
    784.64000    2.93593    0.07235    3.51143    0.05040
    788.43000    2.87334    0.06618    3.52899    0.05492
    796.30000    2.61658    0.06057    3.21703    0.04461
    802.10000    2.50196    0.04513    3.12684    0.08242
    807.54000    2.51100    0.06773    2.90507    0.09256
    815.02000    2.34315    0.02787    2.74658    0.04532
    819.76000    2.61013    0.07798    2.67380    0.02421
    827.20000    2.67250    0.05308    2.68572    0.09709
    833.04000    2.47359    0.08175    2.75455    0.05657
    838.79000    2.35293    0.05173    2.78577    0.05175
    845.27000    2.41788    0.05063    2.72388    0.04418
   1100.79000    1.34225    0.07046    1.14529    0.04740
   1107.56000    1.34988    0.04172    1.28971    0.07470
   1114.67000    1.52521    0.05692    1.34870    0.03674
   1119.90000    1.49065    0.05316    1.59797    0.08172
   1126.51000    1.45894    0.01949    1.46687    0.02952
   1131.62000    1.56235    0.05705    1.64642    0.08731
   1139.48000    1.59840    0.04663    1.61553    0.05514
   1144.74000    1.62326    0.01087    1.70129    0.04005
   1151.14000    1.56681    0.05458    1.67222    0.07543
   1157.31000    1.64544    0.05057    1.60985    0.04581
   1162.84000    1.74713    0.03466    1.69538    0.07194
   1168.16000    1.77772    0.05876    1.61724    0.05959
   1174.24000    1.62403    0.05550    1.80899    0.06432
   1178.44000    1.89387    0.02014    1.89288    0.06831
   1183.90000    2.05708    0.02980    1.93187    0.04263
   1188.98000    2.13197    0.07815    1.93507    0.04110
   1195.34000    2.11641    0.06862    2.20401    0.03634
   1201.38000    2.07614    0.04337    2.28619    0.04644
   1207.32000    1.81232    0.05511    2.25134    0.04789
   1212.54000    1.89962    0.03330    2.21847    0.04273
   1460.14000    2.04698    0.06055    1.95457    0.05826
   1467.33000    2.03318    0.05196    2.24774    0.07656
   1471.96000    2.14284    0.04821    2.13182    0.01548
   1478.42000    1.95087    0.08385    2.03751    0.02994
   1485.11000    1.88007    0.04401    2.23208    0.04768
   1491.70000    1.92908    0.05759    1.95521    0.06754
   1498.36000    1.90804    0.04752    2.05421    0.05813
   1503.08000    1.79640    0.05330    2.14026    0.06941
   1508.93000    1.92049    0.05740    2.10190    0.05433
   1514.75000    2.03906    0.04230    1.91731    0.05426
   1523.05000    2.43351    0.06247    2.11590    0.07075
   1529.42000    2.22569    0.06033    2.33166    0.05899
   1536.31000    2.03502    0.07192    2.44686    0.04411
   1540.74000    2.17732    0.06028    2.23420    0.05187
   1546.66000    2.04530    0.04458    2.21629    0.04700
   1550.90000    1.96037    0.05648    2.29167    0.05092
   1557.80000    2.02215    0.04616    2.21370    0.05358
   1563.20000    2.02604    0.06484    2.06200    0.05412
   1567.53000    1.73732    0.03873    2.11276    0.07293
   1573.21000    1.86023    0.04098    2.08134    0.05526
   1577.51000    1.83354    0.07751    1.90553    0.03689
   1830.31000    1.63369    0.03882    1.83079    0.05396
   1835.21000    1.53352    0.07200    1.83010    0.01565
   1843.39000    1.69379    0.05384    1.71981    0.04821
   1847.76000    1.57167    0.03772    1.82266    0.06691
   1854.99000    1.79134    0.03821    1.84173    0.04753
   1860.95000    1.78876    0.04186    1.78834    0.04415
   1866.79000    1.91788    0.03046    1.92128    0.04473
   1873.43000    1.85475    0.06663    1.97423    0.06634
   1879.60000    1.95603    0.06843    2.00791    0.03970
   1886.68000    1.83208    0.04408    2.02870    0.08731
   1891.86000    2.13293    0.07093    2.05834    0.05945
   1896.53000    2.00034    0.02195    2.19436    0.05637
   1901.73000    2.18714    0.07697    2.26376    0.06563
   1907.57000    1.95003    0.05395    2.31887    0.02756
   1914.84000    2.17599    0.02289    2.23216    0.06423
   1921.26000    2.12271    0.05729    1.95410    0.03479
   1926.70000    2.42088    0.05855    2.15355    0.03228
   1933.99000    1.98946    0.06150    2.31650    0.03675
   1939.48000    2.15645    0.03193    2.62910    0.03496
   2190.23000    1.85432    0.04624    1.64428    0.08677
   2196.61000    1.99431    0.05315    1.75355    0.07493
   2204.43000    1.81758    0.04807    1.87847    0.06629
   2209.53000    1.77434    0.05617    2.06855    0.05203
   2215.50000    1.63414    0.05799    1.97129    0.04908
   2221.62000    1.50250    0.04495    1.81746    0.03097
   2229.10000    1.66252    0.07102    1.70532    0.05829
   2237.00000    1.51984    0.06829    1.52136    0.05386
   2242.43000    1.42653    0.05760    1.80694    0.07568
   2248.97000    1.38408    0.06705    1.68355    0.03003
   2254.93000    1.28997    0.05979    1.56811    0.02110
   2261.91000    1.26340    0.04577    1.64295    0.07016
   2267.41000    1.30491    0.04035    1.40476    0.05864
   2273.81000    1.29366    0.04984    1.50435    0.05488
   2280.40000    1.13200    0.07659    1.44890    0.05612
   2287.05000    1.09265    0.06326    1.40933    0.06193
   2293.93000    1.08809    0.04554    1.31879    0.05306
   2301.09000    1.18119    0.07224    1.15956    0.02102
   2309.47000    1.28193    0.02660    1.22079    0.07143
   2559.60000    2.44228    0.06988    2.50801    0.05133
   2566.56000    2.56925    0.05845    2.40946    0.06390
   2572.21000    2.65079    0.03453    2.65223    0.06695
   2579.50000    2.83607    0.04076    2.60036    0.08723
   2585.90000    2.84770    0.06592    2.87753    0.06493
   2591.69000    2.80626    0.04203    3.09503    0.07584
   2596.12000    2.61201    0.07801    2.99475    0.04464
   2603.48000    2.55837    0.04588    2.95828    0.06566
   2609.27000    2.57422    0.05193    2.71072    0.05113
   2614.35000    2.95104    0.07113    2.88602    0.03286
   2621.60000    3.25605    0.04508    2.94175    0.04190
   2626.10000    3.28229    0.03089    3.14037    0.07346
   2631.82000    3.33640    0.05080    3.30495    0.03038
   2638.19000    3.26863    0.03993    3.61845    0.06015
   2643.68000    3.22778    0.06258    3.55323    0.07836
   2649.89000    3.46237    0.08260    3.54878    0.06020
   2655.45000    3.21201    0.02140    3.53402    0.05248
   2662.08000    3.02629    0.04048    3.55396    0.04597
   2667.20000    3.08232    0.05657    3.46337    0.04162
   2673.60000    2.66961    0.07435    3.46476    0.07821
   2923.21000    1.76339    0.07164    1.81554    0.02970
   2930.14000    1.86748    0.04093    1.89641    0.06403
   2935.63000    2.17928    0.05748    1.86427    0.05083
   2941.10000    2.07918    0.06455    1.94525    0.03587
   2946.76000    2.17650    0.06180    2.21573    0.02185
   2951.99000    2.03825    0.07912    2.25167    0.07924
   2958.15000    2.00575    0.02088    2.24233    0.04610
   2963.81000    2.11844    0.03413    2.28406    0.04972
   2969.01000    2.16878    0.04456    1.97586    0.07053
   2973.12000    2.17667    0.02442    2.17751    0.06316
   2979.52000    2.31452    0.04851    2.23190    0.03263
   2985.94000    2.06989    0.02565    2.37854    0.06236
   2993.56000    1.96705    0.03527    2.32935    0.04534
   2999.03000    1.93810    0.03440    2.18552    0.03924
   3004.72000    1.77621    0.06174    2.05868    0.05868
   3011.24000    1.89276    0.02375    2.01808    0.06224
   3017.71000    1.84300    0.04496    2.05088    0.05352
   3024.21000    1.75155    0.06281    2.00649    0.08949
   3031.60000    1.79318    0.05221    1.92808    0.03973
   3036.75000    1.55834    0.03805    1.89165    0.03570
   3287.06000    1.71877    0.03198    1.61824    0.02225
   3294.20000    1.83183    0.03673    1.59285    0.06637
   3299.91000    1.82332    0.02924    1.80164    0.06202
   3306.56000    1.57892    0.05768    2.09759    0.04924
   3314.19000    1.89456    0.01002    1.74395    0.02012
   3319.98000    2.12751    0.07082    1.79482    0.01511
   3326.71000    2.13013    0.07527    2.06672    0.06209
   3332.89000    1.91136    0.07190    2.25113    0.03420
   3339.49000    1.98737    0.05413    2.37732    0.04741
   3346.68000    1.90347    0.03158    2.19363    0.06695
   3353.75000    2.05944    0.06088    2.16125    0.05376
   3359.30000    2.01547    0.05616    2.00563    0.07776
   3366.47000    2.11462    0.05850    2.19342    0.04330
   3372.98000    2.00030    0.04407    2.14699    0.05928
   3378.60000    1.78788    0.06800    2.26379    0.03573
   3384.36000    1.95009    0.07384    2.07958    0.07447
   3390.85000    2.07701    0.06390    1.88631    0.04999
   3396.61000    1.73431    0.05547    2.06317    0.07562
   3402.41000    1.78938    0.03873    2.21567    0.05643
