## Time Delay Challenge light curves
##
## [time]=days, [lc]=[err]=flux in nanomaggies
##
##       time       lc_A      err_A       lc_B      err_B
##-------------------------------------------------------
      2.39000    1.25347    0.08496    3.79213    0.05896
      9.32000    1.38512    0.08777    3.76791    0.02462
     14.47000    1.50871    0.05894    3.84579    0.07220
     18.49000    1.43137    0.06213    3.84490    0.06939
     24.18000    1.51337    0.04271    3.91078    0.06203
     31.38000    1.40489    0.04062    3.95338    0.03389
     37.67000    1.42625    0.02955    3.89730    0.07200
     43.54000    1.41396    0.04362    3.87668    0.05146
     48.52000    1.33467    0.07170    3.79637    0.05875
     54.83000    1.45379    0.06039    3.67987    0.04849
     59.67000    1.54443    0.07603    3.61161    0.06252
     65.34000    1.61266    0.07677    3.53240    0.03188
     71.61000    1.50767    0.03735    3.53760    0.07358
     76.87000    1.47753    0.06608    3.54011    0.07957
     83.15000    1.44686    0.06079    3.50129    0.06495
     89.49000    1.30457    0.03886    3.48611    0.04511
     93.78000    1.37783    0.04581    3.48659    0.06911
     99.61000    1.23890    0.06159    3.50071    0.04365
    105.76000    1.31631    0.08687    3.48432    0.04695
    112.01000    1.26268    0.04365    3.56449    0.05485
    117.53000    1.34706    0.05362    3.82890    0.05959
    366.74000    1.38902    0.05034    3.80522    0.05204
    372.59000    1.37431    0.05908    3.84532    0.04560
    379.33000    1.29114    0.07367    4.01565    0.06362
    386.00000    1.43644    0.07027    3.86268    0.05998
    391.86000    1.38669    0.05895    3.83020    0.05098
    398.44000    1.38589    0.06230    3.72622    0.03732
    405.90000    1.40138    0.04085    3.78441    0.03993
    413.48000    1.41118    0.06264    3.88492    0.03771
    420.18000    1.27247    0.06118    3.98186    0.04120
    425.02000    1.43066    0.07314    3.96259    0.04943
    430.38000    1.32445    0.03206    3.90825    0.04873
    437.29000    1.29388    0.04803    4.00437    0.03664
    444.19000    1.34387    0.07372    4.13617    0.06385
    450.79000    1.32796    0.04232    4.02655    0.07236
    456.87000    1.51827    0.06628    4.12823    0.07449
    463.56000    1.42730    0.02979    4.20799    0.06406
    470.27000    1.42897    0.05768    4.16306    0.04947
    478.83000    1.58132    0.04855    4.13452    0.08641
    731.49000    1.36961    0.02745    3.74983    0.06867
    736.19000    1.38963    0.08233    3.77444    0.06399
    740.54000    1.47548    0.05849    3.78164    0.03941
    746.37000    1.53907    0.07249    3.69874    0.03026
    751.98000    1.46401    0.01578    3.69772    0.04816
    758.56000    1.45533    0.04585    3.65887    0.04506
    767.08000    1.41390    0.07577    3.79600    0.05869
    773.34000    1.42871    0.03999    3.91972    0.05010
    779.93000    1.37848    0.07580    3.84855    0.07470
    785.79000    1.39387    0.04633    4.02392    0.06616
    793.90000    1.42377    0.02703    3.80962    0.04051
    801.97000    1.46359    0.04134    3.78661    0.07490
    807.42000    1.35271    0.06461    3.84194    0.02152
    815.78000    1.53495    0.04458    3.88878    0.08902
    821.44000    1.46150    0.07606    3.95769    0.04000
    828.04000    1.47827    0.06354    3.99830    0.05653
    834.24000    1.33696    0.08136    4.07842    0.01940
    839.19000    1.44941    0.04456    4.20544    0.03907
    845.82000    1.48080    0.03933    4.15463    0.04894
   1096.35000    1.40542    0.04255    3.56240    0.05305
   1102.86000    1.36682    0.06140    3.47671    0.03892
   1107.95000    1.41228    0.11465    3.51468    0.05095
   1113.06000    1.35487    0.04100    3.56834    0.05440
   1118.57000    1.35530    0.05105    3.42590    0.05266
   1127.56000    1.35820    0.03859    3.51729    0.03609
   1134.36000    1.26205    0.08005    3.62497    0.05908
   1138.73000    1.39147    0.05404    3.62347    0.07469
   1146.85000    1.37770    0.05645    3.55928    0.06207
   1153.77000    1.41854    0.04902    3.69200    0.04286
   1160.00000    1.41946    0.09439    3.50471    0.03749
   1165.73000    1.47311    0.04299    3.54551    0.06292
   1171.60000    1.50602    0.05362    3.46824    0.04770
   1177.37000    1.49287    0.05007    3.77852    0.06627
   1182.94000    1.39965    0.06553    3.79197    0.07561
   1187.67000    1.44755    0.03236    3.72817    0.04808
   1194.26000    1.49057    0.05052    3.72478    0.06575
   1200.10000    1.37737    0.02305    3.59410    0.04175
   1205.15000    1.48718    0.08475    3.53324    0.05279
   1211.96000    1.52029    0.05002    3.59188    0.05911
   1466.92000    1.44321    0.04208    3.91777    0.05937
   1473.35000    1.33696    0.02535    3.81592    0.04137
   1478.53000    1.34025    0.05473    3.83104    0.05025
   1483.46000    1.50210    0.06316    3.84217    0.05384
   1489.07000    1.47814    0.05547    4.01892    0.04733
   1494.34000    1.55821    0.04584    3.95674    0.06250
   1500.10000    1.24922    0.07014    3.97326    0.02518
   1506.58000    1.49609    0.04698    3.89159    0.05076
   1509.69000    1.43194    0.05145    3.92783    0.04223
   1514.51000    1.56583    0.07526    3.98702    0.04069
   1521.74000    1.52469    0.06762    4.01654    0.03537
   1528.97000    1.44243    0.08318    3.79981    0.03794
   1536.18000    1.54492    0.04448    3.80340    0.05196
   1543.13000    1.50511    0.03383    3.84048    0.04398
   1547.75000    1.40975    0.05587    3.63221    0.04503
   1553.36000    1.46991    0.06464    3.64302    0.05747
   1558.65000    1.51381    0.04078    3.75588    0.05269
   1562.92000    1.52276    0.10228    3.86943    0.05500
   1568.27000    1.59003    0.04322    3.96716    0.04252
   1574.53000    1.38856    0.04968    3.84572    0.06453
   1579.90000    1.44429    0.05598    3.75412    0.04603
   1830.17000    1.32140    0.03913    3.95168    0.03878
   1836.08000    1.41130    0.07089    3.79365    0.06020
   1842.09000    1.44226    0.05769    4.02642    0.04440
   1848.52000    1.41842    0.06253    3.96931    0.04728
   1853.81000    1.27824    0.06970    3.95832    0.04868
   1858.89000    1.46658    0.05322    3.95761    0.03118
   1865.33000    1.39061    0.02407    3.93328    0.08326
   1870.60000    1.43023    0.06131    3.94643    0.05706
   1876.57000    1.35390    0.05997    4.06280    0.02446
   1883.25000    1.28820    0.08370    4.10495    0.04368
   1888.96000    1.39409    0.06908    4.08209    0.04307
   1894.23000    1.35603    0.06102    3.86440    0.03075
   1901.08000    1.36783    0.09423    3.77866    0.03613
   1907.93000    1.38811    0.06874    3.77408    0.04998
   1913.81000    1.40790    0.02888    3.63018    0.03139
   1921.47000    1.36549    0.02907    3.78835    0.04412
   1927.09000    1.30798    0.03675    3.79230    0.08017
   1931.83000    1.33836    0.03997    3.75379    0.05580
   1936.50000    1.28583    0.06484    3.73351    0.03610
   1942.58000    1.31444    0.04092    3.90596    0.06288
   2190.54000    1.37381    0.06963    3.45214    0.05301
   2196.53000    1.22428    0.06033    3.46763    0.07532
   2202.28000    1.26273    0.03597    3.38268    0.06856
   2207.63000    1.39819    0.05805    3.46576    0.06407
   2213.86000    1.30697    0.02624    3.30040    0.04325
   2218.81000    1.31375    0.07056    3.46779    0.04302
   2223.55000    1.16657    0.07935    3.46945    0.03401
   2230.10000    1.35271    0.05599    3.23226    0.08158
   2236.49000    1.23022    0.05752    3.58137    0.07337
   2242.59000    1.36952    0.06145    3.47100    0.06079
   2247.63000    1.28986    0.04937    3.47587    0.04210
   2254.75000    1.34204    0.05453    3.46393    0.07199
   2260.04000    1.27806    0.05767    3.50736    0.04598
   2265.27000    1.29263    0.05580    3.43215    0.03981
   2271.10000    1.16709    0.06197    3.51805    0.06356
   2279.44000    1.19067    0.05639    3.63169    0.07895
   2284.34000    1.28754    0.04595    3.63749    0.01581
   2290.39000    1.23118    0.07500    3.77810    0.07354
   2297.56000    1.27049    0.08413    3.60426    0.06507
   2302.41000    1.30485    0.04573    3.65607    0.05223
   2307.29000    1.23481    0.05630    3.72936    0.03349
   2556.98000    1.12059    0.07514    3.12312    0.07021
   2562.70000    1.16287    0.03617    3.18544    0.04030
   2569.12000    1.14274    0.05011    3.15883    0.01508
   2574.72000    1.19909    0.04806    3.20433    0.05684
   2580.73000    1.21427    0.02779    3.18426    0.06494
   2585.37000    1.19958    0.07494    3.31282    0.04641
   2589.96000    1.15575    0.03943    3.26800    0.03238
   2595.83000    1.17620    0.03259    3.21748    0.07295
   2599.93000    1.17664    0.06345    3.37873    0.03559
   2606.20000    1.23558    0.05412    3.28894    0.04347
   2611.42000    1.19061    0.05008    3.20490    0.04621
   2617.20000    1.11830    0.06142    3.35909    0.04098
   2624.48000    1.25067    0.02792    3.23633    0.04444
   2629.34000    1.18259    0.05078    3.35912    0.06411
   2635.07000    1.23219    0.07331    3.29187    0.06208
   2640.59000    1.21509    0.06582    3.22481    0.06038
   2647.21000    1.24789    0.06050    3.23993    0.04174
   2651.10000    1.18655    0.04710    3.18113    0.04745
   2656.11000    1.18935    0.04880    3.21809    0.04965
   2663.35000    1.32886    0.05377    3.21777    0.05706
   2668.08000    1.14860    0.05797    3.28930    0.05227
   2674.92000    1.23485    0.06642    3.33619    0.04211
   2921.88000    1.20807    0.07341    3.15980    0.05373
   2927.75000    1.14343    0.03991    3.20854    0.03819
   2931.71000    1.21041    0.04084    3.19738    0.03283
   2937.75000    1.11422    0.04868    3.23911    0.07172
   2944.76000    1.13821    0.05128    3.18302    0.08144
   2951.57000    1.15671    0.06305    3.38657    0.04711
   2957.52000    0.97631    0.07383    3.25928    0.04677
   2963.18000    1.12321    0.04654    3.43035    0.04628
   2967.93000    1.16153    0.06213    3.43216    0.04058
   2973.62000    1.19639    0.07733    3.40249    0.04393
   2981.07000    1.18730    0.03034    3.19607    0.03170
   2986.64000    1.11421    0.04631    3.30838    0.02975
   2993.13000    1.16999    0.04348    3.43984    0.04673
   2999.05000    1.09109    0.05275    3.33596    0.06619
   3005.24000    1.25357    0.04658    3.48949    0.07110
   3010.66000    1.18080    0.06921    3.53166    0.05791
   3016.20000    1.19978    0.06259    3.62250    0.06602
   3021.73000    1.14072    0.05668    3.73053    0.07711
   3027.48000    1.21098    0.05046    3.58379    0.07147
   3032.07000    1.23111    0.06316    3.57203    0.05097
   3039.23000    1.23709    0.02785    3.56816    0.05078
   3285.94000    1.37867    0.05646    3.85133    0.06253
   3292.07000    1.36248    0.06131    3.95464    0.02466
   3297.77000    1.50480    0.06416    3.95568    0.07915
   3302.69000    1.28512    0.04420    3.86490    0.07238
   3308.44000    1.31399    0.05802    3.88941    0.03812
   3314.98000    1.18744    0.06643    3.82855    0.04924
   3321.67000    1.39092    0.03335    3.81340    0.05163
   3327.73000    1.35375    0.03316    3.88187    0.04522
   3334.74000    1.32454    0.03544    3.73823    0.06122
   3342.32000    1.41510    0.04024    3.73265    0.06005
   3348.91000    1.44546    0.06140    3.64934    0.04133
   3354.44000    1.27541    0.06376    3.69248    0.05538
   3359.59000    1.32571    0.04870    3.69130    0.05922
   3364.96000    1.27220    0.05777    3.69245    0.03949
   3369.92000    1.34509    0.06483    3.58136    0.07438
   3375.36000    1.13711    0.06889    3.64047    0.07050
   3381.69000    1.34702    0.05455    3.58164    0.02880
   3386.89000    1.35466    0.03223    3.55100    0.03821
   3393.17000    1.27567    0.03032    3.49972    0.05912
   3399.04000    1.28778    0.02046    3.59254    0.05311
