## Time Delay Challenge light curves
##
## [time]=days, [lc]=[err]=flux in nanomaggies
##
##       time       lc_A      err_A       lc_B      err_B
##-------------------------------------------------------
      4.89000    2.68526    0.06408    0.24849    0.05233
     11.70000    2.27686    0.05177    0.07944    0.06218
     18.36000    2.12190    0.02720    0.27134    0.02971
     24.61000    2.38990    0.03754    0.23247    0.03577
     30.88000    2.55349    0.06595    0.22279    0.03176
     36.28000    2.38292    0.04041    0.06559    0.05444
     42.81000    2.10958    0.06109    0.13578    0.04979
     50.19000    3.03305    0.08201    0.14314    0.03256
     55.65000    2.67500    0.06604    0.28153    0.05888
     60.70000    2.31914    0.04827    0.21227    0.03145
     65.02000    2.01516    0.09015    0.17054    0.02845
     72.09000    2.05589    0.07178    0.16592    0.05774
     78.26000    2.06649    0.05017    0.10719    0.07210
     84.89000    2.59227    0.07093    0.15779    0.03821
     90.02000    2.91549    0.05379    0.22462    0.05133
     96.77000    2.46410    0.02868    0.14824    0.07367
    102.29000    2.17191    0.07070    0.02492    0.07125
    106.32000    2.59540    0.06651    0.18864    0.06748
    111.60000    2.68860    0.04860    0.12031    0.04274
    116.74000    2.62095    0.04707    0.25903    0.05194
    366.54000    3.35622    0.07123    0.18617    0.04569
    370.88000    3.27505    0.04145    0.12141    0.01396
    376.80000    2.81855    0.05329    0.16318    0.06204
    384.89000    2.98367    0.04106    0.29462    0.05643
    389.09000    3.02742    0.07182    0.20227    0.02044
    396.35000    3.57455    0.05791    0.17145    0.04179
    402.89000    3.33998    0.05623    0.18449    0.03562
    407.92000    3.02486    0.04010    0.22314    0.04797
    413.43000    3.97938    0.01403    0.24985    0.06435
    420.81000    4.14759    0.05945    0.26598    0.04776
    427.63000    4.25607    0.05345    0.20603    0.04990
    433.64000    4.26917    0.04852    0.10947    0.07002
    440.36000    3.89798    0.04373    0.27163    0.03580
    444.37000    3.35742    0.06708    0.24475    0.04260
    451.35000    3.40872    0.05884    0.33147    0.06582
    457.11000    3.88864    0.05773    0.28325    0.04789
    462.73000    3.74225    0.05653    0.29731    0.04666
    467.86000    3.70212    0.04034    0.30327    0.04390
    475.98000    3.29038    0.04324    0.08467    0.09296
    481.08000    2.89177    0.04717    0.31374    0.03854
    734.42000    2.99330    0.05647    0.23521    0.04909
    741.49000    2.86048    0.04506    0.29041    0.03582
    748.23000    2.56595    0.07396    0.27266    0.04988
    753.37000    2.95450    0.04284    0.34672    0.07669
    760.87000    3.12802    0.04844    0.30599    0.05391
    765.54000    3.47717    0.05288    0.17004    0.08303
    770.50000    3.96736    0.04316    0.28762    0.05611
    778.00000    3.33471    0.07151    0.28895    0.05769
    784.22000    3.28869    0.04978    0.21899    0.03829
    790.82000    3.62855    0.03572    0.35916    0.03495
    796.91000    3.87953    0.05435    0.29254    0.05778
    804.12000    3.79942    0.07084    0.30025    0.05259
    810.77000    3.67988    0.03968    0.29840    0.04617
    817.05000    3.46279    0.06404    0.33262    0.04281
    823.35000    3.85872    0.05745    0.28518    0.03317
    826.89000    3.29357    0.03652    0.21435    0.06002
    831.45000    3.51550    0.02745    0.29999    0.06107
    836.60000    3.57080    0.04088    0.38001    0.08026
    842.44000    3.57577    0.03485    0.14937    0.04889
    848.08000    3.18340    0.06235    0.26296    0.06840
   1101.28000    2.16255    0.04942    0.14318    0.05238
   1105.35000    2.48233    0.04851    0.19940    0.04523
   1111.37000    2.70439    0.03808    0.29361    0.05228
   1116.82000    2.73085    0.04945    0.16970    0.02798
   1122.53000    2.97830    0.06110    0.18543    0.07104
   1126.99000    2.67188    0.04822    0.17514    0.06978
   1131.88000    2.29920    0.05890    0.20513    0.03580
   1138.87000    2.08613    0.04886    0.29880    0.03274
   1146.12000    2.65825    0.04307    0.29921    0.04178
   1150.45000    2.45375    0.06607    0.29993    0.05373
   1155.81000    2.31200    0.05778    0.14084    0.07018
   1159.91000    2.26390    0.02159    0.12422    0.06922
   1166.66000    1.81639    0.05945    0.14807    0.04400
   1171.55000    2.16656    0.04352    0.21437    0.04492
   1177.24000    2.01854    0.05925    0.25272    0.04468
   1182.49000    2.24385    0.05397    0.25514    0.04861
   1187.99000    2.33099    0.06449    0.32241    0.06391
   1194.42000    2.57824    0.08606    0.16996    0.03738
   1200.34000    3.01743    0.04963    0.29195    0.04499
   1205.58000    2.64271    0.03274    0.23286    0.04937
   1211.91000    2.72835    0.03513    0.26612    0.05629
   1465.93000    3.64664    0.04383    0.07824    0.04879
   1472.63000    2.97405    0.05406    0.23189    0.05097
   1479.46000    2.83154    0.04318    0.16701    0.06071
   1483.99000    2.79423    0.04586    0.25386    0.04584
   1490.34000    2.90757    0.07890    0.24006    0.05220
   1496.53000    2.55979    0.07662    0.35812    0.06128
   1502.36000    2.83218    0.05034    0.27674    0.04323
   1508.18000    2.52263    0.05275    0.16560    0.06920
   1513.78000    2.78617    0.05234    0.07558    0.05685
   1520.06000    2.09583    0.05314    0.14839    0.03882
   1526.43000    2.32918    0.06957    0.14993    0.05712
   1531.58000    2.36291    0.03485    0.01341    0.06828
   1537.01000    2.53644    0.02407    0.25391    0.07513
   1543.24000    3.44418    0.06280    0.07181    0.05141
   1549.44000    3.83355    0.03353    0.10499    0.06305
   1554.49000    3.51265    0.04147    0.12808    0.04016
   1560.06000    3.60780    0.06148    0.18429    0.03272
   1564.70000    3.32346    0.04978    0.19350    0.03328
   1569.70000    3.70226    0.05457    0.17873    0.06646
   1574.51000    5.10514    0.04122    0.20850    0.05143
   1828.17000    3.63618    0.06178    0.22160    0.05119
   1834.30000    3.34246    0.05591    0.28534    0.05839
   1839.34000    3.21314    0.03863    0.23219    0.08234
   1847.44000    3.34690    0.06904    0.25612    0.04908
   1853.79000    3.09784    0.06853    0.30426    0.04060
   1858.69000    3.11487    0.06281    0.26150    0.03229
   1864.63000    3.17836    0.09282    0.22200    0.03580
   1870.75000    3.94329    0.08260    0.21694    0.05928
   1877.84000    3.79774    0.05836    0.30773    0.06575
   1883.79000    3.89090    0.03209    0.18506    0.05752
   1889.89000    3.51951    0.04660    0.18853    0.05793
   1896.08000    3.64139    0.05787    0.24146    0.03137
   1902.33000    3.17173    0.04596    0.31195    0.05156
   1908.62000    2.82828    0.02837    0.21632    0.06808
   1914.90000    3.28289    0.05628    0.17836    0.06395
   1922.09000    3.29721    0.03652    0.32184    0.06750
   1926.21000    3.65404    0.04040    0.07309    0.07678
   1933.44000    4.51854    0.06444    0.13546    0.06857
   1940.54000    4.62012    0.04174    0.07488    0.07053
   2193.95000    5.21138    0.08154    0.14353    0.07331
   2200.21000    4.72817    0.06317    0.24689    0.06312
   2205.87000    4.22679    0.04953    0.20391    0.07494
   2212.57000    5.37257    0.03491    0.16535    0.02759
   2218.62000    5.49685    0.05208    0.13785    0.05944
   2223.83000    4.83560    0.07411    0.16487    0.02530
   2230.57000    4.46748    0.05299    0.19408    0.08516
   2236.15000    4.02745    0.05254    0.35370    0.06216
   2241.37000    3.88962    0.06643    0.26201    0.09142
   2246.73000    4.31192    0.04829    0.32783    0.04556
   2254.65000    5.17236    0.03925    0.26566    0.06187
   2262.28000    4.84706    0.06176    0.24384    0.05514
   2267.18000    5.35328    0.03426    0.17515    0.06352
   2271.42000    6.14804    0.06716    0.29594    0.04127
   2278.26000    5.99887    0.06403    0.12136    0.05793
   2284.49000    6.18892    0.03574    0.11962    0.06414
   2290.69000    6.27816    0.04587    0.28643    0.06437
   2296.82000    6.40654    0.03950    0.50606    0.06732
   2302.55000    5.97157    0.05757    0.30101    0.04770
   2556.49000    5.92500    0.05167    0.27802    0.04685
   2562.43000    5.23310    0.06161    0.20639    0.05296
   2569.25000    5.23228    0.06229    0.13593    0.07545
   2574.11000    5.12404    0.05880    0.25447    0.05834
   2578.90000    6.41311    0.06040    0.29276    0.06100
   2587.03000    7.47647    0.05809    0.27050    0.03469
   2592.75000    6.21939    0.06242    0.24952    0.01947
   2599.23000    8.34336    0.03620    0.26464    0.03709
   2606.18000    7.26960    0.06194    0.25075    0.05851
   2611.11000    7.85936    0.07392    0.39104    0.09112
   2616.34000    8.82517    0.07165    0.32161    0.02517
   2620.91000    9.79691    0.02668    0.36394    0.07595
   2627.39000    9.26103    0.05758    0.29385    0.05056
   2633.20000    9.34479    0.06613    0.36318    0.07063
   2639.61000    9.01811    0.05311    0.28894    0.06752
   2646.15000    7.89607    0.06337    0.37572    0.04659
   2651.46000    8.63204    0.07322    0.43547    0.06826
   2658.39000    9.55262    0.06427    0.38197    0.04062
   2663.62000    9.35823    0.04545    0.43653    0.03335
   2669.13000   11.04886    0.05554    0.28946    0.07901
   2923.21000   12.14937    0.05998    0.38833    0.06074
   2930.68000   13.83942    0.08107    0.44615    0.03528
   2936.16000   13.47763    0.02676    0.47218    0.07920
   2941.96000   12.98308    0.07756    0.67014    0.05900
   2948.33000   15.32871    0.08126    0.64070    0.04312
   2952.41000   13.92657    0.06000    0.74126    0.03840
   2959.45000   11.61718    0.04822    0.66393    0.03137
   2965.46000   16.35937    0.06490    0.84918    0.05077
   2970.38000   18.37609    0.05247    0.96281    0.05904
   2976.11000   16.30334    0.04219    1.16462    0.05870
   2981.92000   16.88439    0.03342    0.90287    0.06294
   2988.32000   18.98713    0.05345    1.16276    0.07651
   2993.74000   23.02181    0.07073    1.62323    0.09492
   2999.51000   20.11882    0.04916    1.64158    0.04539
   3005.44000   21.38515    0.04663    1.60684    0.04935
   3012.09000   21.13529    0.06146    2.10674    0.06464
   3017.88000   16.72638    0.06590    2.73393    0.04752
   3025.34000   16.75527    0.06959    2.73840    0.05047
   3029.58000   14.41760    0.06402    2.89483    0.04593
   3034.50000   12.69353    0.07056    3.27100    0.05306
   3287.88000    9.79976    0.05577    2.91538    0.02151
   3294.34000    9.93134    0.05665    2.41541    0.06594
   3300.44000    8.75265    0.05028    2.26929    0.03684
   3305.82000    9.43035    0.06686    2.31555    0.04566
   3310.60000    9.46722    0.05897    2.09825    0.01539
   3315.76000   10.46384    0.07670    1.95280    0.02450
   3320.69000   10.29514    0.04512    1.91795    0.04303
   3326.67000    9.53392    0.05148    1.68025    0.05325
   3332.20000    8.55774    0.05709    1.82471    0.03377
   3338.55000    8.72020    0.05100    2.02081    0.03686
   3345.26000    7.26807    0.07428    1.87305    0.05170
   3350.20000    7.35316    0.03313    1.87311    0.04493
   3356.64000    8.39266    0.06929    1.86178    0.03676
   3363.11000    8.22513    0.04664    1.56877    0.08992
   3368.89000    7.44126    0.04232    1.31402    0.03937
   3376.22000    7.12632    0.04031    1.25003    0.06720
   3383.63000    7.47111    0.04874    1.64834    0.06073
   3388.84000    9.70066    0.04041    1.58000    0.05605
   3395.07000   11.13729    0.07565    1.49932    0.03217
   3399.84000   10.99091    0.06192    1.22778    0.07232
