## Time Delay Challenge light curves
##
## [time]=days, [lc]=[err]=flux in nanomaggies
##
##       time       lc_A      err_A       lc_B      err_B
##-------------------------------------------------------
      0.40000    2.49649    0.04743    0.54690    0.03089
      5.49000    2.67020    0.05266    0.57975    0.05847
     10.98000    2.58078    0.05682    0.56551    0.04081
     15.85000    2.70577    0.04662    0.55384    0.05104
     21.71000    2.72215    0.06069    0.60275    0.06399
     27.32000    2.61996    0.04880    0.50450    0.07121
     33.67000    2.62574    0.05188    0.66175    0.05028
     39.41000    2.63880    0.07104    0.57656    0.06727
     45.65000    2.59138    0.06615    0.59559    0.05055
     50.70000    2.47697    0.08290    0.61020    0.05236
     56.49000    2.72803    0.04774    0.56909    0.05320
     61.82000    2.62893    0.04642    0.49661    0.04815
     66.92000    2.73699    0.05201    0.60092    0.05933
     74.10000    2.74873    0.06648    0.46805    0.07023
     79.13000    2.70884    0.06071    0.59030    0.04691
     85.14000    2.61480    0.06649    0.55428    0.04770
     90.73000    2.68822    0.06642    0.57844    0.05798
     97.76000    2.73572    0.04768    0.69199    0.05806
    104.57000    2.66165    0.05104    0.55927    0.05794
    110.49000    2.77555    0.05694    0.58924    0.04108
    115.18000    2.75179    0.06020    0.64542    0.03784
    119.78000    2.77852    0.04175    0.57684    0.03660
    367.77000    2.73119    0.04212    0.56162    0.05548
    373.47000    2.73535    0.05476    0.60666    0.05667
    380.47000    2.77688    0.06095    0.64553    0.04859
    385.91000    2.72523    0.05229    0.57169    0.03700
    391.47000    2.69650    0.06689    0.64344    0.06924
    398.20000    2.70606    0.08111    0.58426    0.02888
    405.58000    2.71029    0.05958    0.61118    0.06052
    413.60000    2.83512    0.03024    0.58920    0.05841
    420.55000    2.81033    0.04058    0.59462    0.03515
    426.44000    2.77087    0.02170    0.48633    0.08370
    431.91000    2.82282    0.05564    0.54473    0.04857
    437.06000    2.81149    0.05660    0.54669    0.04817
    442.56000    2.78062    0.06026    0.70657    0.06435
    448.46000    2.77614    0.03056    0.67871    0.07185
    453.23000    2.81080    0.06311    0.56630    0.02678
    460.55000    2.89475    0.05553    0.64447    0.06140
    467.20000    2.83795    0.07006    0.65395    0.03892
    471.35000    2.78994    0.06710    0.62365    0.04938
    477.15000    2.57881    0.05937    0.56333    0.05600
    483.42000    2.70948    0.04665    0.65337    0.06800
    732.84000    2.49690    0.06516    0.47143    0.07988
    739.40000    2.39364    0.06695    0.53781    0.02802
    744.47000    2.53829    0.05174    0.63143    0.04138
    750.02000    2.47224    0.06099    0.56697    0.04236
    753.69000    2.49519    0.08061    0.54646    0.03856
    759.60000    2.54578    0.07885    0.66055    0.05003
    765.84000    2.51295    0.06249    0.54349    0.01555
    773.09000    2.46001    0.08022    0.44547    0.05754
    778.13000    2.54550    0.04474    0.60367    0.08100
    784.40000    2.62300    0.05552    0.58788    0.04161
    791.57000    2.57485    0.04577    0.55646    0.04347
    796.52000    2.55137    0.08094    0.50090    0.03405
    803.05000    2.61952    0.04618    0.54774    0.05996
    810.24000    2.60842    0.05128    0.53609    0.06977
    816.20000    2.50758    0.05588    0.50665    0.03447
    821.69000    2.64356    0.05275    0.61029    0.06216
    827.63000    2.53563    0.05668    0.59094    0.03485
    832.06000    2.63284    0.04743    0.54977    0.02399
    837.50000    2.63147    0.04336    0.59353    0.05929
    843.48000    2.61461    0.06393    0.59537    0.04646
    849.82000    2.61006    0.03643    0.63051    0.04904
   1096.04000    2.31994    0.04488    0.52573    0.02068
   1100.79000    2.29188    0.04459    0.59732    0.02824
   1106.27000    2.37187    0.05731    0.55152    0.07459
   1111.04000    2.23845    0.07130    0.52992    0.07915
   1116.72000    2.20953    0.05516    0.53975    0.02823
   1123.27000    2.24013    0.05765    0.59978    0.08885
   1128.80000    2.28292    0.05605    0.59346    0.06417
   1134.98000    2.20787    0.07300    0.55457    0.05766
   1141.27000    2.37795    0.07517    0.53704    0.08328
   1147.49000    2.21140    0.05963    0.54130    0.07178
   1153.10000    2.29540    0.03643    0.57161    0.04413
   1159.44000    2.33207    0.02099    0.61717    0.07150
   1165.83000    2.31301    0.05251    0.53009    0.03515
   1169.98000    2.35896    0.01942    0.66142    0.06231
   1175.07000    2.32558    0.06560    0.56853    0.06149
   1181.94000    2.47794    0.06017    0.61149    0.05090
   1188.29000    2.45153    0.05850    0.58767    0.02266
   1195.06000    2.47297    0.02765    0.56938    0.04685
   1199.91000    2.46387    0.04400    0.60284    0.05955
   1205.63000    2.42567    0.05627    0.56418    0.05083
   1211.10000    2.51175    0.06629    0.44384    0.06879
   1464.03000    2.30947    0.02607    0.55868    0.02793
   1471.08000    2.28994    0.07450    0.47345    0.06697
   1477.36000    2.37805    0.04789    0.59167    0.05893
   1481.83000    2.34341    0.06064    0.48543    0.04364
   1487.84000    2.37203    0.05204    0.53418    0.05906
   1492.44000    2.36498    0.05800    0.58474    0.05265
   1499.80000    2.46169    0.04355    0.52854    0.04922
   1506.33000    2.45277    0.04776    0.48953    0.04824
   1513.48000    2.42774    0.00945    0.47770    0.06387
   1519.12000    2.52816    0.04425    0.50284    0.04476
   1525.51000    2.56852    0.04262    0.60318    0.05027
   1531.73000    2.44854    0.04869    0.60788    0.03980
   1537.85000    2.58016    0.03636    0.41326    0.06328
   1545.64000    2.55710    0.04367    0.61458    0.06829
   1552.87000    2.57522    0.03925    0.57838    0.05017
   1559.37000    2.61244    0.02984    0.53529    0.02002
   1566.64000    2.69035    0.05679    0.54832    0.04286
   1572.59000    2.65073    0.05984    0.59607    0.03613
   1578.24000    2.62469    0.05834    0.48712    0.07731
   1827.08000    2.58972    0.02633    0.60227    0.05522
   1831.78000    2.58363    0.07481    0.67255    0.08381
   1837.76000    2.63511    0.05800    0.77098    0.06498
   1843.53000    2.62805    0.06293    0.54838    0.04052
   1850.29000    2.74130    0.05233    0.61468    0.01881
   1855.88000    2.60680    0.02445    0.58536    0.03887
   1863.00000    2.66512    0.03305    0.57826    0.05479
   1868.29000    2.66598    0.02048    0.52927    0.06924
   1873.22000    2.70025    0.04867    0.62032    0.05727
   1878.99000    2.72014    0.05807    0.49632    0.05429
   1884.79000    2.68183    0.03691    0.63668    0.02995
   1891.35000    2.68431    0.03375    0.62368    0.06663
   1898.11000    2.71735    0.05079    0.52027    0.04646
   1904.06000    2.67367    0.02673    0.60443    0.01622
   1908.92000    2.64024    0.04027    0.58917    0.05363
   1914.69000    2.68299    0.03544    0.58810    0.06107
   1921.34000    2.86103    0.07193    0.61876    0.02731
   1927.51000    2.68685    0.06250    0.67243    0.05486
   1935.08000    2.76649    0.02256    0.59163    0.05555
   1941.06000    2.94682    0.07118    0.65062    0.04049
   2191.00000    2.60237    0.04018    0.63612    0.02918
   2196.49000    2.70232    0.05677    0.63219    0.04117
   2204.10000    2.63223    0.03174    0.56121    0.07030
   2210.67000    2.60940    0.05660    0.62706    0.05629
   2218.55000    2.67930    0.02959    0.59888    0.04177
   2225.63000    2.59813    0.04807    0.62235    0.03065
   2231.89000    2.63583    0.02004    0.52588    0.07831
   2236.73000    2.56315    0.06551    0.56996    0.04067
   2243.36000    2.58876    0.05675    0.60696    0.07656
   2249.72000    2.65216    0.06715    0.57973    0.05574
   2256.72000    2.55918    0.03080    0.59858    0.03321
   2262.72000    2.58418    0.07012    0.60691    0.08279
   2269.80000    2.55983    0.06004    0.59319    0.02092
   2273.94000    2.38850    0.06568    0.57275    0.05117
   2278.58000    2.45532    0.06178    0.57128    0.03206
   2284.69000    2.47615    0.09303    0.57074    0.03607
   2290.14000    2.44730    0.04580    0.64280    0.04218
   2297.40000    2.45355    0.02758    0.64337    0.06557
   2303.18000    2.44505    0.01805    0.55359    0.03926
   2308.59000    2.52734    0.05653    0.52740    0.03862
   2556.52000    2.48198    0.06197    0.55851    0.06671
   2561.96000    2.60613    0.04868    0.57749    0.04242
   2568.35000    2.45237    0.04421    0.54687    0.02945
   2574.96000    2.51987    0.06237    0.45740    0.04580
   2582.46000    2.39715    0.05756    0.59480    0.04755
   2589.67000    2.40233    0.08334    0.55619    0.05539
   2596.86000    2.40322    0.04274    0.50420    0.06966
   2600.81000    2.36985    0.03902    0.54820    0.05797
   2605.57000    2.43362    0.03311    0.49114    0.06250
   2610.85000    2.41708    0.05058    0.44075    0.07622
   2617.61000    2.36307    0.06775    0.47701    0.04745
   2622.89000    2.25205    0.07747    0.48190    0.04725
   2628.66000    2.42633    0.08567    0.46482    0.04810
   2633.70000    2.48888    0.07225    0.54493    0.04650
   2640.89000    2.35219    0.03588    0.55532    0.06120
   2648.10000    2.35763    0.03971    0.57689    0.04630
   2651.25000    2.46501    0.05516    0.66491    0.05657
   2657.52000    2.40663    0.06621    0.45867    0.06879
   2663.66000    2.38467    0.03775    0.55697    0.05757
   2671.50000    2.44600    0.06356    0.50364    0.04257
   2920.44000    2.56204    0.06153    0.64892    0.06997
   2925.69000    2.60661    0.04928    0.40678    0.06732
   2931.18000    2.56672    0.06775    0.53643    0.04256
   2936.63000    2.55797    0.05599    0.51802    0.07779
   2942.87000    2.58897    0.04697    0.57529    0.04478
   2951.00000    2.65341    0.06948    0.50080    0.04556
   2955.37000    2.42848    0.08229    0.55154    0.05647
   2962.24000    2.50890    0.06658    0.57281    0.04264
   2968.12000    2.53489    0.00535    0.53580    0.05442
   2974.63000    2.58250    0.03743    0.45868    0.04913
   2979.81000    2.52316    0.06643    0.50682    0.05667
   2985.16000    2.58960    0.03506    0.63090    0.07507
   2991.72000    2.59633    0.05382    0.60059    0.07449
   2997.83000    2.44883    0.07143    0.62564    0.05279
   3005.66000    2.54775    0.07996    0.56527    0.06087
   3011.83000    2.52376    0.05516    0.55367    0.03308
   3016.47000    2.43860    0.03603    0.56330    0.04558
   3022.39000    2.41439    0.07501    0.62953    0.05681
   3027.54000    2.52706    0.04710    0.54488    0.05960
   3033.86000    2.37594    0.04654    0.60160    0.04750
   3039.83000    2.44112    0.04437    0.46847    0.06125
   3288.93000    2.73202    0.06030    0.54224    0.05490
   3295.39000    2.77535    0.06072    0.54884    0.02373
   3300.88000    2.62128    0.04676    0.56093    0.03037
   3305.78000    2.66050    0.03991    0.59539    0.03568
   3312.58000    2.69982    0.05248    0.67079    0.04929
   3318.87000    2.69053    0.04456    0.50860    0.03242
   3325.38000    2.82719    0.05772    0.52450    0.08862
   3331.82000    2.66153    0.05519    0.59150    0.05958
   3339.10000    2.73461    0.03167    0.54460    0.02975
   3346.29000    2.56905    0.04441    0.52740    0.06494
   3352.76000    2.67131    0.01602    0.61467    0.06257
   3357.14000    2.71413    0.02692    0.61145    0.05771
   3362.52000    2.62078    0.07116    0.61747    0.06558
   3367.52000    2.64281    0.05501    0.51420    0.04655
   3374.40000    2.60622    0.05205    0.47974    0.06172
   3379.44000    2.52992    0.05052    0.50673    0.05921
   3384.14000    2.58197    0.03749    0.61285    0.03610
   3391.70000    2.61604    0.05944    0.63056    0.03964
   3397.24000    2.70257    0.03815    0.54511    0.02210
   3401.80000    2.58923    0.05159    0.57642    0.05129
