## Time Delay Challenge light curves
##
## [time]=days, [lc]=[err]=flux in nanomaggies
##
##       time       lc_A      err_A       lc_B      err_B
##-------------------------------------------------------
      2.76000    2.61738    0.05213    0.88901    0.06247
      8.71000    2.64817    0.05818    0.95298    0.03446
     13.22000    2.62659    0.03143    1.03331    0.06465
     19.40000    2.59155    0.04223    0.97540    0.02985
     23.47000    2.70285    0.04288    0.93388    0.07010
     29.32000    2.55470    0.04634    1.03518    0.05410
     36.44000    2.57646    0.05299    0.94069    0.04244
     43.23000    2.63615    0.05084    0.95027    0.06298
     49.99000    2.82649    0.04718    0.97634    0.05627
     55.41000    2.84958    0.03877    0.95133    0.01501
     61.54000    2.61624    0.06954    0.94480    0.04391
     67.13000    2.54923    0.06107    1.01329    0.03717
     74.24000    2.60244    0.03257    0.97194    0.03846
     80.60000    2.64729    0.05498    0.97193    0.02400
     85.09000    2.62752    0.05921    0.96713    0.09237
     91.69000    2.71735    0.02417    0.97643    0.03394
     99.25000    2.57508    0.05222    0.87273    0.04650
    104.90000    2.67290    0.04684    1.10213    0.04680
    111.46000    2.61234    0.06300    0.95567    0.04757
    118.05000    2.76342    0.02259    0.94007    0.03569
    366.21000    2.61109    0.02219    0.93593    0.02233
    372.72000    2.44894    0.06040    0.98333    0.05388
    377.17000    2.45430    0.01811    0.83430    0.05668
    384.49000    2.49119    0.05041    0.90648    0.05119
    388.54000    2.45409    0.05844    1.00285    0.04490
    393.79000    2.39833    0.05890    0.85613    0.03743
    400.22000    2.49429    0.05505    0.81716    0.05399
    406.10000    2.53768    0.03984    0.93182    0.06754
    410.98000    2.47379    0.02954    1.00146    0.08621
    417.88000    2.53131    0.07439    0.94408    0.05171
    423.36000    2.49942    0.04296    1.02574    0.08826
    429.46000    2.43633    0.03882    0.88540    0.04980
    435.55000    2.41043    0.06075    1.02642    0.06938
    440.02000    2.55527    0.03132    0.93101    0.05437
    446.95000    2.47792    0.07818    0.96683    0.07809
    453.51000    2.57123    0.03372    0.96122    0.05835
    458.38000    2.45588    0.02881    0.86894    0.07329
    466.20000    2.56695    0.05865    0.96985    0.05596
    470.82000    2.52943    0.06030    0.97220    0.05637
    475.45000    2.49833    0.07853    0.92537    0.03913
    481.80000    2.45942    0.05222    0.92583    0.05663
    732.73000    2.81669    0.09052    0.93462    0.05877
    739.48000    2.77759    0.07697    0.99832    0.04400
    744.86000    2.80576    0.05445    0.99529    0.05691
    751.04000    2.63410    0.04972    1.04519    0.06116
    756.13000    2.56948    0.09571    1.00027    0.05446
    761.66000    2.52988    0.04886    0.94905    0.04440
    767.63000    2.51287    0.07096    0.83318    0.05283
    774.06000    2.49474    0.05475    0.95860    0.04391
    780.75000    2.52268    0.08937    0.89799    0.03731
    785.99000    2.42357    0.06642    1.04568    0.03785
    791.86000    2.53327    0.05637    0.92469    0.05590
    797.92000    2.50009    0.05695    0.80303    0.06116
    804.02000    2.39662    0.05594    0.83721    0.07093
    808.06000    2.48371    0.06433    0.91980    0.07005
    812.21000    2.49818    0.04924    0.93894    0.03702
    817.41000    2.55127    0.04030    0.89765    0.07671
    823.89000    2.58080    0.04952    0.93643    0.03532
    828.57000    2.50490    0.04511    0.87371    0.06162
    833.66000    2.46531    0.01764    0.83653    0.04357
    840.54000    2.32930    0.06697    0.85115    0.09025
    846.44000    2.36516    0.05919    0.90026    0.05294
   1099.82000    2.79020    0.05256    0.99806    0.05455
   1106.16000    2.82904    0.04536    0.94311    0.06711
   1111.75000    2.89998    0.05710    1.01988    0.05315
   1116.44000    2.81847    0.02840    0.99562    0.05890
   1122.21000    2.67410    0.05755    0.94268    0.03387
   1127.90000    2.81033    0.03461    1.05647    0.05090
   1135.47000    2.71879    0.03249    1.03947    0.06212
   1143.01000    2.68165    0.05149    0.99149    0.04101
   1149.28000    2.79494    0.06433    1.00201    0.05235
   1154.28000    2.66445    0.04060    0.94145    0.02162
   1161.86000    2.58572    0.04722    1.01586    0.03846
   1168.10000    2.65749    0.07233    0.92024    0.05519
   1176.13000    2.70580    0.05983    0.95867    0.02560
   1181.87000    2.52650    0.04943    1.00718    0.05814
   1186.56000    2.63083    0.07142    0.91304    0.04318
   1191.26000    2.57102    0.06900    0.94915    0.03318
   1197.25000    2.50964    0.06029    0.85139    0.04827
   1203.08000    2.44227    0.06335    0.82864    0.07987
   1208.94000    2.50286    0.05524    0.77491    0.08961
   1466.60000    2.40896    0.06038    0.88602    0.05324
   1473.00000    2.44913    0.05606    0.89720    0.03074
   1478.28000    2.37203    0.07503    0.98048    0.04315
   1485.83000    2.41231    0.04729    0.80479    0.06409
   1489.77000    2.33640    0.06804    1.08078    0.07824
   1496.01000    2.45094    0.03417    0.78124    0.07055
   1503.20000    2.41410    0.04427    0.83299    0.05762
   1510.15000    2.48514    0.03028    0.87329    0.03942
   1517.34000    2.58082    0.07302    0.97826    0.05344
   1524.51000    2.57950    0.06905    0.90863    0.04647
   1529.22000    2.54260    0.05972    0.97023    0.04701
   1538.23000    2.45664    0.04812    0.96155    0.05290
   1542.88000    2.45275    0.09109    0.90981    0.01317
   1548.27000    2.44055    0.06295    0.91321    0.02156
   1555.76000    2.44024    0.06406    0.86755    0.02982
   1562.86000    2.55826    0.02696    0.96194    0.05922
   1570.41000    2.57852    0.05759    0.85759    0.04570
   1576.74000    2.73816    0.07081    0.79254    0.05505
   1825.81000    2.79057    0.07824    1.05026    0.06516
   1830.52000    2.76471    0.07245    0.93576    0.05072
   1835.12000    2.77099    0.04452    0.97966    0.03816
   1839.41000    2.70090    0.03301    1.00171    0.07020
   1848.59000    2.56105    0.03680    0.99391    0.07208
   1855.93000    2.72450    0.07522    0.99454    0.06569
   1863.23000    2.69537    0.04772    1.02028    0.04553
   1869.75000    2.69969    0.02311    0.97717    0.03541
   1876.33000    2.70938    0.07014    0.92137    0.07670
   1883.15000    2.81252    0.06473    1.00032    0.04148
   1888.52000    2.81351    0.07344    0.95983    0.05755
   1893.38000    2.73871    0.05069    0.94433    0.06052
   1898.20000    2.59121    0.03844    1.00079    0.04980
   1906.81000    2.62156    0.05715    0.97646    0.03375
   1913.31000    2.60402    0.06753    1.00096    0.03266
   1918.51000    2.61307    0.04421    0.91681    0.07260
   1923.01000    2.49519    0.07016    1.10921    0.07737
   1929.17000    2.56231    0.05391    0.89364    0.03404
   1935.85000    2.57552    0.05745    0.92841    0.04334
   1942.76000    2.54019    0.05610    0.82033    0.07356
   2194.52000    2.77353    0.06072    1.01424    0.04669
   2199.49000    2.66145    0.06237    0.87830    0.03396
   2205.31000    2.57725    0.06619    0.87850    0.04475
   2211.49000    2.55675    0.07954    0.95146    0.05805
   2217.75000    2.65107    0.05661    0.93782    0.04125
   2224.05000    2.60842    0.06926    0.86595    0.03756
   2230.57000    2.50903    0.04400    0.90933    0.05974
   2236.79000    2.60993    0.05693    0.84769    0.06910
   2242.69000    2.56775    0.07275    0.83626    0.02378
   2247.58000    2.47572    0.06181    0.85235    0.05224
   2255.79000    2.56556    0.05385    0.91757    0.05946
   2263.74000    2.71469    0.04696    0.79782    0.06596
   2267.71000    2.54885    0.05833    0.81803    0.07255
   2273.25000    2.71429    0.01965    0.89366    0.03753
   2279.28000    2.62626    0.04033    0.99033    0.05395
   2283.18000    2.61003    0.04229    0.90588    0.05495
   2289.62000    2.66843    0.03428    0.92193    0.04673
   2294.33000    2.69219    0.05126    0.90041    0.05907
   2298.93000    2.51623    0.06034    0.95692    0.05720
   2305.21000    2.57081    0.04064    0.93866    0.03007
   2556.08000    2.53568    0.05536    0.91464    0.04967
   2562.45000    2.53207    0.06897    0.82417    0.04462
   2567.92000    2.38971    0.05797    0.96981    0.06439
   2575.44000    2.41597    0.04046    0.89662    0.04360
   2581.72000    2.36793    0.05109    0.82349    0.05404
   2585.69000    2.28714    0.04203    0.87016    0.04945
   2591.01000    2.29182    0.07513    0.79183    0.05278
   2596.04000    2.09643    0.04525    0.80723    0.04230
   2600.43000    2.23085    0.02806    0.82036    0.05952
   2606.33000    2.26072    0.06625    0.72362    0.06923
   2612.22000    2.33467    0.05302    0.81949    0.06756
   2618.41000    2.36635    0.07671    0.75722    0.04697
   2624.72000    2.47038    0.03235    0.80894    0.01113
   2629.57000    2.41079    0.06984    0.80469    0.04593
   2634.90000    2.56516    0.03174    0.88708    0.05146
   2641.97000    2.52510    0.06306    0.84948    0.02427
   2650.00000    2.53892    0.06118    0.85243    0.04912
   2656.03000    2.51441    0.03390    0.89880    0.05144
   2663.45000    2.45933    0.05025    0.88082    0.04943
   2670.06000    2.44699    0.04537    0.85032    0.06346
   2923.29000    2.29755    0.04792    0.82680    0.06147
   2928.07000    2.32665    0.04496    0.79138    0.05084
   2934.38000    2.43105    0.07104    0.76719    0.03111
   2938.28000    2.39736    0.03755    0.76391    0.04613
   2945.56000    2.42687    0.04983    0.80889    0.04257
   2951.85000    2.41920    0.02362    0.76646    0.04832
   2959.16000    2.24467    0.07639    0.85843    0.01794
   2965.80000    2.43340    0.06792    0.80447    0.03025
   2970.96000    2.30069    0.07052    0.82377    0.02370
   2975.88000    2.40208    0.02832    0.84011    0.05500
   2980.96000    2.32903    0.04282    0.73743    0.07034
   2986.98000    2.21503    0.04274    0.87647    0.05548
   2993.01000    2.23035    0.06707    0.88630    0.04113
   2999.92000    2.28056    0.05266    0.76634    0.05063
   3005.06000    2.26557    0.06446    0.80911    0.03339
   3011.78000    2.35245    0.04111    0.82147    0.03310
   3018.14000    2.41476    0.06941    0.78760    0.05370
   3024.14000    2.43278    0.06275    0.89298    0.04750
   3029.06000    2.26838    0.07655    0.84009    0.04350
   3035.29000    2.37664    0.05804    0.93006    0.04005
   3285.03000    2.55313    0.04776    0.92735    0.04241
   3291.49000    2.61208    0.04462    0.85465    0.05245
   3296.68000    2.38959    0.08441    0.81421    0.05433
   3301.83000    2.44092    0.08687    0.82072    0.04894
   3307.97000    2.56648    0.07847    0.79596    0.05376
   3313.55000    2.49794    0.03618    0.85346    0.04923
   3319.27000    2.59091    0.07741    0.87484    0.05937
   3325.41000    2.57302    0.08069    0.97468    0.07806
   3333.76000    2.60389    0.04341    0.89516    0.01294
   3338.84000    2.55982    0.06524    0.89403    0.05323
   3345.87000    2.61052    0.06028    0.88135    0.04663
   3350.69000    2.53183    0.05528    0.79759    0.06359
   3357.09000    2.58053    0.01450    0.94944    0.04781
   3363.75000    2.61225    0.05238    0.85688    0.04595
   3369.92000    2.58237    0.04636    0.90587    0.05865
   3376.29000    2.63798    0.04028    0.95012    0.04900
   3382.46000    2.61330    0.06781    0.88155    0.04333
   3388.10000    2.65803    0.06675    0.84296    0.05587
   3393.59000    2.57700    0.04784    0.91089    0.03726
   3400.36000    2.65851    0.06381    0.92569    0.06282
