## Time Delay Challenge light curves
##
## [time]=days, [lc]=[err]=flux in nanomaggies
##
##       time       lc_A      err_A       lc_B      err_B
##-------------------------------------------------------
      5.13000    3.83436    0.06276    0.97682    0.05823
     10.16000    4.33674    0.02194    0.94463    0.04727
     17.23000    4.03011    0.05982    0.96726    0.06761
     23.54000    3.91921    0.07041    0.95313    0.04355
     28.49000    3.87048    0.04922    0.83977    0.04103
     34.41000    3.45310    0.04092    0.86753    0.04526
     40.80000    3.62205    0.06345    0.98342    0.05077
     46.45000    3.65563    0.05566    0.93627    0.06662
     54.06000    3.50330    0.03661    0.91508    0.04773
     61.26000    3.36443    0.06649    0.84753    0.07342
     68.96000    3.58372    0.03377    0.84081    0.04660
     75.19000    3.30644    0.02200    0.86000    0.02547
     81.57000    3.69072    0.06986    0.86020    0.05185
     87.48000    3.54609    0.05894    0.82061    0.06863
     92.42000    3.93168    0.05040    0.82461    0.06742
     98.89000    3.91090    0.04318    0.85420    0.06208
    104.25000    4.33801    0.05860    0.71271    0.06180
    109.16000    3.98857    0.04734    0.87402    0.04299
    115.87000    5.15654    0.06782    0.71855    0.09633
    369.42000    2.98326    0.06735    0.62746    0.06378
    375.79000    3.12205    0.06299    0.66958    0.02965
    380.78000    3.01821    0.08049    0.69281    0.04230
    387.83000    2.80132    0.06617    0.67499    0.08564
    393.71000    2.80526    0.03475    0.66640    0.03804
    401.20000    2.99200    0.02858    0.71309    0.02147
    408.75000    3.03005    0.04892    0.57869    0.06290
    414.80000    3.67838    0.06949    0.70012    0.03926
    420.96000    4.33744    0.07018    0.58421    0.06457
    428.09000    3.93172    0.06711    0.75512    0.03503
    433.20000    3.68249    0.06221    0.59850    0.06512
    440.63000    3.57100    0.09325    0.69589    0.07228
    446.62000    3.91482    0.07865    0.83842    0.04124
    454.02000    3.45057    0.06482    1.11615    0.08120
    459.62000    3.51272    0.02295    0.87733    0.03302
    465.33000    3.54393    0.04685    0.99651    0.07898
    471.85000    3.54780    0.05444    0.80460    0.02314
    478.15000    3.42697    0.07708    0.89290    0.05364
    484.98000    3.64358    0.02955    0.89680    0.04895
    733.78000    5.23420    0.04711    1.12512    0.05619
    740.69000    4.91274    0.05568    1.25055    0.02661
    746.48000    5.31710    0.03621    1.12938    0.04770
    753.12000    5.48306    0.04625    1.26287    0.04638
    757.09000    5.69043    0.04830    1.27466    0.04263
    764.17000    5.14132    0.07789    1.17051    0.04038
    770.18000    5.58471    0.04137    1.14662    0.05780
    775.42000    5.43971    0.06126    1.16850    0.04526
    781.71000    4.89721    0.06090    1.20510    0.05703
    789.14000    5.55898    0.02949    1.30524    0.02489
    795.50000    5.36478    0.06165    1.19283    0.08697
    801.03000    5.47257    0.06402    1.19782    0.05574
    805.87000    5.81505    0.04809    1.29244    0.05238
    812.28000    5.22420    0.04865    1.13942    0.04650
    817.32000    5.57975    0.02617    1.30243    0.06856
    824.39000    5.44785    0.04708    1.32281    0.04610
    829.63000    5.25924    0.05436    1.27472    0.03641
    837.18000    5.60671    0.03640    1.33751    0.04594
    842.74000    5.20163    0.05971    1.28570    0.06836
    848.09000    4.65523    0.03336    1.12356    0.04911
   1098.80000    4.18020    0.04751    0.97048    0.03797
   1106.53000    4.37773    0.05795    1.05355    0.06060
   1112.34000    4.56588    0.03307    1.04749    0.06371
   1117.61000    5.04357    0.08382    0.89937    0.05013
   1122.90000    4.45405    0.05778    0.92343    0.07545
   1128.39000    4.67392    0.05506    1.07390    0.08246
   1133.91000    4.61016    0.05268    1.02673    0.05767
   1140.37000    4.80624    0.06715    1.05087    0.06526
   1146.59000    4.56559    0.08271    1.14643    0.05111
   1152.38000    4.86151    0.06478    1.16705    0.07694
   1158.06000    4.33969    0.06420    0.99499    0.02179
   1164.26000    4.08401    0.05821    1.04327    0.00421
   1171.21000    3.72778    0.04717    1.04913    0.03535
   1177.18000    3.11980    0.05717    1.08766    0.06213
   1184.93000    3.35563    0.01358    1.03766    0.05330
   1189.30000    3.58647    0.04558    0.95433    0.03385
   1194.74000    3.35396    0.04820    0.89616    0.08043
   1200.90000    3.22404    0.07136    0.87446    0.03384
   1208.73000    4.17917    0.05778    0.82498    0.05808
   1214.14000    4.38961    0.05997    0.71782    0.04268
   1461.86000    3.67544    0.03097    0.77601    0.03620
   1466.68000    3.99275    0.06414    0.75254    0.03679
   1471.89000    3.51453    0.05359    0.76291    0.02095
   1477.94000    3.10719    0.03588    0.78984    0.04626
   1482.23000    3.46086    0.04451    0.82436    0.06022
   1488.83000    3.09559    0.06319    0.86746    0.09643
   1495.24000    2.85991    0.05849    0.81265    0.02174
   1501.68000    2.90015    0.06997    0.89161    0.06261
   1507.31000    3.10039    0.03491    0.70532    0.01728
   1512.99000    3.47200    0.07779    0.83432    0.06054
   1519.39000    3.14413    0.07321    0.72342    0.04129
   1524.82000    3.01749    0.02919    0.68918    0.06007
   1531.82000    3.37832    0.05845    0.67278    0.06548
   1537.24000    3.19495    0.02887    0.68750    0.05860
   1544.73000    3.64936    0.05418    0.82226    0.04888
   1551.77000    3.48129    0.06500    0.75260    0.03326
   1556.89000    3.26076    0.06921    0.68357    0.04939
   1561.74000    3.37001    0.04483    0.85060    0.03701
   1568.69000    3.57387    0.06297    0.67658    0.07812
   1576.30000    3.66922    0.05756    0.70622    0.04174
   1825.02000    3.32762    0.04102    0.79088    0.04798
   1831.24000    2.72954    0.05140    0.94742    0.06383
   1836.93000    2.60398    0.05270    1.05415    0.04432
   1842.56000    2.25871    0.02308    0.90778    0.06163
   1846.88000    2.21068    0.03642    0.98696    0.07021
   1854.47000    2.17071    0.04901    0.87596    0.05565
   1860.55000    2.42774    0.06196    0.67995    0.05285
   1867.31000    2.68139    0.06505    0.56979    0.06255
   1873.02000    2.61504    0.04001    0.53572    0.04984
   1877.89000    2.37660    0.03814    0.45356    0.07212
   1883.06000    2.78597    0.05670    0.51647    0.05347
   1890.02000    3.04505    0.04063    0.57489    0.04443
   1894.94000    2.90847    0.05892    0.62716    0.03807
   1904.07000    2.97209    0.06441    0.64988    0.08559
   1910.98000    2.73095    0.06543    0.69807    0.04227
   1917.80000    2.88960    0.06845    0.67846    0.03754
   1924.01000    2.74340    0.02195    0.63696    0.06030
   1931.10000    2.80610    0.04035    0.69180    0.06452
   1937.16000    3.09999    0.02683    0.61101    0.06881
   1943.99000    3.58224    0.04748    0.60511    0.03574
   2195.09000    4.26237    0.03289    1.09773    0.05341
   2200.00000    4.29141    0.04747    0.91672    0.04972
   2207.45000    4.97839    0.06932    0.91067    0.05767
   2212.69000    4.97499    0.07182    1.08529    0.05327
   2216.55000    4.61268    0.06243    1.05046    0.04368
   2221.74000    4.87385    0.02698    1.14412    0.03849
   2228.70000    4.70595    0.05951    0.82778    0.07326
   2236.16000    4.73462    0.02227    1.08072    0.08145
   2243.87000    5.09962    0.04895    1.10840    0.05800
   2250.00000    5.25941    0.05953    1.08662    0.06866
   2254.91000    5.61492    0.07394    1.15769    0.05806
   2260.43000    6.18152    0.04713    1.02021    0.04832
   2266.89000    6.21275    0.03225    1.05812    0.05499
   2274.01000    5.71413    0.04623    1.23801    0.03346
   2280.91000    5.63466    0.04342    1.12690    0.04259
   2286.96000    5.34558    0.05341    1.29106    0.04165
   2293.62000    5.33411    0.07597    1.40570    0.02212
   2299.46000    5.30625    0.05944    1.39983    0.03549
   2305.28000    5.10741    0.07145    1.28373    0.05653
   2561.28000    6.17928    0.04327    1.17859    0.06827
   2566.26000    6.63978    0.05763    1.11303    0.05266
   2570.07000    6.78918    0.06371    1.19324    0.03875
   2576.96000    6.54063    0.03518    1.26325    0.07001
   2582.04000    6.98512    0.05271    1.18918    0.05958
   2587.90000    7.10649    0.03091    1.23397    0.02642
   2594.11000    6.22026    0.05595    1.47950    0.06376
   2599.43000    6.07185    0.06006    1.52203    0.05254
   2606.24000    5.70651    0.06185    1.67404    0.08199
   2612.66000    5.75869    0.05381    1.66552    0.05913
   2619.56000    6.08629    0.05177    1.75548    0.04860
   2626.03000    5.65621    0.03518    1.43034    0.07593
   2633.29000    5.07178    0.04689    1.34200    0.06478
   2638.67000    5.04964    0.03272    1.32667    0.03846
   2644.79000    5.04865    0.05957    1.30817    0.04779
   2650.46000    4.98547    0.06074    1.37275    0.05659
   2656.40000    5.77182    0.04598    1.23778    0.06067
   2660.33000    5.88889    0.04845    1.18426    0.02973
   2669.30000    6.46864    0.04427    1.11254    0.03852
   2921.81000    6.03943    0.04891    1.13002    0.06885
   2926.06000    5.43728    0.04208    1.12366    0.03871
   2932.93000    5.04077    0.08262    1.12398    0.05198
   2937.83000    5.43124    0.05981    1.45501    0.05534
   2943.51000    5.55769    0.05193    1.41024    0.05071
   2948.37000    5.48683    0.03418    1.42406    0.04454
   2955.05000    5.31720    0.06523    1.25855    0.04937
   2960.93000    5.89238    0.04387    1.20663    0.05239
   2968.00000    6.06507    0.04777    1.33991    0.05525
   2974.72000    7.13909    0.05933    1.21088    0.03831
   2981.09000    6.81151    0.04360    1.13678    0.05064
   2987.09000    8.49811    0.07341    1.10140    0.06310
   2991.83000    8.77528    0.06225    1.37256    0.04061
   2997.47000    7.85142    0.05002    1.31306    0.05443
   3001.41000    8.13802    0.06855    1.44856    0.05211
   3008.09000    7.36356    0.06890    1.45539    0.03221
   3014.77000    6.89628    0.05293    1.56651    0.06631
   3022.10000    7.14639    0.06084    2.00906    0.06610
   3025.30000    6.68824    0.03485    2.10221    0.05849
   3029.59000    6.94043    0.04489    1.91237    0.05358
   3037.27000    7.14713    0.06533    1.76439    0.06685
   3289.46000    3.99874    0.04754    1.00115    0.05400
   3295.80000    4.55947    0.04984    0.93357    0.05715
   3303.01000    4.71429    0.05427    0.90952    0.01507
   3310.19000    4.96240    0.05365    1.08236    0.03483
   3316.78000    5.05308    0.04501    1.03096    0.06299
   3323.72000    5.42223    0.03372    1.08539    0.05258
   3331.00000    5.02092    0.08272    1.03513    0.04565
   3337.34000    5.79910    0.05668    1.06350    0.04600
   3341.60000    5.95799    0.06021    1.18947    0.07418
   3348.31000    6.21411    0.04994    1.22350    0.08618
   3354.08000    5.35185    0.06952    1.25820    0.04093
   3359.83000    4.65070    0.06446    1.10066    0.05796
   3368.06000    4.37234    0.04851    1.39718    0.07435
   3373.34000    5.06155    0.05081    1.42609    0.04094
   3379.24000    5.89134    0.07166    1.50081    0.00994
   3386.00000    5.14468    0.04428    1.25893    0.03244
   3393.35000    4.84467    0.05008    1.04435    0.04004
   3398.51000    3.98041    0.04318    1.11030    0.03518
   3403.12000    4.03950    0.06040    0.97084    0.05167
