## Time Delay Challenge light curves
##
## [time]=days, [lc]=[err]=flux in nanomaggies
##
##       time       lc_A      err_A       lc_B      err_B
##-------------------------------------------------------
      2.57000    2.91033    0.05231    0.74124    0.05391
      9.88000    2.87926    0.03647    0.69268    0.05024
     14.67000    2.75868    0.03102    0.61704    0.02747
     21.48000    2.70050    0.05867    0.68028    0.04746
     27.48000    2.81624    0.06791    0.63261    0.03557
     33.26000    2.73945    0.06029    0.69650    0.05856
     40.42000    2.63131    0.06715    0.59208    0.06801
     44.69000    2.60715    0.04482    0.63921    0.02731
     50.18000    2.57598    0.01968    0.63027    0.04570
     55.81000    2.50887    0.07910    0.64338    0.04829
     61.80000    2.42859    0.07064    0.66614    0.04827
     69.56000    2.58177    0.03924    0.62525    0.02273
     75.09000    2.64406    0.03098    0.67009    0.05587
     81.84000    2.55222    0.03058    0.61676    0.04375
     88.52000    2.69527    0.06786    0.71726    0.06797
     94.78000    2.73785    0.06447    0.59412    0.04331
     98.91000    2.70316    0.05832    0.78107    0.06307
    105.60000    2.66400    0.05608    0.64526    0.04056
    111.93000    2.73739    0.05661    0.68247    0.04549
    117.99000    2.61469    0.02128    0.59840    0.06114
    365.84000    2.61337    0.05796    0.60690    0.06260
    372.03000    2.54578    0.04418    0.58806    0.04085
    378.22000    2.55501    0.05403    0.60770    0.07165
    384.87000    2.60814    0.04601    0.61439    0.05174
    390.91000    2.50172    0.02947    0.60020    0.07046
    398.00000    2.50775    0.04908    0.67226    0.04137
    403.47000    2.61708    0.05795    0.59782    0.06342
    409.19000    2.53878    0.05997    0.66356    0.06086
    413.95000    2.58462    0.06404    0.57875    0.06600
    420.40000    2.66972    0.04756    0.60206    0.04421
    426.75000    2.45631    0.08287    0.65203    0.07202
    433.93000    2.55721    0.03027    0.62435    0.03598
    440.23000    2.60959    0.06215    0.53153    0.05278
    447.12000    2.71550    0.05684    0.53280    0.06322
    454.40000    2.69763    0.07028    0.65244    0.05130
    461.05000    2.74849    0.02870    0.60626    0.06282
    468.43000    2.58334    0.05452    0.65931    0.03799
    476.21000    2.46009    0.05616    0.52750    0.07728
    482.25000    2.61512    0.04307    0.72248    0.04075
    735.00000    2.30302    0.06761    0.51294    0.06263
    740.90000    2.17883    0.06845    0.47188    0.09130
    749.07000    2.31224    0.07627    0.56395    0.04680
    756.27000    2.24416    0.06226    0.54849    0.05213
    762.87000    2.37606    0.04418    0.60098    0.06403
    768.19000    2.26078    0.03955    0.41502    0.07090
    775.36000    2.36693    0.05026    0.58681    0.07558
    782.36000    2.29293    0.02448    0.47933    0.05470
    787.81000    2.19236    0.05397    0.54168    0.04374
    792.14000    2.23797    0.05977    0.49795    0.05947
    798.29000    2.21265    0.06197    0.59806    0.03611
    804.68000    2.19280    0.05540    0.51731    0.05414
    809.98000    2.16630    0.04805    0.53602    0.05200
    815.19000    2.17918    0.04868    0.70415    0.06402
    821.28000    2.12728    0.04979    0.57300    0.03147
    825.00000    2.01387    0.05472    0.52825    0.05007
    830.11000    2.06891    0.04279    0.56446    0.03735
    834.84000    2.12547    0.08112    0.45139    0.07388
    840.60000    2.11551    0.05202    0.52490    0.04978
    845.90000    2.25464    0.05511    0.52668    0.02664
   1100.11000    2.77009    0.04483    0.61857    0.04363
   1106.02000    2.73360    0.09077    0.58565    0.05938
   1111.67000    2.53416    0.06237    0.68015    0.03940
   1119.13000    2.61050    0.04838    0.59209    0.07084
   1122.70000    2.60351    0.07968    0.69895    0.06113
   1129.32000    2.67583    0.03922    0.60288    0.04256
   1134.51000    2.53806    0.05360    0.68581    0.04391
   1142.40000    2.67207    0.06652    0.69252    0.08194
   1149.01000    2.80172    0.08742    0.67377    0.01195
   1154.44000    2.40169    0.07711    0.65186    0.02681
   1160.84000    2.41450    0.04720    0.65991    0.04142
   1167.89000    2.60467    0.06355    0.49437    0.06119
   1173.73000    2.49749    0.04341    0.62985    0.06374
   1179.80000    2.43869    0.07829    0.56169    0.06349
   1183.95000    2.45601    0.00649    0.62516    0.07441
   1188.84000    2.54786    0.05934    0.61389    0.06186
   1194.84000    2.59788    0.06933    0.64668    0.06262
   1201.92000    2.53189    0.04586    0.62463    0.03452
   1208.54000    2.54531    0.05474    0.59438    0.04054
   1214.83000    2.50864    0.06523    0.59311    0.06017
   1463.95000    3.05645    0.05919    0.75528    0.03225
   1467.96000    3.02342    0.07027    0.77935    0.07083
   1475.06000    2.99860    0.06612    0.81121    0.03843
   1479.53000    3.14044    0.06036    0.69531    0.05479
   1486.61000    2.87015    0.06382    0.77843    0.05138
   1491.73000    2.99515    0.05025    0.75765    0.03174
   1498.61000    2.94482    0.03311    0.77560    0.03525
   1503.28000    3.14271    0.04447    0.70765    0.01905
   1509.20000    2.94133    0.05955    0.86888    0.07339
   1516.02000    3.03369    0.04730    0.72653    0.06786
   1521.45000    3.06284    0.01792    0.73056    0.04955
   1526.85000    3.09706    0.05231    0.67776    0.06760
   1532.18000    3.03536    0.05982    0.76089    0.03074
   1537.96000    3.09770    0.03081    0.74015    0.03554
   1543.37000    3.11734    0.05154    0.87055    0.06698
   1549.44000    2.89543    0.06143    0.83380    0.05573
   1556.53000    2.87853    0.06108    0.77238    0.06189
   1563.06000    2.71850    0.05675    0.62541    0.05746
   1568.26000    2.81826    0.03560    0.65604    0.04763
   1574.12000    2.83743    0.06429    0.65111    0.06102
   1829.39000    3.19467    0.06491    0.85214    0.06994
   1838.63000    3.09570    0.06907    0.74351    0.02861
   1842.94000    3.03411    0.06014    0.63927    0.07168
   1848.04000    3.19859    0.06527    0.67853    0.05544
   1853.49000    3.14795    0.06644    0.77542    0.06176
   1860.27000    3.11161    0.05114    0.80328    0.03862
   1866.51000    2.97917    0.07180    0.81262    0.05154
   1872.76000    3.06324    0.07987    0.72512    0.04411
   1879.32000    3.14381    0.03478    0.87851    0.05398
   1886.77000    2.97744    0.05844    0.75483    0.02979
   1893.38000    3.06670    0.07098    0.80150    0.04690
   1900.28000    3.03803    0.06549    0.76424    0.04542
   1905.98000    3.08761    0.07642    0.62654    0.06813
   1911.82000    2.95830    0.05026    0.79303    0.04788
   1919.33000    3.07609    0.06793    0.82320    0.04848
   1924.34000    3.01479    0.05655    0.72755    0.04685
   1929.46000    3.16897    0.07703    0.69339    0.05245
   1933.76000    2.70453    0.07791    0.74077    0.05024
   1939.18000    2.80476    0.05872    0.79554    0.04394
   1944.95000    2.87777    0.04762    0.68702    0.07276
   2191.17000    3.07242    0.04935    0.76743    0.05682
   2197.95000    3.23124    0.06070    0.74673    0.06336
   2203.98000    3.16520    0.06163    0.77793    0.05023
   2210.56000    3.36098    0.06499    0.83318    0.03695
   2218.87000    3.20878    0.06942    0.84226    0.04237
   2225.32000    3.25799    0.05700    0.82883    0.07556
   2229.94000    3.17862    0.04292    0.79815    0.04115
   2237.45000    3.11224    0.05067    0.79024    0.01212
   2244.22000    3.05117    0.05589    0.78173    0.05453
   2249.98000    2.93954    0.05677    0.81967    0.05234
   2256.92000    2.77820    0.07713    0.87839    0.10100
   2264.28000    2.95843    0.05965    0.59156    0.07550
   2270.43000    2.84611    0.05131    0.69260    0.04391
   2275.68000    3.02186    0.06151    0.68240    0.04493
   2284.36000    3.14965    0.05066    0.71631    0.04141
   2290.63000    3.13228    0.03130    0.68905    0.06184
   2296.21000    2.96319    0.06594    0.76594    0.04722
   2301.54000    2.88376    0.05700    0.73948    0.05743
   2305.65000    2.91427    0.05799    0.68644    0.03394
   2560.12000    3.72876    0.01236    0.94478    0.05372
   2565.90000    3.89147    0.03937    0.96699    0.05309
   2570.59000    3.69815    0.03911    0.94310    0.08343
   2577.04000    3.70491    0.06072    0.89752    0.06026
   2581.90000    3.49721    0.04907    0.92190    0.06447
   2586.89000    3.43721    0.02421    0.87686    0.04466
   2593.37000    3.36812    0.04705    0.88947    0.05907
   2599.09000    3.34746    0.04612    0.89256    0.02798
   2603.64000    3.31800    0.04219    0.83450    0.04750
   2609.56000    3.41724    0.06975    0.81875    0.03663
   2616.91000    3.38215    0.04776    0.83985    0.05520
   2623.71000    3.43155    0.03923    0.81488    0.05027
   2628.89000    3.53400    0.07648    0.75267    0.05358
   2634.65000    3.41754    0.06289    0.86130    0.06116
   2640.13000    3.47032    0.02094    0.84214    0.02192
   2645.89000    3.51674    0.05846    0.82781    0.05117
   2650.37000    3.32286    0.04955    0.90566    0.02778
   2656.71000    3.41934    0.04787    0.91110    0.06526
   2661.92000    3.36597    0.06839    0.85884    0.03694
   2668.50000    3.45052    0.04517    0.83840    0.03262
   2922.58000    3.13534    0.04226    0.89272    0.05177
   2928.70000    3.15488    0.08293    0.86844    0.01892
   2935.47000    3.20247    0.02209    0.76850    0.06815
   2942.71000    3.33714    0.05361    0.82885    0.04366
   2948.98000    3.39658    0.05643    0.85148    0.05816
   2954.67000    3.36982    0.04140    0.97922    0.05619
   2962.27000    3.23179    0.06019    0.88790    0.05198
   2968.54000    3.09918    0.07190    0.84358    0.07967
   2975.85000    3.22644    0.04634    0.80227    0.05726
   2984.88000    3.03271    0.07194    0.77228    0.06621
   2990.85000    3.08029    0.04671    0.68234    0.06588
   2995.51000    3.13337    0.04124    0.71921    0.04740
   3001.33000    3.02553    0.03940    0.76765    0.06575
   3006.40000    3.00959    0.05006    0.86821    0.04600
   3013.40000    2.96652    0.05844    0.91902    0.06314
   3019.97000    3.17648    0.05992    0.77617    0.07605
   3026.15000    3.03503    0.03767    0.84082    0.05760
   3033.58000    2.91037    0.07335    0.81151    0.03816
   3038.36000    2.99932    0.04530    0.76147    0.05640
   3291.14000    3.01426    0.05505    0.93855    0.08260
   3298.57000    3.03019    0.03773    0.72129    0.06417
   3303.97000    3.03128    0.06339    0.78017    0.07379
   3308.68000    3.07418    0.02579    0.72547    0.07442
   3313.47000    3.15997    0.08614    0.77343    0.05430
   3320.32000    3.14640    0.05970    0.81035    0.04087
   3326.51000    2.95127    0.04456    0.80761    0.05219
   3333.26000    3.01885    0.04260    0.83042    0.05846
   3339.41000    2.98832    0.05899    0.80230    0.07637
   3345.41000    3.12962    0.07996    0.85355    0.06764
   3352.71000    3.17871    0.07218    0.76698    0.06525
   3358.84000    3.08671    0.04122    0.70714    0.05046
   3365.04000    3.11746    0.04015    0.71848    0.04981
   3371.01000    2.88517    0.07084    0.87429    0.07740
   3376.97000    2.99403    0.05409    0.78360    0.05807
   3383.36000    3.00354    0.05035    0.78718    0.07329
   3389.53000    2.95706    0.04528    0.77497    0.05537
   3395.48000    3.00282    0.07228    0.77019    0.02202
   3402.22000    2.98415    0.06290    0.81026    0.06121
