## Time Delay Challenge light curves
##
## [time]=days, [lc]=[err]=flux in nanomaggies
##
##       time       lc_A      err_A       lc_B      err_B
##-------------------------------------------------------
      3.97000    1.59815    0.05210    0.34230    0.06150
      9.45000    1.58774    0.06745    0.40101    0.04034
     15.14000    1.61859    0.05650    0.52635    0.06156
     21.54000    1.65062    0.06685    0.33381    0.04512
     27.65000    1.69496    0.06999    0.29584    0.05384
     34.43000    1.53713    0.07483    0.39280    0.02087
     40.18000    1.66295    0.05680    0.39249    0.05574
     45.48000    1.51352    0.03586    0.42773    0.02592
     51.61000    1.55496    0.05601    0.44569    0.01374
     56.33000    1.59095    0.03196    0.42291    0.07404
     61.38000    1.60382    0.03762    0.37563    0.06275
     67.72000    1.57974    0.02547    0.43911    0.05370
     73.44000    1.55212    0.05706    0.40930    0.04903
     79.88000    1.51506    0.03848    0.42692    0.05373
     85.36000    1.42592    0.05220    0.42758    0.06277
     92.28000    1.39243    0.06418    0.37192    0.04457
     99.51000    1.44394    0.06778    0.36731    0.07435
    104.71000    1.46026    0.03464    0.22988    0.07789
    111.74000    1.52350    0.03560    0.39626    0.07248
    116.86000    1.48459    0.06659    0.45913    0.04874
    365.23000    1.77597    0.04544    0.47735    0.03662
    371.34000    1.75843    0.05117    0.42479    0.07761
    376.61000    1.63467    0.04672    0.45990    0.04497
    383.67000    1.53770    0.03285    0.42907    0.07641
    389.21000    1.52759    0.03214    0.46178    0.05566
    396.92000    1.48040    0.04929    0.44893    0.03537
    402.81000    1.41245    0.01418    0.47055    0.05138
    409.67000    1.67209    0.06387    0.36831    0.04698
    416.08000    1.63682    0.04477    0.34606    0.06786
    423.36000    1.78089    0.07001    0.44027    0.02422
    429.06000    1.69437    0.06050    0.46312    0.04677
    433.67000    1.84325    0.08666    0.39613    0.04750
    440.54000    1.72352    0.04618    0.38352    0.04941
    447.03000    1.86618    0.04494    0.45838    0.05117
    452.92000    1.71668    0.03303    0.42797    0.05786
    458.38000    1.80653    0.06508    0.47357    0.05824
    463.01000    1.81706    0.08250    0.42000    0.07856
    468.80000    1.73111    0.03381    0.37046    0.05329
    475.01000    1.79062    0.07383    0.36922    0.06405
    480.16000    1.71190    0.05716    0.35457    0.03709
    733.46000    1.34766    0.05279    0.47060    0.07410
    739.93000    1.31608    0.07628    0.46695    0.05391
    746.69000    1.52877    0.06251    0.44798    0.04490
    753.49000    1.57642    0.05730    0.27119    0.06599
    758.33000    1.60265    0.05311    0.39501    0.03782
    763.72000    1.61565    0.04449    0.31401    0.04751
    769.21000    1.64629    0.03987    0.38635    0.04415
    777.22000    1.61057    0.05258    0.31832    0.02704
    782.56000    1.65215    0.07142    0.28363    0.05381
    789.43000    1.66116    0.05058    0.35722    0.02367
    793.11000    1.72818    0.02036    0.37201    0.03590
    797.40000    1.63168    0.02390    0.39170    0.03093
    803.90000    1.73129    0.05836    0.46545    0.06899
    808.23000    1.71946    0.04394    0.34959    0.03913
    813.05000    1.83182    0.06834    0.33747    0.05536
    817.56000    1.64063    0.04759    0.40669    0.02619
    823.90000    1.64937    0.05676    0.39112    0.05106
    829.68000    1.64934    0.06170    0.48165    0.06931
    836.87000    1.83736    0.05995    0.50091    0.05475
    844.17000    1.93553    0.08026    0.41029    0.05637
    849.52000    1.83245    0.01759    0.29520    0.07764
   1095.46000    2.15397    0.03322    0.46403    0.00915
   1101.95000    2.19154    0.06974    0.51526    0.04119
   1109.78000    2.29757    0.06716    0.39465    0.06629
   1116.42000    2.23780    0.07539    0.49315    0.02705
   1123.75000    2.36785    0.06939    0.57185    0.07280
   1129.96000    2.36488    0.02043    0.41638    0.05601
   1134.24000    2.44796    0.05789    0.35926    0.05181
   1141.60000    2.36752    0.04139    0.46892    0.06238
   1147.68000    2.53388    0.06659    0.54275    0.03488
   1153.01000    2.53962    0.04018    0.51522    0.05355
   1159.18000    2.47448    0.05078    0.52295    0.00316
   1164.77000    2.34035    0.04840    0.54451    0.01776
   1172.36000    2.40648    0.02235    0.50163    0.06055
   1177.34000    2.27341    0.06033    0.55862    0.04933
   1184.03000    2.45358    0.03343    0.61099    0.03692
   1188.32000    2.33845    0.05592    0.57820    0.08831
   1194.54000    2.24664    0.05261    0.59594    0.08642
   1199.58000    2.37325    0.05690    0.63386    0.03102
   1206.41000    2.30625    0.03755    0.66520    0.05663
   1214.20000    2.26086    0.05137    0.64906    0.05043
   1463.66000    2.03236    0.08095    0.63191    0.05830
   1470.55000    2.13708    0.04983    0.65269    0.06758
   1476.01000    2.22762    0.02031    0.64368    0.06496
   1480.91000    2.34286    0.05638    0.54421    0.06918
   1484.45000    2.02741    0.07032    0.57930    0.07116
   1490.43000    2.00872    0.03600    0.65030    0.03210
   1496.66000    2.13836    0.04260    0.59320    0.04858
   1502.92000    2.18764    0.05707    0.72450    0.07940
   1507.21000    2.02904    0.07845    0.64671    0.05359
   1513.46000    2.12982    0.04043    0.64018    0.03302
   1521.37000    2.16394    0.06951    0.67265    0.05770
   1526.76000    2.18200    0.04556    0.57592    0.04943
   1532.25000    2.27896    0.02755    0.59194    0.06485
   1538.19000    2.28244    0.06458    0.49484    0.08978
   1542.58000    2.35429    0.06344    0.55279    0.04994
   1547.48000    2.18489    0.05804    0.60975    0.05524
   1552.93000    2.22791    0.05875    0.55431    0.06378
   1557.91000    2.29904    0.04322    0.53744    0.02897
   1563.37000    2.17310    0.04214    0.56596    0.05118
   1570.06000    2.23677    0.03062    0.55756    0.04574
   1574.23000    2.29136    0.05455    0.48566    0.05188
   1579.77000    2.11521    0.05271    0.57755    0.04213
   1829.47000    2.03206    0.08935    0.51645    0.06359
   1834.83000    2.17143    0.07123    0.46386    0.05100
   1840.00000    2.10002    0.05133    0.59065    0.03667
   1845.28000    1.91203    0.04879    0.54923    0.00874
   1850.92000    2.08953    0.05326    0.55510    0.04780
   1858.05000    1.95634    0.06311    0.56088    0.00878
   1864.36000    2.03511    0.06283    0.58087    0.03684
   1870.94000    2.11985    0.05690    0.57082    0.01328
   1876.48000    2.05411    0.07106    0.57717    0.05627
   1883.51000    2.01576    0.03036    0.57240    0.01871
   1887.97000    1.92478    0.05679    0.53881    0.05560
   1893.60000    1.81804    0.03979    0.62720    0.03513
   1899.41000    1.74955    0.06660    0.53240    0.05375
   1905.93000    1.65313    0.03010    0.59779    0.04667
   1912.78000    1.65175    0.07167    0.47741    0.05713
   1918.94000    1.59940    0.06451    0.51095    0.03435
   1927.08000    1.56797    0.01503    0.51688    0.05116
   1932.17000    1.40669    0.06838    0.60882    0.07042
   1938.24000    1.57611    0.08195    0.45511    0.04864
   1944.70000    1.51191    0.05371    0.54851    0.05474
   2190.66000    1.36402    0.03608    0.44860    0.03688
   2195.74000    1.38275    0.04150    0.31682    0.07015
   2202.31000    1.31978    0.02987    0.31575    0.06520
   2207.89000    1.26825    0.04315    0.43221    0.05700
   2214.61000    1.29517    0.06860    0.43958    0.04512
   2221.45000    1.21117    0.06802    0.35930    0.05707
   2228.46000    1.17587    0.07350    0.32978    0.03657
   2233.81000    1.31083    0.03340    0.31264    0.06272
   2240.10000    1.32097    0.06558    0.47111    0.06781
   2246.19000    1.31448    0.04619    0.39615    0.01182
   2252.83000    1.30313    0.05342    0.40095    0.08920
   2259.72000    1.26665    0.07621    0.41158    0.02914
   2265.34000    1.38915    0.05797    0.37019    0.05013
   2271.46000    1.46910    0.03573    0.36808    0.06414
   2278.25000    1.58952    0.05835    0.41929    0.06648
   2284.22000    1.54895    0.01062    0.27602    0.05504
   2291.71000    1.55848    0.08040    0.38230    0.01137
   2298.73000    1.46614    0.05499    0.40690    0.01795
   2304.57000    1.45440    0.06586    0.40495    0.05206
   2557.27000    2.30737    0.06598    0.48012    0.03964
   2564.21000    2.22252    0.02441    0.49899    0.01750
   2569.22000    2.27138    0.02270    0.43311    0.06890
   2576.17000    2.29194    0.01884    0.52158    0.02388
   2581.30000    2.04948    0.07329    0.55510    0.03600
   2588.01000    2.40721    0.04826    0.57827    0.06111
   2595.27000    2.62805    0.06151    0.58159    0.06842
   2601.84000    2.64970    0.02515    0.60935    0.05060
   2608.00000    2.56814    0.04790    0.70228    0.03807
   2613.95000    2.60128    0.07363    0.72869    0.04044
   2619.36000    2.36729    0.02941    0.58405    0.04263
   2626.19000    2.52569    0.06249    0.73916    0.04083
   2634.30000    2.60758    0.07845    0.68290    0.04446
   2640.36000    2.62961    0.05449    0.66945    0.04136
   2644.64000    2.82907    0.07396    0.66527    0.03849
   2650.42000    2.65123    0.06572    0.62961    0.02399
   2656.17000    2.77822    0.03291    0.79283    0.05374
   2661.16000    2.65030    0.04554    0.70339    0.03627
   2666.70000    2.56941    0.05838    0.69616    0.06846
   2671.25000    2.55512    0.04572    0.71417    0.05204
   2925.08000    1.92775    0.08089    0.58546    0.05220
   2932.20000    1.81388    0.04830    0.56898    0.04747
   2937.22000    1.68421    0.05208    0.56313    0.03728
   2942.51000    1.65262    0.07481    0.58638    0.04133
   2948.40000    1.63781    0.04595    0.57425    0.04114
   2954.98000    1.60883    0.07654    0.56727    0.06817
   2960.62000    1.46844    0.05867    0.58414    0.06624
   2968.40000    1.52234    0.04260    0.61588    0.08473
   2974.52000    1.57284    0.05213    0.66449    0.04909
   2979.56000    1.55984    0.04195    0.63560    0.07123
   2986.49000    1.60894    0.07971    0.63618    0.07023
   2992.19000    1.63166    0.03494    0.61545    0.05805
   2997.99000    1.66376    0.07627    0.57662    0.01260
   3004.02000    1.41558    0.06582    0.61561    0.07164
   3009.46000    1.44268    0.03235    0.56023    0.04332
   3015.22000    1.35499    0.03557    0.54113    0.05641
   3020.62000    1.35976    0.05235    0.60991    0.05849
   3025.84000    1.40475    0.03387    0.47198    0.07108
   3034.23000    1.37121    0.05959    0.47346    0.03863
   3288.64000    1.90101    0.04799    0.70927    0.06358
   3293.09000    1.93327    0.07373    0.60063    0.08086
   3298.60000    1.89244    0.03625    0.54410    0.07568
   3305.26000    1.94814    0.02978    0.70526    0.06878
   3311.26000    2.10570    0.06651    0.65079    0.05105
   3316.24000    1.87932    0.06623    0.60147    0.00689
   3323.48000    1.90357    0.06638    0.60155    0.06838
   3329.22000    2.32657    0.05402    0.59788    0.06601
   3333.20000    2.42508    0.04824    0.57009    0.05742
   3339.75000    2.38417    0.03326    0.64283    0.05033
   3346.59000    2.33345    0.02287    0.46346    0.07741
   3353.26000    2.28331    0.07323    0.63980    0.03343
   3357.73000    2.13484    0.03461    0.62787    0.06075
   3363.09000    2.01367    0.06830    0.64156    0.03674
   3369.35000    1.92527    0.07107    0.67286    0.03275
   3375.83000    1.82540    0.04734    0.63030    0.02314
   3382.56000    1.91071    0.04702    0.64070    0.04061
   3387.90000    1.91029    0.06741    0.74482    0.07104
   3392.45000    1.81211    0.05230    0.67634    0.02094
   3399.03000    1.80883    0.06383    0.85735    0.06747
