## Time Delay Challenge light curves
##
## [time]=days, [lc]=[err]=flux in nanomaggies
##
##       time       lc_A      err_A       lc_B      err_B
##-------------------------------------------------------
      0.72000    4.68032    0.07312    9.01018    0.05098
      7.32000    4.06269    0.03536   11.12359    0.07266
     13.28000    4.93286    0.03706   17.27982    0.04561
     19.82000    5.08811    0.05147   17.53234    0.05486
     25.19000    5.38719    0.08426   16.80456    0.01307
     32.01000    6.14023    0.06116   15.83411    0.05533
     39.13000    5.33208    0.07649   17.65562    0.02323
     44.47000    6.11547    0.06956   15.08060    0.06320
     51.71000    6.31217    0.06319   14.42149    0.06830
     57.59000    8.73392    0.05487   19.06612    0.02881
     62.85000    8.43995    0.04302   19.04800    0.02598
     68.57000    6.05601    0.07029   22.32928    0.04166
     75.61000    5.22856    0.10435   14.53270    0.06492
     81.62000    6.84879    0.04188    8.65756    0.04788
     88.87000    8.56449    0.06275   11.29270    0.08141
     96.01000    8.81526    0.05570    9.53791    0.03493
    102.70000    6.90921    0.06438    7.40895    0.05336
    108.56000    9.33826    0.04299    8.51860    0.05055
    116.14000    8.26330    0.06642    7.45856    0.04399
    370.56000    2.95833    0.04630    8.86998    0.03051
    376.79000    4.65395    0.02186    8.59582    0.04635
    382.98000    3.95224    0.05178    7.70033    0.05858
    387.79000    4.54642    0.06709    8.93643    0.06508
    393.35000    3.48149    0.05395   10.79513    0.03603
    399.29000    3.44725    0.02102   10.57804    0.05736
    404.31000    3.89687    0.03474   10.44834    0.08101
    410.58000    4.55474    0.04921    8.49314    0.02323
    418.41000    3.22417    0.08687   11.05398    0.06413
    426.30000    3.53894    0.02214   10.13692    0.05793
    433.16000    4.19772    0.06010   11.83934    0.06935
    439.18000    4.04478    0.08749   13.32521    0.03698
    445.97000    5.33189    0.06349   10.86653    0.04424
    453.40000    4.53768    0.04224   13.03419    0.04709
    459.76000    4.74008    0.06782   12.65461    0.05914
    466.63000    6.51395    0.05417   14.68914    0.03333
    471.43000    6.65515    0.03286   12.65577    0.03594
    477.64000    6.44188    0.07808   12.48637    0.06578
    484.59000    5.42015    0.03972    9.21237    0.04335
    731.45000    4.83978    0.03559    8.73347    0.04157
    740.24000    4.66636    0.02853   11.36696    0.03646
    745.17000    3.30017    0.02614   12.93073    0.06270
    751.65000    2.92086    0.05932   12.36463    0.06070
    757.12000    2.90376    0.04331   14.45565    0.04878
    763.66000    4.11116    0.03407   13.96412    0.07555
    770.42000    4.46032    0.08119   13.89400    0.04079
    775.86000    3.44863    0.06567   11.47443    0.04109
    781.64000    3.79652    0.04292   10.99666    0.06111
    788.33000    4.39347    0.07320   10.43901    0.08359
    793.33000    5.08333    0.01671   10.72439    0.04032
    799.55000    5.36471    0.09189   10.76345    0.04391
    806.82000    4.80523    0.06442   11.19045    0.05681
    812.48000    6.29546    0.04945   13.02789    0.05141
    818.71000    6.67192    0.04439   13.67815    0.06119
    824.47000    6.98125    0.07359   14.63160    0.04564
    829.60000    8.02450    0.04657    8.89518    0.07067
    835.58000    7.68465    0.02976    9.02166    0.04824
    841.89000    7.09837    0.02709    9.03749    0.07271
    847.89000    6.03243    0.03307    8.51925    0.06079
   1100.00000    4.76333    0.03233   11.31456    0.04535
   1107.20000    4.77599    0.06043   15.15625    0.03877
   1113.27000    4.05314    0.05175   12.54994    0.05493
   1119.66000    4.22203    0.05607    8.27985    0.05925
   1125.43000    4.45085    0.05353    8.90429    0.06343
   1132.68000    4.02914    0.05954   10.10080    0.04405
   1139.07000    4.60820    0.05128    9.50677    0.06591
   1145.18000    5.29743    0.06867   10.83277    0.06464
   1152.53000    5.08694    0.03700   11.08952    0.03739
   1158.21000    4.65040    0.05625   12.85985    0.04860
   1163.51000    5.85578    0.07992   12.81830    0.06453
   1169.58000    6.38918    0.07361   10.37214    0.07462
   1175.46000    6.49559    0.06328    8.92007    0.04543
   1180.98000    9.34189    0.04320   11.05693    0.05817
   1187.16000    7.12428    0.05720    8.38076    0.03771
   1193.27000    5.08221    0.03239   11.25540    0.04018
   1198.54000    5.17007    0.05939    9.64333    0.05064
   1206.61000    5.81699    0.05653   13.72605    0.04572
   1211.07000    5.32735    0.07386   14.44159    0.06927
   1465.47000    4.42310    0.06127    8.23776    0.04067
   1472.14000    4.13997    0.05190    8.08646    0.06483
   1479.17000    4.55613    0.07566    7.35811    0.02346
   1485.03000    4.42546    0.08225    6.52584    0.03144
   1491.64000    4.81296    0.05925    7.43123    0.04158
   1495.79000    5.04257    0.07837    7.18815    0.01435
   1500.80000    5.07586    0.03498    7.06650    0.05358
   1505.42000    4.66617    0.06133    7.60269    0.03080
   1510.59000    3.75492    0.05779    8.62723    0.06245
   1517.44000    4.26265    0.05381    7.05506    0.04447
   1524.17000    3.73733    0.06805    8.57947    0.04907
   1530.04000    4.00644    0.05109   10.70635    0.06499
   1535.38000    3.94632    0.05341    9.20516    0.03141
   1542.18000    4.73199    0.05878    7.48944    0.06525
   1549.32000    4.29723    0.02798    7.46567    0.05928
   1556.20000    4.09707    0.06007    7.82936    0.03872
   1562.15000    4.27377    0.05148    9.00760    0.04619
   1568.50000    4.11546    0.04323    9.76757    0.04966
   1574.44000    4.02816    0.05808   12.32741    0.09634
   1578.24000    4.33957    0.08475   11.07450    0.05989
   1826.43000    5.71123    0.05828   11.40430    0.05369
   1832.78000    6.22371    0.00424   11.58350    0.03297
   1838.78000    5.23772    0.06612   10.32864    0.04774
   1844.59000    4.98792    0.05950   11.82591    0.02772
   1849.86000    5.59469    0.06893   12.62185    0.04003
   1856.98000    4.95608    0.06932   11.15041    0.05990
   1862.76000    4.68946    0.07133   10.32927    0.05811
   1870.07000    7.29027    0.07370    9.09969    0.02895
   1877.06000    9.75858    0.05709    7.80555    0.04824
   1883.57000    9.15999    0.03040    6.36538    0.06834
   1888.66000    8.45179    0.06183    7.28607    0.05685
   1894.95000    8.87925    0.02801    5.06256    0.05693
   1900.21000    6.74076    0.04153    4.18813    0.06321
   1906.92000    6.89561    0.06785    4.50042    0.05761
   1912.55000    5.47002    0.06435    6.47127    0.06891
   1920.13000    6.43810    0.05532    7.41420    0.01336
   1926.03000    7.39986    0.05221    5.92677    0.06844
   1931.69000    7.19980    0.04831    5.02198    0.05100
   1936.43000    5.88829    0.08279    5.81263    0.08132
   1941.77000    5.48981    0.02715    4.74145    0.03104
   2192.71000    7.78642    0.02639    9.70939    0.03837
   2198.57000    7.16992    0.03749    9.11081    0.00513
   2204.92000    7.55624    0.03458    8.80094    0.06369
   2211.18000    7.06728    0.04262    7.88302    0.05440
   2216.15000    6.70395    0.03807    8.98998    0.03116
   2220.63000    6.89194    0.03641    8.81368    0.04211
   2226.49000    7.15494    0.04051    8.12672    0.01900
   2232.78000    6.25383    0.04145    7.62752    0.04829
   2236.98000    5.07064    0.04377   10.12764    0.06963
   2243.55000    4.20755    0.05557   13.07687    0.07710
   2248.67000    4.46834    0.04002   11.19474    0.05461
   2251.97000    4.90133    0.05608   12.06732    0.05136
   2257.13000    4.73778    0.08103   12.79381    0.04279
   2262.11000    5.91795    0.07055   10.92416    0.07434
   2267.14000    5.14544    0.09507    8.15863    0.04508
   2272.69000    5.05890    0.06912    8.73770    0.04940
   2278.56000    4.87049    0.04247    9.33036    0.08064
   2284.97000    4.55289    0.04465    9.53230    0.07027
   2290.27000    4.75305    0.03717    7.96543    0.06665
   2294.45000    4.91168    0.05356    8.00860    0.08505
   2299.96000    4.61602    0.05112    9.19537    0.06296
   2305.63000    4.33596    0.03007    7.55576    0.06835
   2556.20000    4.78508    0.04633    5.42275    0.03094
   2563.21000    4.29286    0.05469    5.38149    0.04352
   2570.47000    5.03601    0.06393    6.06305    0.03888
   2575.41000    4.95571    0.03859    5.94516    0.03179
   2582.58000    5.80587    0.04049    6.00500    0.01854
   2587.32000    4.34119    0.04409    6.36395    0.07336
   2592.27000    4.19660    0.04509    7.07466    0.05609
   2598.38000    4.49864    0.08169    9.04185    0.07626
   2604.16000    3.63408    0.02952    9.52785    0.07397
   2611.07000    3.36337    0.05936   10.40818    0.04276
   2615.90000    2.75573    0.04194    9.68213    0.05340
   2622.22000    2.97967    0.04058    9.43978    0.07237
   2628.34000    3.44198    0.05708   10.50313    0.03386
   2634.58000    3.46103    0.03236    9.40707    0.06877
   2641.89000    2.93541    0.03979    9.60036    0.04969
   2647.54000    2.96080    0.06562    8.04633    0.06818
   2651.69000    3.03640    0.04737    7.67221    0.04269
   2657.51000    3.75340    0.03796    6.59685    0.05991
   2660.38000    3.56052    0.06151    5.85616    0.06561
   2667.14000    4.23381    0.03766    6.58497    0.05484
   2924.82000    5.86877    0.03486    9.30829    0.05398
   2930.98000    7.42618    0.02936    9.69048    0.05242
   2936.09000    6.48146    0.04301   10.17132    0.04175
   2942.43000    5.20644    0.06487   11.32024    0.03083
   2948.73000    4.91156    0.07459   12.75689    0.07121
   2956.44000    6.14221    0.05135   13.84427    0.09169
   2960.94000    6.37638    0.04069   12.60613    0.05841
   2965.71000    6.18667    0.04156   11.11221    0.05192
   2970.87000    5.83519    0.06415   12.86244    0.06481
   2976.76000    7.02494    0.05091   15.09972    0.05647
   2982.66000    7.31151    0.06526   10.98610    0.06211
   2987.74000    6.67183    0.02205   10.78580    0.04893
   2995.02000    5.72657    0.03554   10.12258    0.02724
   3001.05000    4.98865    0.05866   11.52955    0.08419
   3008.44000    6.41741    0.05460    9.81907    0.05224
   3012.92000    5.64011    0.04830   12.53308    0.04839
   3017.86000    6.96336    0.05098   13.49116    0.07365
   3023.52000    7.91166    0.01719   12.19635    0.05437
   3030.79000    7.84098    0.07620   14.46871    0.05245
   3036.58000    6.53123    0.01461   14.93000    0.07919
   3291.44000    6.56141    0.03714    7.28347    0.04364
   3296.92000    5.19074    0.03596    8.17841    0.07553
   3302.79000    5.26510    0.07937    5.99721    0.07506
   3309.50000    5.05994    0.06241    7.38808    0.04614
   3314.38000    4.06768    0.06364    6.43170    0.07415
   3321.08000    4.08892    0.03375    6.52103    0.02979
   3328.00000    5.21844    0.04604    7.47203    0.07733
   3333.21000    3.81678    0.05969    8.59549    0.06830
   3338.73000    5.17657    0.04992    6.71872    0.02678
   3345.03000    6.43999    0.05443    5.42033    0.04104
   3351.22000    5.67127    0.07132    7.76600    0.05515
   3357.89000    4.09926    0.05429    6.88368    0.09346
   3364.87000    4.25774    0.03610    8.08382    0.04998
   3371.62000    4.18146    0.06779    5.72660    0.02256
   3378.48000    3.79614    0.05597    5.33232    0.05415
   3384.99000    4.00232    0.05683    4.83945    0.03614
   3391.60000    3.79395    0.02765    6.02861    0.05454
   3396.82000    4.67943    0.08265    5.47041    0.04985
   3402.81000    4.25743    0.03975    7.74988    0.05018
