## Time Delay Challenge light curves
##
## [time]=days, [lc]=[err]=flux in nanomaggies
##
##       time       lc_A      err_A       lc_B      err_B
##-------------------------------------------------------
      1.54000    8.26787    0.06705   12.47826    0.04463
      8.11000    7.84941    0.05890   13.22968    0.03886
     16.70000    7.88123    0.06287   12.72115    0.08087
     22.37000    7.89330    0.06289   12.96527    0.05768
     28.99000    8.44558    0.03120   12.73082    0.05429
     34.07000    8.71337    0.02894   13.37263    0.07788
     40.00000    8.42258    0.06803   13.14817    0.08439
     46.90000    9.14618    0.07973   12.94383    0.08053
     52.51000    9.40189    0.06573   13.27438    0.04077
     59.16000    9.03691    0.04802   13.22493    0.03393
     63.48000    9.11249    0.06552   14.23289    0.05207
     68.42000    9.19753    0.05196   14.80514    0.05528
     75.38000    9.60125    0.02804   13.89956    0.05517
     82.24000    9.68064    0.05991   14.12973    0.04963
     88.34000    9.31921    0.06801   13.78825    0.02021
     94.41000    9.74504    0.05695   12.60659    0.02958
    101.52000    9.54335    0.07239   12.53729    0.08507
    108.62000    9.97188    0.04843   11.95817    0.09265
    114.45000   10.36109    0.07064   12.23484    0.07596
    370.27000    8.17983    0.03899   11.06700    0.04231
    377.49000    8.88936    0.07216   10.41915    0.06025
    382.29000    8.65233    0.06799   10.49926    0.04959
    389.65000    9.24402    0.02502   10.50714    0.04940
    396.38000    9.45131    0.06395   10.56349    0.06934
    403.25000    9.43661    0.03846   10.10030    0.03267
    409.27000    8.99750    0.07029   10.06411    0.04832
    415.58000    8.81264    0.06578   10.43240    0.03801
    421.62000    8.46168    0.06093   10.24523    0.02176
    426.33000    8.81312    0.05967   10.34340    0.04726
    432.76000    8.40454    0.05001   10.58602    0.05960
    438.54000    8.56268    0.02745   10.59671    0.03817
    443.57000    8.41701    0.06206   10.05500    0.02792
    448.80000    8.56367    0.05606   10.52974    0.04024
    453.82000    8.38425    0.08618   11.11198    0.06368
    460.71000    8.80709    0.06342   10.43595    0.05078
    465.67000    8.49027    0.08087    9.90835    0.06263
    470.86000    8.65211    0.06238    9.61722    0.03159
    477.37000    9.15884    0.05665    9.70099    0.04440
    482.70000    8.47328    0.05078    9.59811    0.03818
    731.05000   10.22034    0.05124    9.23453    0.03058
    736.67000   10.54062    0.06744    9.90113    0.05578
    742.08000   10.50814    0.04933    9.77500    0.02727
    747.26000    9.92442    0.06695    9.81069    0.05387
    751.32000    9.84812    0.05498   10.08015    0.06199
    757.31000    9.92906    0.07549    9.83013    0.06526
    761.91000    9.69107    0.05574    9.64665    0.05009
    766.18000    9.15859    0.05815    9.46556    0.05032
    772.64000    8.90785    0.06760    9.47230    0.06126
    777.04000    9.13409    0.04291    9.65865    0.05315
    783.81000    9.58031    0.04462    9.74546    0.04893
    790.59000    9.75319    0.03678    9.99823    0.07177
    795.62000   10.33932    0.04942   10.14858    0.05089
    802.84000    9.86830    0.09001    9.94916    0.06333
    807.41000    9.71989    0.06000   10.34145    0.05144
    813.66000    9.43004    0.06559   10.30808    0.04515
    820.00000    9.96835    0.06005   10.49838    0.04471
    827.61000    9.89969    0.02568   10.49273    0.02886
    833.54000   10.08037    0.04716    9.92869    0.06985
    838.32000   10.55172    0.06909   10.34981    0.07612
    843.86000   10.13906    0.05996   10.39412    0.03848
    849.18000   10.19104    0.06175    9.54510    0.04694
   1100.23000   11.55036    0.06412    8.98416    0.04830
   1106.40000   11.99697    0.03753    8.94415    0.04115
   1112.17000   11.46569    0.06551    8.62941    0.08355
   1117.82000   11.32336    0.03862    8.97112    0.07425
   1125.00000   11.41562    0.06894    8.69562    0.07873
   1129.57000   11.00288    0.06658    8.06272    0.06087
   1133.77000   11.07058    0.08390    8.41435    0.04652
   1140.57000   10.86342    0.05958    8.68022    0.04007
   1144.66000   10.39639    0.04407    8.68235    0.05495
   1149.81000   10.37120    0.05706    8.20050    0.02270
   1155.84000   10.64500    0.04429    8.11183    0.03595
   1160.87000   10.74693    0.08914    7.89879    0.02027
   1165.70000   10.58278    0.07251    8.02093    0.01812
   1172.52000   10.15709    0.04455    7.63760    0.06841
   1178.38000   10.54652    0.07199    8.18690    0.04458
   1186.06000   10.65110    0.06513    8.24474    0.06926
   1191.74000   10.16849    0.03946    7.86581    0.09094
   1197.13000    9.81405    0.04086    8.32201    0.06716
   1204.91000    9.87550    0.06695    8.77475    0.05186
   1211.38000    9.55910    0.06558    8.50055    0.04941
   1464.05000   12.27648    0.03358    7.72787    0.05068
   1469.99000   12.52637    0.09015    8.36567    0.04170
   1476.11000   11.87921    0.02873    8.83532    0.04126
   1482.77000   11.17851    0.05495    9.13500    0.01574
   1487.18000   10.70348    0.03604    8.86104    0.05392
   1491.72000   11.03713    0.03056    8.95779    0.04444
   1498.54000   10.19538    0.05792    8.56414    0.03520
   1503.84000   10.34129    0.04254    8.93893    0.03978
   1509.67000   10.81017    0.04828    9.38869    0.03879
   1514.58000   11.62565    0.03685   10.02602    0.05573
   1519.25000   12.50099    0.05648   10.60675    0.03474
   1524.37000   12.29569    0.04192   10.57906    0.07108
   1530.75000   12.12686    0.05270   10.95581    0.06791
   1536.18000   12.47928    0.03127   10.66643    0.06335
   1541.80000   12.09790    0.03696   10.22066    0.04292
   1549.36000   12.94777    0.04240   10.15194    0.04431
   1555.22000   13.51682    0.04019   10.10084    0.06791
   1560.84000   13.85509    0.03469    9.72954    0.04075
   1566.68000   14.45409    0.04479    9.68505    0.06328
   1573.24000   15.01464    0.05384    9.25484    0.07352
   1825.32000   12.28270    0.08127    8.82467    0.05319
   1831.90000   12.41495    0.07116    9.69362    0.04400
   1837.79000   13.02040    0.07650    9.77499    0.06190
   1843.23000   13.40004    0.06396   10.62380    0.05831
   1849.17000   12.93270    0.08974   10.87041    0.04726
   1855.38000   11.95273    0.04040   10.45236    0.02583
   1861.90000   12.49705    0.04927   10.25312    0.03012
   1867.63000   12.40393    0.05317   10.11731    0.05311
   1874.72000   13.43590    0.06528   10.03991    0.04511
   1880.41000   13.67364    0.04401    9.54597    0.06011
   1886.43000   14.79940    0.05025    9.27684    0.06700
   1893.08000   15.19141    0.02488    9.22796    0.05743
   1896.40000   14.97082    0.03284    9.73175    0.06428
   1902.51000   14.23329    0.05830    9.77857    0.03433
   1907.66000   14.12260    0.05090    9.81498    0.05688
   1912.58000   13.84559    0.08976    9.96159    0.03757
   1917.83000   14.13675    0.04377   10.12496    0.03851
   1923.45000   13.31010    0.04026   10.29532    0.00449
   1928.80000   12.71463    0.03981   10.52346    0.05879
   1934.80000   12.97336    0.03495   10.20434    0.05571
   1939.96000   13.38062    0.06070   10.33956    0.06073
   2190.42000   15.39862    0.03725   12.04385    0.04543
   2197.19000   15.71745    0.03293   12.23773    0.04008
   2204.45000   15.32841    0.07328   11.27911    0.05547
   2210.89000   15.05635    0.05104   12.42442    0.06485
   2217.48000   16.02333    0.05505   12.09786    0.05290
   2221.55000   15.42381    0.07752   12.44230    0.03920
   2229.27000   15.50416    0.06517   12.94823    0.05994
   2234.87000   15.05527    0.04046   12.54589    0.07681
   2242.23000   15.27746    0.06817   12.16574    0.04992
   2247.73000   14.08902    0.03621   11.40746    0.05061
   2255.33000   15.68610    0.06997   11.31837    0.07777
   2262.80000   15.52218    0.04506   10.91200    0.04209
   2269.32000   15.70428    0.05436   10.37479    0.05730
   2275.42000   16.14106    0.01699   10.85262    0.05253
   2281.86000   14.82070    0.02705   11.25118    0.05837
   2287.87000   14.49760    0.02797   11.08615    0.03984
   2293.89000   13.97118    0.04407   11.29395    0.04735
   2300.28000   13.61467    0.04011   10.87228    0.03726
   2306.66000   12.95505    0.04677   11.18894    0.06826
   2558.87000   13.25870    0.02349   11.64816    0.03558
   2564.65000   11.78852    0.07199   11.06822    0.06529
   2570.35000   11.91181    0.01786   10.32551    0.03383
   2576.45000   11.71343    0.06363   10.47964    0.03465
   2581.14000   11.72109    0.03552   10.57123    0.07871
   2586.85000   11.57778    0.03057   10.87395    0.04869
   2592.20000   11.09426    0.05591   10.54899    0.07433
   2597.89000   11.90793    0.04657   10.95282    0.07892
   2602.06000   11.69024    0.06283   11.33168    0.02516
   2607.19000   11.37146    0.06259   11.69051    0.03830
   2612.86000   10.67211    0.05935   11.18113    0.03870
   2617.80000   10.61778    0.02604   10.51609    0.06906
   2622.84000   10.84441    0.06449   10.09932    0.07424
   2628.08000   11.23508    0.04761    9.82571    0.04897
   2633.65000   10.60860    0.03638   10.33235    0.08255
   2640.46000   11.17961    0.05235    9.88565    0.02002
   2647.36000   11.78116    0.06586   10.37518    0.06328
   2652.88000   11.43280    0.06628   11.08851    0.03079
   2658.94000   10.52669    0.07021   10.74345    0.04888
   2665.29000    9.87746    0.02051   10.61185    0.03334
   2672.21000   10.04162    0.09816   10.49977    0.01977
   2925.15000    9.58636    0.03431   12.46161    0.04002
   2931.17000    9.95945    0.05720   13.27251    0.04480
   2936.67000   11.13088    0.04280   12.93547    0.05516
   2940.69000   11.09949    0.02336   13.33183    0.05767
   2947.11000   10.44141    0.06819   12.84842    0.04578
   2952.82000   10.27676    0.05583   12.61398    0.03784
   2959.63000   10.21400    0.07183   12.32277    0.04150
   2966.07000    9.89539    0.05860   11.74508    0.05535
   2972.68000   10.46583    0.04605   12.00756    0.04701
   2978.57000   10.42787    0.03513   12.04630    0.05571
   2983.91000   10.73864    0.06765   11.87727    0.03792
   2990.49000   10.59885    0.04315   13.24568    0.05213
   2996.97000   10.14798    0.03528   13.49146    0.07088
   3003.33000    9.71598    0.05953   13.13261    0.07617
   3008.69000    9.42778    0.04526   12.69401    0.06593
   3012.69000    9.26857    0.07056   11.72758    0.06824
   3016.75000    9.62539    0.06308   12.43836    0.04735
   3024.84000    9.36511    0.04042   12.02865    0.06006
   3028.91000    9.30157    0.06838   11.95762    0.08563
   3034.54000   10.60989    0.06235   11.97677    0.04009
   3290.18000    7.56187    0.03991   10.44845    0.04228
   3295.83000    7.68415    0.04488   10.50052    0.08471
   3302.27000    7.53691    0.06852   10.42583    0.05691
   3308.28000    7.52103    0.04369   10.39544    0.07850
   3315.75000    7.30142    0.03239   10.60773    0.05048
   3321.67000    7.12666    0.06595   10.64408    0.04664
   3326.99000    7.38443    0.06521   11.00028    0.08382
   3333.41000    6.70238    0.03123   10.14831    0.07592
   3340.13000    6.74547    0.04803   10.60896    0.05810
   3345.14000    6.68355    0.04801   11.05527    0.06388
   3351.62000    6.97774    0.06652   11.07882    0.05884
   3358.13000    6.72732    0.05694   10.80581    0.04484
   3365.20000    6.79429    0.03137   10.53571    0.02745
   3371.98000    6.34059    0.07662   10.83450    0.05718
   3378.95000    6.50722    0.04979   11.10797    0.06042
   3385.89000    6.70377    0.05822   11.16367    0.04895
   3391.39000    7.02791    0.04987   11.56637    0.05556
   3397.74000    7.01371    0.08123   11.80311    0.04352
   3404.43000    6.73976    0.04104   12.14118    0.06306
