## Time Delay Challenge light curves
##
## [time]=days, [lc]=[err]=flux in nanomaggies
##
##       time       lc_A      err_A       lc_B      err_B
##-------------------------------------------------------
      2.10000    1.74806    0.06747   10.31528    0.07790
      9.26000    1.75754    0.07738    9.76808    0.08850
     13.60000    1.62395    0.03942   10.28417    0.06686
     20.16000    1.42458    0.07155   10.19407    0.04469
     26.46000    1.42624    0.04228    9.89779    0.05386
     34.10000    1.38989    0.05118   10.10104    0.03130
     39.89000    1.39150    0.04719   10.66799    0.05448
     45.27000    1.37252    0.06995   11.34512    0.04824
     51.39000    1.36781    0.06260   11.89136    0.04703
     58.77000    1.41670    0.06492   11.46861    0.05638
     66.06000    1.35045    0.02336   10.67622    0.04400
     71.09000    1.46754    0.08406   10.61016    0.05322
     78.40000    1.52013    0.06089   10.53759    0.05291
     83.72000    1.48477    0.09411   10.58778    0.05548
     88.82000    1.69931    0.07311    9.88425    0.04914
     94.05000    1.48834    0.06546   10.14782    0.04467
    100.11000    1.33232    0.04824   10.05237    0.04883
    106.51000    1.39864    0.08850   10.80204    0.06081
    112.89000    1.48062    0.04114   10.35510    0.03896
    368.16000    1.34871    0.06371   10.70158    0.06199
    373.15000    1.40557    0.05521   11.13202    0.05062
    380.38000    1.29078    0.03077   11.51645    0.05104
    388.01000    1.09619    0.05574   10.71154    0.03249
    393.15000    1.30415    0.05825   11.42483    0.05524
    401.81000    1.23353    0.08498   11.12255    0.07240
    407.80000    1.23377    0.04677   11.14106    0.04626
    414.23000    1.27967    0.07422   11.90835    0.03593
    420.34000    1.23053    0.08214   12.33992    0.05623
    427.86000    1.20954    0.05671   13.42580    0.05237
    434.94000    1.10140    0.04363   14.48914    0.04680
    440.97000    1.19566    0.04598   14.09150    0.03161
    448.11000    1.34466    0.06525   13.08801    0.05546
    453.06000    1.34427    0.03840   11.57306    0.08320
    457.83000    1.52163    0.06210   11.79589    0.07559
    464.29000    1.52083    0.07928   12.32278    0.07339
    469.08000    1.49205    0.04982   12.34531    0.07301
    474.09000    1.64513    0.07885   11.98143    0.04180
    480.48000    1.39469    0.01974   11.68429    0.03677
    731.70000    0.81324    0.05110   10.69148    0.05656
    737.83000    0.86340    0.04482   10.47469    0.06410
    742.67000    0.92757    0.07210   10.85085    0.03058
    747.07000    0.85643    0.05987   10.94167    0.07141
    751.84000    1.02743    0.07595   11.45284    0.04710
    756.78000    0.99514    0.04895   11.10254    0.04699
    762.34000    0.90023    0.06255   11.05258    0.07033
    769.70000    1.00164    0.03750   11.88259    0.07456
    775.30000    1.03817    0.04536   12.74221    0.05697
    780.69000    1.04500    0.05889   12.68119    0.06260
    786.79000    0.97607    0.04185   12.46137    0.05348
    792.77000    0.99005    0.05977   12.25716    0.07663
    798.03000    1.14518    0.06868   12.50939    0.04090
    804.23000    1.13753    0.05227   12.81391    0.05556
    809.89000    1.22537    0.01040   12.80409    0.05206
    816.71000    1.22286    0.05353   12.06271    0.05197
    823.86000    1.12275    0.05995   11.46932    0.05050
    829.98000    1.15144    0.05881   11.66312    0.06911
    834.28000    1.21691    0.05045   11.65163    0.05495
    840.92000    1.18214    0.04389   10.63894    0.04394
    847.85000    1.01813    0.08551   11.55304    0.04945
   1099.40000    1.15076    0.06115   13.64229    0.05579
   1106.97000    1.12897    0.07122   13.01639    0.05873
   1113.13000    1.24002    0.05382   13.48650    0.05944
   1118.77000    0.95059    0.06580   14.04553    0.05138
   1125.05000    1.15512    0.02861   13.88078    0.05540
   1132.50000    1.15524    0.02821   13.88566    0.06789
   1141.69000    1.18065    0.06560   14.18829    0.04771
   1148.40000    1.09780    0.07635   12.35589    0.01038
   1155.49000    1.18110    0.03408   11.91901    0.02202
   1160.67000    1.04269    0.05903   11.28353    0.04114
   1166.41000    1.05676    0.05128   11.46613    0.00732
   1172.27000    1.24462    0.05411   11.87915    0.04250
   1177.22000    1.07756    0.03216   12.82081    0.04665
   1181.51000    1.00026    0.06143   12.20388    0.04357
   1187.20000    1.08473    0.03916   13.33966    0.04485
   1193.66000    0.91076    0.07604   13.85651    0.04120
   1200.69000    0.95371    0.05285   13.32187    0.03426
   1208.30000    1.05599    0.05897   14.22513    0.07379
   1214.70000    1.11239    0.04431   15.83870    0.05327
   1460.44000    0.75428    0.04979    9.40487    0.04267
   1467.29000    0.80056    0.03367    9.14443    0.05999
   1472.33000    0.88171    0.06641   10.78023    0.05917
   1478.94000    0.65708    0.05194    9.97586    0.03254
   1484.33000    0.65995    0.04144    9.50464    0.05478
   1488.47000    0.68828    0.06558    9.35178    0.08079
   1493.89000    0.67661    0.03852    8.82311    0.05566
   1500.69000    0.73784    0.04264    9.14987    0.06186
   1506.45000    0.82186    0.07314    8.96878    0.02923
   1512.31000    0.76138    0.05721    9.94313    0.03718
   1518.31000    0.89572    0.06882    9.76907    0.07920
   1523.64000    0.62511    0.05212    9.83981    0.04070
   1529.29000    0.71630    0.06116   10.46450    0.04714
   1533.79000    0.64316    0.05038   10.80840    0.03606
   1542.27000    0.73037    0.06393   10.42189    0.06218
   1547.85000    0.74698    0.02450   10.59984    0.05694
   1551.80000    0.77365    0.05363   10.27992    0.05276
   1557.46000    0.75333    0.05709    9.44356    0.07427
   1562.52000    0.78851    0.01201    9.81209    0.06746
   1567.14000    0.87891    0.03463    9.95341    0.03436
   1573.45000    0.90372    0.06847   10.61884    0.03990
   1578.58000    0.97232    0.08050   10.37723    0.03596
   1827.83000    0.71365    0.07980    8.43686    0.04436
   1834.20000    0.70185    0.04959    9.15127    0.08064
   1840.45000    0.61446    0.03179    9.85750    0.06388
   1847.56000    0.59885    0.04312    9.36882    0.04926
   1852.55000    0.57500    0.04191    9.18239    0.06762
   1858.23000    0.68501    0.07058    9.74044    0.05149
   1864.53000    0.57749    0.05350    9.22787    0.07105
   1870.81000    0.68561    0.06878   10.25480    0.03125
   1875.38000    0.69196    0.05206   11.09568    0.04795
   1880.04000    0.64902    0.04230   11.08071    0.05236
   1884.18000    0.69082    0.05988   10.49008    0.06793
   1889.21000    0.64194    0.04253   10.97894    0.05724
   1895.16000    0.68856    0.07918   11.96215    0.06620
   1900.80000    0.64824    0.06577   12.55727    0.09848
   1905.35000    0.75682    0.06997   13.26345    0.04941
   1911.43000    0.74597    0.05345   12.67962    0.05231
   1917.55000    0.68438    0.06123   13.29041    0.06776
   1923.26000    0.76349    0.05823   13.97369    0.05510
   1928.97000    0.85209    0.04166   12.46547    0.04887
   1934.83000    1.01880    0.07936   13.37952    0.07395
   1941.74000    0.84666    0.05486   13.95338    0.08105
   2190.49000    0.80271    0.06069   12.30292    0.06207
   2196.52000    0.96408    0.08399   11.75770    0.09170
   2203.40000    0.93027    0.04185   10.52439    0.02890
   2209.11000    0.98509    0.06444   10.59930    0.09503
   2215.33000    0.99649    0.03123   10.77111    0.08744
   2220.91000    0.80584    0.04086   10.47706    0.07268
   2227.92000    0.75963    0.04627   10.17370    0.07082
   2232.11000    0.79677    0.08676   10.38013    0.06352
   2236.38000    0.65869    0.06879   11.38771    0.05697
   2242.50000    0.72333    0.05858   12.81866    0.05260
   2249.22000    0.71372    0.04786   11.76801    0.03094
   2255.91000    0.67490    0.05146   11.77042    0.06107
   2262.19000    0.80087    0.05063   11.90455    0.03034
   2269.66000    0.71868    0.06377   12.67608    0.02192
   2275.11000    0.83430    0.02718   11.73879    0.03856
   2279.88000    0.72912    0.04586   12.34916    0.03427
   2284.88000    0.74824    0.04893   10.97910    0.03070
   2290.05000    0.76785    0.03588   11.77202    0.04954
   2296.28000    0.73861    0.04928   11.75253    0.03662
   2302.69000    0.81259    0.04813   12.20892    0.03044
   2555.17000    0.83470    0.06080   13.13339    0.03924
   2560.71000    0.80417    0.03982   12.85684    0.05108
   2566.52000    0.75567    0.04704   11.43995    0.04390
   2572.33000    0.77634    0.03702   11.34253    0.03904
   2578.32000    0.86268    0.02524   11.62965    0.05172
   2581.96000    0.90946    0.02348   11.60311    0.01391
   2587.45000    0.81639    0.05314   12.01717    0.03866
   2592.01000    0.79554    0.04182   11.89005    0.03457
   2596.22000    0.75487    0.03212   11.85289    0.05275
   2602.72000    0.63761    0.05727   11.62165    0.04844
   2608.15000    0.78314    0.05196   10.44013    0.05595
   2614.40000    0.69524    0.04734    9.74935    0.05991
   2619.15000    0.79205    0.05761   11.02539    0.07001
   2626.32000    0.72756    0.07662   11.13460    0.04663
   2630.69000    0.70135    0.05861   12.30303    0.06990
   2637.49000    0.70724    0.06385   13.10552    0.04312
   2642.60000    0.65390    0.02963   12.67690    0.00100
   2649.86000    0.68716    0.05071   11.89169    0.02483
   2656.64000    0.70482    0.05112   13.55913    0.04113
   2663.52000    0.83325    0.04190   14.74085    0.08121
   2669.75000    0.82412    0.02691   16.70901    0.05490
   2673.95000    0.79995    0.03570   16.88902    0.04281
   2924.17000    0.87574    0.03775   12.90037    0.08109
   2930.29000    0.84093    0.06301   13.01172    0.06708
   2937.77000    0.85083    0.02272   14.81619    0.06715
   2942.59000    0.73905    0.04141   14.36493    0.03994
   2947.69000    0.78419    0.05053   14.15192    0.06374
   2953.05000    0.79979    0.05063   13.89026    0.06421
   2958.73000    0.81761    0.07423   13.93477    0.05965
   2963.24000    0.80634    0.03866   13.83053    0.07266
   2969.04000    0.88522    0.02108   14.05375    0.05961
   2974.80000    0.76168    0.05894   14.22689    0.06231
   2982.35000    0.90364    0.05530   14.61807    0.07281
   2990.50000    0.85053    0.05525   13.45282    0.03739
   2998.24000    0.80416    0.03417   13.20885    0.05972
   3004.69000    0.68209    0.06977   14.18298    0.05938
   3010.63000    0.86344    0.05345   15.10190    0.04618
   3017.19000    0.88666    0.04492   17.19574    0.03406
   3023.02000    0.83978    0.03795   18.48834    0.04010
   3028.56000    0.83822    0.05758   17.64590    0.06640
   3034.83000    0.83869    0.05019   17.69249    0.07766
   3291.73000    0.69872    0.06797   11.84859    0.06469
   3299.27000    0.74725    0.03121   11.95179    0.06877
   3306.15000    0.57641    0.05666   12.65697    0.05735
   3312.59000    0.71369    0.03265   14.04562    0.02501
   3319.04000    0.73220    0.02994   13.41726    0.03403
   3324.26000    0.75579    0.04320   13.50325    0.05149
   3331.75000    0.63176    0.05051   13.49750    0.05468
   3338.23000    0.78390    0.05119   13.29352    0.02249
   3343.45000    0.81866    0.06008   14.44392    0.08085
   3348.03000    0.76645    0.04501   13.46713    0.04574
   3352.91000    0.67218    0.06810   13.04720    0.06271
   3357.25000    0.75208    0.04846   13.09377    0.04253
   3363.39000    0.67885    0.05845   13.41262    0.03518
   3368.66000    0.65421    0.04881   13.74250    0.08284
   3376.07000    0.73959    0.06990   13.79118    0.05234
   3383.21000    0.69496    0.06509   12.41548    0.06959
   3388.75000    0.79969    0.05061   12.17209    0.05671
   3393.37000    0.74370    0.04195   11.48829    0.07551
   3399.86000    0.79217    0.04917   11.92338    0.03716
