## Time Delay Challenge light curves
##
## [time]=days, [lc]=[err]=flux in nanomaggies
##
##       time       lc_A      err_A       lc_B      err_B
##-------------------------------------------------------
      3.97000    0.39399    0.06084    0.60172    0.06489
     10.56000    0.36355    0.07331    0.59070    0.03392
     16.87000    0.32565    0.04891    0.64541    0.05931
     23.15000    0.36605    0.04259    0.61859    0.01368
     29.19000    0.37651    0.04684    0.56625    0.06078
     33.49000    0.35251    0.06039    0.55772    0.05998
     38.46000    0.15841    0.06738    0.71105    0.07567
     45.25000    0.37706    0.04449    0.59904    0.04500
     51.32000    0.29174    0.04329    0.76886    0.08897
     57.30000    0.22496    0.05732    0.57467    0.05263
     61.98000    0.29863    0.06048    0.65422    0.04939
     67.38000    0.33908    0.05155    0.63342    0.03240
     72.48000    0.30016    0.05925    0.61959    0.02453
     76.71000    0.28361    0.04149    0.67403    0.04367
     80.68000    0.25928    0.04047    0.62287    0.05126
     85.49000    0.29420    0.05217    0.58627    0.04454
     92.41000    0.25465    0.08106    0.58683    0.04358
     97.07000    0.21534    0.07292    0.65708    0.02570
    103.23000    0.29137    0.06766    0.60364    0.07437
    108.72000    0.19560    0.04836    0.56365    0.04137
    115.61000    0.17356    0.06847    0.60235    0.03935
    368.72000    0.10310    0.05782    0.64284    0.07938
    375.32000    0.05341    0.05712    0.63874    0.05218
    380.74000    0.02812    0.06462    0.51392    0.07896
    387.38000    0.09259    0.05874    0.68609    0.05684
    394.02000    0.08971    0.03437    0.60314    0.05537
    401.40000    0.08451    0.03575    0.77165    0.06615
    406.99000   -0.02349    0.06725    0.60466    0.04836
    413.12000    0.08720    0.03734    0.54012    0.04325
    418.47000    0.07992    0.04112    0.59788    0.04487
    424.64000    0.06889    0.06128    0.64908    0.02307
    431.20000    0.05454    0.04013    0.57000    0.03184
    438.02000    0.10601    0.04183    0.69181    0.04090
    444.04000    0.04763    0.05170    0.49240    0.07800
    449.94000    0.07547    0.03889    0.63629    0.05197
    454.42000    0.09475    0.04525    0.66294    0.07349
    460.07000    0.00145    0.06514    0.55585    0.08362
    468.90000    0.09508    0.08231    0.66806    0.07069
    475.38000    0.09549    0.04276    0.62799    0.06185
    481.45000    0.05767    0.04923    0.69645    0.04250
    730.85000    0.06137    0.05644    0.49617    0.03300
    736.13000    0.04391    0.05906    0.60024    0.05039
    742.36000   -0.00753    0.05344    0.58852    0.05567
    748.29000    0.05361    0.03253    0.48048    0.05380
    754.61000    0.12834    0.05096    0.53063    0.04889
    759.64000    0.16295    0.07258    0.53552    0.03469
    764.75000    0.04964    0.05456    0.59558    0.04310
    772.04000    0.03786    0.06966    0.72423    0.10357
    780.06000   -0.00079    0.07289    0.64809    0.07577
    785.29000    0.05111    0.03634    0.59887    0.03598
    791.31000   -0.00291    0.04900    0.65607    0.04223
    797.51000    0.05157    0.01782    0.61957    0.03768
    803.50000    0.01599    0.03771    0.64181    0.04880
    809.80000   -0.03951    0.06212    0.54439    0.04447
    817.04000    0.11034    0.04423    0.57258    0.02899
    823.37000    0.12384    0.05705    0.56472    0.02906
    828.69000    0.05122    0.05140    0.56883    0.03735
    836.00000   -0.00604    0.04621    0.62006    0.04338
    842.54000    0.06751    0.05311    0.57833    0.03052
    849.48000    0.01307    0.02333    0.61659    0.01189
   1095.82000    0.04140    0.05402    0.70148    0.04046
   1101.49000    0.10143    0.04264    0.74393    0.05016
   1106.96000    0.00382    0.05262    0.70439    0.06481
   1112.36000    0.09067    0.05402    0.69792    0.03900
   1118.54000    0.07467    0.05216    0.71615    0.07121
   1126.61000    0.07887    0.05974    0.67814    0.06823
   1133.06000    0.09555    0.07322    0.71516    0.05723
   1138.47000    0.04756    0.07331    0.61691    0.05830
   1144.83000    0.02842    0.05859    0.70600    0.03839
   1151.15000    0.03867    0.02676    0.70051    0.04510
   1158.47000    0.01288    0.09554    0.61781    0.07878
   1163.02000    0.10779    0.04694    0.70411    0.03779
   1167.68000    0.09356    0.04931    0.62330    0.02713
   1174.18000    0.03553    0.03240    0.55011    0.06538
   1181.71000    0.03933    0.03846    0.71182    0.05267
   1184.13000    0.09907    0.04262    0.57196    0.05734
   1190.27000    0.01538    0.08198    0.54863    0.03591
   1195.73000   -0.05358    0.07453    0.72665    0.07696
   1204.25000   -0.00826    0.06711    0.64534    0.04318
   1209.42000    0.07005    0.02671    0.65495    0.05190
   1214.39000    0.00594    0.04789    0.67533    0.04764
   1464.64000    0.13393    0.04330    0.77271    0.04951
   1470.80000    0.07232    0.05803    0.66605    0.04188
   1475.56000   -0.04814    0.06837    0.73978    0.03920
   1482.03000   -0.05476    0.08686    0.75726    0.05080
   1490.16000    0.03853    0.04669    0.79213    0.06783
   1496.66000    0.07459    0.05819    0.70068    0.06668
   1502.58000    0.06113    0.04959    0.67245    0.04418
   1508.86000    0.00441    0.05172    0.74279    0.05313
   1514.72000    0.00881    0.05689    0.72925    0.05922
   1520.50000    0.07816    0.06327    0.68311    0.05015
   1526.87000    0.08907    0.04750    0.62164    0.04316
   1532.37000    0.09817    0.06683    0.67317    0.06107
   1539.24000    0.05900    0.07734    0.71271    0.04413
   1545.45000    0.10658    0.07130    0.77232    0.04996
   1551.59000    0.02318    0.06448    0.59280    0.05422
   1557.29000    0.09667    0.03353    0.64610    0.07005
   1563.08000    0.17345    0.07543    0.77274    0.05499
   1570.06000    0.07463    0.04738    0.68384    0.02846
   1575.70000   -0.07150    0.08275    0.63592    0.05234
   1825.91000   -0.07689    0.05057    0.71322    0.04234
   1831.93000    0.05617    0.06048    0.77812    0.06596
   1837.97000    0.00661    0.05491    0.70679    0.03509
   1844.31000    0.02880    0.03841    0.70275    0.05367
   1851.17000    0.06839    0.05407    0.72193    0.05922
   1859.15000    0.03471    0.04765    0.80731    0.06048
   1864.60000    0.07394    0.05286    0.69329    0.05734
   1869.54000    0.06744    0.07781    0.57173    0.07951
   1875.85000    0.00332    0.05857    0.64537    0.04768
   1881.44000    0.05552    0.03352    0.62862    0.02890
   1886.26000    0.06027    0.03409    0.63575    0.04122
   1891.17000    0.11139    0.07690    0.60217    0.03949
   1897.20000    0.16814    0.04343    0.61949    0.02686
   1902.83000    0.09495    0.03493    0.52168    0.04948
   1907.83000   -0.03571    0.05501    0.59386    0.06439
   1913.97000   -0.07582    0.06060    0.56242    0.04127
   1918.78000    0.04834    0.02663    0.61698    0.02490
   1924.82000    0.07211    0.05206    0.63535    0.06828
   1931.18000    0.03439    0.03021    0.59766    0.05068
   1936.48000   -0.00762    0.06461    0.66026    0.03587
   1942.59000   -0.03109    0.04627    0.56486    0.04064
   2194.93000   -0.03763    0.06698    0.63399    0.03732
   2200.39000    0.08801    0.05228    0.63683    0.05942
   2204.89000    0.05709    0.04442    0.58106    0.06135
   2209.20000    0.02758    0.06773    0.71389    0.03738
   2214.99000    0.12289    0.03885    0.66925    0.05224
   2219.94000    0.06873    0.06089    0.68523    0.07063
   2226.18000    0.04986    0.04087    0.62951    0.04711
   2232.47000    0.06169    0.07265    0.70553    0.05234
   2237.49000    0.01472    0.02675    0.70948    0.06134
   2243.66000    0.03794    0.04692    0.64650    0.04856
   2250.31000    0.00505    0.05928    0.67069    0.03954
   2256.58000    0.04450    0.04720    0.64470    0.04777
   2261.43000    0.04379    0.04830    0.72223    0.00223
   2267.57000    0.22389    0.08476    0.64204    0.06217
   2274.27000    0.10203    0.06675    0.72143    0.03665
   2279.61000    0.05736    0.01599    0.73658    0.04000
   2286.30000    0.09029    0.05595    0.74655    0.06206
   2289.82000   -0.02347    0.05492    0.66885    0.03729
   2295.07000    0.03510    0.06847    0.79880    0.05408
   2302.03000    0.02137    0.05330    0.67662    0.04435
   2308.11000    0.14368    0.05302    0.69588    0.07507
   2561.12000   -0.01964    0.06272    0.75910    0.04497
   2566.79000   -0.02353    0.02934    0.73255    0.04616
   2573.06000    0.09342    0.05944    0.75799    0.04118
   2578.20000   -0.02828    0.03805    0.66839    0.04901
   2584.28000   -0.03986    0.04405    0.61062    0.06398
   2590.14000    0.05202    0.05250    0.67628    0.04880
   2594.87000    0.00728    0.03514    0.78913    0.05454
   2602.44000    0.02891    0.06285    0.63724    0.03570
   2608.79000    0.08315    0.08436    0.68281    0.02796
   2616.00000    0.01250    0.05383    0.61371    0.05980
   2623.76000    0.07923    0.04172    0.65637    0.06351
   2630.46000    0.04287    0.08873    0.77525    0.05477
   2636.49000   -0.01353    0.03950    0.64160    0.03476
   2642.31000    0.06058    0.02832    0.74743    0.04855
   2648.56000    0.09628    0.04331    0.66301    0.02561
   2652.71000    0.10402    0.05718    0.80513    0.04751
   2660.11000    0.09295    0.07976    0.74304    0.03720
   2665.52000    0.13627    0.06616    0.73605    0.03934
   2672.72000    0.09210    0.06948    0.66077    0.06021
   2920.20000    0.05193    0.06776    0.57353    0.04104
   2925.93000    0.02123    0.07188    0.56826    0.07401
   2930.52000    0.04954    0.05940    0.56220    0.04611
   2936.82000   -0.07942    0.06757    0.66410    0.06704
   2943.05000    0.01910    0.03959    0.57442    0.05450
   2949.79000    0.04893    0.04717    0.55053    0.03424
   2955.25000   -0.00908    0.05354    0.55009    0.06698
   2959.93000   -0.02967    0.05713    0.61198    0.03374
   2965.91000   -0.04823    0.04748    0.56294    0.06443
   2971.56000    0.04775    0.03886    0.69731    0.07287
   2977.87000   -0.07277    0.05673    0.58463    0.04028
   2983.07000    0.05678    0.05626    0.55786    0.07401
   2987.76000   -0.04207    0.03701    0.57002    0.05793
   2992.67000    0.02948    0.06038    0.59728    0.06208
   2997.40000    0.05459    0.04993    0.67956    0.04140
   3002.35000   -0.02060    0.04646    0.62121    0.05843
   3008.54000   -0.08218    0.06173    0.56671    0.03053
   3015.72000    0.09187    0.06881    0.59173    0.05811
   3020.95000    0.00890    0.04048    0.58754    0.05598
   3027.89000    0.07632    0.03638    0.52935    0.06748
   3033.75000    0.06515    0.04300    0.57699    0.02908
   3038.56000    0.08564    0.03035    0.65086    0.06113
   3286.50000    0.13634    0.05740    0.64634    0.03792
   3291.99000    0.09287    0.03233    0.64788    0.05511
   3298.30000   -0.08791    0.06396    0.67832    0.03638
   3304.76000    0.07749    0.04695    0.71728    0.05558
   3310.86000    0.01055    0.04504    0.63162    0.05444
   3317.38000    0.02292    0.04122    0.63154    0.04960
   3323.90000   -0.04660    0.06570    0.66214    0.05466
   3329.64000    0.12580    0.06792    0.63842    0.06476
   3335.74000    0.00981    0.06951    0.55173    0.04820
   3339.13000    0.05278    0.07268    0.64983    0.03935
   3343.52000    0.13294    0.05551    0.64504    0.04839
   3349.59000   -0.02720    0.07767    0.73040    0.01734
   3355.72000    0.05209    0.05071    0.71963    0.04758
   3364.00000    0.11373    0.03893    0.74172    0.03084
   3370.62000    0.08426    0.07133    0.71734    0.05705
   3377.92000    0.06037    0.08390    0.68437    0.01825
   3384.71000    0.03603    0.04743    0.68801    0.00285
   3388.53000    0.07849    0.05347    0.66932    0.07225
   3395.05000    0.05087    0.07554    0.68883    0.05012
   3401.99000    0.00667    0.04767    0.68372    0.05536
