## Time Delay Challenge light curves
##
## [time]=days, [lc]=[err]=flux in nanomaggies
##
##       time       lc_A      err_A       lc_B      err_B
##-------------------------------------------------------
      0.31000    0.61321    0.05133    2.99316    0.05598
      7.23000    0.64202    0.02129    3.02014    0.05894
     15.33000    0.68095    0.07489    3.00930    0.05042
     20.51000    0.73827    0.07886    2.86073    0.03680
     25.90000    0.68499    0.05995    2.84817    0.05626
     30.16000    0.58900    0.04399    3.07922    0.08096
     34.23000    0.63098    0.05191    3.00047    0.05734
     40.44000    0.69185    0.07047    2.96994    0.07625
     46.22000    0.68829    0.04758    3.17132    0.06575
     50.60000    0.64530    0.03710    3.08221    0.07031
     56.48000    0.68545    0.05055    3.06059    0.05049
     62.35000    0.69527    0.03681    3.04573    0.03806
     67.36000    0.63203    0.04652    3.14643    0.04137
     73.80000    0.67296    0.05833    3.18381    0.03356
     80.88000    0.65414    0.05580    3.08498    0.07141
     86.89000    0.62149    0.04201    3.10508    0.02380
     93.17000    0.64739    0.06803    3.17411    0.04265
     99.76000    0.61366    0.04002    3.07897    0.03726
    106.88000    0.62354    0.04952    3.14366    0.06516
    113.44000    0.77143    0.08679    3.05228    0.04667
    119.96000    0.69730    0.03975    3.24958    0.05078
    367.69000    0.64290    0.07671    2.64523    0.07679
    373.22000    0.67776    0.05563    2.70133    0.05422
    380.04000    0.66763    0.06129    2.77539    0.03842
    386.65000    0.51298    0.05446    2.72066    0.05837
    393.67000    0.57119    0.04299    2.67428    0.06166
    398.90000    0.56455    0.07266    2.66536    0.05037
    405.65000    0.58092    0.03890    2.62487    0.08505
    411.06000    0.56432    0.06048    2.55970    0.04192
    415.66000    0.58552    0.06834    2.50651    0.04922
    422.04000    0.54648    0.03150    2.50778    0.02185
    427.44000    0.60625    0.04158    2.41258    0.06567
    433.32000    0.62132    0.05609    2.47385    0.03043
    439.82000    0.59909    0.03578    2.48523    0.05733
    444.31000    0.49705    0.05090    2.62347    0.06627
    450.37000    0.50925    0.04964    2.60613    0.05178
    454.19000    0.56528    0.04123    2.73777    0.05628
    459.20000    0.48823    0.07313    2.52231    0.05657
    463.93000    0.54599    0.07856    2.54672    0.04299
    470.68000    0.45217    0.04745    2.61950    0.03733
    477.14000    0.46372    0.03003    2.56930    0.03747
    480.45000    0.50732    0.02369    2.53955    0.05157
    733.03000    0.50663    0.08892    2.55314    0.01929
    737.40000    0.44195    0.05401    2.65605    0.05661
    742.21000    0.52580    0.08566    2.52717    0.07364
    749.99000    0.49924    0.04553    2.46724    0.07498
    755.55000    0.68204    0.05287    2.57383    0.05819
    762.20000    0.51790    0.03353    2.59007    0.04548
    769.80000    0.50783    0.07779    2.46215    0.04567
    775.47000    0.48355    0.05710    2.56536    0.07387
    781.11000    0.55632    0.03311    2.58290    0.05616
    787.44000    0.54930    0.03269    2.60860    0.03541
    793.06000    0.57900    0.07587    2.51972    0.09022
    799.35000    0.55883    0.04716    2.56570    0.06542
    807.13000    0.57042    0.08780    2.44740    0.04151
    813.69000    0.57054    0.08599    2.50923    0.06486
    820.19000    0.48867    0.05948    2.43080    0.08418
    825.43000    0.57726    0.03263    2.41820    0.07744
    830.52000    0.61612    0.07425    2.36897    0.03011
    836.78000    0.52680    0.07581    2.41688    0.04223
    843.50000    0.41668    0.08132    2.45405    0.06275
   1098.42000    0.55553    0.06389    2.75642    0.04804
   1104.58000    0.54340    0.05959    2.64134    0.03286
   1110.16000    0.57459    0.05444    2.55780    0.09132
   1116.42000    0.57216    0.04555    2.63100    0.06977
   1122.20000    0.50453    0.04706    2.52229    0.06498
   1127.78000    0.63293    0.06426    2.66469    0.08944
   1134.15000    0.56948    0.03784    2.44991    0.06238
   1140.74000    0.63228    0.03822    2.61208    0.06013
   1148.20000    0.44764    0.05707    2.55511    0.04940
   1154.30000    0.48073    0.06956    2.61848    0.04068
   1159.31000    0.57858    0.01919    2.47906    0.06436
   1163.09000    0.54074    0.07713    2.70982    0.02638
   1168.98000    0.46967    0.06271    2.75988    0.06488
   1175.51000    0.53903    0.04289    2.79483    0.05133
   1181.70000    0.41901    0.05093    2.72988    0.06565
   1188.16000    0.60530    0.05818    2.77423    0.06665
   1194.87000    0.54491    0.02893    2.76481    0.04414
   1202.66000    0.53184    0.06725    2.85613    0.04898
   1209.67000    0.53181    0.03259    2.73068    0.05011
   1214.92000    0.58531    0.08354    2.52149    0.07381
   1463.34000    0.61492    0.05453    2.59808    0.04628
   1468.78000    0.56679    0.05320    2.55504    0.04081
   1473.97000    0.61668    0.03504    2.54867    0.07004
   1480.97000    0.57203    0.05678    2.63593    0.05855
   1487.04000    0.56063    0.05258    2.59852    0.04572
   1494.43000    0.54657    0.02702    2.47789    0.05605
   1499.91000    0.41487    0.06656    2.45796    0.04967
   1505.86000    0.55198    0.00745    2.36419    0.05670
   1511.51000    0.56986    0.04299    2.41625    0.02101
   1517.46000    0.50802    0.05325    2.57074    0.05638
   1522.61000    0.48163    0.06733    2.46399    0.05710
   1528.51000    0.54215    0.06770    2.55062    0.06197
   1535.50000    0.50448    0.08672    2.46510    0.01584
   1539.09000    0.56263    0.06594    2.47179    0.06332
   1544.26000    0.47427    0.07551    2.62870    0.06654
   1550.61000    0.47660    0.03835    2.55226    0.06425
   1555.74000    0.53337    0.03649    2.57238    0.03538
   1563.73000    0.53835    0.05633    2.49769    0.08149
   1570.10000    0.55329    0.04173    2.54658    0.05623
   1574.29000    0.58349    0.03551    2.50957    0.04741
   1579.67000    0.45368    0.06163    2.55396    0.04022
   1829.50000    0.65055    0.04781    2.94633    0.04449
   1834.62000    0.59700    0.07067    3.10507    0.03104
   1840.15000    0.60248    0.02450    3.14753    0.04086
   1844.61000    0.59684    0.05023    3.18291    0.05240
   1850.95000    0.58262    0.05053    3.00794    0.03667
   1856.32000    0.50857    0.07239    3.04825    0.06721
   1860.72000    0.62841    0.05246    3.09422    0.02787
   1866.86000    0.56271    0.06141    3.20709    0.07912
   1874.07000    0.57918    0.04295    3.31728    0.05862
   1879.71000    0.63158    0.05054    3.21722    0.05446
   1885.01000    0.76723    0.05838    3.20284    0.03854
   1891.40000    0.72554    0.07801    3.19828    0.02827
   1896.16000    0.65283    0.01108    3.12355    0.05183
   1903.29000    0.56547    0.04424    3.09110    0.03788
   1909.51000    0.62679    0.05189    2.96810    0.02850
   1915.52000    0.62318    0.04647    2.93983    0.04887
   1923.45000    0.68545    0.05486    3.10909    0.08166
   1929.91000    0.68691    0.03463    3.06405    0.03669
   1936.28000    0.70645    0.06372    3.18169    0.04771
   1942.66000    0.67072    0.05420    3.36298    0.07794
   2193.74000    0.67706    0.02767    3.29983    0.06890
   2199.26000    0.60164    0.05620    3.29150    0.05631
   2205.64000    0.67088    0.04189    3.25835    0.04886
   2209.66000    0.72962    0.05044    3.23848    0.06036
   2216.27000    0.76206    0.05136    3.18741    0.04724
   2221.77000    0.70611    0.03964    3.24956    0.03824
   2228.16000    0.77078    0.06094    3.38659    0.07401
   2234.95000    0.69479    0.04153    3.29898    0.05816
   2239.63000    0.62276    0.05131    3.26424    0.06092
   2246.72000    0.75586    0.06641    3.18931    0.05061
   2253.54000    0.69316    0.03975    3.42575    0.06004
   2257.77000    0.67252    0.06795    3.53637    0.05985
   2265.05000    0.71894    0.05927    3.58150    0.03917
   2270.84000    0.68502    0.03977    3.57104    0.01413
   2276.69000    0.67517    0.03363    3.61028    0.02906
   2282.25000    0.67795    0.04686    3.66137    0.05672
   2287.71000    0.67943    0.06658    3.67055    0.07604
   2293.43000    0.67255    0.04517    3.26566    0.06162
   2298.71000    0.74569    0.04227    3.33376    0.02637
   2306.60000    0.73721    0.04562    3.46011    0.06241
   2557.11000    0.71823    0.05753    3.25401    0.04510
   2563.99000    0.72884    0.08166    3.29760    0.03037
   2571.29000    0.55627    0.03759    3.21419    0.02067
   2576.03000    0.68742    0.03772    3.24788    0.02739
   2580.97000    0.70243    0.04450    3.15694    0.06210
   2586.63000    0.67149    0.04182    3.07018    0.06890
   2592.76000    0.70569    0.04983    3.15594    0.03650
   2598.07000    0.76326    0.04213    3.01920    0.01962
   2604.05000    0.69928    0.05919    3.06072    0.05150
   2610.47000    0.68252    0.05285    3.15640    0.05674
   2616.81000    0.68851    0.04632    3.05379    0.05023
   2623.04000    0.70296    0.05915    3.08939    0.04414
   2628.78000    0.61144    0.04981    3.11681    0.03989
   2635.30000    0.58055    0.06110    3.08185    0.04619
   2641.25000    0.67450    0.05004    3.09826    0.08055
   2647.61000    0.44415    0.08190    3.26010    0.02739
   2653.91000    0.67667    0.05506    3.26830    0.05974
   2657.88000    0.60909    0.03193    3.10893    0.07385
   2663.33000    0.64487    0.05660    3.18536    0.06124
   2670.86000    0.71997    0.06504    3.14662    0.04174
   2920.89000    0.57102    0.05362    2.83973    0.02739
   2926.26000    0.51458    0.04293    2.95406    0.03465
   2933.74000    0.55519    0.05942    2.91170    0.01895
   2940.92000    0.50244    0.07996    2.75197    0.06398
   2946.71000    0.56651    0.05587    2.77347    0.02412
   2952.78000    0.56459    0.07122    2.76752    0.02290
   2958.43000    0.66064    0.05024    2.82288    0.06298
   2962.48000    0.64468    0.04987    2.75424    0.04746
   2967.11000    0.64655    0.06522    2.81197    0.02394
   2973.37000    0.57221    0.04107    2.85303    0.06347
   2980.38000    0.61927    0.07004    2.95579    0.05263
   2986.70000    0.54957    0.08109    2.88225    0.06344
   2991.97000    0.60676    0.06045    3.02345    0.04057
   2998.62000    0.51619    0.06433    3.11846    0.07388
   3005.02000    0.61815    0.08360    3.01138    0.07398
   3007.67000    0.57869    0.07325    2.92820    0.07039
   3016.00000    0.59931    0.03935    2.90885    0.04689
   3022.22000    0.62132    0.03804    2.97221    0.05587
   3028.76000    0.69402    0.05542    2.93273    0.03010
   3034.52000    0.60642    0.04407    3.14262    0.05032
   3039.93000    0.71888    0.05493    3.00621    0.08216
   3291.17000    0.58743    0.03976    2.75690    0.02070
   3297.74000    0.47421    0.07060    2.91405    0.07300
   3304.07000    0.69211    0.06527    2.86605    0.05381
   3310.01000    0.57954    0.03771    2.76373    0.05327
   3316.08000    0.75896    0.08983    2.83938    0.02541
   3322.75000    0.62998    0.05408    2.68607    0.05300
   3329.24000    0.65296    0.03823    2.73022    0.06076
   3334.18000    0.62830    0.07031    2.71297    0.05626
   3339.51000    0.64293    0.06981    2.76106    0.04948
   3346.14000    0.42503    0.06443    2.72371    0.04712
   3350.65000    0.57366    0.02880    2.82418    0.05081
   3356.36000    0.61677    0.03436    2.76289    0.04638
   3362.12000    0.57141    0.04957    2.76613    0.02846
   3368.39000    0.58465    0.04593    2.88505    0.03417
   3371.84000    0.56268    0.04090    2.86571    0.04419
   3379.31000    0.55774    0.05754    2.93072    0.04470
   3385.37000    0.55342    0.08789    2.85061    0.04187
   3392.42000    0.51632    0.06331    2.89721    0.08440
   3398.48000    0.71063    0.04549    2.92927    0.05893
   3403.69000    0.66226    0.06157    2.96981    0.02296
