## Time Delay Challenge light curves
##
## [time]=days, [lc]=[err]=flux in nanomaggies
##
##       time       lc_A      err_A       lc_B      err_B
##-------------------------------------------------------
      0.88000    7.07478    0.06496    4.41277    0.05350
      6.49000    7.11276    0.04966    4.43280    0.01404
     11.03000    7.23232    0.05628    4.57641    0.06337
     16.35000    7.26616    0.05451    4.37554    0.07477
     22.43000    7.27969    0.05803    4.37292    0.02608
     27.46000    7.12879    0.06356    4.39624    0.04329
     32.84000    7.14713    0.04010    4.46197    0.05417
     38.35000    7.24592    0.06230    4.42069    0.02443
     46.66000    7.26818    0.04202    4.42767    0.05167
     52.37000    7.19852    0.05243    4.47469    0.03944
     58.56000    7.23856    0.04381    4.56104    0.08189
     66.18000    7.46729    0.04941    4.46712    0.03708
     72.62000    7.35468    0.08558    4.50241    0.05654
     79.58000    7.41475    0.04586    4.62749    0.04317
     87.78000    7.19208    0.05080    4.32412    0.05297
     95.11000    7.13647    0.07710    4.55407    0.03598
    100.19000    7.22354    0.01345    4.59956    0.02851
    106.62000    7.13720    0.05879    4.65399    0.02725
    112.77000    7.18781    0.04997    4.64021    0.08212
    119.98000    7.07843    0.04644    4.67420    0.05484
    367.13000    6.80069    0.05059    4.46914    0.04337
    374.55000    6.82009    0.06571    4.43928    0.04636
    380.83000    6.76286    0.04433    4.40917    0.06409
    384.55000    6.80546    0.06748    4.43329    0.05058
    390.04000    6.88013    0.06820    4.45451    0.08416
    396.19000    6.80636    0.04195    4.30901    0.04999
    402.77000    6.67359    0.07844    4.23145    0.06736
    409.49000    6.76043    0.01979    4.27447    0.04980
    415.95000    6.73258    0.07014    4.34556    0.05648
    422.19000    6.60924    0.04033    4.36637    0.05159
    428.05000    6.74864    0.04048    4.31028    0.03137
    433.91000    6.69545    0.04774    4.22013    0.04982
    439.73000    6.76735    0.03691    4.36020    0.06118
    446.17000    6.65286    0.05092    4.49009    0.07581
    453.35000    6.76115    0.04435    4.36695    0.05769
    458.50000    6.83669    0.05943    4.29788    0.04995
    462.65000    6.68340    0.05120    4.33140    0.03773
    469.55000    6.84013    0.05661    4.24848    0.05034
    475.55000    6.74512    0.04977    4.18383    0.06827
    479.53000    6.86657    0.03949    4.44311    0.06541
    730.12000    6.82163    0.03083    4.39403    0.03001
    734.63000    6.84912    0.04536    4.35786    0.03210
    739.90000    6.92155    0.04441    4.34411    0.05139
    745.53000    6.89112    0.07227    4.45628    0.07065
    751.24000    6.80300    0.03661    4.35634    0.07315
    756.24000    6.86220    0.04919    4.34796    0.05336
    762.35000    6.86582    0.05311    4.34275    0.06243
    769.38000    6.76039    0.04940    4.31203    0.03367
    774.01000    6.85751    0.04622    4.29462    0.07605
    780.90000    6.96395    0.03474    4.27832    0.05332
    787.02000    6.89849    0.05758    4.56311    0.06051
    791.88000    6.91453    0.06003    4.38398    0.07918
    799.01000    7.04559    0.05014    4.36026    0.03206
    804.25000    7.01288    0.04808    4.32339    0.05371
    813.16000    7.10205    0.05502    4.49802    0.04989
    819.49000    7.08011    0.05305    4.42749    0.04806
    826.65000    6.92788    0.07240    4.48638    0.06764
    831.57000    7.11832    0.03944    4.45364    0.03385
    838.49000    7.11995    0.05075    4.35809    0.03953
    844.69000    7.12721    0.04615    4.49124    0.05586
   1095.48000    7.00023    0.04496    4.48275    0.04328
   1102.10000    6.90476    0.03745    4.43948    0.03721
   1105.44000    6.94936    0.06135    4.46313    0.02781
   1110.70000    6.87040    0.04081    4.21288    0.07362
   1118.69000    6.90431    0.05470    4.60979    0.06189
   1124.12000    6.83875    0.04443    4.47764    0.06280
   1130.17000    7.03586    0.05043    4.44210    0.05556
   1136.19000    7.08699    0.05977    4.54218    0.03833
   1141.61000    7.09414    0.08460    4.52905    0.03417
   1148.47000    7.02080    0.06495    4.37750    0.06005
   1154.64000    7.05531    0.07273    4.47138    0.07126
   1160.55000    7.10230    0.05596    4.44143    0.01771
   1167.73000    7.19654    0.07351    4.53844    0.05998
   1173.10000    7.10865    0.05998    4.62539    0.08461
   1179.10000    7.20949    0.06259    4.52396    0.04917
   1185.24000    7.37227    0.05531    4.53728    0.05991
   1192.81000    7.19185    0.05078    4.64820    0.06592
   1197.51000    7.27450    0.02853    4.62205    0.04467
   1203.49000    7.24245    0.06164    4.53575    0.06158
   1210.19000    7.10547    0.07537    4.66239    0.05356
   1465.38000    7.13190    0.03366    4.43257    0.03187
   1473.18000    7.21878    0.05422    4.54789    0.07695
   1478.42000    7.19096    0.06207    4.49799    0.04782
   1486.24000    7.29934    0.04954    4.57416    0.02982
   1494.19000    7.09760    0.05252    4.73138    0.07265
   1499.98000    7.21470    0.04693    4.62172    0.08314
   1507.04000    7.21995    0.06399    4.74895    0.06723
   1513.44000    7.20283    0.05642    4.52296    0.08417
   1517.30000    7.20825    0.02245    4.58263    0.06168
   1524.81000    7.17938    0.06166    4.69563    0.05893
   1530.20000    7.29911    0.04178    4.66528    0.03830
   1536.92000    7.22325    0.01360    4.69997    0.05715
   1543.27000    7.06658    0.05909    4.69840    0.06176
   1549.72000    7.05872    0.02263    4.71339    0.07593
   1555.56000    7.14487    0.03395    4.66458    0.04931
   1560.42000    7.19581    0.05387    4.69424    0.05952
   1566.82000    7.24685    0.04761    4.62296    0.05371
   1575.21000    7.46939    0.09151    4.67850    0.06469
   1579.80000    7.35209    0.06818    4.78104    0.02854
   1829.08000    6.71343    0.03334    4.54808    0.03067
   1834.63000    6.67718    0.05719    4.40826    0.04896
   1840.77000    6.78449    0.07520    4.43899    0.09248
   1847.27000    6.89029    0.03807    4.56551    0.04896
   1852.59000    6.89311    0.03681    4.52006    0.04688
   1856.70000    6.94829    0.04724    4.44446    0.05354
   1863.01000    6.93352    0.03573    4.37763    0.07670
   1869.33000    7.01868    0.04948    4.36372    0.08233
   1875.40000    6.98840    0.04853    4.41576    0.04384
   1882.09000    6.95088    0.03655    4.39365    0.03099
   1886.66000    6.97606    0.04857    4.40175    0.02829
   1891.47000    6.95526    0.05116    4.34387    0.05397
   1897.24000    6.90355    0.05243    4.40651    0.07301
   1903.06000    6.92840    0.02883    4.45330    0.05325
   1908.42000    6.89381    0.03720    4.51657    0.04461
   1914.88000    6.81562    0.05659    4.57622    0.02511
   1918.99000    6.79740    0.06039    4.55923    0.06643
   1924.53000    6.78150    0.05113    4.36797    0.06628
   1928.24000    6.73670    0.04425    4.54712    0.04814
   1933.18000    6.83970    0.05333    4.43304    0.03211
   1939.50000    6.70633    0.04974    4.51456    0.03075
   2193.49000    6.63319    0.07346    4.20917    0.01425
   2199.94000    6.71600    0.04877    4.23493    0.05957
   2204.32000    6.72743    0.04563    4.36507    0.03135
   2208.88000    6.86751    0.06725    4.37751    0.05740
   2213.10000    6.68444    0.04858    4.27716    0.05956
   2218.37000    6.83461    0.07108    4.31410    0.05480
   2225.12000    6.65696    0.04480    4.29071    0.06192
   2230.46000    6.71807    0.06423    4.25516    0.04378
   2234.52000    6.72573    0.08388    4.32879    0.04979
   2241.45000    6.73648    0.08936    4.26908    0.04025
   2247.00000    6.81873    0.09906    4.45133    0.06241
   2254.60000    6.94254    0.07313    4.26917    0.06600
   2258.23000    6.97779    0.07089    4.41107    0.03012
   2266.12000    7.16152    0.03808    4.36089    0.04798
   2272.64000    7.30978    0.06477    4.29617    0.06883
   2279.95000    7.39147    0.06268    4.46397    0.08200
   2286.62000    7.47172    0.07116    4.39118    0.06031
   2292.93000    7.48543    0.04456    4.37550    0.05880
   2298.49000    7.43459    0.02570    4.45062    0.07210
   2304.17000    7.52187    0.06153    4.70789    0.08421
   2560.01000    7.24317    0.05678    4.73886    0.04525
   2567.06000    7.37206    0.06012    4.70516    0.03827
   2572.18000    7.20863    0.05312    4.76819    0.06289
   2578.06000    7.25980    0.05479    4.67692    0.05172
   2585.13000    7.40919    0.07341    4.79708    0.04179
   2591.95000    7.42993    0.05282    4.69903    0.03983
   2599.52000    7.18176    0.06055    4.69307    0.04342
   2604.38000    7.19099    0.07294    4.71299    0.06878
   2610.84000    7.12413    0.02396    4.75567    0.06086
   2615.59000    7.14101    0.04775    4.90855    0.08036
   2622.76000    7.16059    0.06569    4.78230    0.06063
   2629.19000    6.87767    0.05621    4.81956    0.06579
   2635.21000    6.96447    0.06647    4.77691    0.04862
   2641.75000    7.06804    0.08279    4.86992    0.05357
   2648.21000    7.06674    0.04343    4.69646    0.05985
   2654.60000    7.08029    0.06850    4.67113    0.04999
   2660.74000    6.99325    0.05592    4.70666    0.05290
   2667.52000    7.04473    0.06219    4.62319    0.04728
   2673.41000    6.96277    0.04729    4.69206    0.06153
   2923.23000    6.96550    0.07775    4.46959    0.05911
   2927.97000    6.94153    0.06437    4.47531    0.04222
   2933.82000    6.91623    0.04834    4.39504    0.06994
   2939.48000    7.00750    0.05007    4.54136    0.06452
   2947.40000    7.05899    0.07189    4.65913    0.04654
   2954.43000    7.00642    0.06210    4.66677    0.06162
   2960.05000    7.04621    0.05341    4.45001    0.07405
   2967.08000    6.86355    0.05232    4.57176    0.03196
   2971.67000    7.04604    0.04307    4.47645    0.05303
   2977.27000    6.97947    0.05999    4.73676    0.06941
   2984.49000    6.95929    0.05133    4.66192    0.05970
   2993.61000    7.17429    0.05045    4.62667    0.02648
   2999.88000    7.17074    0.05719    4.60336    0.07160
   3007.26000    7.23369    0.05588    4.67434    0.05016
   3013.86000    7.27253    0.05874    4.48835    0.07371
   3018.76000    7.29493    0.02481    4.58414    0.02923
   3025.56000    7.19627    0.07617    4.66334    0.06413
   3030.55000    7.28662    0.07285    4.60440    0.05245
   3035.79000    7.28082    0.04167    4.62250    0.01975
   3287.17000    7.25332    0.04749    4.95675    0.03603
   3292.47000    7.12873    0.03963    5.01531    0.07212
   3298.33000    7.19144    0.02974    4.82376    0.07988
   3303.03000    7.11562    0.04702    4.96227    0.05974
   3309.02000    7.01891    0.01750    4.94301    0.05782
   3314.43000    7.06922    0.06495    4.96516    0.05285
   3318.94000    7.05090    0.05871    4.82384    0.06776
   3323.62000    7.05803    0.06014    4.88191    0.06337
   3329.20000    7.04937    0.02240    4.92505    0.06451
   3333.56000    7.43330    0.07489    4.90633    0.05011
   3339.91000    7.07909    0.05745    4.70406    0.04683
   3347.03000    7.16440    0.07858    4.71559    0.06848
   3353.06000    7.11956    0.05228    4.70810    0.08115
   3358.76000    7.24965    0.05721    4.66201    0.06230
   3363.77000    7.32876    0.08665    4.71297    0.06105
   3369.85000    7.34482    0.06854    4.70137    0.03436
   3373.90000    7.24360    0.05479    4.71643    0.04489
   3379.56000    7.23443    0.05967    4.77745    0.08325
   3385.59000    7.32158    0.05008    4.72311    0.03419
   3390.67000    7.33963    0.05321    4.69656    0.04410
   3395.87000    7.29461    0.07337    4.98057    0.07238
   3401.74000    7.45466    0.05545    4.74444    0.06576
