## Time Delay Challenge light curves
##
## [time]=days, [lc]=[err]=flux in nanomaggies
##
##       time       lc_A      err_A       lc_B      err_B
##-------------------------------------------------------
      0.29000   14.02587    0.03227    1.67355    0.03069
      8.22000   13.98649    0.05651    1.62800    0.04422
     15.01000   13.07340    0.05408    1.56048    0.05086
     21.76000   13.48330    0.04123    1.66016    0.03327
     26.16000   13.78253    0.04430    1.70671    0.05037
     34.56000   13.82000    0.06363    1.46719    0.06300
     40.36000   13.59206    0.07811    1.70337    0.06549
     45.76000   13.56998    0.03793    1.71893    0.06842
     53.59000   12.18678    0.05628    1.73510    0.05210
     59.50000   12.42504    0.05746    1.76700    0.05076
     65.29000   12.12665    0.03643    1.80613    0.04241
     70.94000   12.48126    0.04940    1.82274    0.06295
     77.28000   12.38997    0.05406    1.69751    0.06315
     82.40000   12.31494    0.03323    1.67671    0.05231
     87.14000   12.78687    0.07486    1.60258    0.06055
     93.15000   12.61192    0.07235    1.60894    0.05398
     99.97000   11.69996    0.03846    1.70435    0.05332
    104.42000   11.99761    0.03563    1.63031    0.04426
    110.89000   11.79945    0.04723    1.59999    0.06934
    117.42000   11.98107    0.06300    1.58675    0.08346
    369.15000   13.15999    0.05218    1.32609    0.03620
    374.27000   13.02634    0.08796    1.38480    0.05746
    380.76000   13.26624    0.09253    1.42990    0.06359
    385.46000   13.53139    0.03394    1.29234    0.06495
    391.54000   14.06728    0.04825    1.48840    0.07058
    396.63000   13.45490    0.04360    1.42943    0.03378
    403.48000   13.73313    0.05189    1.45893    0.02339
    408.69000   14.35714    0.05033    1.45899    0.07343
    414.86000   14.20433    0.03125    1.36603    0.05809
    421.95000   14.12382    0.06862    1.30043    0.06099
    427.60000   14.94674    0.08299    1.33076    0.06813
    435.31000   14.84768    0.04942    1.44907    0.03219
    441.50000   14.78896    0.06807    1.38831    0.07910
    447.58000   14.70866    0.03651    1.34180    0.04122
    454.35000   14.28504    0.03164    1.30243    0.05158
    460.21000   14.09824    0.02948    1.37003    0.01964
    465.70000   13.48764    0.05725    1.36866    0.02022
    472.61000   13.55926    0.05424    1.47072    0.04898
    479.45000   14.18264    0.04559    1.63582    0.05450
    483.79000   14.46201    0.03165    1.50197    0.04893
    731.65000   15.31871    0.03418    1.71162    0.03960
    738.02000   16.15387    0.02798    1.77631    0.06514
    743.61000   16.13204    0.03649    1.74387    0.04097
    748.94000   16.38613    0.06952    1.87605    0.07668
    756.88000   16.41092    0.06046    1.81060    0.06178
    764.88000   16.52991    0.08166    1.83455    0.05588
    771.36000   15.49494    0.04285    1.87815    0.05104
    776.07000   15.66775    0.06565    1.70414    0.04867
    783.00000   16.33287    0.05567    1.77810    0.00849
    789.93000   17.22575    0.05961    1.83342    0.06175
    796.45000   17.02006    0.03305    1.87163    0.03865
    802.92000   16.27534    0.03666    1.86794    0.06402
    808.54000   15.92922    0.03997    1.88282    0.04468
    814.39000   15.75638    0.06918    1.89462    0.05959
    819.94000   15.17861    0.03510    1.77808    0.03627
    825.60000   14.48425    0.04713    1.77940    0.06719
    831.14000   14.47743    0.06587    1.70530    0.03156
    836.73000   14.55010    0.05108    1.87019    0.05679
    840.74000   14.82220    0.06052    1.85401    0.06939
    849.63000   13.91351    0.06320    1.83377    0.02461
   1101.12000   15.37572    0.07014    1.72951    0.05381
   1107.42000   15.14182    0.07118    1.67021    0.04455
   1114.53000   15.35256    0.06343    1.54831    0.08750
   1120.03000   15.09314    0.04536    1.69919    0.07119
   1125.83000   15.25086    0.03143    1.66720    0.04776
   1132.72000   15.06525    0.03929    1.58765    0.08830
   1141.01000   14.96263    0.05226    1.60781    0.03184
   1146.86000   14.60888    0.05872    1.62197    0.04835
   1152.20000   14.94650    0.07890    1.87839    0.05316
   1156.77000   14.77713    0.03785    1.63838    0.04873
   1163.12000   14.35352    0.05019    1.67584    0.04978
   1169.02000   14.61128    0.09430    1.63600    0.07226
   1174.77000   13.96164    0.06000    1.63107    0.05602
   1180.57000   13.40374    0.06652    1.58223    0.06071
   1187.16000   13.39127    0.06548    1.72971    0.07189
   1193.21000   13.62408    0.07268    1.59747    0.07018
   1198.07000   13.04027    0.07117    1.72364    0.03533
   1202.24000   12.62000    0.06439    1.68694    0.05368
   1207.65000   13.33446    0.07434    1.66692    0.06297
   1214.19000   13.09731    0.05236    1.78351    0.04570
   1463.97000   14.00992    0.06572    1.85357    0.05870
   1470.09000   13.68325    0.02823    1.65665    0.04863
   1476.54000   13.19483    0.05657    1.66509    0.05174
   1482.84000   13.87081    0.05785    1.74054    0.04493
   1487.98000   13.77407    0.06805    1.74244    0.02151
   1492.24000   13.68766    0.03987    1.76594    0.07239
   1498.36000   13.44433    0.06539    1.67623    0.06233
   1504.92000   13.10754    0.07148    1.70215    0.04869
   1511.30000   13.13344    0.04338    1.63508    0.03066
   1516.75000   12.09796    0.04696    1.69480    0.04486
   1521.59000   12.40457    0.07361    1.74051    0.05116
   1527.78000   12.17471    0.06332    1.69029    0.06045
   1533.81000   11.98060    0.02093    1.66139    0.07939
   1539.78000   11.80419    0.05836    1.67591    0.05821
   1546.10000   12.07022    0.04057    1.81544    0.05826
   1550.91000   11.85160    0.06604    1.65516    0.04592
   1556.18000   11.69408    0.06487    1.62534    0.06826
   1561.24000   11.52063    0.04680    1.75312    0.03132
   1567.40000   11.59502    0.05324    1.70901    0.01047
   1574.97000   11.39996    0.06599    1.55523    0.03143
   1578.53000   11.96131    0.06827    1.57456    0.06536
   1829.02000   13.06739    0.04382    1.54939    0.00396
   1834.63000   13.53219    0.05970    1.58762    0.05380
   1841.36000   13.60735    0.05677    1.53223    0.07430
   1847.22000   14.15022    0.06179    1.54814    0.05145
   1853.51000   13.94758    0.04830    1.53227    0.03581
   1860.93000   13.04957    0.04787    1.44857    0.04759
   1865.85000   12.51710    0.04150    1.45107    0.03597
   1874.23000   12.39740    0.03933    1.53556    0.05982
   1880.23000   12.27243    0.03947    1.42117    0.03743
   1885.73000   12.34124    0.04493    1.47180    0.06443
   1891.79000   11.77141    0.05415    1.44278    0.04827
   1896.21000   11.56750    0.06338    1.44961    0.05388
   1902.41000   12.14161    0.06036    1.44461    0.07240
   1908.28000   12.85066    0.05547    1.53175    0.04386
   1913.47000   12.89917    0.04626    1.52360    0.05206
   1920.91000   12.91404    0.04545    1.43547    0.04585
   1925.80000   13.07482    0.08235    1.38629    0.04310
   1931.86000   13.10907    0.05104    1.41767    0.03332
   1937.89000   13.38433    0.04930    1.29978    0.08170
   1943.27000   13.88724    0.04577    1.34744    0.05868
   2195.68000   16.34521    0.04352    1.89718    0.03015
   2201.39000   17.58972    0.06339    1.80230    0.06136
   2206.46000   17.99553    0.03609    1.92743    0.04764
   2212.81000   19.44474    0.03523    1.93307    0.04264
   2217.83000   19.92781    0.07133    1.82472    0.04630
   2222.99000   18.97508    0.05209    1.80122    0.04779
   2229.28000   18.44049    0.04136    1.70331    0.06840
   2234.48000   18.85281    0.04588    1.78365    0.06708
   2241.53000   17.90399    0.06893    1.83096    0.06306
   2247.64000   19.18479    0.05694    1.75452    0.04822
   2252.14000   17.86524    0.05896    1.84312    0.02610
   2256.77000   17.82274    0.03846    1.95044    0.06540
   2262.78000   17.74641    0.05872    1.81949    0.04041
   2270.73000   16.62296    0.05639    1.88377    0.04802
   2277.28000   15.96605    0.06632    1.94749    0.06174
   2282.88000   16.15564    0.05967    2.06501    0.03603
   2288.44000   15.81944    0.05198    2.06387    0.06315
   2294.71000   15.57565    0.04289    1.95657    0.05286
   2299.56000   15.41372    0.03385    1.99445    0.04562
   2304.58000   14.70687    0.03307    1.89418    0.04390
   2557.26000   16.16135    0.06929    1.86290    0.02218
   2562.54000   15.90047    0.04889    1.93910    0.08618
   2567.57000   15.85640    0.03310    1.97763    0.02685
   2573.35000   16.06188    0.05080    2.02100    0.03235
   2580.43000   15.12837    0.06183    2.09847    0.04283
   2585.81000   15.22092    0.07867    2.02844    0.03810
   2591.84000   15.25223    0.08405    1.91842    0.05357
   2597.55000   15.55369    0.05547    1.75289    0.05924
   2601.54000   15.45127    0.06368    1.81829    0.04285
   2607.75000   15.57773    0.06050    1.77298    0.07672
   2613.27000   16.30262    0.05028    1.66246    0.04922
   2619.59000   16.16848    0.02315    1.65758    0.06214
   2627.30000   15.77540    0.05228    1.81367    0.05475
   2635.22000   15.73815    0.03955    1.85986    0.05892
   2642.06000   16.00799    0.03737    1.71848    0.06821
   2648.24000   15.99989    0.02206    1.63212    0.05256
   2653.79000   16.49222    0.05695    1.65093    0.02630
   2660.23000   15.49013    0.06960    1.71825    0.07112
   2666.66000   14.75271    0.05787    1.76707    0.07687
   2671.90000   14.51402    0.07056    1.84334    0.03946
   2921.14000   13.54069    0.08397    1.66268    0.07114
   2926.24000   13.15236    0.01971    1.74822    0.03445
   2931.42000   13.69459    0.06889    1.71570    0.05137
   2936.21000   13.93790    0.05210    1.76718    0.07573
   2943.96000   13.79778    0.03478    1.58465    0.06813
   2949.57000   13.43316    0.04030    1.63987    0.03315
   2954.23000   12.85253    0.06394    1.58587    0.03613
   2959.99000   13.05168    0.05762    1.64875    0.05905
   2966.37000   14.32419    0.05416    1.39750    0.05568
   2971.48000   14.00347    0.05047    1.42538    0.05279
   2977.53000   14.86139    0.03800    1.43308    0.05021
   2981.03000   15.01432    0.03600    1.40632    0.06813
   2986.94000   15.18302    0.05022    1.32808    0.05179
   2992.58000   14.79243    0.04716    1.48154    0.04221
   2998.77000   14.91832    0.04398    1.47640    0.02767
   3003.77000   15.11500    0.04533    1.40888    0.05258
   3009.47000   15.05496    0.09667    1.44654    0.06852
   3014.06000   14.60361    0.06520    1.50299    0.03350
   3020.32000   14.94528    0.04610    1.54689    0.06177
   3028.06000   15.44291    0.07800    1.58022    0.08967
   3034.18000   15.89609    0.05175    1.55180    0.04703
   3039.11000   15.87191    0.06675    1.25852    0.07891
   3289.22000   14.43875    0.04421    1.62199    0.06684
   3295.47000   14.16283    0.07097    1.84253    0.04827
   3301.36000   14.39916    0.04392    1.91086    0.05596
   3307.48000   14.89736    0.06709    2.01095    0.08194
   3314.54000   14.59963    0.06513    1.92757    0.03829
   3320.80000   14.02632    0.07445    1.96929    0.04818
   3328.75000   13.58719    0.04416    1.85152    0.07883
   3334.77000   13.14541    0.06584    1.93612    0.04649
   3340.88000   13.65908    0.06738    1.89316    0.06695
   3348.53000   12.79845    0.03887    1.86798    0.05508
   3354.02000   12.42382    0.04350    1.95130    0.05553
   3359.89000   12.49288    0.05503    1.85676    0.06256
   3365.00000   12.22960    0.02820    1.83747    0.04778
   3371.50000   12.29833    0.07960    1.72630    0.06465
   3379.04000   12.81576    0.05512    1.78827    0.08754
   3386.44000   13.21016    0.03530    1.72629    0.05709
   3392.71000   13.11584    0.05727    1.68864    0.04859
   3396.94000   12.36303    0.06546    1.66243    0.05807
   3404.35000   13.29378    0.06237    1.60265    0.04178
