## Time Delay Challenge light curves
##
## [time]=days, [lc]=[err]=flux in nanomaggies
##
##       time       lc_A      err_A       lc_B      err_B
##-------------------------------------------------------
      3.72000    1.57106    0.04029    3.95993    0.03878
      8.86000    1.57206    0.05125    3.83576    0.05773
     14.47000    1.63962    0.04255    3.80573    0.03408
     20.53000    1.74562    0.05854    3.73290    0.07022
     24.83000    1.72734    0.05849    3.88671    0.01104
     28.24000    1.93052    0.05585    3.89292    0.06991
     33.88000    1.77086    0.04660    3.86494    0.05140
     39.48000    1.84820    0.06551    3.96136    0.05816
     46.46000    1.82417    0.07171    3.80263    0.04070
     51.88000    1.67982    0.03067    3.53582    0.04028
     58.25000    1.77926    0.04602    3.59949    0.05725
     64.46000    1.75680    0.04980    3.67916    0.06734
     68.18000    1.79203    0.05772    3.61564    0.06164
     75.09000    1.80334    0.06246    3.68885    0.07666
     82.06000    1.79890    0.04169    3.56416    0.08395
     88.86000    1.61899    0.06095    3.55359    0.06408
     95.80000    1.67754    0.05304    3.55421    0.07434
    102.01000    1.72985    0.06636    3.64078    0.05931
    108.21000    1.64473    0.04457    3.73976    0.04679
    114.49000    1.60273    0.04547    3.74467    0.07197
    365.79000    1.27697    0.03066    2.87597    0.05561
    371.87000    1.30988    0.03711    2.84205    0.03084
    377.52000    1.26609    0.02581    3.03707    0.02511
    383.49000    1.26327    0.05854    3.05912    0.02539
    389.81000    1.36762    0.07451    3.19423    0.03861
    396.04000    1.33857    0.02945    3.27226    0.04838
    401.07000    1.32362    0.02604    3.28125    0.06641
    407.31000    1.35139    0.08066    3.23169    0.05500
    412.71000    1.33140    0.03427    3.25185    0.07434
    418.33000    1.32131    0.06737    3.23115    0.07016
    422.55000    1.37247    0.07274    3.23632    0.07180
    427.64000    1.42365    0.04622    3.15700    0.04689
    434.89000    1.44112    0.06656    2.99436    0.05053
    439.88000    1.37202    0.06665    2.91040    0.08060
    445.53000    1.33320    0.08122    2.94496    0.05280
    450.01000    1.45896    0.04176    3.07475    0.03496
    454.63000    1.49456    0.05107    3.12128    0.05922
    461.04000    1.57453    0.05847    3.16310    0.04052
    468.58000    1.40221    0.07686    3.28978    0.03627
    473.59000    1.33725    0.04763    3.27699    0.04442
    479.59000    1.35769    0.04765    3.13558    0.03824
    732.66000    1.78248    0.03055    3.75567    0.02938
    738.60000    1.83322    0.06347    3.53950    0.08309
    745.71000    1.72014    0.04379    3.53450    0.05060
    752.80000    1.74145    0.07052    3.53724    0.04732
    757.63000    1.81443    0.06249    3.44791    0.07780
    764.75000    1.69106    0.05962    3.50498    0.06478
    771.36000    1.65222    0.06484    3.40843    0.08047
    777.11000    1.67172    0.05383    3.31641    0.05236
    783.51000    1.61168    0.05744    3.44196    0.03356
    786.41000    1.68982    0.04929    3.58647    0.05220
    792.13000    1.58799    0.03742    3.41559    0.04488
    794.84000    1.58808    0.04223    3.43225    0.06376
    799.92000    1.50751    0.06765    3.83840    0.03188
    803.73000    1.66127    0.04305    3.98355    0.04959
    810.34000    1.54891    0.03530    3.96444    0.05122
    817.08000    1.53607    0.06306    4.07972    0.06758
    823.43000    1.57521    0.06672    4.18833    0.03749
    829.64000    1.68245    0.08057    3.97586    0.06732
    834.13000    1.74241    0.07215    4.12957    0.04146
    840.14000    1.76128    0.04428    4.25792    0.06675
    846.86000    1.79555    0.07201    4.19522    0.03684
   1097.65000    1.68274    0.04699    4.11771    0.05389
   1103.35000    1.74997    0.03447    4.18094    0.04308
   1110.02000    1.78430    0.07071    4.21480    0.08702
   1116.32000    1.81772    0.06493    4.10576    0.04894
   1122.18000    1.84673    0.04786    4.05462    0.03644
   1128.34000    1.86471    0.03299    4.11396    0.06517
   1135.22000    1.79703    0.06881    3.99942    0.06522
   1139.52000    1.75365    0.07140    4.14758    0.04751
   1145.19000    1.93612    0.06789    4.25933    0.05323
   1153.54000    1.91429    0.03814    4.19418    0.05043
   1157.84000    1.87320    0.02673    4.27845    0.04137
   1163.81000    1.88763    0.04754    4.24586    0.05548
   1169.03000    1.87565    0.04475    4.23453    0.06351
   1174.02000    1.93601    0.04918    4.29599    0.03482
   1180.03000    1.87890    0.04045    4.31530    0.04344
   1187.35000    1.99605    0.06500    4.40927    0.07772
   1194.00000    1.88454    0.05078    4.40155    0.03790
   1199.76000    1.92149    0.06381    4.27509    0.02661
   1205.26000    2.04254    0.04833    4.21186    0.04066
   1211.64000    2.02562    0.06013    3.94006    0.05526
   1467.14000    1.90566    0.05285    3.93161    0.06098
   1473.25000    1.99985    0.07697    3.82094    0.04934
   1479.05000    1.96368    0.07478    3.81207    0.05532
   1485.28000    1.95595    0.07815    4.06689    0.06002
   1492.04000    1.85765    0.05467    4.09826    0.04434
   1497.49000    1.85118    0.00193    4.06288    0.03516
   1504.52000    1.79296    0.03859    3.95312    0.06033
   1510.32000    1.71390    0.03470    4.22595    0.05344
   1515.72000    1.84510    0.06743    4.40575    0.03278
   1523.02000    1.81289    0.04795    4.28701    0.05828
   1528.16000    1.86560    0.04890    4.41342    0.05451
   1532.52000    1.87341    0.05638    4.28906    0.06458
   1537.58000    1.86082    0.04451    4.47596    0.06979
   1544.21000    1.89050    0.04017    4.38648    0.05289
   1548.42000    1.92261    0.08359    4.39842    0.05044
   1554.46000    2.05617    0.04846    4.48050    0.03634
   1560.28000    1.87888    0.04743    4.43891    0.04939
   1565.76000    2.09522    0.05615    4.20247    0.05478
   1571.95000    2.04788    0.05836    4.28558    0.08721
   1577.21000    2.07816    0.01256    4.11140    0.05573
   1830.30000    2.06661    0.05466    5.01339    0.01653
   1836.90000    2.17967    0.08048    5.24394    0.04168
   1843.01000    2.22257    0.02219    5.14526    0.04781
   1849.17000    2.27832    0.07315    4.84920    0.06455
   1855.08000    2.32326    0.04089    5.05365    0.05851
   1863.12000    2.25298    0.03670    5.28099    0.04331
   1869.19000    2.39256    0.06101    5.34635    0.04222
   1874.89000    2.47998    0.06001    5.45413    0.04349
   1880.04000    2.40041    0.04748    5.28498    0.05156
   1887.80000    2.32296    0.06316    5.09751    0.06161
   1894.41000    2.43133    0.06982    5.46175    0.05366
   1900.57000    2.35955    0.06250    5.67324    0.08338
   1906.72000    2.40252    0.06182    5.83265    0.06911
   1912.50000    2.47247    0.01377    5.37279    0.05006
   1916.83000    2.39374    0.06756    5.35579    0.05230
   1923.16000    2.46946    0.06519    4.96000    0.05796
   1929.68000    2.44788    0.04911    5.09701    0.06239
   1935.92000    2.57983    0.06371    5.29884    0.04321
   1942.67000    2.59281    0.06039    5.35677    0.06021
   2195.99000    2.12943    0.06129    4.18737    0.06963
   2202.06000    1.98914    0.04239    4.13534    0.03831
   2208.65000    2.12957    0.05533    4.01749    0.06674
   2215.33000    1.79428    0.08479    4.19361    0.05415
   2218.90000    1.97752    0.06593    4.26799    0.05131
   2224.82000    2.08022    0.08241    4.19918    0.04993
   2228.24000    1.95675    0.07294    4.09796    0.04186
   2236.74000    1.82768    0.06687    3.96288    0.07284
   2240.91000    1.90416    0.05429    3.94148    0.06827
   2248.04000    1.89135    0.05141    3.98032    0.06498
   2252.72000    1.98430    0.07055    3.87850    0.03268
   2259.82000    1.94059    0.09242    4.03021    0.04063
   2266.07000    1.89081    0.03723    4.04953    0.03529
   2271.88000    1.79736    0.04959    4.04997    0.05845
   2277.38000    1.84936    0.05336    4.18225    0.04939
   2283.37000    1.79519    0.03902    4.29993    0.06842
   2289.15000    1.69239    0.03421    4.33519    0.06792
   2295.45000    1.85422    0.03439    3.97985    0.05966
   2300.71000    1.88089    0.05615    3.93834    0.04535
   2306.62000    1.81885    0.03829    3.72483    0.04697
   2560.16000    1.84302    0.06093    4.37361    0.05310
   2566.27000    1.73128    0.02941    4.24696    0.04743
   2573.72000    1.74041    0.07437    4.35196    0.04745
   2581.54000    1.90789    0.04789    4.32688    0.07221
   2588.30000    1.94943    0.06396    4.37001    0.04995
   2595.23000    2.02480    0.05234    4.35478    0.04232
   2598.99000    1.98658    0.05720    4.40979    0.03764
   2605.54000    1.89088    0.03861    4.59445    0.04743
   2612.22000    1.91449    0.04109    4.72528    0.05430
   2616.73000    1.91441    0.04462    4.67675    0.04735
   2620.89000    1.92094    0.05401    4.60757    0.05431
   2626.19000    1.99447    0.07309    4.44923    0.04628
   2632.30000    1.91136    0.04316    4.36933    0.03656
   2638.00000    2.03928    0.06055    4.33853    0.03639
   2643.63000    2.05237    0.06876    4.44928    0.06314
   2651.40000    2.09400    0.08690    4.61190    0.02250
   2657.00000    2.08567    0.02607    4.72721    0.04670
   2662.39000    2.09592    0.05817    4.33477    0.06397
   2667.57000    2.06975    0.06492    4.49420    0.05203
   2672.74000    1.97634    0.05389    4.25696    0.05136
   2921.30000    2.29474    0.04659    4.60352    0.02405
   2928.92000    2.32507    0.07660    4.74409    0.05751
   2934.70000    2.38897    0.05327    4.45936    0.09497
   2939.22000    2.21236    0.03806    4.61165    0.08562
   2944.57000    2.21911    0.02844    4.84380    0.05943
   2950.00000    2.13909    0.05144    4.85011    0.07462
   2956.39000    2.09574    0.07210    4.70007    0.05566
   2964.23000    2.35240    0.05229    4.57751    0.06788
   2968.91000    2.22537    0.04129    4.53352    0.04995
   2974.75000    2.15959    0.03042    4.62692    0.04348
   2979.25000    2.22419    0.08164    4.72726    0.06002
   2986.12000    2.17268    0.04749    4.87030    0.04254
   2992.15000    2.10626    0.03345    4.94890    0.06101
   2998.69000    2.24659    0.05798    4.66565    0.05730
   3004.16000    2.08573    0.04196    4.98089    0.05190
   3009.25000    2.01094    0.07429    4.83214    0.06511
   3015.42000    2.16176    0.01213    4.75795    0.02449
   3021.28000    2.19470    0.04782    4.61021    0.04621
   3026.13000    2.25484    0.02662    4.64851    0.03258
   3033.03000    2.26119    0.06720    4.81315    0.05241
   3039.33000    2.18475    0.08514    4.48696    0.04701
   3285.10000    2.13275    0.08377    4.52791    0.06484
   3290.20000    2.18540    0.04530    4.58138    0.04782
   3296.16000    2.07513    0.07055    4.52715    0.05572
   3301.52000    2.04357    0.05602    4.54649    0.04489
   3307.69000    2.11752    0.02893    4.39857    0.06920
   3314.60000    2.14753    0.05851    4.39217    0.06838
   3321.98000    2.12354    0.04857    4.44206    0.07256
   3329.04000    2.12992    0.05927    4.38064    0.02891
   3335.16000    2.11667    0.04661    4.31360    0.05354
   3340.50000    2.14937    0.07162    4.40629    0.03795
   3346.34000    2.04926    0.07268    4.46876    0.02780
   3350.13000    2.11415    0.07219    4.57261    0.03251
   3356.16000    1.99369    0.04290    4.45484    0.05292
   3361.79000    2.10890    0.07025    4.35254    0.03320
   3368.12000    2.07242    0.06988    4.02836    0.00709
   3373.37000    1.93629    0.03898    4.10226    0.06804
   3380.11000    2.03980    0.03651    4.06797    0.05218
   3386.35000    2.03025    0.05864    4.10151    0.09815
   3394.33000    2.08313    0.05388    4.07713    0.05548
   3400.90000    1.92483    0.03085    4.16647    0.04693
