## Time Delay Challenge light curves
##
## [time]=days, [lc]=[err]=flux in nanomaggies
##
##       time       lc_A      err_A       lc_B      err_B
##-------------------------------------------------------
      4.59000   13.20974    0.07664    3.46446    0.06648
      9.85000   13.63022    0.05555    3.37316    0.06079
     17.04000   13.86155    0.07722    3.39857    0.05334
     22.71000   13.76624    0.05162    3.32528    0.04248
     26.78000   14.10212    0.03537    3.26237    0.10181
     32.81000   14.57919    0.03527    3.27376    0.04820
     40.19000   14.50045    0.05274    3.28093    0.03203
     47.76000   14.67370    0.07439    3.18957    0.04605
     55.26000   14.48661    0.04055    3.28459    0.06535
     60.72000   14.70226    0.04484    3.12042    0.05077
     68.34000   15.07195    0.05102    3.27596    0.04884
     73.87000   15.22278    0.04319    3.07333    0.06766
     79.71000   15.39369    0.04186    3.04120    0.06127
     84.87000   15.22511    0.05943    2.98259    0.05684
     92.50000   15.15178    0.04776    2.96069    0.05638
    100.11000   15.64945    0.05264    2.88764    0.05011
    105.07000   15.64819    0.04885    2.79381    0.05030
    109.54000   15.52638    0.04811    2.78990    0.01255
    114.41000   15.71703    0.05055    2.50320    0.07900
    119.93000   15.95253    0.03533    2.66159    0.07628
    371.84000   17.10550    0.03954    0.71100    0.03641
    378.49000   17.47947    0.08807    0.69451    0.04149
    384.06000   17.43259    0.06851    0.73237    0.05381
    388.87000   17.36260    0.04031    0.66137    0.05263
    394.69000   17.64872    0.04565    0.61181    0.06382
    400.30000   17.33808    0.08682    0.50396    0.04750
    406.21000   17.29932    0.05792    0.61430    0.03883
    412.01000   17.20129    0.02699    0.61016    0.05204
    418.76000   16.50489    0.05768    0.50734    0.09143
    425.31000   16.77891    0.07364    0.51388    0.07512
    430.31000   16.61245    0.04229    0.43656    0.06505
    436.13000   16.77157    0.10029    0.47577    0.06754
    441.91000   16.81309    0.05846    0.37257    0.06024
    449.18000   16.51305    0.02954    0.44209    0.05704
    455.62000   17.31541    0.07866    0.44870    0.05899
    459.56000   17.48456    0.07315    0.41128    0.05380
    465.95000   17.21053    0.03886    0.37413    0.04769
    470.72000   17.29113    0.07629    0.42987    0.06179
    475.31000   17.11068    0.03100    0.41144    0.06392
    481.20000   16.96767    0.04734    0.40508    0.07358
    731.17000   19.88721    0.04301    0.40215    0.04770
    736.73000   19.92274    0.05820    0.48619    0.05433
    743.56000   19.58798    0.03916    0.42829    0.07748
    750.71000   19.69115    0.05794    0.41155    0.03790
    757.72000   19.53596    0.06638    0.31217    0.03970
    762.35000   18.99671    0.05906    0.38127    0.05203
    768.60000   19.62630    0.02336    0.39871    0.07062
    773.85000   19.62214    0.04067    0.40611    0.06678
    779.49000   19.74686    0.05563    0.40856    0.04271
    786.60000   19.38859    0.06350    0.26457    0.07006
    793.63000   18.32585    0.09405    0.44794    0.03479
    801.39000   18.48111    0.07310    0.36852    0.04547
    805.86000   18.15829    0.03363    0.31238    0.04705
    812.45000   17.71341    0.07585    0.36601    0.04998
    817.83000   17.91745    0.06975    0.39161    0.06226
    823.50000   17.84227    0.05150    0.34550    0.05817
    831.42000   17.74778    0.05136    0.44435    0.07627
    838.96000   17.73460    0.04262    0.35144    0.03891
    844.51000   17.56202    0.02426    0.35742    0.05851
   1099.03000   14.10316    0.06086    0.37334    0.05812
   1103.96000   14.30979    0.06505    0.41767    0.05896
   1110.61000   14.50235    0.04212    0.45128    0.04762
   1115.85000   14.28102    0.04973    0.44574    0.03328
   1120.44000   14.11098    0.06113    0.45208    0.02985
   1127.41000   13.78015    0.02310    0.46858    0.04529
   1134.66000   13.04515    0.05750    0.43789    0.04868
   1140.58000   12.62869    0.05623    0.41793    0.03732
   1147.48000   12.03396    0.08114    0.43191    0.08013
   1152.92000   11.64913    0.04517    0.36719    0.03769
   1159.17000   11.92501    0.04562    0.30255    0.07410
   1166.50000   11.71356    0.05906    0.48921    0.07476
   1172.23000   11.45514    0.05612    0.42667    0.04642
   1178.00000   11.56300    0.03469    0.36625    0.04751
   1183.25000   11.32415    0.03500    0.34354    0.04560
   1190.47000   11.55162    0.04693    0.46602    0.04144
   1195.34000   11.24082    0.06291    0.29078    0.04706
   1202.53000   10.63820    0.05794    0.37363    0.03253
   1207.59000   10.83948    0.06080    0.35672    0.02513
   1214.39000   10.93751    0.05650    0.43396    0.03946
   1465.35000    7.82045    0.05460    0.23493    0.07256
   1472.56000    8.00410    0.06312    0.34553    0.04798
   1477.95000    8.10798    0.06750    0.30679    0.04812
   1483.87000    8.27571    0.04759    0.35903    0.02861
   1490.91000    8.31126    0.06434    0.27838    0.06645
   1498.11000    8.35612    0.03049    0.33519    0.04135
   1505.09000    8.44794    0.03107    0.34984    0.03126
   1512.53000    8.20268    0.05894    0.33368    0.05982
   1519.78000    8.02924    0.06986    0.24940    0.07889
   1524.82000    7.71907    0.05109    0.32399    0.03332
   1531.13000    7.80262    0.06407    0.28380    0.06149
   1537.24000    7.65523    0.08715    0.31322    0.03962
   1544.00000    7.56077    0.09403    0.19467    0.03826
   1550.16000    7.70581    0.05695    0.28580    0.03747
   1555.67000    7.73069    0.07069    0.26414    0.06047
   1561.97000    8.01053    0.03570    0.29587    0.05852
   1567.26000    8.06665    0.05561    0.26271    0.05884
   1572.61000    8.02805    0.02778    0.32340    0.05610
   1577.89000    8.05886    0.05796    0.35219    0.04972
   1825.51000    8.23157    0.07100    0.36742    0.05580
   1834.07000    8.05791    0.03084    0.32599    0.05720
   1840.42000    7.84618    0.05734    0.27689    0.07711
   1846.29000    7.83597    0.04430    0.29537    0.04034
   1851.72000    7.75791    0.02866    0.36447    0.04472
   1858.44000    7.87313    0.05055    0.36791    0.04659
   1864.22000    7.66408    0.03220    0.34953    0.05095
   1870.51000    7.43853    0.04095    0.39642    0.02502
   1877.52000    7.42358    0.04532    0.21294    0.07890
   1883.37000    7.42530    0.07442    0.31545    0.03101
   1890.43000    7.34538    0.04938    0.31145    0.02080
   1897.00000    7.32734    0.06146    0.24520    0.05254
   1904.67000    7.34090    0.04858    0.37397    0.06794
   1909.66000    7.45286    0.02815    0.21815    0.08659
   1915.21000    7.74441    0.05669    0.32801    0.03047
   1921.32000    7.86136    0.01442    0.39187    0.07137
   1925.38000    8.07123    0.05224    0.31005    0.04088
   1932.62000    8.34697    0.07202    0.39896    0.04154
   1937.48000    8.54004    0.07681    0.29759    0.07971
   1943.73000    8.28538    0.04798    0.31376    0.05450
   2194.63000    7.33039    0.04320    0.31924    0.05600
   2202.23000    7.30176    0.06630    0.31525    0.02438
   2207.71000    7.36737    0.06142    0.45704    0.07902
   2213.29000    7.56247    0.04552    0.19091    0.06070
   2219.31000    7.53233    0.05199    0.28647    0.06239
   2226.31000    7.44590    0.05781    0.28711    0.03533
   2232.46000    7.39225    0.03329    0.30182    0.05368
   2237.23000    7.28473    0.04851    0.30692    0.03759
   2244.08000    7.16431    0.03921    0.30244    0.09240
   2249.75000    7.28706    0.03369    0.37049    0.05985
   2255.67000    7.24644    0.06213    0.25807    0.05732
   2260.39000    7.08140    0.06220    0.27648    0.04184
   2266.78000    7.02883    0.05723    0.23102    0.07348
   2272.52000    7.20623    0.04394    0.22450    0.06476
   2279.89000    7.45257    0.05062    0.30151    0.05104
   2285.90000    7.32022    0.06933    0.23629    0.06813
   2291.31000    7.46575    0.06406    0.26072    0.05106
   2298.80000    7.56513    0.04942    0.30914    0.06634
   2302.61000    7.72602    0.04518    0.23221    0.01584
   2309.23000    7.75960    0.06683    0.38653    0.04901
   2560.60000    7.06068    0.03960    0.37225    0.05158
   2567.22000    7.07318    0.04232    0.25559    0.02736
   2573.36000    7.18428    0.04861    0.36692    0.04325
   2578.85000    7.35418    0.05605    0.15547    0.08793
   2585.10000    7.11441    0.03625    0.31681    0.05848
   2590.13000    7.05407    0.06930    0.26528    0.08155
   2595.71000    6.90941    0.04887    0.28491    0.05252
   2601.46000    6.86581    0.05658    0.26881    0.06561
   2607.49000    6.84270    0.03194    0.26815    0.04523
   2614.95000    6.81736    0.02084    0.31866    0.02572
   2620.52000    6.54748    0.03973    0.41284    0.06276
   2626.48000    6.43487    0.05416    0.34161    0.06544
   2631.84000    6.47558    0.05044    0.25519    0.06770
   2638.93000    6.35099    0.04720    0.28279    0.04480
   2645.31000    6.38911    0.07080    0.29577    0.05388
   2649.60000    6.36568    0.05084    0.30425    0.06168
   2655.54000    6.02182    0.08741    0.26119    0.03702
   2662.37000    6.04433    0.03227    0.34813    0.05343
   2668.13000    6.00161    0.07129    0.21984    0.04555
   2674.48000    6.09636    0.08179    0.18193    0.07244
   2925.80000    5.48320    0.06488    0.28743    0.08972
   2931.66000    5.30927    0.03959    0.27793    0.05053
   2936.56000    5.28702    0.03681    0.32573    0.04608
   2942.57000    5.29374    0.03888    0.30979    0.03244
   2949.46000    5.11329    0.06856    0.24353    0.03058
   2955.51000    5.08306    0.04009    0.28769    0.02130
   2961.41000    4.96788    0.04877    0.35200    0.06723
   2967.43000    5.00663    0.04106    0.28328    0.03495
   2973.18000    4.73809    0.05552    0.27970    0.03250
   2979.13000    4.85868    0.06586    0.26134    0.06305
   2985.30000    4.76902    0.03747    0.31754    0.05308
   2990.75000    4.75925    0.04852    0.24637    0.04666
   2996.09000    4.83858    0.04820    0.23428    0.08104
   3001.52000    4.61333    0.05632    0.19693    0.04123
   3008.68000    4.69584    0.04337    0.24419    0.02801
   3014.31000    4.70885    0.02624    0.26307    0.06349
   3019.47000    4.72104    0.04453    0.20005    0.06384
   3027.14000    4.73663    0.04832    0.28292    0.04196
   3034.46000    4.73482    0.03384    0.29864    0.04982
   3039.37000    4.76578    0.01690    0.30435    0.02749
   3286.89000    4.86665    0.04998    0.31382    0.05644
   3291.45000    4.77537    0.05761    0.27708    0.03148
   3296.80000    4.73470    0.04709    0.19694    0.08318
   3302.87000    4.93853    0.04687    0.42690    0.08607
   3306.73000    4.86054    0.05426    0.25519    0.06324
   3312.84000    4.83581    0.04874    0.30025    0.05911
   3318.92000    4.75257    0.07542    0.30936    0.07139
   3324.95000    4.63452    0.06276    0.39564    0.07755
   3331.55000    4.89944    0.04196    0.22776    0.05994
   3336.04000    4.84400    0.07533    0.34704    0.03712
   3341.38000    4.68770    0.05957    0.35548    0.05151
   3347.72000    4.77689    0.04565    0.32630    0.06250
   3352.17000    4.93966    0.04008    0.33475    0.01774
   3358.60000    4.87510    0.05393    0.33414    0.06688
   3364.07000    4.97258    0.06661    0.37412    0.03336
   3370.92000    4.65016    0.03892    0.33798    0.04597
   3377.01000    4.65992    0.02925    0.38077    0.04945
   3383.17000    4.81547    0.05596    0.41941    0.06763
   3390.16000    4.89272    0.06627    0.36042    0.05549
   3396.13000    4.75468    0.03813    0.23077    0.06505
   3402.53000    4.77965    0.05457    0.36422    0.04382
