## Time Delay Challenge light curves
##
## [time]=days, [lc]=[err]=flux in nanomaggies
##
##       time       lc_A      err_A       lc_B      err_B
##-------------------------------------------------------
      6.16000    0.36192    0.06354    5.05744    0.05479
     11.96000    0.35763    0.05496    4.55087    0.04054
     17.88000    0.31163    0.06340    5.28705    0.05520
     24.54000    0.42814    0.03189    5.64241    0.05909
     31.72000    0.57911    0.03753    5.66266    0.03136
     38.29000    0.60639    0.08533    5.46224    0.06749
     45.49000    0.40172    0.01931    5.36965    0.05518
     52.72000    0.40920    0.05624    5.33701    0.05343
     58.45000    0.42571    0.04477    5.30841    0.06316
     64.05000    0.38948    0.06293    5.55897    0.03130
     68.54000    0.35027    0.05993    5.89691    0.08102
     74.62000    0.47254    0.03884    5.70834    0.04753
     80.71000    0.53271    0.05656    5.29298    0.01550
     85.64000    0.52724    0.05689    5.35539    0.03981
     92.98000    0.53551    0.04667    5.40184    0.03802
     97.21000    0.42649    0.04247    5.36234    0.04485
    102.74000    0.49210    0.04708    5.38805    0.07918
    109.05000    0.40467    0.06111    4.84056    0.05505
    114.29000    0.60050    0.05817    5.09561    0.07868
    118.66000    0.43361    0.06733    5.46165    0.06292
    366.51000    0.54338    0.04827    4.52297    0.04334
    370.38000    0.50260    0.06810    4.62332    0.07016
    374.99000    0.60763    0.01460    4.38899    0.05105
    380.93000    0.60588    0.05401    4.56626    0.07264
    386.21000    0.62806    0.07352    4.46124    0.05307
    393.12000    0.59296    0.02636    4.80502    0.04329
    399.00000    0.56853    0.06377    4.52822    0.06341
    406.68000    0.67125    0.06275    4.01659    0.08606
    412.10000    0.64968    0.05081    4.08472    0.03647
    417.67000    0.66697    0.03742    3.64733    0.03448
    422.67000    0.59772    0.01822    3.63095    0.08924
    428.27000    0.63440    0.04614    3.86632    0.06019
    435.92000    0.56964    0.04814    3.88055    0.09510
    440.81000    0.53738    0.04196    3.79661    0.03548
    446.58000    0.57320    0.03800    3.95243    0.05928
    452.47000    0.38207    0.08287    4.48620    0.04648
    458.18000    0.40008    0.05345    4.57816    0.04363
    464.68000    0.45641    0.03320    3.99716    0.07613
    470.48000    0.43205    0.05542    4.39601    0.04102
    478.22000    0.40933    0.05753    4.54826    0.03256
    482.99000    0.50916    0.06196    4.09485    0.05297
    735.77000    0.64352    0.05929    5.01056    0.04339
    741.88000    0.58121    0.04046    4.76382    0.05340
    748.41000    0.53031    0.05393    4.56086    0.05161
    753.82000    0.56378    0.07083    4.39337    0.05093
    756.72000    0.60593    0.01246    4.50554    0.07193
    761.80000    0.47623    0.06246    5.40836    0.08489
    769.91000    0.51711    0.04472    5.32992    0.06175
    772.93000    0.47787    0.03517    5.32007    0.04898
    776.99000    0.54726    0.03062    5.22273    0.01536
    782.65000    0.50787    0.05259    4.98463    0.03985
    787.26000    0.67962    0.03167    4.82548    0.05166
    792.51000    0.67449    0.07085    4.61949    0.06250
    798.76000    0.75783    0.05299    4.64191    0.05271
    803.25000    0.61865    0.04217    4.41173    0.05063
    809.55000    0.57788    0.04081    4.71114    0.03572
    816.06000    0.60613    0.07477    4.91090    0.06595
    822.42000    0.50577    0.06590    5.03467    0.04252
    827.49000    0.46950    0.04030    4.72906    0.07192
    834.68000    0.64939    0.05243    4.69045    0.07693
    840.08000    0.67358    0.05484    5.05119    0.04785
    845.17000    0.53093    0.05438    5.22214    0.04648
   1098.58000    0.55802    0.06931    5.76846    0.04287
   1101.89000    0.53728    0.06288    5.86983    0.05534
   1107.81000    0.56537    0.05229    5.91936    0.02769
   1113.61000    0.62474    0.08590    6.38371    0.05160
   1119.56000    0.66647    0.05777    6.97971    0.03669
   1126.21000    0.58211    0.08628    6.75373    0.06702
   1130.38000    0.68022    0.04017    6.79487    0.03965
   1137.53000    0.76200    0.06263    6.74624    0.03077
   1143.85000    0.82328    0.07657    7.04322    0.05042
   1149.51000    0.68664    0.04580    7.05793    0.07747
   1156.28000    0.63857    0.07275    7.17966    0.04503
   1163.19000    0.64792    0.05066    7.29446    0.06001
   1168.85000    0.72462    0.05268    6.62324    0.06741
   1174.80000    0.65759    0.03397    6.39942    0.08550
   1179.74000    0.55129    0.03873    6.52571    0.06373
   1185.92000    0.44710    0.06182    5.60915    0.07099
   1191.47000    0.49030    0.08075    4.92731    0.05628
   1197.79000    0.65172    0.04012    5.12969    0.05351
   1203.08000    0.56840    0.08164    5.45184    0.04523
   1209.46000    0.54980    0.04776    5.57324    0.04965
   1463.45000    0.44121    0.02171    5.25036    0.08558
   1469.74000    0.52079    0.07071    5.68814    0.05391
   1476.65000    0.37461    0.05140    5.36839    0.08075
   1482.20000    0.40697    0.07449    5.12895    0.06106
   1489.10000    0.38476    0.05534    5.15979    0.04780
   1495.04000    0.32115    0.07788    4.90183    0.05515
   1500.06000    0.42524    0.04606    5.35151    0.08294
   1505.95000    0.41506    0.04580    4.93185    0.06362
   1512.94000    0.55143    0.06804    4.58800    0.06833
   1519.40000    0.38035    0.06305    4.74360    0.05388
   1524.86000    0.29216    0.07041    4.79752    0.07107
   1531.40000    0.42006    0.04948    4.32547    0.06620
   1537.13000    0.40698    0.04228    4.47831    0.02877
   1544.08000    0.42313    0.06555    4.06604    0.01804
   1550.37000    0.45934    0.04310    4.16644    0.03136
   1556.67000    0.46248    0.05309    4.14051    0.03911
   1560.88000    0.45685    0.08584    4.17599    0.06087
   1566.57000    0.47256    0.02945    4.24300    0.04459
   1572.66000    0.40134    0.06445    4.01554    0.06915
   1578.40000    0.58508    0.07743    4.32536    0.06051
   1831.63000    0.61187    0.05487    4.36433    0.05410
   1838.40000    0.62271    0.04905    4.12946    0.04817
   1844.95000    0.67430    0.05684    3.99865    0.04550
   1852.86000    0.60301    0.05286    4.24740    0.05133
   1858.18000    0.68793    0.04413    3.99896    0.07535
   1864.43000    0.68735    0.05089    4.64606    0.04529
   1871.37000    0.55797    0.06780    4.49059    0.06460
   1876.58000    0.60617    0.07895    5.16836    0.04561
   1882.20000    0.53608    0.05166    4.84896    0.05324
   1886.46000    0.62031    0.07178    4.77898    0.04798
   1892.43000    0.67205    0.04388    4.62207    0.02418
   1897.51000    0.62556    0.05121    4.51353    0.04567
   1902.60000    0.63466    0.04431    4.50649    0.06589
   1910.41000    0.51788    0.06675    4.62167    0.06537
   1915.99000    0.48186    0.05612    4.44868    0.06005
   1921.78000    0.53210    0.02837    4.80251    0.05350
   1928.84000    0.57648    0.03174    4.46072    0.04296
   1934.31000    0.64556    0.08233    4.51442    0.05989
   1938.87000    0.37449    0.05194    4.33162    0.06614
   2195.12000    0.49844    0.05655    5.42345    0.05385
   2199.52000    0.61826    0.06684    4.88782    0.05403
   2205.88000    0.31811    0.07955    4.18661    0.06018
   2212.35000    0.54231    0.06970    3.68445    0.08725
   2218.54000    0.48053    0.04491    3.72617    0.04620
   2222.98000    0.68440    0.07806    3.93591    0.03729
   2229.88000    0.58717    0.07335    4.03060    0.07969
   2237.06000    0.66382    0.08101    4.59364    0.04749
   2242.38000    0.59136    0.03915    4.20629    0.05257
   2248.45000    0.63574    0.02920    4.72643    0.05633
   2255.29000    0.61342    0.06327    5.11810    0.06124
   2260.91000    0.64144    0.05172    4.91806    0.08034
   2266.50000    0.57248    0.03877    5.03558    0.05045
   2273.28000    0.56648    0.06665    4.38477    0.04044
   2280.38000    0.51472    0.03361    3.99288    0.05042
   2286.76000    0.61423    0.04911    4.19231    0.05213
   2290.87000    0.53897    0.06082    3.92317    0.06845
   2293.85000    0.54861    0.05096    4.40401    0.05130
   2299.14000    0.48284    0.03531    4.79440    0.04773
   2303.89000    0.51933    0.04652    4.97987    0.07554
   2561.41000    0.81135    0.01558    7.68305    0.05779
   2565.48000    0.79049    0.05516    7.79479    0.08692
   2572.72000    0.83020    0.04729    7.21618    0.07311
   2577.37000    0.89852    0.03678    7.16348    0.04607
   2583.65000    0.86973    0.03643    6.65148    0.07508
   2588.90000    0.81190    0.03969    6.47374    0.06550
   2594.53000    0.91436    0.08787    6.66805    0.09589
   2600.16000    0.80646    0.07064    6.39757    0.05328
   2605.55000    0.86246    0.03105    6.45256    0.05713
   2611.82000    0.78236    0.03787    6.41853    0.07807
   2618.87000    0.86465    0.05678    6.81039    0.05593
   2625.52000    0.94164    0.06558    6.01674    0.06214
   2633.11000    0.79890    0.01245    6.59566    0.04731
   2638.24000    0.81877    0.05197    7.27561    0.02903
   2643.67000    0.70835    0.08609    7.20019    0.04563
   2651.45000    0.79514    0.04217    6.18916    0.04100
   2658.06000    0.75902    0.05851    6.24750    0.08568
   2664.49000    0.71150    0.05609    5.90822    0.05534
   2669.85000    0.73022    0.06673    5.99976    0.06096
   2920.07000    0.49333    0.06443    5.61407    0.09871
   2925.38000    0.53889    0.05712    5.76600    0.05881
   2932.92000    0.49840    0.03042    5.35137    0.02592
   2936.38000    0.41880    0.05792    5.47119    0.05078
   2941.24000    0.48625    0.05864    5.25330    0.06729
   2945.27000    0.47165    0.04783    5.24271    0.05917
   2951.06000    0.43559    0.04212    4.83131    0.04890
   2954.88000    0.45670    0.01935    5.04779    0.07332
   2960.88000    0.52424    0.06193    5.00825    0.06569
   2967.34000    0.35882    0.05782    5.09260    0.03378
   2971.04000    0.47400    0.06161    4.66188    0.05506
   2976.37000    0.48369    0.03786    4.61866    0.07485
   2981.52000    0.42572    0.04402    4.39580    0.05048
   2986.52000    0.52266    0.04195    4.48286    0.03087
   2990.78000    0.49391    0.06326    4.21706    0.03613
   2994.16000    0.49351    0.02777    4.96422    0.02711
   2998.62000    0.54755    0.06340    4.79331    0.06826
   3005.85000    0.54731    0.05522    5.10561    0.04898
   3013.27000    0.54964    0.05880    5.09561    0.04388
   3021.59000    0.62250    0.02523    4.70475    0.03877
   3027.94000    0.68223    0.05739    4.68275    0.07143
   3035.01000    0.68870    0.05157    4.57522    0.08492
   3286.50000    0.63167    0.07026    6.15241    0.05492
   3291.21000    0.69097    0.01786    6.04725    0.06133
   3298.10000    0.60589    0.06893    6.16936    0.07077
   3305.75000    0.85172    0.06373    6.30088    0.06411
   3311.45000    0.63431    0.05065    5.85350    0.05430
   3316.76000    0.73709    0.05018    6.31266    0.07383
   3323.91000    0.69923    0.04842    6.26982    0.03210
   3329.35000    0.59447    0.09530    6.64403    0.04553
   3336.17000    0.72786    0.08485    5.79059    0.06175
   3342.99000    0.81308    0.08161    6.11315    0.02941
   3348.55000    0.72755    0.04411    6.74242    0.01322
   3353.68000    0.66422    0.03779    6.11427    0.06261
   3361.01000    0.71012    0.04380    6.19043    0.06950
   3366.94000    0.69587    0.01613    6.30247    0.06844
   3371.79000    0.76385    0.05336    6.44560    0.06396
   3378.37000    0.62110    0.05316    6.76662    0.03078
   3385.42000    0.69069    0.03549    6.35090    0.05670
   3391.89000    0.64870    0.07421    6.04206    0.04917
   3398.15000    0.65187    0.04052    5.79493    0.04650
   3403.33000    0.67349    0.06283    5.69171    0.05745
