## Time Delay Challenge light curves
##
## [time]=days, [lc]=[err]=flux in nanomaggies
##
##       time       lc_A      err_A       lc_B      err_B
##-------------------------------------------------------
      8.11000    3.23041    0.05189    0.69109    0.06542
     14.66000    3.36728    0.04310    0.66334    0.04249
     22.19000    3.03841    0.05193    0.57862    0.07298
     29.32000    3.12912    0.06365    0.74071    0.06582
     34.82000    3.16727    0.05613    0.66647    0.07274
     38.82000    2.94799    0.08535    0.50281    0.07045
     44.95000    3.24167    0.04398    0.60992    0.06111
     50.08000    3.22300    0.04325    0.59243    0.05056
     56.77000    3.38058    0.07299    0.53291    0.04649
     63.24000    3.30277    0.04684    0.60205    0.03711
     67.41000    3.33877    0.04116    0.70264    0.06213
     73.72000    3.30726    0.04102    0.61161    0.04469
     79.40000    3.33375    0.04064    0.62224    0.02424
     82.79000    3.33185    0.05151    0.52300    0.06495
     88.57000    3.23662    0.03482    0.58952    0.04060
     95.90000    3.19092    0.03863    0.64613    0.03953
    103.42000    3.28706    0.07564    0.58307    0.01131
    110.20000    3.27433    0.07385    0.59906    0.05124
    115.65000    3.42086    0.07488    0.65460    0.07897
    370.87000    3.59997    0.03718    0.86285    0.09433
    376.81000    3.90731    0.04175    0.78452    0.03893
    381.98000    3.72916    0.04392    0.77119    0.03089
    388.15000    3.89348    0.04688    0.74676    0.08894
    395.86000    3.78605    0.05629    0.65831    0.08516
    399.24000    3.87462    0.05523    0.69515    0.06182
    404.64000    3.87446    0.07131    0.70337    0.04388
    410.02000    4.09585    0.05442    0.78099    0.06102
    417.40000    3.92076    0.08073    0.72612    0.05797
    424.95000    3.67742    0.05536    0.80891    0.04731
    431.14000    3.61486    0.01432    0.77487    0.03948
    440.09000    3.32998    0.04164    0.72547    0.05307
    445.74000    3.49994    0.07263    0.75288    0.03724
    452.03000    3.42325    0.05817    0.73109    0.04819
    456.11000    3.44326    0.04048    0.75364    0.05048
    461.15000    3.50279    0.05677    0.64252    0.06368
    466.18000    3.57064    0.05141    0.70631    0.04971
    474.33000    3.67269    0.06087    0.82485    0.05975
    479.13000    3.68067    0.04079    0.67971    0.05119
    730.03000    2.91408    0.04885    0.66269    0.08146
    735.26000    3.01262    0.05789    0.47740    0.06219
    742.16000    2.98064    0.04605    0.53971    0.04091
    747.92000    3.14662    0.02505    0.64439    0.08227
    751.94000    3.15231    0.05044    0.46554    0.04885
    757.76000    3.19685    0.06379    0.59308    0.01665
    766.09000    3.12956    0.05996    0.59663    0.06443
    771.61000    3.18440    0.04158    0.61575    0.05615
    778.14000    3.11059    0.04797    0.46506    0.05576
    783.09000    3.12213    0.03039    0.62963    0.03722
    787.91000    3.09482    0.04439    0.52524    0.06973
    794.44000    2.99434    0.06019    0.60015    0.09166
    801.05000    3.14456    0.07612    0.68875    0.07722
    807.63000    3.01311    0.06969    0.63534    0.06372
    814.09000    3.26257    0.09331    0.60850    0.06528
    819.17000    3.43157    0.06977    0.57874    0.03586
    823.83000    3.53384    0.03296    0.63843    0.06665
    829.13000    3.52374    0.06954    0.71855    0.05871
    834.51000    3.44610    0.04065    0.66592    0.02226
    841.03000    3.59684    0.05266    0.71619    0.08020
    848.73000    3.60759    0.03962    0.66199    0.04660
   1097.85000    2.88902    0.05492    0.44009    0.07306
   1103.83000    2.77326    0.05300    0.58063    0.05936
   1109.02000    2.74155    0.03570    0.58669    0.03798
   1114.99000    2.81851    0.05658    0.58079    0.04869
   1121.28000    2.95502    0.03607    0.57728    0.03632
   1127.73000    2.94959    0.04572    0.59621    0.05700
   1133.44000    2.81814    0.04404    0.56495    0.04229
   1139.67000    2.94626    0.08487    0.57510    0.05461
   1145.10000    3.09430    0.06262    0.46944    0.05180
   1149.74000    2.92999    0.08386    0.52133    0.06108
   1157.40000    3.22783    0.04372    0.57149    0.08903
   1162.95000    3.11846    0.06081    0.56254    0.05086
   1168.45000    3.26350    0.08302    0.64636    0.04841
   1175.66000    3.10139    0.06054    0.51558    0.04887
   1181.72000    3.09747    0.06717    0.58349    0.02613
   1187.68000    3.09131    0.04683    0.68951    0.07618
   1193.67000    2.99633    0.03037    0.58228    0.05531
   1200.67000    2.78401    0.04711    0.62549    0.04685
   1206.08000    2.77761    0.04175    0.56525    0.03403
   1211.51000    2.85598    0.07915    0.59211    0.04686
   1464.29000    3.24514    0.04189    0.73116    0.06169
   1470.85000    3.44959    0.05096    0.70656    0.04103
   1477.46000    3.39289    0.05869    0.62348    0.05279
   1482.42000    3.18295    0.04647    0.65023    0.06039
   1488.97000    3.03739    0.03924    0.55511    0.06855
   1493.39000    3.11577    0.07017    0.59182    0.00641
   1498.72000    2.96491    0.07382    0.51556    0.03993
   1505.30000    3.09080    0.01593    0.61402    0.06476
   1512.17000    3.01515    0.05766    0.55626    0.04233
   1519.17000    3.20237    0.06526    0.60609    0.02051
   1524.32000    3.20052    0.05236    0.62423    0.03234
   1531.33000    3.23594    0.02455    0.58086    0.06983
   1538.31000    3.05364    0.01450    0.52872    0.03708
   1544.29000    2.98052    0.04236    0.58626    0.04901
   1550.06000    2.91841    0.07477    0.65226    0.08040
   1556.35000    2.89704    0.06867    0.48570    0.05162
   1563.20000    3.07040    0.03999    0.54915    0.05111
   1569.63000    2.90266    0.04498    0.56354    0.05102
   1575.66000    2.79238    0.04538    0.54695    0.04135
   1829.14000    3.14197    0.06947    0.60512    0.03124
   1835.14000    2.98110    0.03452    0.59495    0.06983
   1840.28000    2.76415    0.07482    0.62423    0.04007
   1846.95000    2.89524    0.06550    0.58713    0.03719
   1853.09000    2.93286    0.06130    0.53918    0.04977
   1857.36000    2.91754    0.03815    0.47641    0.05120
   1864.57000    2.83429    0.04907    0.58287    0.09053
   1870.07000    3.15209    0.05957    0.66557    0.08258
   1874.08000    3.10703    0.04796    0.48307    0.08351
   1880.48000    3.13056    0.06978    0.56622    0.01241
   1886.31000    3.10661    0.06843    0.52074    0.09692
   1893.02000    2.93343    0.05441    0.61151    0.02169
   1897.11000    2.81035    0.04238    0.57634    0.04312
   1904.32000    2.79085    0.05399    0.54876    0.04266
   1910.76000    2.76113    0.04796    0.65095    0.03837
   1918.68000    2.81609    0.05733    0.57886    0.04435
   1924.04000    2.64771    0.06144    0.51619    0.06360
   1928.73000    2.63305    0.03015    0.55097    0.03665
   1935.35000    2.70232    0.04233    0.58287    0.03298
   1941.64000    2.70979    0.05532    0.60848    0.08507
   2194.99000    2.41641    0.05665    0.63111    0.05345
   2200.79000    2.53524    0.05113    0.52512    0.09393
   2206.54000    2.29799    0.05932    0.49127    0.05073
   2211.12000    2.45509    0.06949    0.46403    0.07679
   2218.20000    2.61949    0.08367    0.51887    0.05816
   2226.03000    2.64634    0.05982    0.57677    0.04895
   2230.08000    2.82027    0.03797    0.51195    0.03982
   2236.93000    2.80563    0.06140    0.46686    0.05735
   2243.66000    2.75696    0.03475    0.37686    0.08244
   2249.62000    2.63164    0.07747    0.50252    0.06120
   2254.68000    2.70590    0.04814    0.46940    0.05687
   2260.27000    2.67536    0.04934    0.58129    0.07166
   2265.44000    2.61920    0.04536    0.59319    0.07195
   2271.37000    2.79149    0.08982    0.47978    0.03087
   2275.64000    2.68010    0.04720    0.42539    0.06220
   2281.45000    2.57060    0.06701    0.53569    0.04138
   2287.78000    2.42242    0.05887    0.60993    0.08612
   2295.10000    2.46295    0.02422    0.56073    0.04373
   2300.21000    2.40151    0.06597    0.59420    0.05367
   2305.28000    2.51738    0.06818    0.41977    0.09864
   2557.09000    2.72807    0.04683    0.43666    0.02324
   2563.11000    2.59834    0.04464    0.34914    0.05551
   2567.88000    2.69483    0.06545    0.38417    0.06458
   2574.80000    2.80838    0.07713    0.51549    0.05652
   2580.27000    2.75029    0.05949    0.37345    0.03867
   2587.18000    2.69509    0.06078    0.40964    0.06478
   2594.27000    2.60997    0.04809    0.42687    0.03770
   2599.92000    2.75741    0.00726    0.44918    0.06602
   2607.20000    2.73117    0.06392    0.45943    0.02703
   2613.24000    2.76723    0.02908    0.46167    0.05752
   2620.39000    2.84814    0.05963    0.51192    0.03784
   2626.21000    2.85076    0.04326    0.52780    0.04030
   2631.60000    2.87104    0.04753    0.55723    0.06918
   2638.59000    2.71656    0.03135    0.49786    0.03974
   2643.94000    2.79930    0.06094    0.55613    0.06370
   2648.02000    2.71680    0.08072    0.45526    0.04226
   2655.66000    2.66891    0.03698    0.43385    0.05780
   2660.60000    2.71807    0.04327    0.44617    0.06073
   2664.79000    2.55264    0.04147    0.48433    0.01697
   2672.05000    2.48497    0.03776    0.52750    0.06330
   2926.21000    3.22959    0.06866    0.60378    0.04643
   2933.63000    3.17250    0.03430    0.57992    0.05964
   2939.54000    3.13103    0.02575    0.59825    0.04307
   2944.27000    3.14127    0.05979    0.63718    0.05654
   2951.11000    3.21431    0.03005    0.69448    0.04475
   2956.54000    3.10509    0.01005    0.69846    0.05784
   2961.84000    3.25280    0.06931    0.65086    0.04997
   2968.50000    2.94343    0.07414    0.56963    0.07121
   2974.83000    3.05306    0.03308    0.62199    0.08392
   2981.39000    3.11191    0.03237    0.62057    0.04207
   2987.60000    3.32576    0.05659    0.57445    0.05728
   2995.44000    3.35103    0.07797    0.56930    0.07474
   3000.82000    3.43892    0.04877    0.53937    0.05111
   3007.83000    3.51977    0.01856    0.63918    0.04657
   3014.22000    3.48415    0.04298    0.56471    0.08888
   3021.05000    3.46794    0.03228    0.41316    0.07608
   3027.08000    3.39030    0.06356    0.56675    0.06517
   3032.03000    3.39570    0.05745    0.54868    0.05488
   3039.23000    3.63729    0.06016    0.52517    0.04111
   3288.19000    3.14175    0.03380    0.65771    0.06884
   3293.51000    3.01213    0.05311    0.65149    0.05783
   3298.89000    3.05653    0.04354    0.65940    0.05460
   3304.55000    3.09882    0.06836    0.64790    0.07093
   3311.26000    2.98980    0.03604    0.62033    0.02413
   3318.12000    3.01609    0.04628    0.66159    0.03174
   3323.89000    2.93643    0.05451    0.70983    0.07154
   3329.16000    3.00036    0.02922    0.63017    0.02603
   3335.02000    3.10855    0.06860    0.73151    0.04960
   3342.14000    2.92493    0.02780    0.59795    0.07888
   3349.14000    2.93417    0.02060    0.59659    0.06452
   3356.32000    3.05869    0.07985    0.59542    0.06348
   3362.35000    2.97851    0.04018    0.55354    0.04261
   3368.88000    2.84262    0.06084    0.60310    0.04283
   3375.28000    2.87890    0.05069    0.58267    0.02220
   3379.43000    2.86401    0.06603    0.59823    0.04585
   3385.00000    2.69892    0.06446    0.58867    0.08435
   3389.90000    2.77946    0.05419    0.62924    0.08520
   3394.69000    2.69396    0.04184    0.66122    0.08066
   3401.58000    2.73782    0.02775    0.60285    0.05997
