## Time Delay Challenge light curves
##
## [time]=days, [lc]=[err]=flux in nanomaggies
##
##       time       lc_A      err_A       lc_B      err_B
##-------------------------------------------------------
      5.85000   11.90353    0.04987    5.53715    0.06323
     11.95000   11.76582    0.07889    5.40390    0.05209
     16.18000   11.74896    0.03586    5.40203    0.06147
     23.76000   11.61933    0.06910    5.45404    0.04164
     30.21000   11.42330    0.05648    5.64220    0.00379
     35.55000   11.28056    0.05115    5.63417    0.06903
     42.65000   11.22279    0.04799    5.59344    0.05257
     49.46000   11.53885    0.03276    5.67858    0.06828
     57.27000   11.18009    0.04460    5.69318    0.05415
     63.27000   11.15185    0.04383    5.53272    0.03069
     70.30000   10.84138    0.04585    5.55675    0.03811
     78.20000   10.74550    0.02979    5.52156    0.05545
     85.33000   10.57865    0.03020    5.23973    0.09351
     91.05000   10.44478    0.06016    5.34488    0.04549
     97.82000   10.48891    0.05740    5.18427    0.05999
    104.26000   10.30539    0.05723    5.37478    0.06961
    110.55000   10.15895    0.02967    5.38849    0.04102
    117.85000   10.16133    0.06021    5.42183    0.04775
    366.52000   10.87123    0.04328    5.18549    0.06743
    371.61000   10.83381    0.08056    5.33862    0.05699
    376.75000   10.87425    0.04591    5.40359    0.02880
    382.89000   10.98884    0.07998    5.46705    0.07623
    390.35000   11.09031    0.05510    5.46839    0.01606
    395.42000   11.24790    0.04500    5.31872    0.04165
    400.53000   11.70723    0.02303    5.46309    0.03662
    408.66000   11.54251    0.05553    5.58505    0.06296
    414.49000   11.46803    0.03442    5.56716    0.03955
    417.13000   11.41341    0.05834    5.68580    0.05044
    425.01000   11.28129    0.04127    5.67724    0.06782
    432.40000   11.16797    0.05015    5.43643    0.06052
    438.52000   11.19251    0.06907    5.67304    0.05068
    443.82000   11.26129    0.11852    5.65119    0.04317
    448.64000   11.38239    0.06102    5.77879    0.07505
    454.48000   10.95136    0.06554    5.94625    0.04915
    461.16000   11.04320    0.03014    6.01130    0.04465
    467.36000   10.82851    0.05772    5.90100    0.07484
    474.38000   10.63569    0.04573    5.87673    0.04718
    482.43000   10.74691    0.05458    5.67476    0.03453
    730.34000   10.62953    0.04718    5.57409    0.04827
    736.47000   10.44086    0.06210    5.51200    0.06530
    742.77000   10.80857    0.07643    5.52557    0.04936
    749.06000   11.06840    0.04607    5.50137    0.05318
    755.00000   11.18800    0.06497    5.39746    0.06730
    762.06000   11.22733    0.05092    5.30483    0.05732
    768.97000   11.24325    0.07032    5.48174    0.02512
    773.60000   11.19168    0.02351    5.57595    0.04643
    781.19000   11.17886    0.05548    5.53607    0.05599
    786.28000   11.32041    0.06444    5.38559    0.05184
    790.32000   11.48808    0.04348    5.41916    0.05960
    797.40000   11.25355    0.05446    5.51363    0.06563
    801.20000   11.64461    0.04741    5.48918    0.03895
    807.88000   11.72350    0.09653    5.67402    0.05409
    814.11000   11.71794    0.06651    5.77234    0.04206
    820.99000   11.98021    0.04086    5.64326    0.07611
    825.24000   12.10377    0.06635    5.72185    0.05594
    831.40000   12.11588    0.03618    5.47609    0.04586
    836.63000   11.96505    0.05858    5.66839    0.05463
    843.79000   11.93965    0.01543    5.71875    0.03291
   1097.79000   12.08287    0.06026    5.79230    0.07534
   1105.43000   11.90284    0.05979    5.93957    0.06818
   1110.22000   11.72883    0.05977    6.06013    0.07609
   1116.47000   11.58108    0.04401    6.09547    0.05491
   1122.76000   11.33911    0.03907    6.17727    0.03532
   1128.63000   11.12051    0.04135    6.15359    0.06796
   1134.67000   11.29085    0.05266    6.15042    0.03455
   1141.81000   11.06437    0.05365    6.17764    0.07051
   1146.54000   11.19823    0.05689    6.30530    0.04750
   1153.01000   11.15267    0.08616    6.39273    0.05045
   1157.57000   10.98656    0.04845    6.29898    0.06197
   1162.88000   10.91518    0.03385    6.38996    0.05151
   1169.21000   10.71690    0.08092    6.29294    0.07115
   1174.84000   10.55672    0.05978    6.34292    0.06781
   1180.80000   10.39503    0.06284    6.12961    0.02620
   1188.51000   10.69506    0.04497    6.11221    0.04678
   1195.12000   10.93174    0.04020    6.09175    0.02283
   1201.41000   10.92943    0.03209    6.09598    0.04021
   1208.15000   11.06739    0.03648    6.18820    0.06915
   1213.58000   11.40612    0.02594    6.00765    0.06287
   1464.10000    9.54229    0.03279    4.93214    0.02917
   1470.16000    9.39255    0.05280    4.98292    0.01089
   1475.13000    9.38677    0.05676    5.03339    0.08453
   1481.58000    9.48530    0.05448    4.95433    0.05528
   1486.51000    9.36561    0.08065    4.95851    0.05397
   1492.30000    9.45129    0.06024    4.92430    0.05594
   1499.34000    9.46613    0.04655    4.74351    0.05348
   1504.81000    9.28368    0.06768    4.82009    0.06176
   1510.67000    9.14918    0.08982    4.82733    0.05033
   1515.41000    9.39309    0.06795    4.79626    0.07382
   1521.70000    9.29566    0.03814    4.82985    0.04466
   1527.14000    9.00189    0.05267    4.81841    0.05840
   1532.42000    9.14844    0.03861    4.91171    0.03595
   1538.73000    9.07410    0.04066    4.94473    0.02212
   1544.15000    9.03985    0.02719    5.06261    0.03704
   1550.79000    8.90180    0.07167    4.99751    0.07335
   1557.13000    8.67317    0.03029    4.80105    0.04575
   1562.08000    8.73249    0.05231    4.87825    0.08694
   1567.32000    8.75696    0.09276    5.08948    0.05709
   1576.07000    8.59116    0.04886    5.04298    0.07907
   1833.03000    9.42835    0.06161    4.79852    0.06683
   1840.05000    9.43958    0.06183    4.68679    0.08905
   1843.94000    9.73744    0.07390    4.72379    0.06437
   1849.50000    9.74643    0.04579    4.78486    0.06695
   1855.96000    9.66477    0.06896    4.63730    0.06657
   1860.00000    9.63619    0.04972    4.61687    0.02410
   1868.03000    9.70885    0.03269    4.76324    0.05662
   1875.36000    9.47459    0.08975    4.56774    0.04872
   1882.71000    9.41753    0.04833    4.54802    0.06705
   1888.44000    9.49460    0.04628    4.63403    0.03904
   1896.66000    9.24910    0.03688    4.76743    0.02439
   1902.03000    9.27696    0.06333    4.76223    0.06833
   1907.52000    9.31547    0.05670    4.76297    0.06710
   1910.90000    9.20106    0.08015    4.83095    0.04973
   1918.19000    8.81152    0.06712    4.74980    0.05896
   1922.45000    9.04880    0.04471    4.90070    0.04868
   1929.74000    8.96574    0.05885    4.71579    0.04508
   1934.98000    8.99267    0.06148    4.65723    0.03778
   1941.84000    8.90915    0.03820    4.73064    0.04048
   2191.19000    7.92718    0.05782    3.69814    0.07007
   2197.15000    7.92904    0.04793    3.59889    0.08165
   2204.06000    8.08629    0.06404    3.78363    0.02016
   2210.40000    8.31610    0.05123    3.77200    0.01188
   2216.04000    8.14616    0.03361    3.80154    0.07131
   2221.05000    8.13947    0.05171    3.84265    0.06284
   2227.89000    8.73485    0.04776    3.79331    0.04924
   2234.00000    8.57477    0.05728    3.91833    0.04159
   2239.75000    8.59825    0.05677    3.89521    0.06177
   2247.03000    8.74697    0.06987    3.92118    0.04544
   2253.45000    8.76851    0.04860    4.02735    0.07303
   2260.14000    8.93588    0.05493    3.97469    0.05156
   2264.97000    8.93279    0.06979    3.99120    0.06571
   2272.01000    9.28900    0.08301    3.99220    0.05775
   2279.66000    9.43529    0.03598    4.05442    0.07852
   2285.73000    9.40108    0.05063    4.31225    0.06896
   2292.01000    9.49805    0.03422    4.17771    0.06254
   2298.30000    9.47285    0.08482    4.14872    0.06281
   2304.33000    9.65804    0.03389    4.10704    0.05284
   2555.76000    9.67397    0.06576    4.55886    0.05874
   2560.85000    9.68893    0.05454    4.68867    0.06301
   2565.68000    9.88645    0.08295    4.74699    0.07733
   2572.36000    9.64533    0.03842    4.88086    0.06326
   2579.33000    9.55754    0.05018    4.96029    0.06264
   2586.37000    9.82010    0.05754    5.00617    0.04501
   2590.58000    9.86551    0.04729    5.05481    0.04237
   2595.13000   10.09981    0.07477    5.01721    0.04131
   2600.49000    9.89252    0.07547    5.06499    0.08463
   2605.72000    9.78689    0.06587    4.85720    0.06824
   2611.86000    9.84785    0.02246    4.91022    0.04769
   2618.19000   10.02238    0.04231    4.98680    0.06949
   2625.04000    9.85728    0.06279    5.07463    0.07192
   2631.48000    9.88015    0.06253    4.98005    0.06045
   2637.14000    9.67311    0.08147    4.88726    0.05444
   2643.80000    9.82585    0.02877    5.03703    0.04341
   2650.86000    9.93517    0.07578    5.21171    0.06282
   2656.53000   10.19501    0.04399    4.94253    0.04758
   2660.95000   10.10397    0.05847    4.97032    0.04973
   2666.21000   10.26777    0.04352    5.01600    0.01529
   2672.24000   10.21239    0.07123    5.05994    0.03610
   2921.57000   11.49063    0.06564    5.51146    0.05796
   2926.36000   11.37729    0.04581    5.42854    0.05989
   2932.34000   11.22414    0.03715    5.58708    0.02080
   2939.79000   11.37032    0.03939    5.57173    0.05948
   2945.38000   11.21216    0.03234    5.68670    0.07382
   2950.36000   11.44418    0.04637    5.78099    0.05760
   2955.09000   11.27104    0.04734    5.66032    0.06100
   2960.28000   11.32569    0.02631    5.52014    0.06875
   2965.09000   11.35882    0.04733    5.62556    0.06444
   2969.91000   11.42646    0.07385    5.52571    0.00695
   2974.32000   11.39389    0.06344    5.53292    0.05274
   2980.01000   11.31442    0.04708    5.43892    0.02680
   2986.86000   11.30736    0.05355    5.50662    0.06914
   2992.02000   11.38848    0.04976    5.33807    0.04760
   2998.09000   11.47531    0.04902    5.40683    0.05601
   3003.15000   11.69671    0.05847    5.25095    0.05405
   3009.32000   11.79549    0.07702    5.41423    0.03021
   3015.15000   11.73998    0.03395    5.41799    0.03614
   3020.96000   11.84469    0.02693    5.40989    0.00736
   3025.65000   11.95929    0.05366    5.59896    0.06394
   3032.18000   11.99090    0.03528    5.34132    0.06762
   3037.16000   11.87880    0.06742    5.40407    0.04713
   3288.84000   12.29361    0.06593    6.10086    0.07334
   3294.80000   12.39639    0.04243    5.97134    0.05252
   3301.29000   12.01894    0.06289    5.92518    0.05271
   3307.65000   12.06826    0.05772    5.90772    0.05177
   3313.64000   12.16327    0.06508    6.11628    0.06239
   3320.46000   11.88936    0.06490    6.16637    0.06332
   3326.98000   11.76018    0.07149    6.28360    0.04648
   3332.33000   12.06536    0.03023    6.34676    0.06599
   3337.89000   12.23122    0.05189    6.35827    0.06350
   3342.81000   12.31574    0.08402    6.46412    0.05548
   3349.03000   12.45991    0.02972    6.32337    0.03629
   3355.94000   12.17284    0.04685    6.13058    0.04586
   3362.32000   12.17497    0.04044    6.22423    0.01501
   3367.96000   11.89589    0.04753    6.33753    0.03223
   3374.60000   12.00145    0.03250    6.16613    0.08332
   3380.48000   11.84762    0.07089    6.03538    0.08388
   3385.79000   11.59542    0.03320    6.10517    0.04093
   3392.58000   11.56919    0.03544    6.34738    0.06810
   3397.09000   11.31788    0.07128    6.40998    0.03524
   3404.09000   11.29252    0.08475    6.52110    0.07726
