## Time Delay Challenge light curves
##
## [time]=days, [lc]=[err]=flux in nanomaggies
##
##       time       lc_A      err_A       lc_B      err_B
##-------------------------------------------------------
      0.51000    0.39689    0.07776    0.66002    0.07231
      6.63000    0.30325    0.03949    0.74006    0.06718
     12.23000    0.36871    0.03399    0.64164    0.02676
     16.99000    0.36257    0.06191    0.70718    0.06148
     22.20000    0.33196    0.05662    0.78862    0.06076
     26.38000    0.34496    0.03668    0.69350    0.06827
     32.06000    0.35734    0.05143    0.72812    0.03454
     36.78000    0.38917    0.07371    0.78099    0.04555
     42.45000    0.28421    0.03015    0.68665    0.09274
     50.54000    0.36365    0.05254    0.66651    0.03316
     58.11000    0.34699    0.01148    0.78237    0.06931
     64.05000    0.31496    0.05332    0.69382    0.08175
     69.93000    0.34808    0.04651    0.72689    0.04742
     75.38000    0.31605    0.03957    0.66664    0.04967
     81.91000    0.32944    0.06736    0.61285    0.03384
     86.84000    0.27522    0.06207    0.59600    0.05333
     90.95000    0.25390    0.03990    0.47891    0.08674
     97.03000    0.25405    0.03357    0.81771    0.08726
    103.12000    0.32631    0.02131    0.70554    0.04938
    110.40000    0.34350    0.04562    0.65623    0.03131
    117.06000    0.34552    0.06175    0.59255    0.05821
    368.88000    0.22982    0.04774    0.58735    0.06141
    375.92000    0.28859    0.04712    0.52061    0.03581
    381.02000    0.28153    0.04859    0.52176    0.04914
    389.39000    0.26226    0.04533    0.51155    0.02368
    395.39000    0.30924    0.06538    0.46368    0.05859
    400.57000    0.35148    0.06933    0.46567    0.05290
    405.09000    0.27856    0.06573    0.58464    0.05912
    410.81000    0.24755    0.05776    0.49512    0.07036
    417.30000    0.41505    0.05561    0.53446    0.03782
    422.82000    0.36201    0.05261    0.56146    0.02137
    429.49000    0.26377    0.04460    0.51044    0.03919
    435.81000    0.24150    0.07231    0.53161    0.05382
    442.66000    0.37552    0.03739    0.52995    0.03668
    448.82000    0.32529    0.06559    0.60933    0.03187
    455.43000    0.31373    0.08427    0.61526    0.04923
    463.01000    0.32173    0.04707    0.63427    0.06951
    470.67000    0.48334    0.05411    0.61444    0.08174
    475.52000    0.44165    0.02826    0.65431    0.05874
    481.18000    0.41727    0.05039    0.67785    0.05129
    733.72000    0.43995    0.03817    0.91763    0.04491
    740.66000    0.53607    0.05072    0.81019    0.03797
    747.75000    0.42633    0.04845    0.80005    0.06231
    754.49000    0.46389    0.04358    0.84841    0.04985
    760.94000    0.34990    0.03660    0.93609    0.05696
    767.42000    0.43706    0.04366    0.97500    0.05796
    773.35000    0.36389    0.06330    0.81773    0.07510
    778.66000    0.44611    0.01373    0.70983    0.07981
    785.93000    0.42055    0.05112    0.85266    0.06393
    792.82000    0.56466    0.06234    0.74189    0.05830
    799.55000    0.50006    0.07597    0.69840    0.06222
    804.60000    0.43194    0.03054    0.75188    0.04116
    811.78000    0.41848    0.04340    0.73315    0.02904
    820.06000    0.36632    0.07550    0.67899    0.04892
    826.62000    0.49163    0.08487    0.78263    0.03038
    833.25000    0.41363    0.06331    0.82176    0.01341
    839.69000    0.36770    0.05249    0.79643    0.04863
    847.56000    0.26421    0.07465    0.73911    0.03477
   1098.81000    0.34808    0.05237    1.14971    0.06133
   1104.92000    0.57409    0.04339    1.02385    0.06466
   1111.48000    0.39347    0.09400    0.91968    0.04026
   1115.13000    0.55624    0.06750    0.77460    0.05864
   1121.13000    0.48144    0.06628    0.83425    0.04906
   1126.60000    0.52429    0.02095    0.82421    0.03443
   1133.02000    0.48777    0.02942    0.81208    0.05672
   1139.06000    0.55956    0.05312    0.81674    0.04510
   1144.73000    0.56864    0.02581    0.79859    0.07902
   1151.69000    0.63481    0.04110    0.86118    0.04956
   1157.70000    0.57478    0.02744    0.80594    0.05872
   1163.69000    0.49659    0.06937    0.84121    0.05385
   1169.87000    0.35319    0.07167    0.85099    0.02994
   1176.77000    0.50503    0.04133    0.78189    0.04513
   1183.21000    0.53364    0.04791    0.90222    0.06300
   1189.24000    0.56240    0.05052    1.06567    0.04623
   1195.81000    0.51264    0.04804    0.89533    0.05351
   1202.41000    0.57883    0.03008    0.97095    0.03982
   1210.02000    0.57312    0.06858    0.68116    0.06115
   1214.94000    0.51010    0.04980    0.87441    0.06824
   1465.21000    0.89616    0.05583    1.21325    0.06796
   1471.18000    0.72249    0.07502    1.22287    0.01749
   1478.16000    0.82432    0.03464    1.26977    0.03808
   1484.32000    0.99259    0.05569    1.30971    0.04917
   1491.34000    0.81039    0.03943    1.11457    0.01341
   1497.02000    0.68858    0.04457    1.17845    0.05852
   1503.33000    0.85074    0.06405    1.00411    0.05757
   1511.16000    0.67507    0.07020    1.09593    0.04187
   1517.80000    0.74262    0.07860    1.21133    0.05301
   1523.75000    0.82078    0.06040    1.12831    0.03954
   1528.57000    0.71098    0.04308    1.07820    0.09358
   1536.13000    0.81362    0.06627    1.01871    0.04762
   1540.77000    0.71632    0.04270    0.84539    0.06541
   1545.45000    0.77574    0.02052    0.90099    0.04095
   1551.83000    0.73830    0.03914    0.94708    0.06046
   1557.24000    0.73663    0.04183    0.99894    0.06089
   1563.24000    0.75198    0.07584    1.10617    0.05777
   1570.47000    0.73370    0.05564    1.01328    0.05142
   1577.03000    0.68576    0.06023    0.97189    0.02280
   1826.64000    0.81463    0.05987    0.96282    0.02462
   1831.34000    0.97986    0.05563    0.98716    0.05830
   1838.97000    0.85378    0.04981    0.89608    0.04293
   1845.21000    0.79260    0.05474    0.78391    0.04579
   1853.10000    0.79734    0.07349    0.78501    0.01704
   1859.11000    0.75999    0.05872    0.92664    0.06191
   1865.02000    0.84286    0.06569    0.94922    0.05420
   1869.95000    0.84747    0.05702    0.95027    0.05185
   1874.61000    0.81981    0.05068    0.83688    0.05323
   1879.84000    0.87967    0.04385    0.68841    0.05859
   1885.40000    0.90647    0.03208    0.82791    0.04232
   1890.66000    0.93107    0.03065    0.82789    0.05071
   1897.37000    0.66518    0.08046    0.73015    0.03326
   1902.78000    0.78997    0.04532    0.80835    0.03029
   1908.55000    0.64881    0.06770    0.79971    0.03086
   1912.79000    0.82631    0.06735    0.84609    0.02930
   1917.23000    0.74143    0.02621    0.85729    0.04637
   1923.81000    0.70661    0.04797    0.81075    0.04676
   1929.78000    0.74435    0.04344    0.83918    0.06939
   1935.40000    0.68648    0.04061    0.84489    0.03608
   1940.17000    0.69764    0.05968    0.79569    0.04366
   2195.40000    0.79862    0.03665    0.55457    0.04877
   2201.25000    0.92934    0.05702    0.55915    0.08178
   2209.41000    1.01181    0.06283    0.48551    0.06418
   2215.20000    1.05259    0.05691    0.50918    0.03522
   2221.67000    1.01394    0.04972    0.54058    0.05751
   2228.55000    0.95468    0.05148    0.56371    0.03054
   2234.32000    1.01797    0.07481    0.61420    0.04168
   2241.10000    1.07491    0.03070    0.59819    0.07187
   2249.25000    1.10211    0.04713    0.52456    0.05394
   2256.11000    1.14458    0.03237    0.65134    0.06959
   2260.99000    1.27082    0.08803    0.51064    0.03203
   2266.73000    1.21211    0.06011    0.73623    0.06969
   2270.34000    1.34428    0.03754    0.66096    0.06253
   2274.16000    1.26445    0.05259    0.59321    0.04223
   2280.89000    1.44290    0.06585    0.54961    0.04241
   2287.55000    1.34741    0.07742    0.67249    0.02912
   2293.54000    1.33044    0.03142    0.65422    0.07310
   2299.36000    1.27937    0.07180    0.69859    0.04788
   2306.14000    1.33510    0.06527    0.71534    0.05729
   2556.38000    1.08387    0.05656    0.36166    0.06916
   2561.98000    1.09161    0.06321    0.45768    0.02281
   2567.05000    1.17141    0.07033    0.46926    0.07331
   2573.62000    1.35234    0.04781    0.45833    0.05042
   2580.74000    1.20769    0.03409    0.46765    0.06196
   2586.94000    1.37648    0.05098    0.44940    0.07153
   2592.32000    1.37774    0.05281    0.41542    0.04176
   2598.64000    1.11570    0.07634    0.44291    0.05407
   2604.86000    1.34297    0.02228    0.28610    0.08692
   2611.36000    1.27052    0.06932    0.53591    0.05457
   2616.65000    1.36283    0.04923    0.45132    0.01123
   2622.07000    1.44222    0.04847    0.44110    0.05882
   2628.60000    1.37882    0.05702    0.48597    0.06490
   2635.17000    1.52988    0.08313    0.63010    0.08223
   2640.59000    1.55774    0.04604    0.55983    0.06249
   2645.60000    1.53968    0.07395    0.41401    0.03831
   2650.94000    1.39353    0.06112    0.58921    0.06749
   2657.38000    1.45602    0.04610    0.47591    0.03312
   2665.17000    1.33757    0.04550    0.44201    0.04850
   2670.69000    1.37191    0.04621    0.49253    0.05702
   2921.66000    1.88698    0.06229    0.58217    0.03549
   2927.17000    2.01665    0.04422    0.61374    0.07307
   2932.83000    2.13549    0.01853    0.48904    0.06004
   2941.18000    2.27434    0.05991    0.43815    0.07753
   2945.77000    2.10410    0.05419    0.43066    0.06608
   2949.77000    2.31666    0.03086    0.39384    0.02049
   2957.70000    2.26975    0.05298    0.39465    0.05723
   2962.36000    2.09116    0.02322    0.41993    0.06024
   2967.87000    2.08931    0.06554    0.49262    0.08010
   2972.23000    2.07061    0.08527    0.43160    0.04973
   2979.13000    1.88797    0.08532    0.58395    0.10205
   2985.22000    1.87469    0.05449    0.52961    0.04070
   2990.15000    1.91267    0.05625    0.53273    0.07454
   2994.44000    1.91855    0.02356    0.50576    0.03980
   3000.20000    1.97165    0.04551    0.50424    0.06542
   3006.46000    1.96094    0.03750    0.46983    0.05115
   3012.51000    1.87767    0.02590    0.38098    0.05646
   3017.98000    1.96406    0.05230    0.31559    0.07592
   3025.30000    2.02778    0.04900    0.40196    0.06805
   3030.81000    2.18894    0.04456    0.34620    0.05501
   3036.16000    2.13390    0.04987    0.42552    0.03015
   3285.04000    1.90206    0.06935    0.39158    0.08116
   3290.57000    1.78743    0.03018    0.49213    0.04633
   3296.49000    1.82398    0.04815    0.46458    0.03793
   3302.14000    1.70879    0.03413    0.39138    0.06176
   3308.45000    1.75140    0.06537    0.41729    0.03810
   3314.92000    1.67826    0.05097    0.38334    0.05039
   3320.03000    1.56951    0.03944    0.34821    0.07050
   3325.48000    1.67711    0.04513    0.35740    0.03924
   3332.71000    1.81548    0.05956    0.31095    0.06026
   3339.26000    1.97185    0.07717    0.38124    0.06181
   3344.48000    2.04847    0.07761    0.38648    0.03081
   3350.30000    2.10388    0.06105    0.40404    0.05618
   3356.32000    2.23016    0.07530    0.24964    0.05057
   3362.94000    2.47913    0.06905    0.22558    0.04406
   3369.07000    2.51755    0.06055    0.36931    0.06813
   3374.82000    2.51185    0.03649    0.46824    0.04917
   3381.25000    2.46324    0.05591    0.40581    0.04645
   3387.24000    2.54130    0.06485    0.36810    0.04613
   3393.30000    2.34845    0.05514    0.37176    0.06214
   3399.40000    2.47306    0.03755    0.55790    0.05578
