## Time Delay Challenge light curves
##
## [time]=days, [lc]=[err]=flux in nanomaggies
##
##       time       lc_A      err_A       lc_B      err_B
##-------------------------------------------------------
      0.46000    0.66125    0.05248    1.16572    0.03131
      7.56000    0.69434    0.05303    1.17940    0.04455
     13.55000    0.62172    0.07837    1.21063    0.05655
     17.84000    0.62255    0.02171    1.18203    0.03627
     24.63000    0.62266    0.03884    1.23611    0.06608
     31.09000    0.70188    0.08704    1.25653    0.04607
     37.15000    0.57854    0.03058    1.18272    0.06359
     42.23000    0.60634    0.03223    1.22839    0.04030
     46.53000    0.48382    0.07429    1.40333    0.05935
     54.40000    0.60439    0.05890    1.18888    0.07325
     59.82000    0.49001    0.05841    1.10208    0.06383
     65.66000    0.55352    0.06480    1.25861    0.06379
     70.87000    0.52372    0.04765    1.25568    0.06091
     77.50000    0.57383    0.03584    1.19773    0.05551
     84.42000    0.64653    0.03817    1.33748    0.06671
     89.70000    0.63931    0.03772    1.27518    0.05457
     94.82000    0.61809    0.02337    1.32102    0.06962
    100.20000    0.56850    0.03862    1.26769    0.04957
    105.74000    0.52851    0.06410    1.13879    0.06764
    113.41000    0.61924    0.05717    1.15393    0.05092
    118.20000    0.61658    0.03612    1.29844    0.04380
    367.64000    0.60211    0.04356    1.25696    0.05998
    374.80000    0.69934    0.05645    1.23725    0.05904
    380.47000    0.59061    0.03747    1.33252    0.07671
    387.93000    0.59916    0.07502    1.17234    0.02548
    394.46000    0.60185    0.07068    1.20960    0.04305
    400.92000    0.66289    0.06485    1.28722    0.07858
    407.01000    0.61952    0.03658    1.26445    0.06847
    412.43000    0.66714    0.05047    1.17937    0.05223
    419.06000    0.61971    0.06934    1.20067    0.05600
    425.18000    0.56668    0.04109    1.18823    0.03762
    432.21000    0.59605    0.04112    1.22651    0.03431
    438.01000    0.59091    0.04947    1.24773    0.05357
    443.12000    0.62302    0.02467    1.20511    0.02675
    448.26000    0.65864    0.05534    1.05981    0.04876
    454.31000    0.65845    0.04413    1.10009    0.04912
    459.04000    0.69213    0.06908    1.16614    0.04795
    464.51000    0.59512    0.04626    1.23621    0.06695
    469.30000    0.60594    0.04536    1.23205    0.06109
    475.25000    0.60484    0.05260    1.22112    0.07626
    480.73000    0.61195    0.03904    1.19287    0.03085
    731.85000    0.48782    0.07140    1.05035    0.04972
    738.21000    0.55903    0.04068    1.05676    0.04458
    743.88000    0.45632    0.06427    1.12652    0.06976
    750.85000    0.58293    0.04073    1.01634    0.07512
    756.23000    0.66360    0.06678    1.09065    0.04393
    760.76000    0.52862    0.07301    1.11051    0.05712
    767.68000    0.55298    0.02388    1.05534    0.04151
    773.31000    0.39556    0.06363    1.08015    0.03310
    780.50000    0.56167    0.06696    1.04779    0.03538
    786.14000    0.54764    0.05667    1.01981    0.03883
    791.77000    0.62487    0.06810    1.10763    0.03729
    797.92000    0.51297    0.05662    1.03544    0.04520
    804.13000    0.59378    0.04563    1.02089    0.04433
    810.02000    0.53177    0.06313    1.04269    0.03710
    816.38000    0.54881    0.03270    1.01949    0.04578
    821.07000    0.66686    0.06069    1.11912    0.06629
    827.27000    0.66255    0.03938    1.02639    0.06147
    832.19000    0.54378    0.06043    1.05762    0.04856
    838.98000    0.59461    0.03732    1.04517    0.05381
    845.20000    0.46030    0.08802    1.05822    0.01560
   1099.13000    0.66224    0.06868    1.01862    0.07837
   1104.03000    0.64083    0.06987    1.14259    0.06948
   1110.71000    0.58232    0.05868    1.21920    0.06062
   1115.39000    0.63374    0.06373    1.03777    0.05329
   1121.38000    0.60638    0.04539    0.89574    0.08966
   1126.85000    0.63558    0.04853    0.98404    0.04564
   1131.80000    0.65267    0.06809    1.03063    0.04219
   1137.38000    0.73819    0.05122    1.13378    0.06790
   1143.66000    0.56266    0.05036    0.98288    0.03462
   1149.08000    0.77925    0.06379    1.07787    0.04839
   1154.86000    0.64377    0.04380    1.05632    0.03289
   1158.74000    0.72489    0.08515    0.97667    0.08238
   1165.19000    0.63934    0.04077    1.03530    0.04963
   1171.41000    0.46688    0.07127    0.93471    0.06245
   1175.82000    0.71207    0.07045    1.04238    0.04180
   1180.43000    0.57288    0.01816    0.98312    0.07325
   1186.65000    0.58520    0.05224    0.92428    0.04968
   1193.37000    0.50770    0.07613    0.85352    0.07772
   1197.96000    0.74096    0.05107    1.06193    0.05804
   1202.98000    0.63620    0.07074    0.91473    0.03975
   1209.54000    0.69676    0.07823    0.95744    0.03627
   1463.10000    0.54933    0.04790    0.91364    0.06808
   1470.10000    0.62992    0.07159    0.92117    0.02901
   1476.98000    0.59127    0.03990    0.93630    0.04459
   1483.06000    0.58180    0.05025    0.97679    0.05436
   1489.97000    0.58125    0.05493    0.92784    0.06564
   1495.90000    0.48452    0.06259    0.97537    0.05250
   1502.94000    0.60687    0.05404    0.95417    0.05637
   1508.03000    0.47999    0.07160    1.02442    0.04752
   1514.74000    0.67983    0.05985    0.89407    0.09693
   1521.61000    0.61021    0.03196    0.93311    0.03556
   1527.08000    0.50583    0.06516    1.03179    0.04518
   1533.30000    0.64869    0.04732    0.87338    0.04269
   1539.00000    0.66074    0.05725    0.89089    0.06408
   1544.94000    0.56616    0.04913    0.94739    0.03363
   1551.34000    0.66524    0.05949    0.96921    0.04159
   1556.99000    0.59269    0.02160    0.88235    0.05003
   1563.09000    0.62210    0.04756    0.96414    0.03766
   1569.84000    0.60310    0.04488    1.00013    0.06597
   1577.25000    0.61455    0.05110    0.90203    0.06015
   1826.07000    0.52405    0.02641    0.89618    0.02933
   1831.89000    0.51990    0.04025    0.87563    0.06873
   1836.85000    0.55599    0.06423    1.01504    0.06139
   1841.47000    0.43314    0.07482    0.93036    0.04526
   1846.76000    0.55742    0.04214    0.94542    0.03709
   1853.89000    0.63110    0.07518    0.94875    0.08869
   1859.29000    0.43087    0.07179    1.00753    0.08034
   1867.43000    0.64161    0.02691    0.85987    0.04924
   1871.85000    0.52252    0.09601    0.93687    0.04406
   1877.29000    0.62453    0.05009    0.90850    0.04684
   1880.54000    0.60742    0.03512    0.97799    0.07470
   1885.69000    0.54729    0.04885    0.88849    0.04184
   1892.69000    0.53107    0.06110    0.71021    0.07120
   1895.70000    0.56301    0.04703    0.92562    0.04911
   1902.43000    0.62944    0.04260    0.94026    0.04835
   1907.19000    0.54469    0.05998    0.89182    0.04148
   1911.62000    0.63883    0.06188    0.82742    0.04154
   1917.51000    0.66080    0.08737    0.92809    0.06387
   1923.75000    0.85341    0.10193    0.97384    0.07756
   1930.31000    0.46915    0.08373    0.91743    0.04027
   1936.75000    0.56677    0.05873    0.83420    0.06236
   1942.72000    0.66409    0.05738    0.83686    0.06469
   2193.46000    0.56499    0.04890    0.91655    0.06439
   2200.61000    0.62885    0.04801    0.87529    0.03805
   2207.18000    0.62730    0.03201    0.86191    0.06819
   2215.23000    0.60650    0.07589    0.83607    0.04980
   2222.30000    0.57450    0.06899    0.92663    0.06900
   2228.96000    0.60653    0.08307    0.83599    0.04165
   2236.12000    0.58442    0.05716    0.91552    0.07096
   2240.96000    0.60346    0.03114    0.97963    0.03685
   2247.33000    0.59063    0.05019    0.88887    0.05170
   2253.07000    0.54875    0.04503    0.84883    0.04357
   2260.56000    0.52455    0.06401    0.81580    0.05867
   2266.26000    0.58738    0.04038    0.85582    0.07022
   2271.86000    0.53530    0.06897    0.86946    0.02212
   2277.83000    0.52097    0.07746    0.83809    0.05562
   2281.03000    0.60449    0.04441    0.83065    0.06876
   2288.13000    0.60069    0.03545    0.86229    0.06639
   2293.14000    0.63205    0.04621    0.88713    0.06133
   2299.97000    0.64007    0.07086    0.92795    0.06820
   2305.05000    0.63769    0.04185    0.84234    0.03334
   2557.58000    0.52761    0.06186    0.92554    0.03839
   2563.55000    0.68816    0.06342    0.83724    0.07677
   2569.72000    0.52831    0.06082    0.97391    0.04783
   2576.64000    0.61352    0.07496    0.96118    0.07754
   2582.78000    0.63648    0.06427    0.93318    0.04283
   2588.96000    0.43754    0.06346    0.89393    0.04519
   2596.31000    0.57697    0.02664    0.91100    0.05429
   2602.04000    0.68581    0.07916    0.92543    0.04762
   2605.70000    0.55744    0.07077    0.90140    0.03386
   2611.10000    0.67141    0.06719    0.94726    0.03453
   2617.72000    0.62582    0.04391    0.90292    0.04459
   2624.21000    0.61646    0.04628    0.90246    0.04619
   2630.92000    0.62009    0.05966    0.95384    0.04141
   2636.44000    0.71100    0.04598    0.85321    0.04544
   2643.08000    0.59001    0.02981    0.93369    0.06604
   2648.70000    0.57098    0.05173    0.95634    0.05644
   2653.97000    0.54459    0.05565    0.86221    0.04620
   2658.60000    0.55153    0.08833    0.90048    0.03214
   2665.78000    0.57956    0.04798    0.89074    0.03446
   2671.48000    0.50135    0.07011    0.88262    0.05979
   2921.26000    0.74963    0.04834    0.92463    0.03707
   2926.28000    0.70095    0.04997    0.87405    0.04128
   2933.05000    0.66425    0.09645    0.82529    0.08124
   2939.83000    0.68874    0.05867    0.88113    0.05609
   2946.03000    0.46704    0.07369    0.87885    0.06341
   2952.69000    0.67792    0.03935    0.97160    0.05860
   2960.45000    0.68388    0.03559    0.91985    0.05753
   2966.35000    0.66465    0.05861    0.92580    0.03666
   2972.94000    0.75478    0.06436    0.92390    0.07240
   2978.49000    0.69921    0.05324    0.92001    0.04604
   2984.41000    0.76618    0.06597    0.97378    0.04275
   2990.68000    0.68098    0.04607    0.98036    0.05379
   2996.52000    0.71555    0.07952    0.92762    0.06985
   3003.19000    0.66783    0.05341    0.88246    0.06068
   3010.93000    0.62312    0.07968    0.95884    0.04914
   3016.93000    0.66423    0.05305    0.94001    0.07282
   3022.51000    0.65041    0.06547    1.04626    0.07007
   3029.42000    0.72477    0.05922    1.03333    0.04485
   3034.32000    0.69716    0.06567    1.01120    0.05536
   3289.39000    0.64317    0.06703    0.87582    0.04541
   3294.66000    0.59794    0.07437    0.90842    0.05379
   3301.10000    0.72724    0.06619    0.82333    0.06626
   3307.26000    0.73144    0.06770    1.07863    0.07103
   3313.82000    0.66224    0.01851    0.96573    0.07160
   3320.54000    0.70847    0.05717    0.96538    0.05211
   3325.41000    0.71953    0.04523    0.95219    0.04019
   3332.36000    0.57773    0.05227    0.96994    0.03210
   3339.68000    0.72755    0.06077    0.87203    0.05820
   3344.18000    0.69153    0.05989    0.95469    0.04159
   3349.36000    0.55352    0.07304    0.94320    0.04766
   3353.97000    0.73293    0.06428    0.95099    0.05078
   3360.17000    0.64524    0.04242    0.88232    0.04576
   3367.70000    0.57636    0.04596    0.91114    0.04154
   3374.48000    0.61091    0.05891    0.90507    0.05645
   3381.98000    0.61497    0.07190    0.88641    0.03635
   3387.98000    0.69970    0.08602    0.85717    0.03666
   3394.05000    0.64684    0.03546    0.94719    0.04886
   3399.02000    0.63511    0.01517    0.90918    0.04831
