## Time Delay Challenge light curves
##
## [time]=days, [lc]=[err]=flux in nanomaggies
##
##       time       lc_A      err_A       lc_B      err_B
##-------------------------------------------------------
      0.99000    4.82897    0.06216    2.32996    0.03515
      7.36000    5.08352    0.02725    2.46221    0.04170
     13.22000    4.97916    0.07273    2.43429    0.06300
     17.54000    4.99737    0.05055    2.12913    0.05288
     23.80000    5.16654    0.02643    2.16826    0.05509
     29.36000    4.77198    0.06581    2.18484    0.05783
     34.88000    4.72110    0.01803    2.11716    0.06193
     41.29000    4.43736    0.06083    2.39885    0.05056
     48.45000    4.69730    0.04498    2.11296    0.03315
     55.09000    4.80013    0.06793    1.96263    0.05583
     59.40000    5.11858    0.04278    2.08731    0.08399
     65.11000    4.99324    0.09578    2.13352    0.03792
     70.12000    4.62330    0.03163    1.88495    0.04676
     76.33000    4.40604    0.07804    1.89487    0.05922
     81.40000    4.31025    0.07258    1.88681    0.05216
     88.22000    3.95973    0.07035    1.92003    0.05356
     93.66000    4.00947    0.06863    1.86783    0.07527
     99.51000    3.91914    0.01712    1.77818    0.02564
    105.05000    4.04239    0.05526    1.80798    0.06134
    110.30000    4.09562    0.05077    1.88019    0.09347
    116.13000    3.80328    0.03777    1.80321    0.02877
    370.41000    5.21474    0.01983    2.22242    0.05687
    377.97000    5.25221    0.06068    2.31620    0.07904
    382.64000    4.95439    0.02179    2.29563    0.06529
    388.54000    4.97684    0.05763    2.51374    0.06133
    396.30000    4.42757    0.04236    2.56187    0.05693
    402.39000    4.65724    0.04065    2.42038    0.05877
    408.75000    4.94221    0.04479    2.40837    0.04988
    413.40000    5.22837    0.04236    2.57044    0.08435
    419.20000    4.78134    0.07514    2.50090    0.03403
    423.85000    5.39365    0.05396    2.54275    0.03335
    428.89000    5.22725    0.08551    2.55750    0.05105
    434.31000    5.31971    0.03585    2.50263    0.07059
    440.05000    5.47584    0.07909    2.62433    0.06091
    444.47000    5.42711    0.05968    2.64016    0.08788
    452.62000    5.61858    0.05020    2.46123    0.04020
    457.73000    5.26136    0.06105    2.44730    0.05278
    462.46000    5.34317    0.06314    2.67195    0.06069
    468.00000    5.73500    0.02098    2.62766    0.05799
    473.48000    5.22372    0.01292    2.40016    0.02380
    479.22000    5.29759    0.07018    2.43996    0.03799
    731.92000    4.35770    0.07612    1.99820    0.02062
    736.51000    4.42852    0.03741    1.98494    0.05489
    741.57000    4.44149    0.02832    1.93649    0.02137
    747.40000    4.81540    0.03471    1.89601    0.04043
    754.34000    4.52119    0.03116    1.86119    0.02983
    760.17000    4.64658    0.05460    2.11493    0.08043
    768.05000    4.63547    0.06629    2.24577    0.06460
    772.39000    4.70426    0.04474    2.01124    0.07246
    780.35000    5.02745    0.05562    2.20825    0.06997
    784.57000    5.29100    0.03638    2.23961    0.02127
    790.51000    5.43513    0.05858    2.20247    0.06800
    797.72000    5.32682    0.02397    2.07981    0.04106
    803.73000    5.53442    0.03946    2.28363    0.08071
    807.14000    5.55519    0.04497    2.13062    0.04953
    813.71000    5.28962    0.05646    2.01259    0.06267
    819.18000    5.33570    0.05196    2.10740    0.04673
    826.68000    5.52169    0.04356    2.03752    0.05920
    832.65000    5.35789    0.06772    2.00084    0.02876
    838.68000    5.44175    0.06917    1.83509    0.03269
    844.64000    5.21629    0.05543    1.70590    0.06932
   1099.69000    4.70433    0.04762    1.51599    0.03764
   1108.03000    4.17253    0.05098    1.57091    0.03537
   1113.13000    4.41244    0.06258    1.53914    0.07983
   1119.83000    4.25508    0.05925    1.39136    0.06413
   1125.08000    4.15274    0.07572    1.44742    0.06250
   1130.88000    4.10473    0.07841    1.51841    0.04219
   1138.17000    3.89249    0.06574    1.60951    0.06949
   1144.76000    4.06655    0.01640    1.69482    0.06151
   1150.84000    4.14210    0.04435    1.44432    0.03165
   1157.76000    4.33431    0.05467    1.42981    0.06154
   1163.92000    4.47234    0.04558    1.58593    0.05562
   1170.78000    4.07169    0.03902    1.47548    0.04892
   1176.77000    4.01354    0.02316    1.48229    0.04642
   1182.22000    4.15418    0.07285    1.51167    0.05921
   1187.77000    4.25562    0.05035    1.63639    0.03962
   1194.72000    3.94070    0.06841    1.53781    0.05416
   1200.15000    3.89636    0.04093    1.59579    0.04422
   1206.20000    4.32034    0.06008    1.55857    0.05581
   1211.86000    4.24739    0.06822    1.52325    0.05226
   1464.14000    4.83132    0.02623    1.54036    0.04390
   1469.27000    4.76502    0.04253    1.69257    0.04815
   1476.54000    4.75418    0.03193    1.72520    0.04461
   1481.86000    4.84655    0.05542    1.90637    0.07298
   1488.80000    5.28410    0.05724    1.82826    0.03557
   1494.88000    5.24562    0.07884    1.63262    0.05391
   1500.88000    5.69776    0.05571    1.55155    0.05780
   1505.18000    5.69710    0.06508    1.72757    0.04852
   1509.30000    5.45602    0.04118    1.64205    0.05626
   1516.04000    5.06531    0.01952    1.88027    0.07418
   1523.19000    5.26661    0.04902    1.85731    0.05008
   1528.90000    5.53943    0.07605    1.87432    0.06017
   1533.95000    5.99697    0.05047    2.15547    0.05079
   1540.28000    6.15323    0.06812    2.15766    0.04783
   1545.76000    5.84110    0.06360    2.07686    0.04537
   1552.93000    6.53577    0.08265    1.69794    0.04677
   1558.74000    6.52719    0.04527    1.78013    0.06060
   1564.80000    6.52616    0.04975    1.88860    0.05274
   1571.61000    5.55314    0.06302    1.75171    0.05546
   1577.65000    5.55811    0.05700    1.70687    0.06161
   1827.48000    4.53654    0.05026    1.45680    0.05654
   1833.97000    4.55349    0.04595    1.58266    0.07527
   1838.92000    4.47214    0.04837    1.30620    0.05059
   1845.90000    4.56674    0.05397    1.37162    0.05065
   1851.66000    4.73360    0.05786    1.43332    0.02280
   1856.67000    4.20618    0.02398    1.49258    0.03931
   1862.01000    4.06306    0.05935    1.63986    0.06416
   1867.26000    4.30707    0.05745    1.65347    0.03442
   1874.95000    4.64290    0.02494    1.52549    0.04760
   1881.33000    4.91926    0.04513    1.35875    0.03846
   1888.31000    5.32351    0.02181    1.33119    0.04809
   1893.25000    5.35309    0.08261    1.34867    0.04822
   1900.03000    4.57856    0.04113    1.28817    0.02737
   1907.08000    4.46859    0.06111    1.28522    0.06856
   1912.78000    4.35653    0.04040    1.44142    0.04946
   1920.32000    4.12502    0.02724    1.42136    0.06278
   1926.31000    4.14902    0.05800    1.20794    0.05101
   1932.43000    4.71418    0.04857    1.25935    0.06666
   1939.02000    4.46048    0.05356    1.29943    0.06612
   2191.50000    4.99270    0.05294    1.32564    0.05643
   2197.82000    5.39666    0.07557    1.51271    0.07357
   2202.65000    5.19005    0.03315    1.45562    0.02616
   2209.22000    5.14345    0.09074    1.41853    0.05291
   2215.80000    4.92364    0.04712    1.28098    0.06261
   2223.03000    5.22025    0.03104    1.34092    0.06538
   2228.06000    4.71810    0.05519    1.24876    0.05078
   2233.96000    4.37158    0.06152    1.33604    0.05554
   2240.35000    4.65489    0.07331    1.39211    0.02931
   2247.43000    4.47546    0.04984    1.38038    0.05619
   2252.47000    4.60395    0.05244    1.35928    0.06412
   2257.72000    4.86387    0.03975    1.46777    0.02736
   2263.63000    4.74909    0.06964    1.38065    0.06427
   2270.33000    4.76525    0.06030    1.33410    0.07692
   2277.57000    4.91980    0.03543    1.10367    0.08180
   2284.17000    4.71119    0.04459    1.34459    0.04264
   2289.78000    4.67191    0.05138    1.47729    0.06021
   2295.40000    4.45764    0.06566    1.50507    0.06847
   2300.05000    4.47927    0.04311    1.48896    0.08103
   2304.32000    4.39866    0.04752    1.56090    0.07441
   2555.35000    4.66371    0.03801    1.42497    0.03249
   2562.28000    5.54979    0.05878    1.40428    0.03978
   2570.47000    5.23610    0.03834    1.38923    0.04055
   2577.11000    5.53310    0.07268    1.28107    0.07827
   2584.16000    5.45530    0.05139    1.26731    0.03590
   2589.16000    5.29871    0.04854    1.24753    0.05391
   2593.86000    4.60176    0.06740    1.24449    0.06047
   2598.95000    4.94944    0.03064    1.29864    0.07598
   2604.38000    4.63353    0.03867    1.22847    0.05430
   2612.17000    4.93636    0.04813    1.39194    0.06155
   2619.62000    5.10489    0.04314    1.15886    0.06833
   2624.72000    5.45130    0.04315    1.39655    0.03416
   2629.71000    5.33301    0.04989    1.37943    0.04844
   2635.49000    5.46141    0.06864    1.30102    0.05251
   2642.00000    5.61008    0.03758    1.49017    0.06319
   2648.07000    5.49685    0.03140    1.38790    0.04095
   2652.49000    5.35339    0.07597    1.40567    0.08348
   2657.40000    5.31137    0.06850    1.51513    0.07697
   2662.14000    5.69915    0.06725    1.50420    0.04773
   2669.53000    5.61299    0.08287    1.50780    0.05157
   2920.94000    3.89211    0.03081    0.98998    0.02585
   2927.22000    3.55104    0.07707    0.96280    0.02992
   2931.42000    3.71756    0.05056    0.65682    0.07792
   2937.23000    3.82905    0.05393    0.90357    0.06659
   2945.20000    3.77100    0.05370    0.94048    0.06098
   2951.34000    3.34872    0.06356    0.97411    0.02645
   2955.42000    3.24885    0.06537    0.96949    0.05415
   2960.82000    3.36838    0.08439    1.04345    0.05539
   2967.91000    3.85162    0.07123    0.99622    0.04577
   2973.55000    3.81567    0.05781    1.05487    0.06141
   2976.51000    3.89460    0.06576    1.15474    0.07409
   2984.33000    3.97399    0.00703    1.24189    0.06637
   2991.04000    4.29168    0.05609    1.09136    0.07324
   2997.81000    4.28299    0.08466    1.07516    0.08024
   3004.58000    4.37527    0.04308    1.19512    0.03043
   3010.67000    3.88056    0.05405    1.14732    0.04092
   3015.67000    4.08347    0.05584    1.19457    0.06857
   3021.54000    4.57383    0.03353    1.07014    0.06980
   3026.39000    4.61698    0.07423    1.16905    0.06856
   3032.31000    4.43012    0.07415    1.15716    0.04977
   3038.27000    4.70919    0.02882    1.08647    0.04437
   3285.40000    5.68192    0.08301    1.42709    0.05921
   3290.98000    5.60260    0.05740    1.30425    0.03043
   3297.51000    5.24804    0.03906    1.35447    0.04581
   3301.75000    5.42510    0.06447    1.27595    0.04572
   3307.96000    5.32631    0.03858    1.16616    0.05508
   3315.55000    5.05610    0.04836    1.29012    0.04682
   3322.47000    4.84042    0.04056    1.09277    0.06099
   3329.57000    4.75405    0.04895    1.05792    0.04438
   3335.91000    5.11211    0.08557    1.16839    0.04660
   3342.23000    4.73097    0.05600    1.26142    0.05454
   3347.29000    4.60896    0.05572    1.12006    0.06084
   3353.18000    4.67463    0.04784    1.17911    0.04192
   3358.98000    5.13740    0.05990    1.26762    0.04269
   3364.73000    5.15526    0.04616    1.30963    0.06912
   3372.65000    5.04133    0.04353    1.24798    0.04701
   3379.48000    5.18809    0.08077    1.09964    0.06346
   3386.30000    5.16105    0.04687    1.06068    0.04283
   3391.12000    4.88799    0.05527    1.12126    0.04318
   3397.15000    4.78365    0.04933    1.33850    0.07323
   3404.95000    4.80642    0.07749    1.16053    0.06047
