## Time Delay Challenge light curves
##
## [time]=days, [lc]=[err]=flux in nanomaggies
##
##       time       lc_A      err_A       lc_B      err_B
##-------------------------------------------------------
      0.73000   23.68543    0.04629   10.54359    0.06930
      7.25000   22.58390    0.06438   10.51125    0.05877
     13.42000   22.62529    0.03732   10.12906    0.06299
     19.87000   22.99209    0.02624    9.69134    0.05749
     25.84000   22.46187    0.07018    9.56654    0.06923
     32.06000   22.30136    0.05187    9.12204    0.08793
     37.69000   21.47561    0.05237    9.16773    0.03806
     43.36000   21.84084    0.04386    9.14898    0.05133
     50.49000   20.49514    0.06365    9.12806    0.04792
     57.40000   19.51380    0.06231    8.81169    0.05558
     62.59000   20.08241    0.07338    8.65341    0.06372
     69.35000   19.23919    0.05924    8.58609    0.05414
     73.05000   18.86979    0.05312    8.37269    0.06964
     79.08000   18.44328    0.06112    8.04512    0.05421
     85.21000   18.32505    0.06217    8.11556    0.04044
     90.76000   18.24400    0.04395    7.71017    0.05628
     99.96000   18.55297    0.05928    7.51830    0.08887
    105.88000   18.93939    0.03319    7.62218    0.02904
    113.66000   19.18898    0.05085    7.49385    0.05037
    118.50000   19.09339    0.04320    7.67876    0.02541
    365.20000   24.38723    0.04135    9.79669    0.06705
    371.25000   24.33665    0.06866   10.06508    0.09077
    378.30000   23.68491    0.04991   10.64591    0.07181
    384.11000   23.59293    0.04349   10.57400    0.04852
    389.56000   24.18901    0.06850   10.15785    0.05212
    395.86000   22.98267    0.02237   10.08076    0.03782
    403.21000   23.11532    0.03825    9.82588    0.06044
    408.47000   23.77978    0.05783    9.76944    0.05011
    415.19000   25.28768    0.04011    9.99213    0.04875
    420.06000   24.03010    0.03914    9.58186    0.02959
    425.79000   25.43813    0.03180    9.56361    0.05973
    432.61000   24.77573    0.06865    9.84522    0.05494
    438.57000   24.70023    0.05364   10.46964    0.03327
    444.21000   24.35423    0.03131   10.03273    0.03131
    451.20000   23.35227    0.07037   10.48498    0.05773
    458.51000   22.74322    0.06180   10.04167    0.07298
    464.83000   22.89966    0.07950   10.22100    0.03929
    468.38000   22.85880    0.05095   10.18944    0.04416
    473.72000   22.22357    0.04698    9.76900    0.06490
    480.55000   21.75747    0.03641    9.66193    0.07458
    733.92000   19.98647    0.04866    8.57989    0.05610
    738.08000   19.75466    0.04866    8.78909    0.06599
    742.95000   19.56853    0.06279    8.83274    0.04043
    749.24000   20.43568    0.03127    8.49171    0.05557
    754.24000   20.61778    0.05852    8.45592    0.04964
    758.09000   21.22172    0.03122    8.42567    0.08430
    765.50000   20.39390    0.06084    8.29667    0.02761
    771.86000   19.85330    0.04875    8.62102    0.06725
    776.47000   19.49514    0.04893    8.77098    0.04179
    781.87000   20.11103    0.06639    9.00310    0.07699
    787.32000   19.32435    0.05228    8.91152    0.06464
    793.59000   19.59359    0.03692    8.47492    0.06853
    797.30000   20.25197    0.06008    8.43712    0.04571
    803.65000   20.07262    0.06435    8.37975    0.05699
    810.14000   19.97014    0.03031    8.09518    0.01762
    817.65000   18.39578    0.05611    8.14692    0.08003
    821.85000   18.43788    0.08282    8.36070    0.04720
    828.14000   18.28219    0.04306    8.29549    0.05686
    834.59000   19.00934    0.05821    8.22746    0.04918
    839.00000   17.93380    0.04781    7.72760    0.02731
    843.61000   18.31747    0.06079    7.61270    0.06512
    848.56000   17.78225    0.04436    7.39255    0.07813
   1096.54000   15.53613    0.02796    6.60975    0.05664
   1102.10000   15.86527    0.06535    6.29788    0.05303
   1106.97000   16.07568    0.04348    6.50553    0.05997
   1112.20000   16.11207    0.06231    6.41010    0.06655
   1118.46000   16.76260    0.06762    6.45569    0.02020
   1123.45000   16.82303    0.04656    6.63687    0.07597
   1130.72000   16.71192    0.07066    6.77660    0.03796
   1138.23000   16.85694    0.04945    6.75308    0.08002
   1142.68000   17.01831    0.04664    7.03242    0.01838
   1146.64000   17.15392    0.05439    7.03090    0.04084
   1153.58000   16.93696    0.04433    7.00633    0.04634
   1159.85000   16.86113    0.03423    7.08255    0.03384
   1166.73000   16.59363    0.06038    7.10724    0.02122
   1172.39000   16.48683    0.07139    7.36471    0.07910
   1178.66000   15.53203    0.03036    7.09301    0.02063
   1184.72000   15.15846    0.07190    6.83216    0.06103
   1190.77000   15.36142    0.05411    6.78263    0.03668
   1197.50000   15.90470    0.08489    6.82190    0.03121
   1202.45000   15.75838    0.06292    6.35104    0.04433
   1209.53000   16.11467    0.05653    6.22861    0.02324
   1464.62000   18.68814    0.05075    7.35698    0.05196
   1469.02000   17.99712    0.03647    7.35231    0.05003
   1474.20000   18.31638    0.06736    7.47478    0.04702
   1480.20000   18.04700    0.05157    7.49151    0.05066
   1486.52000   18.52229    0.05402    7.81453    0.04549
   1489.03000   18.58408    0.06355    7.57531    0.07139
   1495.34000   18.60187    0.06532    7.43659    0.06225
   1502.16000   18.63616    0.04927    7.57005    0.07134
   1509.15000   19.31931    0.05381    7.47229    0.03169
   1514.98000   19.11342    0.03648    7.56129    0.06503
   1520.66000   19.24425    0.03218    7.73909    0.03565
   1527.18000   19.50737    0.05496    7.70349    0.02964
   1532.71000   19.09098    0.06530    8.12406    0.05519
   1538.98000   19.18763    0.04990    8.07476    0.05644
   1545.73000   19.73288    0.07593    8.23062    0.06812
   1549.23000   19.44943    0.03431    8.02060    0.06100
   1553.99000   20.01239    0.05220    8.03321    0.05293
   1559.37000   19.65482    0.02978    7.97238    0.04280
   1566.99000   20.77676    0.05972    7.92995    0.05328
   1573.10000   20.35695    0.04738    8.24998    0.05239
   1828.77000   13.48149    0.03342    5.87613    0.04701
   1834.75000   13.98467    0.07698    5.73041    0.05017
   1841.17000   13.65530    0.07069    5.60317    0.04190
   1847.38000   13.72350    0.05214    5.57007    0.06617
   1854.23000   14.72639    0.04656    5.51239    0.06505
   1859.94000   15.61298    0.04325    5.47805    0.08604
   1867.56000   16.05232    0.07354    5.43868    0.06179
   1873.32000   15.63858    0.06685    5.57100    0.08411
   1879.91000   15.82520    0.05278    5.95981    0.00342
   1886.13000   15.73789    0.06526    6.29410    0.06413
   1892.88000   16.19820    0.04279    6.22518    0.08178
   1896.91000   16.54348    0.07274    6.25524    0.09044
   1903.11000   16.76228    0.05806    6.31730    0.06130
   1910.15000   16.34200    0.06526    6.20156    0.06159
   1914.55000   16.63528    0.05491    6.50072    0.05495
   1921.35000   16.46112    0.05681    6.62303    0.05742
   1927.41000   16.48631    0.05404    6.59595    0.05197
   1932.40000   16.55373    0.07193    6.47004    0.02972
   1938.91000   16.59618    0.04228    6.53225    0.04430
   2191.18000   15.38099    0.05484    6.64837    0.06370
   2196.42000   16.19555    0.05282    6.42481    0.07997
   2203.56000   15.36359    0.04975    6.29384    0.05686
   2208.80000   16.10560    0.02694    6.38941    0.04728
   2214.61000   16.32106    0.06465    6.70686    0.03418
   2219.11000   16.37455    0.03563    6.94258    0.07299
   2222.94000   16.82936    0.02377    6.97854    0.04519
   2230.82000   17.41495    0.05909    7.06898    0.06874
   2237.22000   17.78324    0.05192    7.25411    0.03015
   2242.95000   17.72884    0.05963    7.37110    0.06754
   2248.28000   17.95191    0.06156    7.18570    0.06106
   2253.27000   18.58109    0.04640    7.52814    0.04658
   2258.97000   18.78483    0.05042    7.89923    0.05116
   2265.10000   18.68884    0.03591    7.78217    0.04831
   2269.48000   19.67437    0.03788    7.92628    0.02972
   2274.85000   19.14031    0.03604    8.10600    0.05150
   2281.41000   18.41287    0.06931    8.18848    0.03675
   2285.73000   18.19936    0.05796    8.31443    0.05444
   2290.97000   19.23273    0.02453    8.39335    0.04777
   2297.39000   20.05544    0.07179    8.34614    0.03773
   2303.14000   19.94759    0.04857    7.92242    0.00672
   2309.14000   19.68241    0.04567    7.95925    0.04609
   2555.92000   18.79688    0.04094    6.94628    0.07661
   2560.33000   18.60607    0.04452    7.18995    0.03525
   2564.87000   18.30164    0.06242    7.48857    0.07455
   2570.39000   18.43082    0.04374    7.61640    0.02899
   2576.80000   18.60285    0.05592    7.40820    0.07816
   2582.18000   18.83409    0.04811    7.43297    0.03797
   2587.02000   19.01769    0.02379    7.40663    0.04869
   2591.75000   18.66884    0.06969    7.23446    0.06567
   2597.14000   18.27804    0.04163    7.19303    0.05321
   2602.89000   18.46119    0.06197    7.27824    0.01907
   2610.96000   18.10347    0.06826    7.48938    0.05398
   2617.43000   17.77927    0.04760    7.38627    0.05947
   2622.69000   17.10330    0.04829    7.32940    0.03558
   2629.19000   16.65928    0.05151    7.23363    0.05682
   2636.37000   16.09297    0.04806    7.07742    0.06295
   2642.00000   16.85047    0.04197    7.02772    0.04327
   2648.25000   17.34505    0.02550    6.71138    0.05879
   2653.93000   17.60565    0.05467    6.62513    0.04896
   2658.57000   17.77086    0.05328    6.35894    0.04291
   2662.74000   17.44460    0.06499    6.55808    0.05879
   2667.31000   16.50017    0.06477    6.81097    0.05812
   2670.91000   16.53512    0.04517    6.90429    0.07069
   2923.48000   16.12268    0.06881    6.67225    0.06445
   2928.79000   15.88611    0.06468    6.67769    0.07048
   2933.88000   15.61651    0.03765    6.59576    0.05458
   2938.97000   15.59152    0.06791    6.46223    0.04645
   2942.54000   15.94758    0.04696    6.32111    0.05417
   2948.37000   16.88603    0.03295    6.32316    0.03369
   2952.93000   16.51127    0.05108    6.17878    0.03790
   2958.91000   16.79706    0.05269    6.04355    0.04950
   2965.66000   16.84507    0.05405    6.24628    0.04416
   2972.43000   16.35270    0.04192    6.55664    0.07708
   2979.64000   16.17062    0.04869    6.75177    0.04464
   2987.52000   16.11021    0.04418    6.57100    0.06533
   2993.57000   16.27260    0.05149    6.56459    0.04372
   2999.89000   15.89994    0.05810    6.57268    0.05036
   3005.48000   15.48785    0.03352    6.24764    0.06486
   3012.66000   15.61134    0.04881    6.34318    0.03864
   3018.07000   15.50961    0.03215    6.37998    0.05039
   3022.96000   15.54583    0.02500    6.19963    0.05990
   3027.98000   15.23481    0.04138    6.06419    0.04503
   3034.73000   15.98755    0.06301    5.95354    0.06994
   3285.14000   16.02161    0.08300    6.34605    0.02826
   3291.04000   15.87323    0.05049    6.53951    0.04253
   3296.87000   14.99627    0.05541    6.54479    0.06718
   3303.62000   14.69254    0.04904    6.57408    0.05746
   3308.39000   15.13490    0.05328    6.22338    0.04512
   3313.40000   15.70636    0.05475    6.23901    0.07477
   3319.65000   15.77906    0.06136    5.84670    0.04045
   3327.00000   16.72451    0.04507    5.62052    0.03241
   3334.33000   17.19345    0.07544    6.10911    0.06812
   3339.20000   17.49701    0.01325    6.07633    0.06240
   3344.43000   17.50703    0.04199    6.13211    0.06037
   3350.32000   17.74875    0.02560    6.53493    0.07535
   3358.81000   17.63136    0.06695    6.48252    0.07060
   3365.31000   18.42948    0.03057    6.71583    0.07900
   3370.38000   18.39517    0.06227    6.67135    0.05904
   3376.53000   19.05463    0.06370    6.63503    0.05148
   3381.33000   19.27219    0.07142    6.64927    0.08670
   3388.21000   20.01890    0.07589    6.84879    0.06940
   3394.64000   20.89020    0.06749    6.85738    0.06659
   3399.72000   19.85998    0.04581    7.13663    0.08906
