## Time Delay Challenge light curves
##
## [time]=days, [lc]=[err]=flux in nanomaggies
##
##       time       lc_A      err_A       lc_B      err_B
##-------------------------------------------------------
      1.87000    5.99598    0.04694    2.92246    0.07112
      8.96000    5.84231    0.04171    2.94733    0.06747
     14.81000    5.53900    0.07037    2.98247    0.06124
     20.73000    5.74898    0.05328    2.96622    0.03599
     25.59000    5.67394    0.06064    2.82080    0.04611
     33.75000    5.43981    0.05333    2.87063    0.04237
     36.73000    5.42836    0.07719    2.74639    0.02637
     41.32000    5.48253    0.05166    2.72196    0.07903
     47.30000    5.64125    0.08074    2.62256    0.06015
     54.68000    5.46581    0.05353    2.71683    0.03561
     60.10000    5.56070    0.02325    2.78000    0.02708
     66.18000    5.35669    0.05766    2.78922    0.05647
     70.37000    5.55962    0.04852    2.80568    0.00481
     77.30000    5.53071    0.05085    2.78416    0.01992
     83.83000    5.84485    0.05495    2.77507    0.05122
     91.12000    5.95248    0.05569    2.73221    0.05521
     96.23000    6.05995    0.05327    2.98900    0.07086
    101.30000    5.91647    0.07749    3.00289    0.02847
    106.38000    5.73382    0.07086    3.04755    0.05190
    113.21000    5.77291    0.04416    3.08693    0.02900
    119.61000    6.11501    0.03220    3.11054    0.07062
    369.25000    6.65736    0.05377    3.47506    0.02135
    375.82000    6.59390    0.06095    3.41482    0.05807
    379.64000    6.43782    0.07288    3.38292    0.05276
    385.33000    6.39135    0.04106    3.40183    0.04652
    390.72000    6.47602    0.04588    3.38283    0.04368
    395.40000    6.06056    0.07145    3.33655    0.05087
    403.16000    6.36503    0.06576    3.22942    0.05694
    408.97000    6.15259    0.04915    3.22427    0.03904
    416.04000    6.11881    0.08165    3.20385    0.02703
    422.17000    6.09322    0.05532    3.20912    0.06003
    426.67000    6.24152    0.05882    3.25016    0.06842
    433.66000    6.38898    0.03668    3.20870    0.07019
    439.84000    6.38652    0.05299    3.16949    0.05401
    448.03000    6.30689    0.04647    3.28510    0.08037
    453.49000    6.55079    0.06592    3.32869    0.06809
    460.15000    6.43380    0.04312    3.27311    0.04323
    464.46000    6.39678    0.03961    3.35482    0.05519
    469.75000    6.31868    0.05329    3.21501    0.01414
    474.99000    6.47237    0.07620    3.34029    0.04765
    479.07000    6.33947    0.05424    3.30997    0.06316
    483.35000    6.43751    0.06414    3.27675    0.04362
    731.74000    7.11068    0.05145    3.75854    0.04833
    739.29000    7.51473    0.06451    3.89144    0.05083
    746.23000    7.30083    0.02414    3.94234    0.04668
    752.78000    7.29781    0.03370    4.00804    0.05719
    759.76000    7.20014    0.03053    4.22076    0.05338
    765.81000    7.34645    0.04729    4.31864    0.04569
    770.09000    7.17780    0.05436    4.11771    0.05386
    776.30000    7.44099    0.06095    4.19373    0.05050
    782.62000    7.55099    0.02870    4.29954    0.07948
    790.73000    7.82179    0.07720    4.31837    0.07256
    798.62000    7.90425    0.07536    4.29925    0.07478
    803.81000    8.10533    0.06746    4.54321    0.05023
    808.48000    7.93643    0.04613    4.60794    0.06702
    812.37000    7.90409    0.04381    4.49700    0.02835
    817.70000    7.97712    0.05771    4.76315    0.05015
    824.93000    8.12106    0.03470    4.83843    0.05154
    828.80000    8.30023    0.05530    4.70284    0.03700
    835.42000    8.33791    0.03768    4.74754    0.02502
    841.76000    7.93916    0.05181    4.84843    0.03407
    848.81000    7.82286    0.06500    4.91335    0.08232
   1097.24000    8.18423    0.05059    4.45554    0.04233
   1102.50000    8.22070    0.07786    4.57265    0.04689
   1109.19000    8.07761    0.03928    4.50777    0.06481
   1116.11000    7.99707    0.02922    4.22828    0.05165
   1122.81000    7.84353    0.09156    4.41029    0.07874
   1128.46000    8.08230    0.05465    4.17039    0.05186
   1134.28000    7.84172    0.06520    4.13042    0.06150
   1142.60000    7.54902    0.06305    4.16650    0.05726
   1147.61000    7.53858    0.06051    3.92776    0.05091
   1155.02000    7.26976    0.04799    3.73665    0.04681
   1161.85000    7.71858    0.03975    3.61149    0.03500
   1168.48000    7.50757    0.06930    3.58196    0.07287
   1174.40000    7.45023    0.08900    3.44622    0.04451
   1180.76000    7.69178    0.04507    3.62222    0.07233
   1184.34000    7.60942    0.06236    3.57616    0.05147
   1188.75000    7.55465    0.08015    3.25715    0.09014
   1194.47000    7.24663    0.05267    3.37055    0.03902
   1201.55000    7.18420    0.03489    3.31887    0.06683
   1207.54000    7.26424    0.07529    3.17701    0.06065
   1212.00000    7.31747    0.09788    3.13330    0.06043
   1464.12000    7.17213    0.03903    1.04433    0.03625
   1471.14000    7.00566    0.09927    0.96228    0.04380
   1477.61000    7.11184    0.05944    0.98449    0.07030
   1484.72000    6.90910    0.07662    0.87808    0.04473
   1492.03000    6.94022    0.07081    0.85516    0.02521
   1497.70000    6.92473    0.03866    0.79285    0.03448
   1503.93000    6.80794    0.04490    0.81990    0.05676
   1508.39000    6.71575    0.05619    0.78803    0.04961
   1515.37000    6.91488    0.04908    0.69908    0.05459
   1520.98000    6.78996    0.06464    0.60475    0.05671
   1527.62000    6.70767    0.04616    0.62698    0.03411
   1534.40000    6.69527    0.07127    0.56210    0.06685
   1541.23000    6.75750    0.06670    0.54557    0.04792
   1548.20000    6.79883    0.07631    0.61679    0.05459
   1555.16000    6.93837    0.03339    0.48926    0.06383
   1562.99000    6.78219    0.03455    0.48106    0.05615
   1570.20000    7.04806    0.06150    0.45662    0.06736
   1576.25000    6.98348    0.05942    0.48440    0.04882
   1828.47000    8.77392    0.06509    0.12185    0.04734
   1835.68000    8.46604    0.05776    0.13251    0.03818
   1843.49000    8.00039    0.08250    0.09727    0.05465
   1848.69000    7.95654    0.06748    0.12819    0.04889
   1855.18000    8.05768    0.04569    0.14460    0.03060
   1860.24000    7.96324    0.04110    0.09376    0.03531
   1867.64000    7.65702    0.08075    0.20879    0.07695
   1873.73000    7.59131    0.04069    0.15101    0.06058
   1880.47000    7.89964    0.07093    0.14149    0.02545
   1887.17000    7.56115    0.05542    0.00778    0.05035
   1894.39000    7.49944    0.01245    0.17999    0.06484
   1899.93000    7.30466    0.09299    0.11386    0.03514
   1904.58000    7.05650    0.05103    0.08044    0.03962
   1911.23000    7.00586    0.05111    0.10036    0.07384
   1917.03000    7.34352    0.02888    0.06305    0.06726
   1922.25000    7.42325    0.06585    0.07278    0.07907
   1928.05000    7.37086    0.02701    0.10774    0.04543
   1934.45000    7.46721    0.05440    0.18697    0.06029
   1940.98000    7.19634    0.06283    0.08274    0.05275
   2192.11000    6.62634    0.04877    0.06695    0.09160
   2197.54000    6.52642    0.03503    0.14452    0.04775
   2203.55000    6.50119    0.04229    0.16550    0.07451
   2208.35000    6.37306    0.05746    0.08152    0.04009
   2213.39000    6.41050    0.07091    0.17957    0.08196
   2220.67000    6.02222    0.04406    0.08292    0.01347
   2226.67000    5.87044    0.08021    0.11158    0.03057
   2231.11000    5.88824    0.04639    0.15962    0.06360
   2237.21000    5.86068    0.04925    0.07265    0.06416
   2243.15000    5.90729    0.05456   -0.04954    0.06911
   2249.08000    5.67917    0.10148    0.07847    0.05159
   2255.46000    6.12731    0.06481    0.13736    0.04433
   2263.44000    6.13722    0.05692    0.18684    0.05603
   2269.63000    5.82946    0.04101    0.11882    0.04421
   2275.65000    5.86521    0.04536    0.05673    0.05705
   2283.91000    6.21713    0.07009    0.05491    0.04333
   2290.58000    6.09285    0.03662    0.08362    0.02343
   2296.52000    6.30703    0.03021    0.06741    0.05137
   2301.41000    6.34293    0.04945    0.01737    0.05860
   2309.28000    6.35134    0.06720    0.01534    0.07333
   2557.75000    6.37187    0.05042    0.03532    0.05442
   2564.81000    6.05972    0.04894    0.08892    0.03417
   2571.23000    6.23365    0.05057   -0.02535    0.06186
   2577.32000    6.11741    0.06277    0.06777    0.03030
   2583.42000    5.87560    0.07104    0.07107    0.05792
   2588.98000    6.01423    0.05182   -0.03846    0.05709
   2595.56000    6.07982    0.06343    0.02896    0.02249
   2600.69000    5.96839    0.05073    0.05419    0.05928
   2606.83000    5.95108    0.07557    0.02842    0.08785
   2613.11000    5.92216    0.04875    0.13463    0.05866
   2619.50000    6.11205    0.04953    0.02737    0.04095
   2626.03000    5.84704    0.03679    0.11140    0.05505
   2631.23000    5.84132    0.03088    0.05726    0.05563
   2637.63000    5.51622    0.06031    0.11145    0.01849
   2645.49000    5.64234    0.05642    0.04082    0.02953
   2651.91000    5.80929    0.04311    0.06960    0.07865
   2658.55000    5.46772    0.06666    0.00015    0.07500
   2664.66000    5.51992    0.04108    0.05570    0.06871
   2670.24000    5.22225    0.05251    0.11871    0.04716
   2674.70000    5.51762    0.02469    0.20960    0.07993
   2921.67000    5.55321    0.05831    0.07183    0.03931
   2927.64000    5.41431    0.06324    0.03361    0.03292
   2932.65000    5.23876    0.04425    0.10006    0.03580
   2938.87000    5.21231    0.07335    0.14936    0.05766
   2944.57000    5.29254    0.03987    0.23068    0.05446
   2951.53000    5.38751    0.03528    0.10464    0.04747
   2958.25000    5.17041    0.02405    0.05621    0.05037
   2964.05000    4.92758    0.07312    0.21263    0.04884
   2970.29000    4.92294    0.07032    0.14884    0.05692
   2976.78000    4.95476    0.06190    0.11094    0.07401
   2983.43000    5.08845    0.03524    0.08958    0.04794
   2990.86000    4.90845    0.05741    0.08790    0.03443
   2998.13000    4.90648    0.08085    0.11511    0.03067
   3003.35000    4.84218    0.04887    0.00251    0.05399
   3009.40000    4.90738    0.05394    0.06420    0.05780
   3015.66000    4.83454    0.03464    0.06797    0.04070
   3021.80000    4.91651    0.05861    0.12797    0.01741
   3027.55000    5.01580    0.05236   -0.00319    0.04578
   3034.45000    4.81252    0.05505    0.10399    0.07126
   3039.99000    4.55512    0.04641    0.10929    0.06131
   3288.92000    3.97616    0.04175    0.05902    0.04790
   3293.30000    3.99114    0.05475    0.12243    0.05555
   3298.85000    4.01284    0.07427    0.13950    0.06228
   3303.35000    4.23344    0.05790    0.06834    0.04247
   3310.82000    4.47577    0.06379    0.10402    0.07661
   3316.33000    4.49356    0.05090    0.07526    0.04263
   3322.32000    4.66508    0.06231    0.06925    0.06926
   3327.46000    4.63872    0.07324    0.07243    0.05061
   3332.56000    4.52055    0.03892    0.09346    0.02394
   3340.64000    4.40497    0.04393    0.11411    0.05330
   3347.59000    4.63453    0.03629    0.11195    0.03136
   3354.61000    4.79057    0.03484    0.06351    0.04632
   3360.53000    4.94708    0.05989    0.08832    0.05018
   3367.46000    4.80793    0.03586   -0.16004    0.08010
   3373.46000    4.81107    0.06041    0.10935    0.05405
   3378.00000    4.80914    0.07066    0.08027    0.02816
   3384.99000    4.90611    0.04811   -0.12565    0.07140
   3390.45000    5.03647    0.05801    0.13459    0.05226
   3396.96000    5.27470    0.05238    0.06642    0.05401
   3402.17000    5.17201    0.06038    0.14396    0.05102
