## Time Delay Challenge light curves
##
## [time]=days, [lc]=[err]=flux in nanomaggies
##
##       time       lc_A      err_A       lc_B      err_B
##-------------------------------------------------------
      3.58000    7.98241    0.08286    0.64074    0.02525
     10.65000    8.75631    0.04219    0.71530    0.07144
     16.48000   10.91803    0.05048    0.80907    0.07745
     20.38000   11.16610    0.04857    0.76857    0.05610
     27.08000   11.15173    0.03954    1.00139    0.05438
     33.74000   11.05374    0.03220    0.87177    0.04121
     39.73000   11.86744    0.06435    1.11070    0.06896
     45.35000   10.22512    0.09387    1.00515    0.05192
     52.93000    9.63660    0.06299    0.90292    0.05643
     61.36000    8.15573    0.03696    0.83930    0.05711
     67.83000    7.05305    0.04097    0.62678    0.05465
     72.59000    7.95212    0.05420    0.53393    0.06486
     79.87000    8.44972    0.04851    0.74296    0.06235
     86.54000    9.29043    0.03366    0.74464    0.04306
     91.96000    9.05954    0.08970    0.70258    0.07796
     96.29000   11.09771    0.05340    0.85294    0.04956
    104.42000   11.19211    0.04730    0.95039    0.05765
    110.13000   12.34159    0.05056    1.00023    0.05866
    114.81000   10.71489    0.05204    0.93596    0.04720
    368.66000   11.51960    0.02770    1.11856    0.03744
    374.84000   10.87548    0.08590    1.20503    0.03000
    380.42000    9.97030    0.03344    1.03499    0.04798
    387.84000   10.84995    0.05213    1.14632    0.03841
    393.90000    9.65453    0.04814    1.12294    0.06260
    397.89000    9.92641    0.02063    1.02698    0.04642
    402.15000    8.64190    0.03936    0.96666    0.04558
    410.42000    9.09788    0.08880    0.84123    0.02601
    418.03000    8.99004    0.04945    0.86389    0.04957
    424.29000    9.59972    0.07383    1.04057    0.04500
    431.90000    9.75757    0.05378    1.05467    0.05585
    437.01000    9.68785    0.05132    1.04180    0.05314
    442.12000    8.83103    0.06970    0.96493    0.06240
    447.89000    9.13249    0.05184    0.92174    0.06748
    451.21000    9.26263    0.07327    0.97685    0.04065
    455.04000   10.13018    0.07015    0.98791    0.01795
    460.69000    9.07704    0.04160    1.04199    0.05947
    467.30000   10.04821    0.06657    0.94216    0.02569
    472.36000    8.64490    0.03926    1.07381    0.05359
    478.04000    9.39208    0.06112    0.95591    0.05737
    483.70000   10.88768    0.06116    0.89055    0.06736
    732.78000   13.50076    0.02836    1.68425    0.07890
    738.59000   12.42185    0.08451    1.49628    0.05669
    745.91000   11.40244    0.01064    1.34523    0.06455
    752.01000    9.20983    0.03961    1.27768    0.04095
    758.35000    8.80745    0.08670    1.04938    0.08511
    764.68000    8.40159    0.05839    1.01414    0.04529
    772.71000    9.66872    0.03991    0.97112    0.05905
    778.83000   11.04500    0.04879    1.15222    0.03366
    784.32000   13.04747    0.07303    1.34907    0.04721
    791.60000   12.17251    0.06301    1.57681    0.07240
    795.38000   12.00096    0.09005    1.36856    0.03258
    801.22000   12.27692    0.06150    1.61677    0.05033
    809.11000   10.62405    0.09039    1.35685    0.06410
    816.17000   11.51776    0.07818    1.39667    0.05904
    820.83000    9.63972    0.05610    1.20745    0.06710
    827.85000   10.24875    0.02511    1.18898    0.01709
    833.43000   10.40026    0.06903    1.24896    0.05901
    838.55000   10.19531    0.04817    1.21782    0.06466
    844.23000   10.57454    0.06652    1.23029    0.07251
    848.84000   11.08428    0.05529    1.20485    0.06001
   1096.83000   13.50251    0.04322    1.91372    0.05419
   1101.88000   13.45643    0.05071    1.74398    0.02886
   1107.40000   14.14322    0.04876    1.66866    0.05139
   1112.34000   14.27001    0.02348    1.78001    0.03107
   1119.02000   15.52503    0.02214    1.93098    0.03753
   1124.70000   14.08896    0.04898    1.93384    0.07278
   1129.93000   13.80957    0.03751    1.86287    0.02965
   1136.37000   13.72977    0.03656    1.74963    0.04997
   1143.58000   11.94457    0.05099    1.69960    0.02692
   1150.06000   11.26905    0.03178    1.63543    0.04531
   1155.55000   12.33288    0.06273    1.42737    0.04766
   1162.52000   12.63960    0.02974    1.51667    0.04569
   1168.02000   13.70883    0.05457    1.58272    0.06062
   1174.58000   13.61303    0.02582    1.84641    0.05136
   1179.47000   13.78563    0.06143    1.82845    0.05704
   1184.95000   15.23915    0.08324    1.82697    0.06750
   1190.11000   12.88463    0.06796    2.00929    0.03785
   1195.63000   11.44836    0.05406    1.67060    0.04511
   1200.26000   10.60074    0.05949    1.61341    0.06301
   1205.99000    9.20359    0.05200    1.37778    0.05313
   1466.11000   11.40021    0.06635    1.42014    0.08077
   1472.38000   12.47611    0.05301    1.71302    0.08281
   1478.09000   11.63991    0.03502    1.77567    0.04792
   1483.69000   12.80503    0.05165    1.70850    0.02508
   1490.18000   11.33284    0.05612    1.73875    0.03718
   1497.02000   10.67735    0.06764    1.57022    0.06899
   1503.18000   12.00086    0.08003    1.50440    0.02171
   1508.61000   12.88183    0.04869    1.63076    0.06758
   1515.07000   12.75771    0.04255    1.74635    0.05822
   1521.13000   12.78268    0.04631    1.70335    0.06326
   1525.78000   12.38826    0.05497    1.54594    0.06122
   1531.22000   14.42932    0.04047    1.61282    0.02497
   1537.51000   12.76103    0.07612    2.11209    0.04392
   1541.66000   14.73373    0.05292    1.93914    0.03689
   1547.83000   13.17433    0.05484    1.97815    0.06248
   1553.90000   16.09221    0.03759    1.79299    0.06367
   1559.18000   14.94657    0.04798    2.28226    0.03420
   1565.01000   15.76048    0.04804    2.11548    0.05156
   1572.12000   17.98056    0.04851    2.28223    0.04002
   1577.94000   17.05725    0.05844    2.48406    0.02612
   1828.36000   15.80532    0.03965    1.98744    0.04537
   1834.81000   14.70356    0.03850    2.17650    0.04534
   1842.18000   16.65949    0.04090    2.12631    0.02621
   1849.67000   16.61223    0.03599    2.25545    0.07356
   1854.46000   17.26084    0.05484    2.27862    0.04382
   1859.53000   15.01697    0.09213    2.36542    0.04922
   1865.49000   12.35840    0.05286    1.95580    0.05428
   1872.32000   13.57456    0.06891    1.75385    0.06235
   1878.28000   14.32246    0.05374    1.85995    0.06751
   1885.59000   15.05364    0.05313    2.38025    0.08037
   1891.72000   16.08292    0.07612    2.34709    0.08686
   1897.72000   15.00632    0.03526    2.18280    0.03093
   1903.66000   13.17724    0.04076    2.15841    0.03390
   1909.75000   13.31288    0.05493    1.76045    0.07653
   1915.49000   15.90620    0.06394    1.88445    0.02124
   1921.16000   14.90149    0.06268    2.23091    0.05668
   1928.32000   12.97795    0.04121    1.79047    0.03956
   1935.03000   15.09555    0.03741    1.97847    0.05103
   1939.02000   15.31934    0.02639    1.94309    0.07597
   2193.07000   13.41937    0.06330    1.68536    0.05906
   2198.09000   13.69361    0.06230    1.81516    0.05635
   2204.81000   13.35612    0.05299    1.74555    0.04279
   2211.79000   15.31585    0.02943    1.90187    0.03511
   2217.49000   16.36694    0.06066    2.03643    0.06482
   2224.91000   19.77176    0.04415    2.20765    0.06977
   2231.12000   20.71223    0.02933    2.64410    0.06239
   2237.73000   18.42200    0.05585    2.61164    0.04858
   2243.77000   16.29759    0.06076    2.32633    0.03957
   2249.33000   16.60810    0.09589    2.15040    0.04934
   2255.29000   19.13030    0.07329    2.16840    0.03804
   2261.84000   15.77120    0.04653    2.51453    0.04697
   2269.17000   14.46270    0.02761    1.99262    0.04969
   2274.98000   14.48750    0.05460    1.79314    0.06458
   2281.91000   16.93656    0.06947    1.84394    0.03262
   2288.56000   15.41044    0.04354    2.28470    0.03430
   2294.86000   13.50475    0.03990    2.14017    0.01959
   2300.38000   15.18239    0.07850    1.80690    0.02978
   2305.87000   14.52730    0.05164    1.96504    0.03252
   2557.08000   15.86483    0.05337    1.93226    0.05850
   2563.37000   15.75978    0.07598    2.12806    0.05750
   2568.84000   12.97215    0.05437    1.93464    0.04137
   2574.66000   16.18154    0.05768    1.58966    0.08570
   2580.31000   15.14649    0.03845    1.98112    0.05178
   2588.14000   13.35319    0.07110    1.90673    0.08494
   2593.93000   14.00005    0.04526    1.71672    0.06210
   2599.36000   13.81528    0.04774    1.68967    0.02650
   2607.41000   13.88982    0.06391    1.72601    0.05741
   2613.25000   11.63146    0.06555    1.67969    0.03469
   2619.58000   11.78023    0.04584    1.28229    0.05546
   2624.30000    9.73451    0.04474    1.35910    0.05298
   2630.10000   10.59619    0.05378    1.23682    0.05418
   2636.93000   10.99914    0.03187    1.29714    0.06469
   2643.17000   11.15653    0.04223    1.44346    0.05477
   2648.06000   10.82014    0.06624    1.37088    0.04097
   2652.54000   10.04145    0.07511    1.30853    0.05360
   2659.03000   11.35067    0.05124    1.26208    0.02911
   2665.10000   11.81657    0.08248    1.41155    0.05666
   2671.65000   14.79091    0.04817    1.67639    0.06188
   2923.41000   16.51501    0.04034    1.65383    0.03274
   2928.68000   16.54603    0.04710    1.85118    0.05186
   2935.09000   16.76509    0.03712    1.70275    0.03861
   2940.68000   14.88278    0.05271    1.87017    0.03981
   2948.09000   16.64509    0.08791    1.71492    0.03615
   2955.99000   18.70133    0.06621    1.99892    0.04415
   2964.02000   18.91398    0.04268    2.01125    0.04364
   2970.21000   18.24443    0.04797    2.30761    0.05157
   2975.95000   17.55876    0.03599    1.99573    0.05206
   2983.46000   20.33389    0.05379    2.06763    0.06155
   2988.05000   17.69640    0.05141    2.15845    0.06206
   2994.91000   16.04049    0.04503    1.99623    0.06128
   3001.31000   17.22468    0.08336    1.80075    0.02646
   3007.76000   18.74571    0.04386    1.82803    0.06326
   3013.82000   21.26019    0.06775    2.06633    0.05964
   3017.97000   26.51222    0.07484    2.35183    0.05075
   3022.60000   24.71111    0.04760    2.75672    0.04145
   3027.27000   22.49412    0.05987    2.78915    0.03141
   3034.08000   19.60176    0.03900    2.25902    0.03309
   3288.45000   14.94275    0.04560    1.33014    0.06151
   3295.27000   13.00987    0.06349    1.59285    0.08007
   3301.44000   16.44391    0.03402    1.33059    0.07575
   3305.51000   15.81831    0.07529    1.66475    0.06040
   3311.08000   17.96941    0.07501    1.73394    0.06520
   3316.83000   15.08114    0.05621    1.93312    0.04947
   3320.95000   14.85486    0.05712    1.67927    0.10159
   3325.43000   14.64173    0.01463    1.46070    0.03539
   3332.80000   14.01018    0.04571    1.55829    0.03170
   3338.55000   14.68394    0.04466    1.47103    0.03674
   3343.15000   15.18167    0.03704    1.51709    0.05322
   3350.01000   16.85799    0.03473    1.59928    0.06541
   3356.17000   16.68746    0.05039    1.73267    0.08237
   3363.18000   17.65298    0.04642    1.60746    0.04324
   3368.36000   20.27486    0.04724    1.82535    0.07530
   3374.62000   20.56960    0.04992    2.09626    0.05396
   3379.82000   20.33969    0.05520    2.15107    0.03640
   3384.59000   20.09421    0.03945    2.10441    0.01614
   3393.48000   16.00848    0.06709    2.05954    0.04228
   3399.68000   15.95437    0.04455    1.55922    0.05407
