## Time Delay Challenge light curves
##
## [time]=days, [lc]=[err]=flux in nanomaggies
##
##       time       lc_A      err_A       lc_B      err_B
##-------------------------------------------------------
      3.79000    4.48640    0.06556   13.04635    0.03602
      9.74000    4.51415    0.06442   13.16095    0.05276
     15.07000    4.52344    0.08775   13.14036    0.06089
     21.24000    4.55548    0.04943   13.32330    0.04617
     27.24000    4.39223    0.05849   13.43347    0.05339
     33.51000    4.60055    0.04262   13.29889    0.03696
     39.05000    4.60401    0.05830   13.26777    0.08093
     45.20000    4.55549    0.05584   13.25207    0.05511
     51.05000    4.51482    0.03208   13.36821    0.04452
     57.94000    4.55043    0.02606   13.11828    0.08339
     64.12000    4.58468    0.03513   13.53709    0.05945
     69.62000    4.56580    0.03185   13.50659    0.04521
     75.39000    4.60527    0.06465   13.59546    0.06608
     81.28000    4.53667    0.05514   13.62514    0.05366
     88.37000    4.65718    0.07448   13.65754    0.05169
     94.21000    4.72065    0.04160   13.69346    0.01308
    101.10000    4.61903    0.07081   13.58495    0.03114
    107.00000    4.62757    0.06765   13.52352    0.03291
    112.76000    4.66597    0.06441   13.55165    0.06795
    119.33000    4.73566    0.04486   13.46570    0.06992
    365.99000    4.68389    0.07440   13.64605    0.06298
    372.96000    4.68438    0.02770   13.58458    0.07517
    378.72000    4.61841    0.03576   13.58371    0.03427
    385.77000    4.67163    0.04672   13.75713    0.05123
    390.40000    4.58976    0.05300   13.69878    0.04685
    398.23000    4.63834    0.03491   13.61270    0.04287
    404.62000    4.65418    0.04372   13.76639    0.03522
    411.17000    4.71128    0.04878   13.45525    0.07458
    416.44000    4.75779    0.06053   13.65666    0.03728
    422.40000    4.71145    0.06887   13.54542    0.03750
    428.33000    4.75712    0.05330   13.62395    0.01326
    435.50000    4.69597    0.04418   13.64434    0.05192
    440.61000    4.55918    0.06623   13.60367    0.04357
    445.66000    4.68144    0.06354   13.51326    0.05608
    451.86000    4.63212    0.04199   13.54343    0.02329
    458.09000    4.71457    0.06274   13.69348    0.02347
    463.17000    4.69188    0.05311   13.67420    0.04550
    468.20000    4.69857    0.04975   13.90627    0.04170
    473.07000    4.70219    0.05933   13.58384    0.03477
    478.24000    4.58008    0.06794   13.73000    0.04712
    483.02000    4.50833    0.08033   13.55936    0.04275
    732.04000    4.81062    0.04794   13.96453    0.04819
    737.34000    4.93659    0.05936   13.64531    0.05320
    743.53000    4.85027    0.06250   13.40374    0.04867
    750.25000    4.84753    0.03875   12.94375    0.06111
    754.53000    4.84685    0.06836   12.79106    0.05262
    759.73000    4.69133    0.03474   12.76148    0.05900
    765.58000    4.75897    0.06358   12.62167    0.04831
    771.47000    4.59567    0.02860   12.62561    0.02333
    776.77000    4.53188    0.05404   12.76803    0.08222
    783.11000    4.37223    0.03882   12.81771    0.06409
    787.10000    4.36493    0.04083   12.96933    0.06046
    793.54000    4.30624    0.05132   13.25634    0.05868
    799.72000    4.21038    0.06650   13.18117    0.06927
    805.21000    4.30096    0.03293   12.92662    0.04942
    812.90000    4.37560    0.02853   12.92284    0.06243
    819.43000    3.96769    0.06367   12.62937    0.04923
    825.49000    4.52243    0.06932   13.10495    0.02661
    831.48000    4.47655    0.04482   12.94163    0.06830
    837.40000    4.46366    0.04456   13.08284    0.04274
    844.72000    4.49884    0.04517   12.95890    0.05561
   1098.76000    3.96044    0.03182   12.04640    0.04107
   1104.97000    4.07439    0.03755   12.22116    0.04524
   1110.99000    3.96817    0.05992   12.29445    0.03276
   1116.42000    4.09492    0.04514   12.31281    0.04335
   1123.12000    4.10662    0.07875   12.34197    0.03932
   1130.59000    4.21881    0.06395   12.35224    0.02989
   1137.47000    4.28301    0.06334   12.32898    0.04157
   1142.74000    4.29830    0.05216   12.26463    0.03188
   1149.15000    4.31202    0.03985   12.13219    0.06988
   1155.15000    4.20059    0.05179   12.32795    0.06888
   1159.79000    4.16409    0.06702   12.28982    0.06614
   1165.86000    4.18231    0.03884   12.41374    0.06300
   1172.43000    4.25290    0.04701   12.41488    0.08334
   1178.21000    4.25394    0.05827   12.30533    0.07586
   1183.24000    4.18405    0.03441   12.39293    0.01154
   1188.39000    4.32356    0.07887   12.42382    0.05708
   1194.25000    4.35406    0.07375   12.55324    0.04830
   1199.98000    4.21134    0.05968   12.45168    0.04907
   1204.94000    4.31608    0.05142   12.55199    0.05220
   1209.87000    4.24791    0.04820   12.50958    0.04367
   1462.90000    4.41251    0.03739   12.87506    0.04716
   1469.70000    4.49397    0.06628   13.17641    0.06772
   1476.14000    4.55175    0.08881   13.04278    0.01458
   1481.06000    4.49798    0.06991   13.16777    0.04411
   1487.01000    4.46403    0.06456   13.06768    0.04459
   1491.38000    4.39789    0.04024   12.94354    0.03903
   1498.16000    4.47015    0.03227   12.95329    0.04104
   1505.38000    4.27874    0.04303   12.85559    0.05624
   1511.10000    4.47906    0.02451   12.95041    0.03671
   1516.46000    4.45122    0.04131   12.99195    0.04438
   1523.65000    4.48569    0.05809   13.16906    0.04253
   1529.57000    4.44064    0.05751   13.16988    0.06623
   1534.82000    4.48945    0.02274   13.19845    0.03626
   1539.99000    4.38096    0.06187   13.20435    0.06035
   1545.89000    4.44450    0.05135   13.02860    0.04263
   1550.35000    4.53680    0.07529   13.18298    0.07175
   1555.48000    4.58360    0.05955   13.30095    0.08125
   1559.30000    4.43994    0.07090   13.07053    0.04264
   1563.52000    4.59377    0.06485   12.99336    0.04827
   1569.40000    4.49188    0.06398   12.72452    0.05906
   1575.35000    4.45149    0.08984   12.85987    0.04408
   1827.82000    4.66303    0.07017   13.27950    0.04496
   1833.44000    4.57356    0.05183   13.15320    0.03675
   1838.51000    4.51834    0.04700   13.01738    0.06262
   1844.44000    4.50471    0.05612   13.10013    0.05229
   1849.94000    4.57092    0.04951   12.81064    0.05168
   1854.34000    4.42307    0.06998   12.84907    0.06363
   1860.92000    4.51158    0.05063   12.83718    0.04061
   1865.94000    4.37422    0.07211   12.90536    0.07509
   1872.51000    4.44720    0.05935   12.77746    0.05210
   1879.11000    4.39993    0.07160   12.65705    0.06428
   1886.87000    4.43200    0.04632   12.69803    0.04589
   1893.17000    4.42001    0.05398   12.61419    0.04778
   1900.89000    4.48677    0.06471   12.52536    0.05585
   1907.19000    4.24728    0.05412   12.29645    0.05141
   1914.14000    4.37644    0.06057   12.53362    0.05071
   1921.97000    4.34924    0.04245   12.81830    0.05559
   1928.77000    4.30960    0.07280   12.78380    0.04771
   1935.12000    4.20726    0.05795   12.76205    0.03250
   1942.48000    4.35038    0.06339   12.85853    0.05252
   2190.16000    4.27337    0.04481   12.18244    0.05341
   2194.93000    4.28666    0.04595   12.15335    0.09870
   2199.50000    4.17266    0.04846   12.17574    0.03668
   2205.48000    4.29933    0.04649   12.28879    0.06014
   2211.15000    4.28081    0.03600   12.32975    0.05048
   2215.85000    4.15358    0.05394   12.44324    0.05636
   2220.98000    4.26026    0.05568   12.38621    0.05008
   2227.35000    4.25687    0.00690   12.44541    0.05727
   2232.89000    4.10656    0.05262   12.44097    0.02002
   2241.31000    4.38897    0.05301   12.46989    0.04782
   2246.42000    4.32993    0.06346   12.26796    0.06463
   2252.44000    4.32262    0.05180   12.41470    0.03890
   2259.36000    4.33945    0.03440   12.18916    0.04877
   2266.61000    4.26355    0.01661   12.13787    0.08800
   2273.25000    4.33543    0.06508   12.17624    0.02358
   2279.54000    4.32553    0.07008   12.01680    0.03669
   2286.72000    4.18816    0.04504   11.95053    0.06552
   2292.32000    4.24408    0.05797   11.86431    0.08701
   2298.34000    4.10017    0.06721   11.88848    0.06697
   2305.11000    4.26912    0.06825   12.10633    0.04291
   2557.21000    4.42875    0.07515   12.22327    0.09172
   2561.26000    4.21264    0.05599   12.06059    0.04573
   2566.76000    4.25190    0.06182   12.11396    0.07784
   2570.52000    4.31286    0.05357   12.27929    0.06745
   2575.73000    4.18936    0.08482   12.30842    0.04237
   2582.90000    4.25990    0.06365   12.24203    0.07649
   2589.86000    4.19604    0.04219   12.10567    0.05050
   2597.49000    4.14007    0.05708   12.19104    0.01477
   2604.18000    4.24348    0.07855   12.24859    0.08204
   2609.07000    4.27534    0.06150   12.21697    0.02486
   2614.10000    4.40592    0.04350   12.30834    0.04439
   2619.07000    4.21379    0.05509   12.35924    0.03134
   2626.87000    4.28465    0.05298   12.59087    0.07417
   2632.38000    4.23608    0.03280   12.19920    0.02783
   2639.28000    4.28325    0.02242   12.09114    0.02459
   2644.31000    4.29754    0.06106   12.11844    0.04614
   2649.78000    4.36902    0.02415   12.04570    0.02704
   2656.95000    4.33493    0.04650   12.14116    0.01543
   2664.00000    4.27028    0.04963   12.32703    0.05263
   2670.45000    4.32113    0.06637   12.47158    0.07066
   2921.68000    4.01408    0.06742   11.84886    0.06526
   2925.98000    4.04409    0.06443   11.84191    0.03191
   2930.52000    3.90395    0.06955   11.92279    0.03284
   2936.37000    4.10484    0.04752   12.07520    0.04661
   2942.47000    4.02264    0.04750   11.85596    0.05673
   2948.03000    3.99737    0.02911   11.82674    0.04924
   2953.61000    4.02507    0.03411   12.15716    0.04798
   2961.81000    4.05353    0.05677   12.06125    0.07880
   2966.99000    4.12745    0.05933   12.22985    0.04786
   2973.79000    4.13841    0.04036   12.16878    0.03995
   2979.71000    4.23580    0.05443   12.01170    0.02551
   2985.20000    4.14223    0.04384   12.16649    0.06822
   2990.49000    4.13042    0.09144   12.17848    0.04410
   2997.94000    4.25682    0.06386   12.28112    0.06577
   3003.23000    4.14058    0.04772   12.23119    0.04299
   3009.65000    4.03878    0.05193   12.16044    0.04126
   3015.74000    4.14069    0.04541   12.22741    0.07222
   3020.63000    3.95447    0.08710   12.12014    0.06369
   3027.31000    4.15132    0.04422   12.08751    0.06107
   3032.95000    4.18336    0.04405   11.84654    0.04846
   3038.74000    4.16173    0.01594   11.91393    0.04645
   3291.58000    4.22997    0.04507   11.96119    0.07435
   3297.65000    4.07742    0.07141   11.82891    0.01763
   3304.25000    4.07948    0.06046   11.97260    0.04564
   3310.00000    4.15457    0.05519   11.95808    0.08582
   3315.50000    4.14514    0.03016   12.05393    0.05005
   3322.88000    4.24336    0.04979   11.86686    0.05878
   3328.80000    4.50302    0.04610   12.33381    0.04824
   3334.83000    4.13540    0.04597   11.92523    0.05517
   3341.09000    4.05753    0.07069   11.83916    0.03687
   3347.06000    4.20916    0.03914   11.98688    0.07280
   3352.33000    4.09656    0.04399   12.35452    0.06131
   3357.41000    4.09678    0.06401   12.20223    0.05895
   3364.15000    4.05985    0.06191   12.08505    0.06662
   3370.68000    4.11229    0.04425   12.06070    0.05178
   3377.06000    4.16946    0.04959   11.94165    0.07117
   3382.92000    4.21914    0.07773   12.04299    0.02607
   3391.23000    4.30980    0.05894   12.03849    0.04311
   3397.00000    4.09351    0.05181   12.16388    0.01893
   3402.36000    4.26527    0.05926   11.97501    0.06247
