## Time Delay Challenge light curves
##
## [time]=days, [lc]=[err]=flux in nanomaggies
##
##       time       lc_A      err_A       lc_B      err_B
##-------------------------------------------------------
      2.27000    5.07824    0.05894    4.50906    0.05538
      7.67000    5.11352    0.05390    4.57599    0.07520
     13.10000    4.96151    0.07929    4.54567    0.03777
     20.21000    4.97847    0.08202    4.52258    0.04931
     26.07000    5.10884    0.05118    4.51863    0.06462
     30.17000    5.05968    0.05736    4.43852    0.06674
     36.42000    4.97192    0.05236    4.24519    0.05446
     42.13000    5.00674    0.01467    4.43896    0.06232
     47.98000    5.00926    0.07100    4.28495    0.03989
     53.44000    5.03061    0.05316    4.26568    0.03458
     60.48000    5.10497    0.06944    4.19633    0.04262
     67.34000    5.05538    0.07766    4.18413    0.04696
     72.70000    5.10483    0.05671    4.25905    0.06761
     79.22000    5.10988    0.03491    4.22058    0.05309
     85.62000    5.12717    0.07868    4.23305    0.05403
     92.40000    5.16119    0.04330    4.23880    0.02366
     98.19000    5.19776    0.06081    4.24751    0.03224
    104.55000    5.23632    0.05252    4.23961    0.04352
    111.19000    5.21520    0.06061    4.17002    0.04571
    118.62000    5.19149    0.04063    4.16797    0.09143
    370.06000    5.03938    0.01728    3.75226    0.03932
    375.19000    4.91768    0.06170    3.70862    0.03998
    379.78000    5.02612    0.03580    3.65260    0.06210
    384.73000    5.02829    0.05996    3.72417    0.05724
    389.19000    5.04192    0.02487    3.78063    0.06397
    395.43000    5.01439    0.05839    3.77982    0.05601
    401.18000    5.13516    0.05014    3.54193    0.07061
    406.99000    5.08967    0.03107    3.71159    0.05738
    410.92000    5.11974    0.05826    3.64785    0.05230
    416.54000    5.04180    0.06257    3.70253    0.05302
    423.24000    5.11982    0.06369    3.58518    0.08258
    429.79000    5.08445    0.00910    3.63676    0.05180
    436.37000    5.03182    0.04321    3.64002    0.03114
    442.01000    5.16453    0.06778    3.62832    0.00608
    448.39000    5.27807    0.02923    3.57663    0.04794
    455.43000    5.47054    0.07491    3.64032    0.04840
    461.23000    5.37145    0.07205    3.58567    0.05714
    465.22000    5.41461    0.05258    3.71333    0.06778
    471.81000    5.33627    0.04646    3.70031    0.07490
    477.76000    5.20217    0.04703    3.61985    0.06079
    483.03000    5.11634    0.06359    3.81933    0.05541
    730.27000    5.38392    0.04242    3.08694    0.03351
    735.21000    5.32947    0.06507    3.14450    0.04439
    739.91000    5.42204    0.02988    3.29074    0.05090
    747.22000    5.40818    0.04295    3.19933    0.03096
    751.38000    5.41355    0.05107    3.15082    0.07855
    758.10000    5.42906    0.09469    3.26620    0.02537
    762.65000    5.40848    0.02761    3.26981    0.05653
    767.56000    5.52329    0.05072    3.25597    0.00923
    771.54000    5.43083    0.06042    3.35164    0.06487
    777.99000    5.34041    0.03677    3.14996    0.05552
    783.24000    5.38860    0.02916    3.10118    0.05216
    789.89000    5.35137    0.05429    3.15109    0.04951
    797.60000    5.27426    0.04264    3.09339    0.05722
    802.29000    5.23904    0.06160    3.20765    0.06508
    807.16000    5.33776    0.05373    3.21243    0.06483
    811.19000    5.38504    0.05426    3.05183    0.06593
    816.36000    5.34076    0.07435    3.01076    0.08393
    820.92000    5.37887    0.05257    2.95280    0.07860
    825.36000    5.38243    0.07694    2.96454    0.07150
    832.30000    5.28326    0.02602    3.11516    0.06849
    837.98000    5.31471    0.06569    3.08894    0.05782
    842.60000    5.25321    0.07312    3.03924    0.05722
   1095.42000    5.63126    0.07323    2.89263    0.02805
   1101.60000    5.72756    0.04380    2.86025    0.06589
   1108.29000    5.73927    0.05758    2.83169    0.04223
   1113.43000    5.81653    0.05788    2.93382    0.06027
   1119.67000    5.76353    0.01662    2.76918    0.04923
   1126.54000    5.63497    0.06090    2.79695    0.06209
   1131.26000    5.59753    0.05151    2.83437    0.05952
   1137.50000    5.75187    0.03250    2.74555    0.07746
   1143.14000    5.75457    0.04787    2.72612    0.05153
   1149.89000    5.69114    0.05750    2.77972    0.02144
   1155.37000    5.57844    0.05989    2.79646    0.06132
   1161.24000    5.57138    0.09335    2.70490    0.03434
   1168.13000    5.76857    0.03589    2.67296    0.03775
   1175.02000    5.74338    0.06687    2.65968    0.05307
   1179.57000    5.77820    0.04024    2.70174    0.06261
   1186.51000    5.83174    0.06657    2.70567    0.03947
   1193.77000    5.74375    0.04331    2.71595    0.07455
   1200.00000    5.79643    0.05854    2.78386    0.05343
   1206.79000    5.81803    0.03983    2.88479    0.05537
   1212.22000    5.85506    0.05253    2.68835    0.03560
   1464.69000    5.57655    0.04895    2.50066    0.05072
   1470.24000    5.46051    0.03366    2.35203    0.05430
   1476.30000    5.38979    0.03663    2.43337    0.03879
   1483.51000    5.46051    0.04215    2.49594    0.06974
   1489.62000    5.47497    0.04067    2.40096    0.04623
   1497.23000    5.46977    0.00679    2.38372    0.06522
   1502.47000    5.72057    0.06418    2.34772    0.05427
   1508.32000    5.62072    0.07188    2.35754    0.06932
   1515.23000    5.58777    0.04149    2.32255    0.05036
   1519.95000    5.52193    0.04368    2.38726    0.05842
   1527.48000    5.51336    0.07030    2.47952    0.03539
   1532.23000    5.57061    0.06869    2.39432    0.03087
   1537.30000    5.56348    0.06600    2.35421    0.03548
   1543.38000    5.60517    0.04705    2.36984    0.03587
   1550.43000    5.56489    0.05119    2.44061    0.02902
   1558.15000    5.58757    0.05054    2.44065    0.05466
   1564.12000    5.73031    0.06165    2.36524    0.07162
   1569.79000    5.64317    0.07688    2.41443    0.06440
   1575.04000    5.81058    0.06399    2.33135    0.04293
   1826.09000    5.49768    0.04899    2.20021    0.03947
   1829.27000    5.50281    0.04641    2.28945    0.04218
   1834.53000    5.43728    0.01582    2.25997    0.04140
   1839.48000    5.49030    0.05236    2.15855    0.04092
   1846.60000    5.61303    0.04389    2.17469    0.05507
   1854.34000    5.41399    0.05517    2.21769    0.05696
   1860.63000    5.50653    0.04915    2.26600    0.05227
   1866.65000    5.34205    0.04867    2.26907    0.05124
   1872.96000    5.46825    0.07472    2.19420    0.05429
   1879.38000    5.31645    0.05549    2.15882    0.06519
   1887.16000    5.28398    0.05200    2.17226    0.03455
   1892.61000    5.23314    0.01824    2.18137    0.05064
   1896.96000    5.20865    0.06570    2.17952    0.04614
   1902.71000    5.23921    0.03979    2.14208    0.04439
   1909.60000    5.16921    0.06906    2.06921    0.04468
   1916.00000    5.17401    0.04863    2.06997    0.07459
   1921.42000    5.25509    0.03068    2.05767    0.07049
   1928.17000    5.13543    0.05681    2.09166    0.06653
   1936.53000    5.37030    0.04622    2.09193    0.02531
   1943.67000    5.15537    0.07519    2.11346    0.06822
   2190.09000    5.57990    0.06017    2.09212    0.06093
   2195.93000    5.58239    0.05405    2.10578    0.02887
   2202.62000    5.61724    0.06337    2.02115    0.04276
   2209.19000    5.68635    0.04262    1.97863    0.04466
   2214.20000    5.71322    0.04961    2.12491    0.09405
   2220.01000    5.65461    0.06453    2.04483    0.05227
   2225.94000    5.78073    0.04688    2.04244    0.06208
   2232.52000    5.86394    0.03948    2.07453    0.06094
   2239.55000    5.79557    0.05760    2.09098    0.04632
   2245.76000    5.77793    0.03323    1.98790    0.06230
   2251.79000    5.81997    0.02137    2.00344    0.06932
   2256.86000    5.72921    0.06351    2.07598    0.04406
   2263.03000    5.75628    0.02842    2.09998    0.06478
   2270.55000    5.67335    0.05887    1.95316    0.05714
   2277.38000    5.74758    0.06648    2.00363    0.05739
   2281.90000    5.70486    0.05769    1.93288    0.05928
   2287.36000    5.69865    0.04666    1.85788    0.04582
   2294.59000    5.62456    0.02903    2.01064    0.03626
   2299.92000    5.62116    0.04217    1.90816    0.05590
   2305.82000    5.69722    0.04876    1.80896    0.06845
   2559.25000    5.57240    0.04919    1.85479    0.05595
   2563.53000    5.57151    0.07320    1.80045    0.05310
   2571.62000    5.60494    0.05150    1.92732    0.05825
   2579.06000    5.53305    0.05390    1.75003    0.07298
   2585.00000    5.83635    0.06558    1.89597    0.07232
   2590.42000    5.63435    0.04321    2.03653    0.05293
   2596.64000    5.56441    0.05995    1.80533    0.06445
   2601.81000    5.56273    0.06091    1.70911    0.07655
   2608.84000    5.57360    0.03978    1.82657    0.05124
   2613.91000    5.69960    0.03831    1.92211    0.05007
   2620.50000    5.65761    0.05937    1.85877    0.05473
   2626.90000    5.60651    0.04269    1.87899    0.03200
   2633.14000    5.78235    0.05278    1.81217    0.05701
   2640.49000    5.72392    0.04270    1.84689    0.07604
   2647.00000    5.66696    0.03633    1.97598    0.04676
   2651.62000    5.67738    0.06333    1.85874    0.05190
   2657.02000    5.69109    0.04234    1.86715    0.07387
   2663.56000    5.66372    0.07295    1.88985    0.04412
   2668.11000    5.63433    0.05003    1.86044    0.06383
   2672.85000    5.69637    0.07024    1.85646    0.06577
   2924.48000    5.65467    0.07203    1.55474    0.05816
   2931.55000    5.52164    0.05100    1.53173    0.05700
   2939.11000    5.66303    0.05535    1.53441    0.07057
   2944.74000    5.62166    0.04012    1.59482    0.07092
   2950.17000    5.62509    0.06179    1.64935    0.07580
   2956.56000    5.64987    0.03985    1.63092    0.04756
   2961.18000    5.60085    0.04365    1.70178    0.04852
   2967.32000    5.74575    0.05115    1.69070    0.04861
   2972.03000    5.72658    0.05099    1.64102    0.02374
   2977.50000    5.68522    0.07102    1.65480    0.05196
   2983.55000    5.67152    0.06625    1.69090    0.10043
   2992.20000    5.67998    0.02735    1.62848    0.06769
   3000.35000    5.61950    0.03314    1.64652    0.07667
   3006.05000    5.69278    0.06375    1.66201    0.08511
   3011.14000    5.61701    0.03534    1.68969    0.05724
   3016.52000    5.51306    0.04056    1.62231    0.05594
   3023.24000    5.47330    0.08087    1.66753    0.04266
   3029.26000    5.44408    0.06368    1.58001    0.06388
   3035.89000    5.42320    0.07146    1.60015    0.05562
   3289.10000    5.22907    0.06280    1.51312    0.06164
   3294.86000    5.24925    0.04954    1.50953    0.04027
   3301.14000    5.21139    0.04685    1.54650    0.05294
   3306.35000    5.21995    0.05608    1.46036    0.05139
   3312.57000    5.25033    0.08226    1.41519    0.07922
   3318.81000    5.25737    0.05742    1.55363    0.07077
   3325.77000    5.46605    0.06300    1.51841    0.03362
   3333.22000    5.35492    0.03402    1.52113    0.03227
   3339.30000    5.41048    0.04650    1.61480    0.04311
   3344.30000    5.33495    0.06683    1.61234    0.06118
   3351.79000    5.41436    0.03692    1.59577    0.03917
   3356.80000    5.29394    0.04391    1.62109    0.06722
   3362.32000    5.22789    0.06620    1.54351    0.05885
   3367.11000    5.26808    0.06134    1.52823    0.04535
   3371.48000    5.13773    0.06262    1.54715    0.02098
   3378.04000    5.31701    0.05295    1.44984    0.06749
   3384.94000    5.23056    0.03739    1.52594    0.02390
   3389.80000    5.24505    0.06190    1.47036    0.05590
   3399.02000    5.22036    0.05750    1.48538    0.06909
