## Time Delay Challenge light curves
##
## [time]=days, [lc]=[err]=flux in nanomaggies
##
##       time       lc_A      err_A       lc_B      err_B
##-------------------------------------------------------
      2.22000    2.61757    0.05206    1.89186    0.06849
      8.59000    2.75537    0.08914    1.88394    0.07218
     14.20000    2.68864    0.08781    1.89631    0.02841
     20.27000    2.65408    0.07934    1.97180    0.04861
     26.21000    2.60414    0.06844    2.02987    0.05467
     33.34000    2.61425    0.06553    2.00530    0.04429
     39.87000    2.62069    0.04450    1.90227    0.04998
     45.25000    2.58971    0.12247    1.89461    0.06132
     52.01000    2.61909    0.02788    1.85242    0.06458
     57.71000    2.53040    0.05496    1.93750    0.00757
     64.00000    2.62036    0.03246    1.90333    0.04207
     70.55000    2.67284    0.05748    1.92070    0.04398
     77.10000    2.63515    0.07298    1.93363    0.06981
     82.47000    2.59859    0.04583    1.84914    0.04893
     87.45000    2.64226    0.03069    2.09155    0.06712
     93.68000    2.65567    0.03487    1.92548    0.06680
     99.17000    2.48389    0.04754    1.83862    0.04340
    104.54000    2.66333    0.06055    1.94255    0.07452
    110.21000    2.61913    0.04056    2.02044    0.05555
    116.22000    2.56829    0.07796    1.93105    0.06952
    365.90000    2.58457    0.07555    1.97232    0.04877
    373.37000    2.40641    0.06907    1.92974    0.05982
    380.02000    2.63240    0.04584    1.92124    0.07156
    388.11000    2.56532    0.07753    1.73812    0.08392
    396.40000    2.76190    0.03376    1.97466    0.04410
    401.55000    2.50055    0.07846    1.88708    0.04184
    407.16000    2.62248    0.05652    2.00759    0.03570
    411.79000    2.68499    0.04209    2.02893    0.03402
    417.75000    2.48489    0.05206    1.81673    0.06589
    423.88000    2.61439    0.04285    2.06611    0.08051
    429.37000    2.73459    0.05168    2.01111    0.03822
    435.37000    2.63930    0.03405    1.94990    0.04027
    442.20000    2.69876    0.07062    2.04419    0.05822
    447.92000    2.67731    0.05816    2.06374    0.05858
    454.51000    2.65476    0.04131    2.07180    0.05408
    460.30000    2.67768    0.02983    1.95371    0.05833
    466.16000    2.62278    0.03951    2.09704    0.04437
    471.71000    2.77367    0.05346    1.99360    0.04846
    478.89000    2.67463    0.04642    1.94058    0.05791
    483.99000    2.75088    0.06547    1.96315    0.07931
    731.37000    2.60918    0.04021    2.07242    0.07489
    736.75000    2.52489    0.04168    1.96092    0.05917
    744.21000    2.63799    0.05649    1.89574    0.04327
    749.63000    2.58084    0.04264    1.96229    0.05755
    755.34000    2.58158    0.04540    1.86065    0.04653
    759.65000    2.58333    0.05805    1.86310    0.05734
    764.63000    2.36514    0.04090    1.78102    0.04074
    770.12000    2.60529    0.02443    2.01626    0.06082
    775.20000    2.63005    0.03285    1.89579    0.02486
    780.36000    2.64553    0.04221    1.97844    0.07319
    786.70000    2.58036    0.04508    1.90059    0.06189
    791.89000    2.54974    0.05404    1.91023    0.06130
    797.26000    2.70366    0.04298    2.00765    0.04897
    802.72000    2.71077    0.05186    1.90840    0.03785
    808.07000    2.64282    0.04077    1.94676    0.04475
    813.65000    2.76259    0.01811    2.35872    0.07714
    819.95000    2.63770    0.04550    1.95988    0.04853
    827.01000    2.73117    0.03983    2.08162    0.04524
    831.04000    2.65935    0.05410    1.93508    0.03303
    836.61000    2.54592    0.03142    2.01214    0.06795
    841.40000    2.54309    0.07310    1.94139    0.02836
    847.43000    2.51458    0.07665    1.88048    0.03859
   1095.66000    2.43910    0.07001    1.94292    0.05508
   1103.43000    2.43451    0.06220    1.83568    0.04942
   1109.51000    2.46186    0.03137    1.94887    0.06201
   1116.28000    2.46567    0.04740    1.85373    0.03198
   1122.10000    2.43173    0.04494    1.87427    0.05884
   1127.77000    2.53117    0.06106    1.80847    0.05039
   1134.63000    2.42566    0.08926    1.85399    0.03929
   1140.01000    2.46881    0.02958    1.83915    0.03637
   1145.60000    2.49409    0.02140    1.90109    0.03063
   1152.53000    2.61199    0.06511    1.70886    0.07016
   1158.61000    2.54952    0.03065    1.85179    0.03067
   1163.99000    2.60931    0.05723    1.87832    0.07275
   1169.25000    2.59343    0.06251    1.83608    0.06193
   1177.41000    2.53022    0.04547    1.84165    0.06509
   1182.85000    2.34846    0.06176    1.93429    0.06717
   1188.42000    2.40548    0.05819    1.94583    0.02901
   1194.41000    2.30066    0.05387    1.88647    0.05297
   1199.26000    2.38160    0.07288    1.90164    0.04645
   1206.33000    2.35333    0.03336    1.93530    0.04686
   1213.40000    2.39671    0.07799    1.80202    0.04664
   1467.33000    2.92078    0.04446    2.18667    0.05848
   1473.80000    2.78694    0.01465    2.04058    0.06292
   1479.86000    2.79747    0.06672    1.94545    0.04355
   1485.55000    2.82917    0.05753    1.95186    0.01012
   1490.43000    2.83305    0.07278    1.98420    0.06160
   1495.98000    2.82773    0.06975    1.92242    0.06293
   1500.63000    2.72826    0.03269    1.90991    0.05256
   1506.97000    2.72703    0.03325    2.06924    0.06510
   1512.53000    3.10350    0.04507    2.26485    0.04408
   1519.09000    2.91618    0.05198    2.02035    0.05220
   1525.19000    2.88938    0.04194    2.04082    0.06539
   1532.00000    2.98540    0.05289    2.03118    0.05932
   1537.43000    2.96157    0.04527    2.05105    0.05611
   1543.54000    2.92882    0.04491    1.97490    0.03217
   1550.21000    3.05164    0.06415    2.05129    0.03308
   1555.52000    2.86552    0.07994    2.11347    0.04886
   1561.68000    2.90581    0.05804    2.03964    0.01059
   1568.05000    2.86073    0.04112    2.15805    0.05014
   1573.49000    2.85382    0.01481    2.09959    0.04838
   1579.46000    2.90666    0.05113    1.99327    0.06499
   1825.85000    2.90237    0.06689    2.12211    0.02055
   1831.31000    2.88707    0.08649    2.06488    0.06443
   1836.67000    3.03820    0.05992    2.08540    0.06149
   1842.01000    2.96385    0.06003    2.13318    0.07157
   1847.72000    2.97065    0.04167    2.02611    0.02203
   1854.70000    2.82301    0.06464    2.19099    0.09492
   1862.03000    3.19590    0.05534    2.08009    0.04184
   1867.63000    3.04038    0.07416    2.06551    0.06134
   1871.99000    2.96345    0.03705    2.07362    0.05464
   1878.02000    2.96995    0.04520    2.03012    0.04011
   1885.10000    2.93854    0.05850    2.16347    0.07372
   1889.38000    2.98449    0.04092    2.13288    0.03806
   1895.43000    3.00133    0.06332    2.06896    0.03844
   1901.74000    2.97331    0.04905    2.10148    0.05024
   1908.05000    2.99949    0.07894    2.13444    0.07874
   1913.57000    2.93389    0.07396    2.10131    0.06336
   1919.89000    2.95127    0.05747    2.10206    0.04942
   1925.41000    3.07237    0.05844    2.08868    0.03936
   1930.78000    2.78003    0.05965    2.15764    0.07099
   1936.31000    2.95280    0.03681    2.10428    0.04119
   1942.04000    3.05530    0.08673    2.07480    0.03569
   2193.53000    2.84938    0.04833    1.90159    0.04097
   2197.84000    2.89516    0.04556    1.83199    0.05798
   2203.35000    2.79757    0.06021    1.86377    0.05255
   2207.67000    2.86533    0.03689    1.97707    0.02988
   2213.27000    2.88184    0.04362    1.96880    0.04795
   2218.76000    2.79805    0.07015    1.88155    0.07605
   2225.26000    2.81615    0.03064    1.99249    0.07956
   2232.26000    2.94431    0.04668    2.00859    0.06702
   2239.02000    2.80074    0.06205    1.97338    0.06042
   2246.03000    2.99579    0.03425    1.92342    0.07754
   2252.78000    2.80729    0.04651    1.91802    0.03160
   2257.73000    2.91293    0.03743    1.94000    0.05661
   2263.62000    2.96701    0.06186    1.90153    0.05545
   2268.07000    2.94723    0.03809    1.99134    0.04428
   2274.33000    3.03048    0.05884    1.92143    0.05176
   2281.73000    3.01053    0.05924    2.12872    0.06987
   2287.40000    2.87201    0.05011    2.01271    0.05872
   2293.81000    2.97185    0.04373    2.14514    0.08126
   2300.83000    2.81966    0.05294    1.98874    0.01280
   2307.33000    2.95393    0.06905    1.99466    0.01872
   2558.86000    2.74766    0.08301    1.92153    0.07082
   2564.71000    2.80252    0.03519    1.85792    0.03204
   2571.15000    2.81443    0.03708    2.02032    0.08669
   2576.46000    2.77784    0.06446    1.88575    0.02766
   2582.54000    2.72118    0.05635    1.93227    0.04934
   2589.14000    2.81077    0.07571    1.86017    0.03722
   2595.71000    2.74331    0.04955    1.78673    0.07711
   2601.79000    2.78080    0.05440    1.85948    0.05804
   2606.25000    2.88733    0.06345    1.96731    0.09152
   2611.61000    2.76612    0.04391    1.98583    0.04131
   2617.07000    2.73837    0.06675    1.91004    0.05154
   2622.29000    2.80848    0.05144    1.90338    0.03837
   2628.28000    2.56013    0.07413    1.84967    0.03214
   2635.25000    2.88397    0.05347    1.82220    0.05140
   2642.65000    2.81579    0.06943    1.91480    0.06032
   2649.61000    2.76092    0.04400    1.85825    0.04254
   2655.60000    2.81755    0.04762    2.01879    0.04815
   2662.03000    2.89484    0.05366    1.97708    0.06635
   2667.83000    2.79533    0.02441    2.02732    0.05832
   2674.16000    2.89457    0.04848    1.90899    0.07671
   2922.39000    2.80383    0.07464    2.03751    0.05472
   2927.35000    2.71781    0.05108    2.02061    0.03042
   2931.79000    2.76093    0.07325    1.91274    0.07761
   2939.87000    2.43693    0.06107    1.80401    0.03854
   2944.85000    2.78832    0.05176    1.98315    0.05044
   2950.30000    2.83548    0.04983    1.97653    0.04642
   2955.98000    2.79910    0.03521    1.99534    0.02385
   2959.42000    2.80927    0.06385    2.03340    0.04985
   2965.18000    2.83140    0.03771    2.06537    0.04923
   2971.27000    2.78698    0.04850    2.06233    0.07351
   2977.35000    3.00310    0.06141    2.24624    0.07957
   2983.98000    2.78015    0.03770    2.02208    0.03118
   2989.06000    2.81939    0.03341    2.04375    0.03237
   2993.49000    2.77803    0.05413    1.98803    0.07062
   3000.42000    2.82679    0.04403    2.01991    0.02490
   3006.13000    2.82933    0.03795    2.08577    0.06301
   3011.19000    2.88561    0.05330    2.08509    0.04181
   3019.62000    2.82248    0.07081    1.93702    0.07200
   3024.08000    2.87581    0.05342    2.11135    0.05975
   3029.43000    2.75076    0.05223    2.07258    0.04558
   3035.26000    2.78978    0.02342    2.11166    0.04061
   3286.39000    2.61770    0.06219    1.99664    0.06541
   3293.54000    2.59334    0.05355    1.94880    0.04790
   3301.65000    2.59716    0.05834    1.86588    0.03545
   3308.94000    2.50718    0.06067    1.90387    0.08033
   3315.47000    2.49484    0.07154    1.85929    0.06497
   3321.99000    2.52356    0.06199    1.85192    0.05532
   3328.83000    2.58614    0.05311    1.77852    0.02950
   3333.34000    2.35553    0.09032    1.88289    0.03550
   3339.55000    2.62423    0.08233    1.79260    0.04980
   3345.97000    2.59833    0.04740    1.87530    0.05824
   3353.32000    2.59092    0.03612    1.87129    0.04862
   3358.88000    2.47097    0.06815    1.78664    0.05346
   3365.21000    2.59084    0.07994    1.95262    0.05020
   3373.01000    2.58958    0.04331    1.82382    0.03111
   3379.00000    2.55261    0.05411    1.79921    0.07167
   3384.07000    2.33611    0.06374    1.68873    0.04946
   3388.09000    2.49971    0.05900    1.80123    0.04229
   3393.04000    2.58142    0.05617    1.79158    0.03642
   3399.36000    2.31478    0.08360    1.76873    0.02924
   3403.67000    2.55241    0.04463    1.64035    0.08216
