## Time Delay Challenge light curves
##
## [time]=days, [lc]=[err]=flux in nanomaggies
##
##       time       lc_A      err_A       lc_B      err_B
##-------------------------------------------------------
      0.06000    5.14176    0.04458   23.95204    0.02331
      5.07000    5.09838    0.06711   23.44442    0.08480
     11.35000    5.07169    0.03763   23.86957    0.04893
     16.46000    4.97744    0.04747   23.20990    0.04360
     24.38000    5.13236    0.03744   23.24969    0.02694
     31.81000    5.08876    0.06948   22.91451    0.06393
     36.48000    5.12519    0.06467   23.34749    0.03334
     43.72000    5.08705    0.06311   22.62528    0.06373
     50.73000    5.07402    0.03225   22.17574    0.03296
     55.46000    4.88241    0.05026   21.99504    0.05561
     61.95000    4.90282    0.04698   22.79789    0.05211
     67.50000    4.84698    0.05706   23.27161    0.06288
     73.79000    4.90158    0.06402   23.36248    0.03906
     81.72000    4.93694    0.02876   23.60326    0.05393
     86.54000    4.78623    0.02987   23.54546    0.04675
     91.24000    4.73930    0.04848   23.45574    0.04784
     96.14000    4.70905    0.07358   23.32752    0.05583
    102.22000    4.81868    0.03516   23.07422    0.04918
    108.22000    4.99370    0.03786   23.07355    0.06685
    114.15000    5.04331    0.06213   23.28020    0.06288
    365.02000    5.16606    0.05460   23.82554    0.07076
    371.19000    5.07369    0.07385   24.14622    0.05272
    378.16000    5.09067    0.03236   24.13968    0.04711
    383.40000    5.02841    0.02960   24.03919    0.06660
    388.90000    4.89452    0.06144   23.85341    0.06933
    395.90000    5.11187    0.06647   24.25496    0.06793
    401.32000    5.03053    0.02095   24.37214    0.05884
    406.43000    5.11982    0.08047   24.08743    0.03891
    413.59000    5.05701    0.05109   23.98291    0.02152
    419.60000    5.23713    0.07514   23.48965    0.05862
    426.10000    5.03491    0.05480   23.46545    0.04159
    433.89000    5.05455    0.04545   23.48472    0.03103
    439.98000    5.21636    0.04537   24.14341    0.08185
    445.85000    5.07088    0.04787   23.22245    0.04267
    451.64000    5.07601    0.03261   23.08070    0.06513
    456.53000    4.98294    0.05408   23.31341    0.07395
    461.71000    4.82337    0.04925   23.85671    0.04382
    467.95000    4.88476    0.03737   23.99445    0.05470
    474.77000    4.67218    0.03054   24.42907    0.03165
    480.72000    5.14507    0.04655   24.04721    0.04581
    730.04000    4.97014    0.02511   24.69143    0.04212
    736.05000    4.85042    0.05670   23.85583    0.03437
    742.61000    4.83622    0.02970   23.59721    0.05223
    751.33000    4.82037    0.04478   23.32269    0.06376
    756.92000    4.95506    0.07916   23.33439    0.03251
    763.35000    4.90263    0.07068   22.77606    0.04663
    767.45000    5.15365    0.04062   22.40228    0.07766
    773.14000    4.85595    0.07722   22.51419    0.06988
    780.47000    4.85287    0.04334   22.77942    0.06234
    785.75000    4.79522    0.07165   22.69077    0.05541
    791.17000    4.77121    0.07115   23.22673    0.06009
    796.46000    4.77244    0.02644   23.22788    0.03864
    802.47000    4.78705    0.04980   23.46023    0.06512
    809.24000    4.56789    0.04721   23.29364    0.03247
    815.12000    4.47479    0.05500   22.85024    0.06459
    820.66000    4.42642    0.06028   22.09249    0.05356
    827.13000    4.73732    0.04647   22.39047    0.04585
    833.26000    4.81439    0.05373   22.46307    0.05632
    838.55000    4.82901    0.04919   23.31346    0.08089
    845.90000    4.70024    0.05848   23.75164    0.06776
   1096.80000    5.08233    0.04252   25.21194    0.05662
   1104.01000    4.93120    0.05372   25.04356    0.04549
   1109.25000    4.87847    0.05199   24.39233    0.06901
   1116.90000    5.03306    0.04734   24.63325    0.06747
   1121.44000    4.50498    0.04391   25.27385    0.06902
   1125.96000    4.98911    0.05714   24.38174    0.05508
   1132.57000    5.12574    0.06125   24.89985    0.04306
   1138.75000    4.97454    0.05284   25.13810    0.04641
   1144.70000    4.91692    0.07306   24.55663    0.04449
   1150.13000    5.00070    0.05433   24.80941    0.05523
   1157.58000    4.43004    0.07565   24.80873    0.06077
   1162.82000    4.96893    0.04723   24.94172    0.04887
   1168.43000    4.94634    0.04086   24.78955    0.04685
   1173.34000    5.02443    0.05591   25.03428    0.07307
   1178.05000    5.01959    0.02803   24.29782    0.05551
   1182.81000    4.68639    0.03739   24.89107    0.07008
   1189.07000    4.81718    0.05818   24.26976    0.04468
   1194.83000    4.86250    0.05372   24.28066    0.02567
   1199.68000    5.02453    0.05508   24.54284    0.04433
   1204.29000    5.08349    0.03115   24.92510    0.04799
   1210.15000    5.01163    0.04458   24.10518    0.04533
   1463.87000    4.43344    0.05544   21.40846    0.04182
   1470.58000    4.16517    0.06393   21.76127    0.05681
   1477.31000    4.29814    0.06121   21.17684    0.05659
   1483.44000    4.26287    0.03531   20.60575    0.05398
   1488.57000    4.25485    0.04711   20.41127    0.07652
   1493.71000    4.20335    0.05762   19.86489    0.03736
   1501.34000    4.21829    0.03859   19.97025    0.04444
   1506.67000    4.22726    0.04548   20.28414    0.07155
   1512.59000    4.25879    0.01211   20.55124    0.05644
   1517.43000    4.18954    0.05260   20.61765    0.05619
   1524.20000    4.09056    0.05444   20.38138    0.05671
   1528.67000    3.97364    0.03276   20.82307    0.07174
   1535.59000    3.88523    0.05223   20.67820    0.04640
   1541.38000    3.93542    0.04277   20.71306    0.02530
   1549.30000    4.09742    0.06155   20.98308    0.08563
   1555.28000    4.03262    0.05567   21.21308    0.05319
   1561.06000    4.02123    0.06339   20.86049    0.03802
   1567.07000    4.05828    0.06599   20.85887    0.05727
   1573.62000    4.07308    0.05410   21.21365    0.03767
   1579.23000    4.15063    0.07899   21.03028    0.08496
   1829.44000    3.83281    0.08103   22.17361    0.05472
   1836.55000    3.91547    0.03374   21.81384    0.01913
   1843.64000    3.98921    0.05349   21.81747    0.06679
   1851.35000    4.00845    0.03766   21.55247    0.07256
   1859.42000    4.28050    0.05421   21.59536    0.03893
   1868.28000    4.16778    0.03342   21.85083    0.08977
   1874.77000    4.27328    0.08303   21.77919    0.05515
   1878.69000    4.24390    0.05944   21.95994    0.03836
   1886.07000    4.18910    0.02461   22.09256    0.07177
   1892.21000    4.23919    0.04330   22.25875    0.03206
   1897.86000    4.15315    0.05897   21.89052    0.04735
   1903.23000    4.23925    0.05623   21.94335    0.03801
   1909.94000    3.97419    0.04787   21.83304    0.03583
   1914.88000    4.16666    0.04902   22.09517    0.05249
   1919.60000    4.22940    0.05988   21.92242    0.06238
   1927.14000    4.27617    0.04373   21.52965    0.06063
   1933.63000    4.17523    0.06810   22.00085    0.06703
   1940.64000    4.08903    0.10045   21.81919    0.02380
   2194.31000    4.35284    0.07528   22.08822    0.06308
   2200.66000    4.37127    0.04569   22.29385    0.05744
   2206.78000    4.40950    0.06249   22.16777    0.03436
   2213.18000    4.45200    0.04220   22.48654    0.03845
   2218.08000    4.50417    0.07218   22.75877    0.04889
   2223.62000    4.33748    0.06432   22.39378    0.03111
   2229.79000    4.27112    0.04699   21.85768    0.06232
   2236.80000    4.25374    0.05579   22.00210    0.02412
   2242.39000    4.15736    0.03864   21.86112    0.02943
   2248.28000    4.03865    0.05692   22.02044    0.02769
   2253.76000    4.27884    0.05944   21.63612    0.02417
   2260.53000    4.21798    0.05989   21.95947    0.04140
   2267.15000    4.16313    0.04619   21.70336    0.05539
   2273.91000    4.14240    0.05202   21.75513    0.05434
   2279.48000    4.17666    0.04886   21.95660    0.06190
   2284.29000    4.17406    0.02947   21.68945    0.04528
   2290.43000    4.13132    0.06476   21.23375    0.06041
   2296.14000    4.06206    0.04954   21.93145    0.04139
   2300.68000    4.16628    0.03623   21.47238    0.04840
   2306.71000    4.02033    0.05134   21.95247    0.05465
   2558.60000    4.05931    0.06049   21.30518    0.04354
   2564.22000    3.95486    0.06049   21.68608    0.06391
   2569.86000    3.85110    0.09004   21.63963    0.05393
   2575.31000    3.86130    0.03350   21.64084    0.05662
   2579.52000    3.90096    0.02192   21.57977    0.04916
   2584.64000    4.12142    0.06146   21.90762    0.04300
   2589.91000    3.84012    0.03506   21.62000    0.05112
   2595.98000    3.63193    0.04365   20.86431    0.05359
   2600.92000    3.81184    0.07384   21.07646    0.03083
   2607.54000    4.08836    0.08154   21.23757    0.04716
   2611.55000    4.09343    0.05425   21.00957    0.05535
   2618.43000    3.97145    0.04492   21.16127    0.07014
   2625.25000    3.99837    0.08380   20.52214    0.05971
   2629.86000    3.97108    0.03268   21.14022    0.03587
   2634.51000    3.91991    0.06519   21.03945    0.04800
   2640.29000    3.89872    0.04929   20.97633    0.03767
   2646.22000    3.93232    0.06000   21.21233    0.02040
   2653.83000    3.81782    0.07875   20.96357    0.03094
   2659.55000    3.81125    0.07065   20.96271    0.04874
   2666.29000    3.76806    0.03065   20.45285    0.03300
   2673.53000    3.92232    0.06404   20.20079    0.04307
   2920.32000    4.11437    0.04005   23.49211    0.06825
   2925.32000    4.03305    0.04846   23.51461    0.03388
   2933.83000    4.12844    0.06188   22.21443    0.04160
   2940.67000    4.08545    0.04581   22.83581    0.03314
   2946.93000    4.22924    0.06059   23.45904    0.01907
   2950.83000    4.08139    0.02645   23.29853    0.03080
   2956.09000    4.31086    0.07297   23.10662    0.03470
   2962.34000    4.30030    0.05802   22.87160    0.04776
   2966.28000    4.20110    0.03570   22.00004    0.03364
   2970.70000    4.14271    0.07048   21.65380    0.06891
   2976.03000    3.95704    0.05478   21.55376    0.05552
   2981.55000    4.09699    0.05944   21.74272    0.05999
   2988.35000    4.17586    0.03613   22.15581    0.05527
   2993.87000    3.95022    0.03845   21.75036    0.03376
   2998.86000    4.12954    0.03955   21.45164    0.03238
   3005.40000    4.02217    0.05211   22.15845    0.05735
   3010.01000    3.77906    0.04848   22.05485    0.04946
   3014.86000    3.90642    0.03734   21.78292    0.05696
   3020.31000    3.84374    0.04847   21.63493    0.06895
   3026.04000    4.00881    0.04812   21.14544    0.04073
   3031.56000    3.95112    0.04361   20.81671    0.06965
   3037.28000    3.90128    0.06082   20.90233    0.04932
   3287.34000    4.15422    0.03516   23.44529    0.02206
   3293.31000    4.14488    0.03456   23.41809    0.07140
   3298.64000    4.40147    0.03600   23.70537    0.04007
   3305.23000    4.06287    0.06971   23.87507    0.08419
   3311.97000    4.05318    0.04585   23.18171    0.02072
   3318.48000    4.12713    0.04859   22.94394    0.06514
   3323.27000    4.15109    0.03685   22.95448    0.06511
   3330.66000    4.00432    0.07767   22.49760    0.04802
   3335.15000    4.10004    0.05390   22.74789    0.05387
   3340.79000    4.17663    0.02189   23.17378    0.04927
   3346.76000    4.20327    0.04191   23.37840    0.03739
   3353.15000    4.10230    0.06984   23.33830    0.05276
   3359.18000    4.06998    0.06938   23.14687    0.05382
   3365.65000    4.32702    0.05221   22.76221    0.04051
   3373.03000    3.95866    0.06859   22.32070    0.05806
   3380.98000    4.05795    0.04254   22.73905    0.04185
   3388.08000    4.05672    0.03880   22.99296    0.05797
   3394.31000    4.06866    0.05146   23.26628    0.04522
   3400.29000    3.99825    0.05555   22.61852    0.06006
