## Time Delay Challenge light curves
##
## [time]=days, [lc]=[err]=flux in nanomaggies
##
##       time       lc_A      err_A       lc_B      err_B
##-------------------------------------------------------
      1.18000    0.48972    0.04399    0.79101    0.06407
      8.07000    0.47568    0.07787    0.55038    0.10253
     16.06000    0.41353    0.04973    0.76774    0.08362
     21.81000    0.46229    0.05449    0.73372    0.07198
     28.49000    0.45037    0.04815    0.79035    0.05398
     34.22000    0.41269    0.03831    0.73544    0.03581
     40.31000    0.34193    0.05596    0.67862    0.04092
     45.95000    0.43513    0.05412    0.50490    0.04392
     52.28000    0.37033    0.03492    0.67851    0.04384
     56.64000    0.47067    0.04931    0.61487    0.08185
     63.79000    0.34753    0.04913    0.70227    0.07950
     69.17000    0.41514    0.06123    0.71388    0.03800
     75.33000    0.40775    0.04582    0.65240    0.04536
     81.83000    0.42405    0.03958    0.70724    0.06495
     87.96000    0.43689    0.05428    0.62291    0.06489
     93.44000    0.40370    0.04853    0.66104    0.05034
    100.08000    0.47152    0.06409    0.70977    0.03136
    106.21000    0.45127    0.04359    0.78274    0.03587
    111.94000    0.37231    0.05110    0.78663    0.04905
    118.15000    0.45586    0.04356    0.79505    0.04489
    367.25000    0.52840    0.03601    0.83736    0.03676
    373.64000    0.56874    0.06616    0.87007    0.05220
    378.35000    0.60228    0.07160    0.83111    0.04361
    383.86000    0.53535    0.04674    0.94102    0.03739
    388.50000    0.51533    0.06594    0.87321    0.06681
    395.35000    0.57401    0.04476    0.83868    0.04138
    401.28000    0.59145    0.03280    0.89992    0.04750
    407.30000    0.54439    0.04029    0.93056    0.06948
    413.35000    0.64647    0.08170    0.90246    0.03498
    418.17000    0.58346    0.03760    1.15717    0.07105
    423.22000    0.56961    0.05314    0.85428    0.07441
    428.74000    0.60581    0.04636    1.00613    0.03314
    434.45000    0.54023    0.07906    1.16649    0.06162
    440.02000    0.63086    0.05273    0.98147    0.04489
    445.89000    0.64272    0.05736    1.01565    0.02358
    451.44000    0.65196    0.05121    1.10411    0.07890
    456.14000    0.70733    0.05219    1.01637    0.04672
    463.54000    0.60878    0.02952    1.03503    0.03845
    469.15000    0.66642    0.07283    0.97548    0.09353
    474.30000    0.57126    0.06370    1.03557    0.04350
    480.93000    0.76667    0.06765    1.06341    0.03702
    732.55000    0.46930    0.06824    0.81486    0.10271
    737.75000    0.50056    0.03502    0.81330    0.05772
    743.11000    0.54250    0.05595    0.91029    0.03578
    747.40000    0.61382    0.04969    0.83800    0.03894
    754.74000    0.53428    0.04125    0.93563    0.05053
    761.90000    0.42239    0.04220    0.92613    0.04871
    767.76000    0.52325    0.06309    0.78570    0.08433
    774.54000    0.49953    0.04862    0.83753    0.05215
    780.21000    0.59359    0.07950    0.89360    0.05432
    785.72000    0.49748    0.05402    0.92569    0.05716
    792.74000    0.49546    0.06662    0.93295    0.07238
    797.95000    0.54485    0.03227    0.89931    0.08126
    806.17000    0.50418    0.04142    0.92762    0.04721
    812.24000    0.48234    0.05126    0.88741    0.03537
    818.46000    0.48667    0.05610    0.90963    0.04031
    824.32000    0.59711    0.03793    0.87340    0.05755
    831.59000    0.41861    0.03890    0.90414    0.05222
    837.25000    0.47846    0.04912    0.81493    0.04215
    842.54000    0.42645    0.02286    0.80355    0.04684
    847.42000    0.48176    0.07541    0.76048    0.04349
   1098.99000    0.65410    0.05811    1.03869    0.06187
   1105.24000    0.55981    0.05364    1.09807    0.04937
   1111.12000    0.58437    0.04310    1.09359    0.06617
   1117.78000    0.56769    0.06151    0.86719    0.05757
   1124.12000    0.56552    0.05262    1.00133    0.06430
   1130.07000    0.59718    0.07086    0.96690    0.05807
   1135.03000    0.64548    0.06719    0.92883    0.07006
   1141.00000    0.58499    0.04630    1.02996    0.04721
   1145.71000    0.60807    0.03233    1.18570    0.07382
   1151.16000    0.57957    0.04244    1.04493    0.04145
   1155.33000    0.58033    0.03664    1.01572    0.05214
   1164.53000    0.61043    0.02566    0.97733    0.04974
   1171.17000    0.69225    0.05201    1.04720    0.05717
   1177.23000    0.50570    0.03573    0.98058    0.08387
   1180.26000    0.47771    0.05627    0.96961    0.07370
   1187.38000    0.51991    0.02172    0.95234    0.02185
   1193.62000    0.51425    0.03182    0.98691    0.07010
   1198.57000    0.56496    0.06789    0.96112    0.03601
   1205.06000    0.57182    0.07981    0.91985    0.04440
   1210.51000    0.61764    0.05334    0.99627    0.00955
   1462.42000    0.59678    0.05260    1.23569    0.07495
   1468.88000    0.52979    0.04468    0.93846    0.05954
   1474.42000    0.51434    0.07446    0.95920    0.05485
   1482.42000    0.65716    0.04088    1.01215    0.02673
   1486.19000    0.66161    0.05578    1.00924    0.06654
   1490.86000    0.51657    0.08220    0.99382    0.04891
   1495.59000    0.55167    0.06347    0.93356    0.05859
   1501.95000    0.68286    0.07607    1.03263    0.03726
   1507.45000    0.55164    0.04560    1.03729    0.07009
   1512.82000    0.69629    0.05560    1.14363    0.05861
   1519.66000    0.68816    0.07864    1.08630    0.05539
   1525.06000    0.70935    0.05829    1.05444    0.07950
   1533.48000    0.64417    0.06086    1.11733    0.04034
   1539.18000    0.58068    0.04512    0.95314    0.07761
   1544.84000    0.55074    0.03734    0.98744    0.06202
   1549.59000    0.60463    0.01462    0.97813    0.06315
   1554.24000    0.55476    0.04857    1.03428    0.05114
   1560.66000    0.65399    0.05750    1.05373    0.05403
   1567.09000    0.57234    0.04096    1.01567    0.04795
   1573.43000    0.59624    0.00934    1.00339    0.05213
   1579.56000    0.62362    0.06751    1.00947    0.05987
   1829.54000    0.46895    0.06221    0.82531    0.03288
   1834.72000    0.44637    0.06442    0.85024    0.07342
   1840.93000    0.51723    0.02368    0.75307    0.04010
   1846.24000    0.46265    0.04519    0.80550    0.04286
   1850.43000    0.53836    0.05757    0.71993    0.06853
   1854.40000    0.54668    0.01149    0.85982    0.05334
   1860.97000    0.60484    0.05409    0.93607    0.05625
   1865.06000    0.49682    0.06810    0.84878    0.07607
   1870.41000    0.47065    0.05559    0.84857    0.03489
   1877.45000    0.58355    0.04480    0.88103    0.03996
   1882.52000    0.53628    0.05099    0.83399    0.06527
   1887.83000    0.57695    0.05725    0.89665    0.08876
   1892.60000    0.54443    0.08047    0.85377    0.05672
   1898.21000    0.46190    0.07475    0.84367    0.00620
   1904.90000    0.35027    0.08245    0.76335    0.03884
   1910.19000    0.46472    0.02544    0.79563    0.06378
   1914.60000    0.48974    0.03795    0.65190    0.05687
   1920.06000    0.37033    0.05065    0.87853    0.07192
   1926.46000    0.55135    0.05230    0.76083    0.05829
   1933.10000    0.47228    0.05120    0.83833    0.06034
   1940.39000    0.55023    0.04376    0.83215    0.03991
   2196.51000    0.61481    0.06898    1.02046    0.04326
   2202.89000    0.53078    0.05784    1.05253    0.05246
   2209.45000    0.72161    0.07011    1.03487    0.03081
   2213.89000    0.74942    0.05590    1.19398    0.05933
   2219.21000    0.69513    0.07462    1.00757    0.05976
   2224.19000    0.68445    0.04012    1.03215    0.04193
   2229.66000    0.64278    0.09156    1.05138    0.04855
   2234.35000    0.65877    0.07825    1.18302    0.07292
   2240.94000    0.63282    0.03283    1.12787    0.05731
   2246.43000    0.58377    0.05562    1.07218    0.04811
   2252.43000    0.51659    0.05676    0.91414    0.03522
   2257.44000    0.56566    0.06378    1.09852    0.05873
   2263.65000    0.53661    0.05542    1.09556    0.07470
   2268.61000    0.67516    0.04924    0.89124    0.06348
   2275.39000    0.58026    0.04588    0.94947    0.06612
   2281.17000    0.59270    0.07327    0.98477    0.01689
   2288.13000    0.55923    0.04022    0.92355    0.05712
   2294.53000    0.63356    0.05331    0.97446    0.03479
   2299.44000    0.55016    0.06284    0.96238    0.05468
   2305.47000    0.38090    0.05963    0.88387    0.05536
   2309.00000    0.63017    0.04653    0.71881    0.06677
   2557.96000    0.48845    0.05349    0.95876    0.03824
   2565.13000    0.51365    0.07099    0.88805    0.05804
   2571.91000    0.51383    0.04250    0.97908    0.05569
   2578.72000    0.51728    0.02361    0.88161    0.06379
   2585.77000    0.54456    0.05228    0.90337    0.03974
   2593.26000    0.52689    0.03971    0.94800    0.07565
   2598.62000    0.52549    0.03990    0.97768    0.04617
   2603.19000    0.61006    0.06379    0.83311    0.10133
   2607.84000    0.58300    0.03694    0.86118    0.06117
   2615.79000    0.53619    0.06445    0.98740    0.04020
   2621.65000    0.59289    0.03944    0.97635    0.02271
   2628.88000    0.56318    0.05630    0.81892    0.06734
   2634.77000    0.55809    0.06141    0.94372    0.03317
   2640.27000    0.72340    0.05429    0.90250    0.05624
   2646.88000    0.55122    0.07371    0.98799    0.04828
   2652.12000    0.59475    0.06502    0.97595    0.04454
   2659.28000    0.52593    0.03134    0.89793    0.04522
   2666.13000    0.53009    0.04020    0.94763    0.05776
   2672.69000    0.59035    0.08108    1.00809    0.06656
   2922.42000    0.57479    0.06905    1.19638    0.09924
   2928.13000    0.68843    0.06297    1.19508    0.05227
   2933.05000    0.55276    0.04902    1.15508    0.08944
   2938.26000    0.55981    0.08353    1.13171    0.04311
   2944.90000    0.63038    0.04534    0.98379    0.03599
   2950.61000    0.51908    0.05672    1.11464    0.06490
   2956.26000    0.61306    0.03410    1.11460    0.06462
   2963.48000    0.51765    0.07813    1.13850    0.06835
   2969.34000    0.61549    0.04486    1.25531    0.08160
   2976.77000    0.57941    0.02627    1.19503    0.07530
   2981.39000    0.51902    0.06872    1.11154    0.06457
   2987.84000    0.50181    0.05518    1.00228    0.05635
   2992.95000    0.51620    0.06996    0.97914    0.05974
   2999.22000    0.50289    0.04826    1.06274    0.02988
   3003.69000    0.60830    0.07945    1.10207    0.06366
   3008.30000    0.57266    0.02912    1.08959    0.03721
   3015.12000    0.59170    0.05996    1.00713    0.05134
   3019.15000    0.47189    0.05820    0.95553    0.06600
   3024.89000    0.54655    0.06906    0.95163    0.04045
   3029.33000    0.52407    0.04836    0.98446    0.05477
   3034.65000    0.59212    0.05175    1.16846    0.07672
   3285.61000    0.51093    0.01977    0.81230    0.03986
   3291.12000    0.50768    0.04028    0.79783    0.05808
   3296.80000    0.52460    0.06455    0.82921    0.09411
   3303.43000    0.57909    0.07742    0.79241    0.06755
   3309.14000    0.57655    0.04700    0.77522    0.07797
   3315.65000    0.51540    0.07183    0.97520    0.03126
   3322.41000    0.52924    0.06147    0.91835    0.07031
   3329.13000    0.60100    0.04247    0.95754    0.04051
   3335.19000    0.57068    0.02339    1.07549    0.06434
   3343.48000    0.61113    0.04449    0.97887    0.07111
   3351.16000    0.56703    0.02617    0.95110    0.03607
   3356.27000    0.59403    0.04670    0.98523    0.03710
   3363.51000    0.54213    0.05406    0.95575    0.07186
   3369.08000    0.52549    0.05824    0.90403    0.06613
   3376.42000    0.53622    0.05851    0.95302    0.05307
   3381.56000    0.60975    0.05999    0.93537    0.05910
   3387.66000    0.56331    0.07533    1.06260    0.04657
   3393.55000    0.64218    0.05965    0.97691    0.03353
   3400.41000    0.58540    0.03931    1.00652    0.04698
