## Time Delay Challenge light curves
##
## [time]=days, [lc]=[err]=flux in nanomaggies
##
##       time       lc_A      err_A       lc_B      err_B
##-------------------------------------------------------
      0.02000    6.49344    0.04523    1.42054    0.04932
      5.23000    6.86682    0.05457    1.35476    0.03736
     11.61000    6.40391    0.03136    1.25480    0.03340
     16.87000    6.52599    0.04586    1.27515    0.05089
     23.22000    7.09404    0.02140    1.36418    0.06131
     28.45000    7.22301    0.04731    1.25292    0.04033
     34.86000    7.04398    0.07182    1.30861    0.05770
     40.54000    7.19140    0.04731    1.28489    0.04065
     46.73000    7.04486    0.05074    1.35877    0.03014
     51.97000    7.50141    0.05001    1.37773    0.04983
     58.65000    7.32359    0.04799    1.39030    0.05998
     63.66000    7.76891    0.06130    1.34739    0.05777
     69.93000    7.59951    0.05070    1.32840    0.05534
     74.77000    7.11544    0.04049    1.23126    0.04192
     78.45000    7.13628    0.02087    1.40192    0.05614
     84.62000    7.23556    0.03411    1.44310    0.06998
     89.99000    7.49729    0.05163    1.55953    0.05629
     95.15000    7.37259    0.07955    1.51260    0.05761
    101.36000    6.89342    0.04537    1.29837    0.02842
    106.43000    6.37420    0.04857    1.26387    0.04936
    112.44000    6.22845    0.03263    1.43150    0.05215
    118.39000    6.03545    0.03889    1.32028    0.04908
    365.54000    6.88244    0.04193    1.19325    0.04127
    371.21000    7.39751    0.05460    1.13795    0.04951
    376.64000    8.21950    0.05209    1.26260    0.06624
    382.62000    8.46434    0.04171    1.19282    0.02567
    387.56000    8.40054    0.05041    1.36213    0.03435
    392.08000    8.32081    0.04699    1.31359    0.04976
    397.85000    8.28959    0.06609    1.47047    0.03948
    405.07000    8.47198    0.04746    1.60629    0.05341
    410.29000    8.48025    0.06081    1.60467    0.04939
    416.01000    8.53732    0.06575    1.62578    0.02928
    422.08000    8.40460    0.07833    1.69687    0.05828
    427.90000    8.29235    0.02815    1.59767    0.03894
    433.50000    8.38059    0.01650    1.63721    0.03466
    439.83000    8.54019    0.06139    1.59223    0.05917
    446.09000    8.13119    0.04092    1.53956    0.04831
    451.01000    8.47290    0.06496    1.55501    0.07136
    458.61000    8.62292    0.04536    1.49183    0.07200
    463.81000    8.67298    0.07069    1.56201    0.02805
    470.52000    8.22707    0.05187    1.60619    0.06288
    474.97000    8.36892    0.05853    1.59940    0.02494
    481.40000    8.50462    0.05294    1.62820    0.03970
    731.13000    7.18411    0.05757    1.45636    0.05287
    735.45000    7.44298    0.04491    1.48062    0.02819
    740.77000    7.08246    0.04006    1.56720    0.05239
    747.93000    7.72974    0.07962    1.43568    0.04055
    752.00000    7.36352    0.04252    1.39789    0.05559
    759.01000    7.34849    0.05906    1.40903    0.06222
    766.63000    7.90448    0.06233    1.29508    0.07836
    772.97000    7.51412    0.04927    1.54756    0.06000
    778.96000    7.46535    0.05330    1.42892    0.05831
    784.93000    7.75471    0.03233    1.35510    0.04983
    789.60000    7.76709    0.05091    1.55886    0.05091
    795.28000    7.92329    0.04950    1.46827    0.05660
    802.02000    7.53786    0.04914    1.52565    0.08488
    809.41000    7.51656    0.02571    1.39706    0.04638
    816.90000    7.14583    0.06673    1.48433    0.03025
    822.42000    7.30820    0.04296    1.42677    0.05126
    828.48000    6.96267    0.06188    1.49394    0.07509
    834.46000    6.63196    0.05967    1.47000    0.04413
    841.33000    6.59185    0.05587    1.47150    0.04995
    846.61000    6.98828    0.04740    1.42329    0.05487
   1100.15000    7.18044    0.07903    1.20916    0.04869
   1105.87000    7.55713    0.04889    1.26679    0.05448
   1111.82000    8.57609    0.07712    1.32457    0.05016
   1116.81000    8.71500    0.04919    1.43977    0.06120
   1123.33000    8.95173    0.06293    1.62454    0.07478
   1129.20000    8.38643    0.06608    1.59056    0.05834
   1135.76000    8.45396    0.05879    1.80429    0.09232
   1142.32000    8.41692    0.05380    1.92922    0.05412
   1147.47000    8.62975    0.04988    1.91692    0.05887
   1152.57000    8.31693    0.05820    2.00475    0.09071
   1159.51000    8.80804    0.05056    1.86435    0.04350
   1165.27000    9.24031    0.04736    1.87591    0.02276
   1169.74000    8.65206    0.04830    1.76968    0.01721
   1174.20000    8.56054    0.03241    1.89700    0.09712
   1180.58000    8.50384    0.05486    1.95588    0.05884
   1186.08000    8.45990    0.04857    1.95997    0.06523
   1192.28000    7.90160    0.06781    2.08734    0.05137
   1199.64000    8.21241    0.05045    1.83524    0.06828
   1208.63000    8.63658    0.06266    1.84565    0.06202
   1463.92000    5.19665    0.08235    1.47816    0.06752
   1470.67000    4.95604    0.04685    1.34946    0.02937
   1476.09000    4.72444    0.06744    1.28280    0.08467
   1481.48000    4.97755    0.09455    1.40401    0.07083
   1488.63000    4.87570    0.08309    1.28064    0.05884
   1493.51000    4.90335    0.05637    1.27615    0.05422
   1498.09000    5.37254    0.03525    1.32829    0.07299
   1504.04000    5.57747    0.03573    1.16377    0.04595
   1509.61000    5.89604    0.05036    1.17394    0.05612
   1515.70000    6.57638    0.08674    1.04490    0.07334
   1519.99000    6.31302    0.07720    1.26589    0.05292
   1526.99000    6.81095    0.04962    1.28740    0.02544
   1533.89000    6.67992    0.03095    1.42504    0.04982
   1540.58000    6.09151    0.06687    1.56816    0.04675
   1546.48000    6.00835    0.05086    1.61211    0.06719
   1553.54000    5.77198    0.07095    1.63232    0.03812
   1561.58000    6.15461    0.05813    1.62881    0.04753
   1568.40000    6.79978    0.06774    1.39280    0.05070
   1574.16000    6.21857    0.02378    1.41769    0.05532
   1829.48000    4.99295    0.05065    1.43658    0.05549
   1835.37000    5.18002    0.06538    1.22523    0.02621
   1841.31000    5.56375    0.05040    1.30096    0.08076
   1849.12000    5.95525    0.07310    1.36801    0.07721
   1855.59000    6.18190    0.06339    1.38507    0.03578
   1861.34000    6.09905    0.05003    1.30739    0.05193
   1868.09000    6.18818    0.04797    1.54896    0.08148
   1875.05000    6.52612    0.06270    1.56605    0.07483
   1883.69000    6.50899    0.08420    1.71548    0.04684
   1889.64000    6.44659    0.04175    1.61680    0.04720
   1895.95000    6.45091    0.03507    1.81866    0.08167
   1903.26000    6.31522    0.02525    1.82252    0.06662
   1910.04000    5.77433    0.04081    1.73185    0.04112
   1918.55000    5.71088    0.06463    1.65581    0.07034
   1923.58000    5.81603    0.07277    1.68716    0.06988
   1927.36000    5.53746    0.05314    1.76384    0.05201
   1933.43000    5.62337    0.03651    1.52220    0.07331
   1939.71000    5.61846    0.05596    1.49610    0.02667
   2190.84000    6.15446    0.05899    1.75925    0.03474
   2197.54000    6.28396    0.03618    1.80599    0.03085
   2202.74000    6.79025    0.06467    1.73950    0.05400
   2208.49000    7.04070    0.06398    1.80711    0.09784
   2214.31000    7.37831    0.05948    1.79708    0.04546
   2219.52000    6.98949    0.05134    1.78171    0.04710
   2226.44000    6.81914    0.04883    1.93038    0.06429
   2232.92000    6.62180    0.05961    2.05647    0.07540
   2240.19000    6.64148    0.03995    2.06484    0.02886
   2246.02000    6.58657    0.04522    2.04615    0.04817
   2252.28000    6.65599    0.05002    1.98102    0.04649
   2259.12000    6.62602    0.04498    1.85968    0.03039
   2264.15000    6.78529    0.04413    1.92098    0.04648
   2272.24000    6.36025    0.07014    1.92683    0.07361
   2278.32000    6.74642    0.03866    1.91767    0.08434
   2283.63000    6.71605    0.06179    1.95076    0.04579
   2290.13000    6.51113    0.06201    1.82756    0.06752
   2294.53000    6.57635    0.04672    1.99224    0.05662
   2298.52000    6.83055    0.04379    1.85493    0.06436
   2302.24000    6.83008    0.06414    1.96474    0.04750
   2308.33000    7.28502    0.01970    1.94926    0.06592
   2558.55000    6.64003    0.07952    2.16700    0.05505
   2565.53000    6.64825    0.05287    2.15235    0.04747
   2572.30000    7.66280    0.04406    2.06531    0.05183
   2578.24000    7.65173    0.03922    2.07839    0.05916
   2585.62000    7.31274    0.06335    1.94719    0.06143
   2592.13000    6.77688    0.04754    2.05064    0.03082
   2598.01000    6.97267    0.01935    2.24411    0.06699
   2603.82000    6.77560    0.06376    2.27369    0.03086
   2611.10000    7.17599    0.07515    2.25053    0.05607
   2618.02000    7.02834    0.04912    2.02355    0.04904
   2623.86000    6.77994    0.06040    2.11110    0.03251
   2631.18000    6.65410    0.04685    1.97471    0.03755
   2637.87000    6.51244    0.04206    2.22664    0.06319
   2642.30000    6.48995    0.05193    2.09235    0.05893
   2647.74000    6.19558    0.06736    2.01342    0.04835
   2654.74000    5.90793    0.06595    1.92728    0.02887
   2658.81000    5.72956    0.04622    2.05076    0.07315
   2665.50000    5.38225    0.04186    1.89790    0.06903
   2670.65000    5.26712    0.08313    2.05649    0.05722
   2923.00000    5.03494    0.05692    1.64287    0.04571
   2928.36000    5.07065    0.05633    1.63592    0.04262
   2934.74000    4.62290    0.04878    1.70683    0.04973
   2942.07000    5.30243    0.08222    1.63103    0.05237
   2948.05000    5.27211    0.07770    1.60123    0.04677
   2953.60000    5.29767    0.02377    1.54567    0.07303
   2959.97000    4.80434    0.05355    1.45790    0.04128
   2965.90000    4.78968    0.05833    1.57419    0.04859
   2972.35000    4.47906    0.07361    1.60099    0.05546
   2978.39000    4.54757    0.07295    1.61364    0.03851
   2983.76000    4.76824    0.05992    1.44959    0.06620
   2991.28000    5.11787    0.02629    1.48473    0.04754
   2996.83000    5.18960    0.08055    1.27154    0.06578
   3001.63000    5.22858    0.05029    1.30015    0.01623
   3009.10000    5.28031    0.05296    1.38627    0.06313
   3015.97000    5.57960    0.04116    1.40216    0.06507
   3022.46000    5.93545    0.05366    1.56871    0.04579
   3029.50000    5.84960    0.06724    1.57273    0.06430
   3035.02000    6.11090    0.05295    1.58264    0.07264
   3288.88000    5.89278    0.07380    1.30920    0.08218
   3295.88000    6.20278    0.07198    1.51168    0.03262
   3303.89000    6.23513    0.02385    1.63272    0.05379
   3307.94000    6.59542    0.05402    1.53660    0.05641
   3313.45000    6.37560    0.07421    1.60554    0.06783
   3320.23000    6.07655    0.04665    1.77381    0.03540
   3326.65000    5.96624    0.05955    1.89430    0.03598
   3332.82000    6.25596    0.07446    1.95965    0.07134
   3339.26000    6.50107    0.06531    1.85475    0.02481
   3345.27000    6.42282    0.07006    1.74233    0.04852
   3350.59000    6.50399    0.06545    1.74773    0.03862
   3355.49000    6.42150    0.04673    1.83575    0.02872
   3360.83000    7.06343    0.05131    1.99529    0.04299
   3366.43000    6.74122    0.08196    1.90757    0.07516
   3370.85000    7.03414    0.04621    1.83479    0.04937
   3376.17000    7.63627    0.07186    1.85325    0.02961
   3384.32000    7.85166    0.03557    2.05996    0.04676
   3389.31000    7.85696    0.04791    1.89194    0.04125
   3398.05000    8.00121    0.05069    2.02440    0.06999
   3401.28000    8.07003    0.07177    2.19144    0.04864
