## Time Delay Challenge light curves
##
## [time]=days, [lc]=[err]=flux in nanomaggies
##
##       time       lc_A      err_A       lc_B      err_B
##-------------------------------------------------------
      4.42000    0.56028    0.05085    0.63652    0.05551
     11.56000    0.50974    0.07557    0.58025    0.03227
     17.91000    0.54171    0.06264    0.61439    0.05748
     23.67000    0.52492    0.03805    0.61753    0.03313
     29.46000    0.51786    0.07018    0.71611    0.07857
     34.90000    0.61011    0.03423    0.52868    0.03961
     39.70000    0.57295    0.03349    0.63812    0.05764
     45.37000    0.61074    0.03699    0.50117    0.04987
     50.40000    0.48687    0.07052    0.59164    0.04543
     54.84000    0.47976    0.07554    0.56842    0.05646
     61.55000    0.55902    0.02742    0.55025    0.05616
     67.92000    0.53278    0.03092    0.51617    0.08354
     73.91000    0.50837    0.04159    0.55975    0.05635
     80.50000    0.53544    0.06213    0.60872    0.04220
     85.47000    0.55313    0.03865    0.51515    0.05582
     92.01000    0.65549    0.09248    0.57606    0.05299
     97.22000    0.51584    0.04451    0.58021    0.06086
    103.73000    0.56646    0.05461    0.63295    0.03336
    108.95000    0.51250    0.05294    0.72593    0.06041
    114.89000    0.57326    0.05182    0.59351    0.04177
    365.24000    0.45579    0.08156    0.61250    0.06722
    370.90000    0.49438    0.03679    0.55321    0.04854
    376.97000    0.54306    0.03719    0.55037    0.05642
    382.00000    0.55714    0.07269    0.42889    0.06773
    387.52000    0.48175    0.07086    0.57339    0.05314
    393.10000    0.57504    0.04204    0.63991    0.07990
    399.38000    0.55740    0.04189    0.54028    0.04769
    406.47000    0.66023    0.05984    0.59011    0.03492
    412.58000    0.55001    0.04827    0.63032    0.03949
    418.84000    0.56064    0.02242    0.57113    0.05093
    423.76000    0.49468    0.03074    0.64319    0.05406
    428.94000    0.61502    0.05062    0.70057    0.08102
    435.65000    0.49399    0.04474    0.47227    0.06386
    439.83000    0.52034    0.05171    0.48768    0.04924
    444.97000    0.57051    0.05925    0.72802    0.07248
    452.12000    0.52087    0.05352    0.58129    0.04700
    458.29000    0.55863    0.06802    0.66046    0.04845
    463.82000    0.50937    0.05934    0.58102    0.04042
    470.27000    0.52075    0.02530    0.42820    0.05923
    476.44000    0.47924    0.04213    0.82621    0.07825
    483.93000    0.54081    0.06118    0.60050    0.05453
    733.26000    0.47801    0.04019    0.47701    0.07027
    739.35000    0.48697    0.05705    0.51892    0.03251
    744.13000    0.53943    0.07779    0.57901    0.06282
    749.39000    0.54740    0.05023    0.54643    0.07630
    754.58000    0.51412    0.05658    0.57419    0.04697
    761.90000    0.64615    0.03959    0.57841    0.03581
    767.01000    0.54492    0.02466    0.55330    0.04388
    774.33000    0.49697    0.08045    0.64300    0.06474
    781.44000    0.56367    0.04801    0.65753    0.04496
    788.90000    0.60713    0.05513    0.48691    0.06061
    792.71000    0.55055    0.05831    0.61699    0.04571
    799.81000    0.58177    0.05119    0.58821    0.07831
    805.26000    0.52300    0.04020    0.45535    0.06233
    811.06000    0.58299    0.03434    0.65388    0.07381
    815.90000    0.50714    0.05212    0.54475    0.02858
    822.07000    0.59569    0.06595    0.59750    0.01824
    828.78000    0.60721    0.02417    0.63793    0.05433
    836.52000    0.55700    0.04776    0.58039    0.08195
    842.59000    0.52520    0.05180    0.58908    0.08703
    847.96000    0.57506    0.02819    0.55638    0.05845
   1096.91000    0.44730    0.07165    0.55958    0.04463
   1101.56000    0.44537    0.07331    0.63214    0.06395
   1106.84000    0.41197    0.06162    0.55219    0.06542
   1112.32000    0.50818    0.04334    0.57554    0.05032
   1117.27000    0.48766    0.02834    0.50489    0.05284
   1124.75000    0.47171    0.05586    0.46783    0.06653
   1129.60000    0.42019    0.06813    0.56001    0.03982
   1135.76000    0.44775    0.03384    0.49781    0.05992
   1141.33000    0.45369    0.04370    0.52809    0.07127
   1146.79000    0.47418    0.03804    0.49788    0.01815
   1151.49000    0.55171    0.04906    0.46480    0.05558
   1155.39000    0.43078    0.07645    0.43585    0.03818
   1160.68000    0.47625    0.07476    0.63228    0.05039
   1165.32000    0.35717    0.06925    0.50884    0.03959
   1171.96000    0.44550    0.05629    0.42160    0.06754
   1176.83000    0.43520    0.05871    0.44832    0.04513
   1181.37000    0.48145    0.06263    0.54674    0.06798
   1185.60000    0.42986    0.08310    0.38249    0.08886
   1191.81000    0.41071    0.04317    0.53430    0.04538
   1196.96000    0.52950    0.06934    0.60492    0.08226
   1202.75000    0.43289    0.05658    0.48859    0.06670
   1210.72000    0.42329    0.04749    0.47774    0.04265
   1463.60000    0.48662    0.02891    0.54978    0.02335
   1469.31000    0.50292    0.03987    0.51532    0.02964
   1474.65000    0.48182    0.03390    0.45653    0.06952
   1481.37000    0.52607    0.05890    0.50251    0.05083
   1488.60000    0.61043    0.07505    0.50839    0.01828
   1495.71000    0.48148    0.02902    0.55488    0.03405
   1500.77000    0.43394    0.04752    0.60907    0.05259
   1504.98000    0.48329    0.05835    0.53310    0.03194
   1511.54000    0.49493    0.05909    0.53494    0.04573
   1518.76000    0.60813    0.04575    0.61587    0.04962
   1524.90000    0.54799    0.05557    0.55656    0.04486
   1530.57000    0.50413    0.05594    0.56343    0.03488
   1535.11000    0.43273    0.06054    0.57507    0.06747
   1541.54000    0.47018    0.06070    0.53979    0.04093
   1546.81000    0.49813    0.03626    0.49232    0.07525
   1551.52000    0.63537    0.06476    0.56188    0.04354
   1558.07000    0.52345    0.04292    0.43171    0.05262
   1563.16000    0.51097    0.06653    0.51632    0.02401
   1570.09000    0.49030    0.03072    0.54367    0.05569
   1575.01000    0.49329    0.03017    0.53192    0.03606
   1825.95000    0.54795    0.07368    0.51308    0.06019
   1832.58000    0.48008    0.04467    0.61008    0.07851
   1836.46000    0.52679    0.05156    0.54924    0.03727
   1841.93000    0.42803    0.06887    0.57810    0.02761
   1849.34000    0.53305    0.04439    0.59424    0.05428
   1856.09000    0.50102    0.02829    0.52395    0.06385
   1861.97000    0.52862    0.06667    0.51896    0.05156
   1867.96000    0.49317    0.07993    0.50378    0.03307
   1874.03000    0.43193    0.06708    0.51901    0.04868
   1880.72000    0.55319    0.03662    0.69683    0.06031
   1887.11000    0.48951    0.04663    0.52110    0.04412
   1893.95000    0.49500    0.07264    0.57461    0.06152
   1898.55000    0.54972    0.05553    0.61985    0.06718
   1903.99000    0.54857    0.03911    0.52142    0.06335
   1907.48000    0.55637    0.03364    0.55775    0.06955
   1913.15000    0.43533    0.05697    0.57694    0.05896
   1918.12000    0.43525    0.04301    0.48538    0.05002
   1924.55000    0.46189    0.06878    0.48251    0.07031
   1930.02000    0.50119    0.04228    0.50243    0.04360
   1934.77000    0.56948    0.05581    0.55490    0.05161
   1941.54000    0.56240    0.04889    0.59958    0.06576
   2194.88000    0.54279    0.05689    0.66170    0.05969
   2202.94000    0.54449    0.03223    0.57724    0.02676
   2209.51000    0.51473    0.07441    0.59898    0.02756
   2214.66000    0.57599    0.04850    0.55694    0.04013
   2219.11000    0.47357    0.04285    0.55695    0.05373
   2224.66000    0.53390    0.03396    0.58619    0.03638
   2230.52000    0.45023    0.07241    0.55492    0.01284
   2238.39000    0.60057    0.04686    0.50275    0.07455
   2244.17000    0.52775    0.04310    0.68448    0.05682
   2251.42000    0.55850    0.03731    0.73489    0.08445
   2258.06000    0.57202    0.03372    0.64439    0.06993
   2264.78000    0.57124    0.03228    0.54988    0.04120
   2272.32000    0.51963    0.04515    0.66793    0.07418
   2276.04000    0.62007    0.05684    0.52107    0.07019
   2284.18000    0.45627    0.05150    0.49041    0.05467
   2290.56000    0.42285    0.07478    0.52185    0.04028
   2296.00000    0.53003    0.05207    0.60157    0.02534
   2302.47000    0.58412    0.04789    0.59486    0.04938
   2309.31000    0.52164    0.04379    0.56159    0.05130
   2560.84000    0.55867    0.07173    0.61209    0.06777
   2566.70000    0.55172    0.05920    0.59920    0.06498
   2573.30000    0.50540    0.02825    0.60931    0.02838
   2580.99000    0.50295    0.03953    0.60371    0.04701
   2588.04000    0.55788    0.05993    0.63188    0.06639
   2595.10000    0.55915    0.06505    0.53652    0.05198
   2601.61000    0.52075    0.05651    0.66905    0.05863
   2607.46000    0.47766    0.06894    0.58748    0.02406
   2613.68000    0.53761    0.04460    0.45741    0.08612
   2618.62000    0.53479    0.04472    0.55226    0.02714
   2624.40000    0.47495    0.05966    0.69053    0.05593
   2629.81000    0.59470    0.04183    0.62540    0.07251
   2635.55000    0.56008    0.04553    0.61413    0.05195
   2642.26000    0.38439    0.07696    0.74155    0.09019
   2648.18000    0.57670    0.03362    0.57654    0.04207
   2652.94000    0.52204    0.06140    0.63404    0.04015
   2659.61000    0.52158    0.06289    0.44939    0.06577
   2666.38000    0.57592    0.05814    0.53521    0.04108
   2671.24000    0.47375    0.06918    0.48466    0.06036
   2920.72000    0.54967    0.06997    0.52026    0.03152
   2926.54000    0.50202    0.05304    0.44109    0.06266
   2931.51000    0.61663    0.05458    0.55639    0.05669
   2936.27000    0.48826    0.04653    0.57711    0.04307
   2943.04000    0.48456    0.06873    0.58057    0.02934
   2948.20000    0.56413    0.04088    0.63203    0.06288
   2954.41000    0.64211    0.03598    0.57382    0.04793
   2959.99000    0.63769    0.04639    0.66068    0.04920
   2967.20000    0.59277    0.04874    0.59227    0.03574
   2973.81000    0.46053    0.06009    0.63199    0.07917
   2980.39000    0.41158    0.05959    0.68272    0.08050
   2984.34000    0.46215    0.04955    0.55219    0.04672
   2990.36000    0.54605    0.05533    0.54172    0.07530
   2996.18000    0.51239    0.05063    0.44743    0.06001
   3002.17000    0.47681    0.09621    0.50524    0.06291
   3007.07000    0.50721    0.03910    0.57651    0.06203
   3012.43000    0.56263    0.03802    0.59511    0.03463
   3018.98000    0.52356    0.03401    0.61946    0.06855
   3024.95000    0.59996    0.03360    0.61062    0.02774
   3031.55000    0.52692    0.04265    0.55186    0.04962
   3035.70000    0.58253    0.03958    0.71689    0.04678
   3287.55000    0.48708    0.03470    0.50897    0.04261
   3293.68000    0.47025    0.03708    0.49474    0.04115
   3300.30000    0.45567    0.08946    0.55210    0.05404
   3306.09000    0.44581    0.04348    0.55768    0.03906
   3311.98000    0.42056    0.04573    0.64147    0.09201
   3315.94000    0.41750    0.04221    0.51986    0.05261
   3320.08000    0.49380    0.06323    0.48298    0.06518
   3326.53000    0.41636    0.04619    0.51941    0.04474
   3333.21000    0.47762    0.04869    0.56584    0.04804
   3338.74000    0.47278    0.05876    0.53813    0.07241
   3344.21000    0.44377    0.08898    0.44459    0.04658
   3349.33000    0.48321    0.04368    0.44942    0.05969
   3354.19000    0.51707    0.05842    0.47514    0.02252
   3358.01000    0.53732    0.05510    0.48129    0.04503
   3365.21000    0.43321    0.07331    0.58510    0.05761
   3371.38000    0.39831    0.08086    0.56547    0.04805
   3377.17000    0.48329    0.03993    0.41332    0.06624
   3382.29000    0.42082    0.05913    0.43265    0.05194
   3388.41000    0.46370    0.04906    0.58756    0.06250
   3394.75000    0.44986    0.04037    0.46406    0.05975
   3401.73000    0.45950    0.02649    0.44006    0.04562
