## Time Delay Challenge light curves
##
## [time]=days, [lc]=[err]=flux in nanomaggies
##
##       time       lc_A      err_A       lc_B      err_B
##-------------------------------------------------------
      0.41000    1.29301    0.05539    0.34326    0.04336
      6.17000    1.21847    0.05164    0.18531    0.07350
     12.41000    1.31351    0.06707    0.27313    0.06187
     20.21000    1.26508    0.04493    0.24859    0.06393
     24.87000    1.25128    0.04119    0.32085    0.05442
     30.74000    1.24999    0.03638    0.25237    0.03220
     35.78000    1.33891    0.06056    0.17546    0.07779
     42.70000    1.42836    0.03467    0.29219    0.08193
     47.80000    1.36111    0.07077    0.24364    0.04819
     54.26000    1.42368    0.02705    0.12548    0.05542
     59.95000    1.44349    0.02950    0.32187    0.03480
     65.99000    1.36591    0.01602    0.44604    0.07954
     72.57000    1.23447    0.04844    0.27848    0.06823
     78.61000    1.13213    0.05091    0.31251    0.03066
     86.42000    1.18724    0.04368    0.14896    0.06044
     90.60000    1.04526    0.04619    0.22860    0.05498
     95.39000    1.11536    0.07233    0.26876    0.03336
    101.52000    1.10946    0.03240    0.25577    0.06269
    108.13000    1.15681    0.06466    0.33138    0.04336
    112.81000    1.25997    0.05349    0.21685    0.04019
    118.15000    1.14023    0.06906    0.18112    0.04980
    369.98000    1.39829    0.05408    0.31207    0.04142
    377.23000    1.43203    0.01410    0.36974    0.04823
    385.99000    1.53592    0.03613    0.32717    0.04516
    392.02000    1.55561    0.05867    0.25318    0.07369
    399.17000    1.49390    0.05171    0.29625    0.06469
    405.59000    1.59061    0.04014    0.23914    0.05719
    411.79000    1.61168    0.03473    0.36365    0.04280
    417.44000    1.63884    0.05304    0.27347    0.05417
    422.26000    1.68930    0.04690    0.27871    0.04874
    427.03000    1.66428    0.05627    0.43982    0.07906
    432.39000    1.58683    0.04565    0.37780    0.02472
    438.09000    1.49206    0.05565    0.36625    0.04392
    444.54000    1.56362    0.04915    0.49163    0.07408
    450.28000    1.65704    0.05851    0.34061    0.04773
    456.40000    1.70854    0.03998    0.32301    0.05262
    462.45000    1.63059    0.02707    0.41944    0.04248
    467.00000    1.59820    0.08989    0.34839    0.04805
    472.77000    1.79710    0.09172    0.37346    0.08310
    479.77000    1.73873    0.04751    0.47779    0.05280
    734.64000    1.95538    0.06512    0.46909    0.05067
    740.37000    1.95782    0.05370    0.44186    0.04371
    748.18000    2.14298    0.09155    0.42493    0.05402
    754.91000    2.03122    0.01639    0.49810    0.07392
    762.21000    2.03516    0.04514    0.44685    0.04323
    766.82000    2.12604    0.03534    0.46841    0.04863
    773.72000    2.17664    0.03048    0.48930    0.03986
    779.37000    2.30542    0.05052    0.55660    0.07183
    784.64000    2.03647    0.06497    0.44652    0.01646
    790.40000    2.16031    0.09030    0.25214    0.09569
    795.00000    2.18620    0.04543    0.51795    0.05564
    799.00000    2.04662    0.05201    0.50953    0.05581
    805.92000    1.88004    0.06799    0.50086    0.03943
    811.17000    1.86116    0.04863    0.43972    0.04800
    816.72000    2.02410    0.05967    0.49207    0.04435
    822.30000    1.96390    0.05113    0.45991    0.04882
    829.05000    1.99570    0.04521    0.45552    0.03760
    836.22000    1.93865    0.03674    0.40166    0.07165
    842.02000    2.00812    0.07847    0.45255    0.03949
    849.57000    1.94782    0.06926    0.33207    0.08305
   1097.04000    2.02423    0.05398    0.34712    0.05605
   1102.93000    1.98562    0.05579    0.39002    0.04062
   1108.08000    1.94541    0.05482    0.42122    0.06726
   1115.45000    1.87148    0.07337    0.42936    0.02845
   1121.99000    1.81711    0.06210    0.49935    0.07764
   1128.33000    1.84067    0.04807    0.46236    0.04319
   1133.78000    1.77729    0.02179    0.37952    0.07232
   1141.62000    1.70152    0.03823    0.42638    0.06196
   1146.47000    1.75161    0.05866    0.45482    0.07242
   1151.05000    1.74813    0.04945    0.39140    0.06011
   1154.19000    1.70901    0.02642    0.40978    0.06371
   1160.02000    1.65600    0.05256    0.42055    0.07092
   1164.61000    1.70066    0.04592    0.39683    0.02739
   1169.79000    1.53173    0.07179    0.37410    0.05175
   1174.79000    1.65655    0.05273    0.33747    0.02458
   1181.78000    1.61803    0.05761    0.30802    0.07549
   1187.59000    1.71473    0.05368    0.39273    0.06224
   1193.40000    1.59973    0.07660    0.30076    0.04587
   1198.12000    1.47846    0.03905    0.35827    0.05526
   1204.82000    1.41318    0.07995    0.32346    0.08209
   1210.27000    1.36425    0.04719    0.39203    0.05182
   1464.85000    2.22495    0.04287    0.47161    0.02542
   1471.34000    2.26235    0.04628    0.49073    0.04277
   1478.99000    2.30034    0.07925    0.45869    0.01672
   1486.48000    2.27774    0.06384    0.52419    0.05909
   1492.00000    2.19001    0.07047    0.46248    0.03691
   1498.33000    2.07378    0.08020    0.59335    0.07595
   1504.44000    2.11513    0.06115    0.49286    0.05349
   1510.43000    1.99411    0.08060    0.46567    0.04139
   1515.55000    2.20087    0.04156    0.52135    0.04791
   1521.54000    2.16033    0.04496    0.45815    0.05308
   1527.20000    2.15847    0.07255    0.40585    0.05893
   1532.34000    2.23515    0.03390    0.50054    0.05769
   1539.30000    2.21777    0.05379    0.56529    0.07107
   1544.86000    2.31933    0.06993    0.44578    0.03864
   1549.47000    2.16744    0.06770    0.42907    0.02480
   1554.99000    2.29630    0.08006    0.46803    0.02826
   1561.18000    2.13968    0.03925    0.41310    0.07354
   1566.19000    2.07644    0.04495    0.42100    0.07564
   1572.32000    2.05993    0.01354    0.24286    0.09682
   1579.56000    2.03742    0.04812    0.46794    0.05201
   1825.32000    1.77458    0.03339    0.48813    0.04294
   1832.24000    1.50262    0.04935    0.41163    0.05351
   1837.68000    1.67963    0.03201    0.37781    0.06188
   1842.36000    1.65181    0.06144    0.34652    0.05268
   1847.15000    1.79251    0.03465    0.39289    0.06297
   1853.73000    1.71075    0.05203    0.32720    0.01790
   1859.59000    1.77271    0.07060    0.32956    0.02111
   1866.19000    1.88847    0.07981    0.38466    0.01589
   1872.09000    1.67067    0.05062    0.38672    0.04330
   1878.11000    1.73272    0.04635    0.31698    0.03751
   1884.17000    1.66759    0.02381    0.41435    0.06733
   1889.64000    1.81357    0.05756    0.32521    0.05800
   1897.37000    1.76115    0.04934    0.35436    0.03599
   1902.18000    1.72333    0.05606    0.31576    0.04418
   1906.73000    1.78640    0.05193    0.33222    0.03064
   1912.69000    1.75851    0.05142    0.37558    0.03239
   1920.23000    1.77472    0.05034    0.37558    0.04622
   1926.36000    1.79059    0.06499    0.35118    0.04094
   1933.17000    1.67175    0.05243    0.34870    0.04728
   1939.50000    1.76079    0.02875    0.29352    0.05386
   1944.03000    1.75039    0.01346    0.36288    0.00662
   2193.05000    3.21174    0.03601    0.59515    0.05500
   2199.75000    3.39519    0.05170    0.60458    0.04004
   2205.25000    3.34967    0.05380    0.59632    0.05040
   2209.52000    3.24483    0.04843    0.67778    0.05381
   2215.38000    3.28036    0.04110    0.64302    0.05240
   2220.61000    3.34310    0.06220    0.66919    0.06154
   2226.05000    3.46807    0.04485    0.67110    0.06560
   2232.40000    3.30139    0.03341    0.66427    0.07909
   2238.01000    3.20271    0.04773    0.57696    0.04499
   2244.57000    3.36809    0.05208    0.58032    0.07438
   2248.93000    3.41595    0.05699    0.74827    0.07108
   2254.13000    3.53085    0.03833    0.80499    0.05920
   2258.94000    3.44989    0.04636    0.68615    0.01025
   2265.38000    3.40215    0.06372    0.62233    0.05504
   2269.50000    3.50610    0.04355    0.66491    0.06429
   2275.74000    3.69713    0.07262    0.66520    0.04861
   2281.25000    3.37694    0.06305    0.75622    0.03896
   2285.85000    3.11041    0.07878    0.71689    0.07491
   2291.66000    3.12127    0.04227    0.73839    0.02953
   2296.16000    3.02469    0.05078    0.71044    0.02513
   2303.21000    3.19284    0.05393    0.75769    0.06494
   2308.25000    3.27588    0.05402    0.72409    0.05332
   2555.19000    2.51973    0.07543    0.58754    0.04237
   2562.25000    2.42082    0.01219    0.54021    0.05564
   2568.63000    2.33545    0.07961    0.62231    0.08008
   2575.24000    2.21523    0.06719    0.54992    0.07022
   2579.32000    2.25726    0.07166    0.57766    0.05420
   2586.44000    2.23423    0.03458    0.46312    0.08980
   2593.41000    2.20702    0.04642    0.60830    0.04888
   2602.00000    2.31342    0.07013    0.43323    0.05557
   2609.80000    2.20305    0.05265    0.37350    0.06137
   2616.74000    2.28659    0.07076    0.46591    0.01906
   2622.65000    2.36135    0.05502    0.44127    0.05022
   2629.96000    2.36574    0.03971    0.47547    0.06344
   2636.36000    2.45148    0.03146    0.41307    0.05223
   2641.33000    2.56246    0.06449    0.59354    0.06478
   2647.07000    2.46220    0.03732    0.48437    0.06309
   2652.98000    2.60885    0.04582    0.45125    0.02361
   2658.65000    2.74322    0.07522    0.46431    0.05460
   2664.99000    2.60620    0.04484    0.43877    0.04723
   2670.01000    2.66415    0.04334    0.50386    0.05981
   2922.91000    2.30347    0.04412    0.59162    0.06860
   2928.83000    2.39411    0.04518    0.49400    0.07473
   2933.91000    2.50250    0.07720    0.47621    0.05114
   2939.07000    2.53651    0.03709    0.46474    0.04299
   2944.89000    2.39768    0.05534    0.47352    0.06210
   2952.81000    2.31323    0.02181    0.42131    0.04339
   2958.75000    2.40826    0.05787    0.46078    0.06233
   2965.03000    2.14609    0.06395    0.44712    0.06563
   2970.90000    2.23348    0.03195    0.47623    0.06321
   2976.50000    2.38305    0.05357    0.38257    0.06813
   2983.48000    2.42758    0.06206    0.44813    0.03097
   2990.84000    2.33050    0.06497    0.44186    0.04926
   2996.91000    2.32568    0.05301    0.43709    0.02392
   3002.13000    2.37813    0.05011    0.46520    0.05373
   3008.02000    2.33267    0.04045    0.43217    0.07035
   3014.10000    2.45233    0.04868    0.49187    0.06853
   3019.62000    2.42309    0.03568    0.41134    0.05021
   3026.44000    2.32569    0.05357    0.37820    0.06735
   3032.12000    2.25502    0.07605    0.41839    0.03335
   3039.32000    2.57090    0.06795    0.44243    0.03556
   3290.99000    2.30053    0.06205    0.53336    0.05333
   3297.92000    2.46615    0.06307    0.53185    0.06395
   3303.66000    2.46120    0.06097    0.40085    0.05614
   3310.51000    2.57787    0.03072    0.52325    0.04519
   3317.78000    2.47192    0.05878    0.47998    0.03079
   3323.98000    2.36578    0.02138    0.39033    0.06129
   3329.80000    2.39311    0.01221    0.49529    0.03157
   3337.02000    2.37514    0.06022    0.57992    0.08077
   3343.35000    2.26247    0.05206    0.47026    0.05087
   3349.74000    2.33941    0.02149    0.57393    0.05369
   3357.63000    2.34946    0.06908    0.43367    0.04507
   3363.19000    2.32998    0.02339    0.45849    0.04009
   3371.38000    2.37495    0.03937    0.52069    0.06507
   3376.09000    2.40450    0.06544    0.44509    0.04208
   3382.38000    2.49085    0.06311    0.52506    0.04898
   3389.37000    2.30941    0.05686    0.44635    0.06371
   3396.50000    2.02392    0.05924    0.42350    0.03164
   3402.55000    2.15663    0.05235    0.47196    0.03762
