## Time Delay Challenge light curves
##
## [time]=days, [lc]=[err]=flux in nanomaggies
##
##       time       lc_A      err_A       lc_B      err_B
##-------------------------------------------------------
      0.02000    0.31952    0.05894    1.53411    0.04678
      5.06000    0.36718    0.03220    1.58228    0.02695
     11.90000    0.33322    0.06568    1.65915    0.07764
     19.41000    0.38671    0.02607    1.56316    0.07931
     25.57000    0.33891    0.05880    1.71202    0.04036
     33.04000    0.33001    0.04734    1.65723    0.05345
     37.29000    0.37687    0.06579    1.81394    0.05045
     43.91000    0.32924    0.04796    1.88319    0.04962
     50.15000    0.40236    0.06862    1.95258    0.05821
     55.17000    0.41274    0.05372    1.82389    0.06448
     62.64000    0.39161    0.02348    1.83610    0.06721
     68.47000    0.40771    0.04637    1.90091    0.06994
     75.41000    0.45996    0.04639    1.70356    0.06593
     80.49000    0.36100    0.06253    1.74062    0.05819
     85.98000    0.40584    0.02638    1.80363    0.04272
     91.07000    0.39058    0.04610    1.58809    0.04969
     96.42000    0.45164    0.05536    1.65594    0.03657
    101.00000    0.41936    0.05782    1.60925    0.06502
    107.30000    0.42014    0.04641    1.76426    0.06491
    111.82000    0.42960    0.03553    1.78049    0.05672
    119.14000    0.36603    0.04543    1.70053    0.04888
    366.97000    0.48555    0.04605    2.00510    0.03899
    372.61000    0.54822    0.05754    1.87695    0.04746
    380.37000    0.48371    0.05422    1.94927    0.06134
    387.11000    0.46625    0.04602    1.85239    0.03941
    392.59000    0.55663    0.04903    1.77240    0.04093
    399.60000    0.49275    0.06429    1.84316    0.06560
    406.36000    0.49794    0.05546    1.84064    0.04930
    411.55000    0.46638    0.01337    1.86464    0.04677
    417.26000    0.55359    0.07616    1.69913    0.07400
    423.43000    0.47486    0.07199    1.73884    0.04758
    429.95000    0.50178    0.05587    1.79850    0.05818
    435.76000    0.49990    0.05572    1.96264    0.08476
    440.54000    0.32177    0.07156    1.83393    0.05643
    445.69000    0.44391    0.05940    1.93341    0.03755
    452.93000    0.50280    0.07248    2.16797    0.06860
    458.92000    0.42036    0.04789    1.89499    0.04396
    465.05000    0.52486    0.02861    1.79413    0.04697
    470.13000    0.50376    0.06255    1.99415    0.06222
    476.27000    0.48131    0.07831    1.78180    0.03740
    482.19000    0.51534    0.03456    1.85270    0.06750
    734.79000    0.52082    0.04228    1.57845    0.05734
    741.30000    0.72722    0.08023    1.69305    0.07433
    748.95000    0.62896    0.04271    1.59493    0.01867
    753.72000    0.61661    0.04714    1.65882    0.07587
    761.00000    0.67718    0.06612    1.65261    0.07387
    768.24000    0.73580    0.07016    1.60662    0.03311
    772.79000    0.59968    0.08349    1.60314    0.04954
    778.81000    0.67932    0.07188    1.62894    0.05126
    785.08000    0.58916    0.04363    1.54965    0.04657
    792.41000    0.60269    0.06181    1.58004    0.05692
    797.11000    0.61075    0.06107    1.59941    0.04418
    801.68000    0.59550    0.04090    1.60026    0.04720
    808.49000    0.54365    0.06244    1.72027    0.06400
    812.94000    0.38570    0.05413    1.84265    0.03537
    818.79000    0.62913    0.07671    1.83753    0.08160
    824.14000    0.62777    0.03980    1.75313    0.07880
    832.51000    0.61206    0.07820    1.84501    0.05520
    839.07000    0.61806    0.06021    1.80228    0.07039
    844.59000    0.73328    0.07211    1.69397    0.05168
   1101.34000    0.86303    0.03075    1.82907    0.06258
   1106.68000    0.80875    0.03978    1.62699    0.03276
   1113.10000    0.86829    0.05041    1.65535    0.06296
   1119.31000    0.78479    0.06762    1.70455    0.08395
   1125.72000    0.84635    0.04674    1.65133    0.03206
   1132.63000    0.85043    0.05084    1.67206    0.05463
   1138.53000    0.81428    0.04116    1.64868    0.06288
   1146.18000    0.89342    0.08454    1.72098    0.06878
   1151.28000    0.85209    0.03321    1.68739    0.04938
   1157.62000    0.87889    0.06583    1.78440    0.05119
   1163.30000    0.77436    0.04236    1.78786    0.05737
   1169.82000    0.92479    0.08198    1.69515    0.07118
   1176.73000    0.95346    0.06334    1.79472    0.05920
   1182.54000    0.87164    0.06106    1.81997    0.05334
   1188.30000    0.96884    0.05667    1.80026    0.06485
   1195.24000    0.85368    0.03418    1.70580    0.05549
   1201.21000    0.88348    0.04850    1.67144    0.05441
   1207.90000    0.90916    0.05738    1.65818    0.07282
   1212.19000    0.86794    0.07146    1.69996    0.05224
   1460.76000    0.79007    0.05502    1.77306    0.07255
   1467.99000    0.84887    0.01350    1.84126    0.06469
   1472.45000    0.86403    0.04518    1.82825    0.07429
   1478.07000    0.80987    0.04325    1.78124    0.05007
   1485.48000    1.01173    0.03954    1.68622    0.05837
   1492.07000    0.86747    0.06861    1.62000    0.06358
   1498.16000    0.74614    0.05017    1.69258    0.07012
   1503.64000    0.82716    0.02772    1.68728    0.05695
   1509.13000    0.82816    0.03907    1.92402    0.02198
   1515.29000    0.84726    0.04718    1.95061    0.05789
   1520.38000    0.77376    0.04288    1.93644    0.00860
   1524.83000    0.82855    0.05648    2.07391    0.07547
   1530.93000    0.84908    0.04517    1.99328    0.06080
   1536.99000    0.85703    0.06337    1.94217    0.04623
   1542.57000    0.91389    0.07633    1.89192    0.05419
   1548.26000    0.85822    0.05726    1.88525    0.05901
   1556.71000    0.86886    0.05835    1.83254    0.04332
   1565.51000    0.78157    0.06579    1.84504    0.04068
   1570.20000    0.97179    0.04338    1.74960    0.05430
   1574.45000    0.79929    0.06326    1.73457    0.05484
   1825.05000    0.89434    0.05131    1.97022    0.07588
   1829.65000    0.80625    0.04513    1.94786    0.04680
   1835.23000    1.04254    0.06712    1.98125    0.07247
   1841.90000    0.90067    0.05548    1.87922    0.04028
   1850.02000    0.93138    0.04727    1.82646    0.04880
   1856.33000    0.94189    0.03928    1.71922    0.04934
   1862.54000    0.86091    0.04988    1.82504    0.03594
   1867.95000    0.95542    0.06709    1.85483    0.06075
   1873.24000    0.83610    0.06250    1.98203    0.05248
   1879.90000    0.74829    0.04669    1.93985    0.04802
   1887.37000    0.78222    0.04653    2.01813    0.08746
   1894.99000    0.90555    0.02387    2.18376    0.06878
   1901.58000    0.80029    0.07145    2.04211    0.03745
   1906.96000    0.92587    0.07639    2.13700    0.04210
   1912.36000    0.84958    0.07057    2.05331    0.05342
   1918.31000    0.87154    0.07032    1.90336    0.06061
   1924.39000    0.89180    0.05759    2.14143    0.06370
   1929.75000    0.99013    0.03803    2.12897    0.09404
   1936.06000    0.94815    0.04016    2.13370    0.01718
   1944.33000    0.95695    0.04473    2.22089    0.07097
   2192.82000    1.01703    0.04901    1.93440    0.06953
   2200.14000    1.07976    0.04696    2.13410    0.01885
   2207.11000    0.93373    0.05357    2.23864    0.02407
   2214.30000    0.87882    0.06847    2.20215    0.02223
   2220.17000    0.92955    0.08428    2.22329    0.04642
   2226.00000    1.02545    0.06560    2.41089    0.05387
   2230.47000    1.08840    0.09438    2.17713    0.03165
   2236.30000    1.08214    0.05470    2.21106    0.04727
   2241.48000    1.07919    0.02961    2.28796    0.08173
   2249.24000    1.02745    0.05422    2.26294    0.03899
   2256.29000    1.04484    0.04805    2.38991    0.03358
   2262.59000    1.03130    0.05164    2.38076    0.05971
   2266.23000    1.12993    0.04642    2.53999    0.06346
   2272.23000    1.01255    0.09900    2.51900    0.06699
   2280.21000    1.14928    0.05932    2.49927    0.04292
   2286.57000    1.19642    0.05869    2.54499    0.04929
   2294.63000    1.19081    0.10746    2.63092    0.03553
   2300.92000    1.14536    0.03086    2.86483    0.07579
   2306.24000    1.17858    0.03949    2.63537    0.04045
   2556.34000    1.49264    0.07438    5.62548    0.01601
   2564.28000    1.53460    0.07835    5.89082    0.03615
   2570.17000    1.75724    0.05472    5.93357    0.05399
   2574.56000    1.56678    0.03802    5.49894    0.03922
   2577.63000    1.58282    0.05463    5.60701    0.04598
   2583.57000    1.59001    0.05424    5.83935    0.06244
   2590.19000    1.56047    0.08247    5.55349    0.06256
   2595.97000    1.68023    0.05262    5.91100    0.02398
   2601.67000    1.62352    0.03853    5.82836    0.06164
   2605.62000    1.60631    0.07164    6.09138    0.05771
   2612.24000    1.52108    0.02583    6.25682    0.04451
   2619.22000    1.63380    0.05275    6.35734    0.03085
   2625.96000    1.58369    0.03859    6.44079    0.05488
   2629.66000    1.53842    0.04337    6.43725    0.05805
   2635.45000    1.63741    0.05223    6.38588    0.05248
   2641.63000    1.70474    0.02267    6.43626    0.05394
   2649.42000    1.62972    0.04432    6.15903    0.06553
   2656.21000    1.78032    0.06206    6.00129    0.03872
   2661.27000    1.77709    0.03239    6.03969    0.02428
   2668.19000    1.86157    0.07238    6.00395    0.04358
   2674.40000    1.85952    0.06203    6.02832    0.05074
   2921.04000    2.27589    0.04191    3.09518    0.04846
   2925.62000    2.34868    0.05222    3.00757    0.08367
   2931.78000    2.45124    0.02899    2.98816    0.07580
   2939.06000    2.50807    0.06877    3.00593    0.04803
   2945.38000    2.66211    0.05484    2.78919    0.03883
   2951.82000    2.69614    0.05335    2.79245    0.05937
   2957.74000    2.49603    0.03270    2.96142    0.04430
   2964.10000    2.47906    0.05775    2.67050    0.07628
   2969.55000    2.52438    0.03559    2.76177    0.02145
   2974.91000    2.55197    0.08300    2.86336    0.04108
   2979.97000    2.56043    0.07284    2.73717    0.05369
   2985.93000    2.36875    0.06553    2.79476    0.06673
   2992.78000    2.56046    0.07017    2.78555    0.05833
   2996.23000    2.57599    0.06008    2.71326    0.04851
   3002.32000    2.79257    0.06826    2.59136    0.03664
   3007.63000    2.49913    0.04937    2.83774    0.04539
   3013.74000    2.68061    0.08039    3.05940    0.03065
   3019.46000    2.61337    0.07973    3.11960    0.03177
   3025.27000    2.59223    0.05350    2.81063    0.01132
   3028.88000    2.75532    0.05070    2.60333    0.07426
   3036.28000    3.05751    0.05130    2.82185    0.05405
   3288.95000    2.74521    0.04698    2.14792    0.05455
   3294.50000    2.95990    0.04276    2.23416    0.06595
   3299.68000    2.86894    0.07313    2.46205    0.03609
   3306.71000    2.85273    0.05393    2.34672    0.05794
   3312.00000    3.05873    0.06990    2.25282    0.07555
   3316.77000    3.05275    0.05053    2.39761    0.05415
   3322.87000    3.37672    0.05381    2.23850    0.06471
   3327.93000    3.07980    0.07875    2.12878    0.08026
   3334.49000    3.13439    0.06338    2.29645    0.02970
   3340.67000    3.24091    0.04871    2.44015    0.06372
   3345.90000    3.26232    0.05200    2.56842    0.05855
   3352.20000    3.02959    0.02798    2.27722    0.06949
   3359.13000    3.12026    0.04997    2.37747    0.04347
   3364.99000    3.26721    0.04937    2.48055    0.03576
   3372.23000    3.39560    0.06296    2.66376    0.07309
   3378.42000    3.31183    0.07669    2.55737    0.04493
   3384.39000    3.52921    0.04309    2.56729    0.04490
   3390.57000    3.54222    0.04795    2.46093    0.03657
   3395.06000    3.60826    0.03066    2.41452    0.05076
   3401.64000    3.60264    0.04750    2.41949    0.07124
