## Time Delay Challenge light curves
##
## [time]=days, [lc]=[err]=flux in nanomaggies
##
##       time       lc_A      err_A       lc_B      err_B
##-------------------------------------------------------
      5.71000    1.35749    0.08874    0.31543    0.03204
     13.10000    1.17790    0.05890    0.21453    0.09182
     17.06000    1.09156    0.07419    0.14938    0.07553
     22.31000    1.14174    0.05688    0.21434    0.03713
     30.09000    1.14974    0.05591    0.25565    0.01666
     34.99000    1.16889    0.03222    0.24481    0.04856
     42.19000    1.10622    0.05334    0.25942    0.07353
     48.34000    1.11397    0.04842    0.26616    0.04989
     55.67000    1.19683    0.04849    0.11115    0.08787
     60.71000    1.05803    0.05175    0.29634    0.04578
     67.92000    1.17131    0.05174    0.20869    0.03311
     74.54000    1.15496    0.05061    0.28877    0.02918
     81.54000    1.16759    0.02648    0.23912    0.03069
     87.99000    1.13157    0.05889    0.21488    0.08145
     93.28000    1.00865    0.06233    0.19774    0.04877
     99.08000    1.22298    0.05598    0.26602    0.07368
    104.06000    1.11893    0.05757    0.23502    0.06306
    110.07000    1.06715    0.03576    0.29512    0.05382
    116.11000    1.14005    0.04026    0.31535    0.04854
    369.20000    1.16853    0.06758    0.21066    0.04715
    374.66000    1.10468    0.03485    0.23850    0.03363
    380.10000    1.01772    0.06817    0.26217    0.07615
    385.13000    1.07469    0.05950    0.15607    0.04395
    392.29000    1.11370    0.03572    0.23457    0.03629
    398.15000    1.07313    0.05621    0.18523    0.05162
    403.33000    1.14039    0.07076    0.21534    0.08451
    409.65000    1.07629    0.04512    0.15492    0.05963
    416.40000    1.02938    0.06170    0.23740    0.04801
    424.05000    1.09786    0.05182    0.22107    0.03763
    430.87000    1.05677    0.03361    0.21426    0.06770
    436.23000    1.03876    0.05557    0.16741    0.05742
    442.69000    1.07012    0.02343    0.16361    0.05821
    449.21000    1.10364    0.03794    0.24548    0.06421
    455.39000    1.09265    0.03959    0.18885    0.06347
    461.14000    0.99392    0.05630    0.21780    0.03893
    466.72000    1.15779    0.04938    0.31182    0.05198
    472.49000    1.10793    0.05999    0.16173    0.04998
    478.83000    1.05539    0.04166    0.19613    0.03820
    483.93000    1.23295    0.07345    0.21766    0.06728
    730.30000    1.17783    0.07119    0.20101    0.04715
    736.93000    1.14280    0.03728    0.22638    0.04946
    742.81000    1.04328    0.06396    0.24202    0.03969
    750.48000    1.05518    0.08455    0.23030    0.06613
    757.54000    0.99916    0.06964    0.19549    0.05386
    763.26000    1.01215    0.04359    0.20484    0.04200
    770.65000    1.08934    0.03986    0.17842    0.04706
    775.84000    1.08408    0.03314    0.09989    0.10717
    780.84000    1.01190    0.04865    0.10754    0.06998
    786.73000    1.06176    0.03793    0.11679    0.04911
    792.85000    1.01354    0.05852    0.09131    0.07587
    797.31000    1.06335    0.05984    0.19978    0.02827
    802.85000    1.10377    0.04333    0.16934    0.05043
    808.66000    0.90444    0.05817    0.20686    0.04674
    814.32000    1.06851    0.04749    0.17523    0.04784
    822.29000    0.94032    0.06872    0.13223    0.07571
    826.93000    1.06747    0.06565    0.11582    0.04049
    834.06000    0.95715    0.05839    0.18260    0.02971
    840.43000    0.99105    0.04919    0.24141    0.04647
    846.22000    1.05064    0.05183    0.20790    0.03324
   1097.82000    0.89695    0.06040    0.15830    0.06835
   1103.23000    0.89171    0.05891    0.14683    0.06308
   1107.83000    0.89276    0.04920    0.10046    0.06832
   1114.09000    0.82941    0.03133    0.13983    0.05282
   1120.49000    0.92646    0.08776    0.17159    0.01838
   1125.91000    0.92003    0.03922    0.16673    0.05774
   1132.60000    0.91145    0.05950    0.18375    0.06606
   1138.99000    0.88833    0.05057    0.17270    0.06180
   1146.06000    0.96413    0.06043    0.22810    0.06818
   1151.41000    0.94258    0.04709    0.15150    0.05111
   1158.57000    0.91569    0.03002    0.17558    0.05316
   1165.46000    0.94643    0.04001    0.23278    0.05001
   1173.41000    1.01430    0.07906    0.09775    0.07141
   1180.31000    0.97546    0.06679    0.20134    0.06762
   1188.94000    0.78248    0.06555    0.19113    0.04913
   1195.47000    0.89251    0.01971    0.21897    0.04168
   1200.97000    0.93208    0.04249    0.16204    0.06508
   1207.34000    0.77240    0.09013    0.18400    0.06686
   1212.52000    0.76582    0.05892    0.27981    0.06224
   1464.47000    0.94847    0.05238    0.09967    0.07090
   1469.97000    0.99903    0.05627    0.17196    0.05449
   1476.77000    1.02129    0.03138    0.16414    0.07147
   1481.24000    0.91603    0.04237    0.18973    0.02861
   1487.23000    0.83628    0.06305    0.15852    0.04234
   1493.03000    1.03716    0.03603    0.15563    0.02912
   1499.11000    0.99628    0.05798    0.20046    0.05772
   1504.77000    1.00092    0.05226    0.28337    0.06155
   1510.10000    0.95599    0.05002    0.13979    0.05472
   1517.39000    1.01097    0.07030    0.13479    0.03894
   1522.63000    1.03101    0.07777    0.17514    0.03566
   1528.12000    1.00623    0.07226    0.19401    0.04346
   1535.83000    1.02571    0.04964    0.10782    0.08057
   1543.10000    1.00852    0.02429    0.16836    0.04655
   1549.29000    0.97106    0.05029    0.03599    0.06177
   1555.28000    0.83462    0.06581    0.25607    0.07171
   1562.71000    1.07178    0.08066    0.17826    0.02678
   1569.86000    0.93608    0.04248    0.13171    0.06374
   1576.02000    0.95674    0.07088    0.12591    0.04688
   1830.16000    1.08986    0.07736    0.07725    0.06530
   1838.60000    1.11796    0.04017    0.14536    0.07425
   1845.06000    1.01862    0.07279    0.10187    0.03908
   1850.89000    1.03358    0.01356    0.19472    0.06030
   1856.10000    0.97308    0.03702    0.22993    0.04930
   1862.68000    1.05358    0.04868    0.25701    0.05356
   1870.45000    1.03572    0.03531    0.10318    0.06856
   1876.27000    1.00008    0.03710    0.16107    0.05775
   1884.18000    1.03760    0.03855    0.18330    0.02959
   1891.02000    1.13398    0.05922    0.15403    0.07040
   1894.79000    1.02177    0.07616    0.27637    0.05723
   1899.63000    1.02001    0.02955    0.14986    0.04738
   1905.29000    1.16562    0.05790    0.20429    0.07027
   1911.57000    1.12527    0.03862    0.24145    0.08251
   1917.80000    1.05443    0.06756    0.07609    0.04890
   1924.83000    1.00268    0.04857    0.15388    0.05616
   1930.23000    1.13377    0.05902    0.21195    0.05377
   1935.78000    1.15109    0.05065    0.16234    0.04040
   1942.04000    1.02261    0.02812    0.16408    0.03908
   2194.90000    1.03419    0.05386    0.20951    0.04753
   2200.51000    1.03426    0.08183    0.17040    0.05281
   2205.67000    1.10973    0.01920    0.21760    0.05896
   2211.00000    1.04995    0.05784    0.16429    0.05902
   2217.91000    1.14139    0.03187    0.16209    0.04970
   2223.18000    1.20919    0.07896    0.24425    0.04455
   2229.83000    1.14371    0.02199    0.19273    0.04086
   2236.13000    1.16785    0.05587    0.30469    0.05078
   2244.88000    1.07183    0.04700    0.15085    0.06096
   2252.18000    1.12833    0.06067    0.19846    0.02480
   2258.15000    1.18183    0.04379    0.01656    0.07743
   2263.66000    1.12738    0.07544   -0.03321    0.08135
   2270.73000    1.20694    0.06865    0.14500    0.07082
   2278.16000    1.04822    0.04869    0.16214    0.04678
   2283.13000    1.14385    0.05675    0.15304    0.04893
   2289.28000    1.16974    0.03384    0.11767    0.06372
   2296.59000    1.12098    0.06452    0.30095    0.06316
   2303.15000    1.17992    0.04790    0.25429    0.03132
   2308.91000    1.15064    0.05970    0.19607    0.03412
   2560.09000    1.32681    0.05845    0.12772    0.05861
   2565.10000    1.24639    0.01374    0.26013    0.07444
   2572.08000    1.29638    0.05805    0.08234    0.04642
   2578.01000    1.39013    0.06295    0.16824    0.04196
   2583.72000    1.29339    0.02101    0.22135    0.02897
   2590.21000    1.26341    0.03250    0.20826    0.03693
   2597.72000    1.15229    0.06199    0.14308    0.04497
   2604.87000    1.23996    0.06549    0.13030    0.04412
   2611.42000    1.26183    0.04867    0.22365    0.04718
   2617.28000    1.31537    0.07416    0.03913    0.07793
   2621.84000    1.30658    0.04309    0.17914    0.04118
   2627.69000    1.27884    0.05528    0.38706    0.08052
   2635.16000    1.27570    0.06016    0.15606    0.04345
   2640.21000    1.19438    0.06098    0.17453    0.05519
   2645.73000    1.24522    0.06395    0.17247    0.05907
   2652.25000    1.25638    0.06896    0.17694    0.04149
   2659.57000    1.20311    0.05088    0.10048    0.03275
   2666.16000    1.08402    0.06566    0.23139    0.06900
   2673.69000    1.14037    0.09384    0.17465    0.04552
   2924.05000    1.33818    0.05505    0.16285    0.06370
   2929.92000    1.24487    0.04498    0.12685    0.04128
   2935.96000    1.22015    0.05205    0.19358    0.04552
   2940.97000    1.30600    0.02579    0.11812    0.05112
   2948.27000    1.34086    0.05701    0.16543    0.03548
   2954.31000    1.22681    0.02271    0.12210    0.06144
   2959.43000    1.26486    0.06006    0.06495    0.04982
   2963.61000    1.33226    0.05309    0.12750    0.06003
   2967.20000    1.32261    0.09279    0.08102    0.06279
   2972.67000    1.33249    0.04885    0.22323    0.05095
   2980.15000    1.23909    0.06055    0.18549    0.04214
   2985.99000    1.55169    0.07212    0.19712    0.04265
   2992.03000    1.31506    0.05690    0.14734    0.03849
   2999.06000    1.31856    0.04801    0.14369    0.02083
   3005.06000    1.52374    0.05730    0.24526    0.07834
   3010.44000    1.46877    0.06584    0.04849    0.07562
   3016.13000    1.38427    0.06050    0.19589    0.04781
   3021.94000    1.34064    0.05111    0.09166    0.06768
   3026.05000    1.32959    0.07501    0.12882    0.06713
   3031.66000    1.36765    0.07986    0.08471    0.09446
   3036.61000    1.41998    0.02613    0.14345    0.08141
   3289.04000    2.02365    0.02575    0.17433    0.04795
   3293.63000    1.97255    0.07732    0.25595    0.04479
   3299.69000    2.02599    0.07078    0.19071    0.05596
   3306.24000    1.98592    0.06462    0.10148    0.04721
   3313.41000    1.93225    0.06423    0.12744    0.03837
   3319.04000    2.13788    0.06089    0.15370    0.03013
   3324.25000    2.20126    0.05646    0.29178    0.08457
   3330.49000    2.16874    0.07226    0.07093    0.05179
   3335.29000    2.20350    0.07323    0.17055    0.04403
   3341.54000    2.17906    0.04548    0.14347    0.05529
   3348.75000    2.20886    0.04326    0.15025    0.05283
   3355.07000    2.10327    0.06725    0.13151    0.04898
   3359.91000    2.15000    0.08230    0.11057    0.02870
   3365.97000    2.26191    0.07340    0.13259    0.01772
   3371.68000    2.14429    0.05821    0.12044    0.05635
   3379.62000    2.25422    0.06166    0.13436    0.05081
   3386.17000    2.24129    0.03426    0.11167    0.07307
   3392.19000    2.24242    0.06436    0.16743    0.05129
   3396.96000    2.36051    0.06578    0.14629    0.07540
   3403.19000    2.31174    0.03593    0.10610    0.04485
