## Time Delay Challenge light curves
##
## [time]=days, [lc]=[err]=flux in nanomaggies
##
##       time       lc_A      err_A       lc_B      err_B
##-------------------------------------------------------
      5.17000    2.76824    0.04741    6.27735    0.04368
      9.95000    2.88357    0.07687    5.64354    0.04094
     15.98000    3.02528    0.06374    5.81575    0.05752
     20.11000    2.93881    0.03286    5.82768    0.01872
     27.30000    2.97197    0.05642    5.27258    0.07255
     34.20000    3.13776    0.06504    5.65401    0.06047
     39.97000    3.43713    0.06771    6.18753    0.04643
     46.45000    3.12663    0.03745    6.46309    0.05145
     53.08000    3.48380    0.07489    7.29406    0.02999
     59.67000    4.05256    0.05195    7.59190    0.05383
     66.76000    3.72223    0.05799    8.43014    0.04029
     71.36000    3.34480    0.05769    8.31269    0.06924
     79.02000    3.30183    0.07419    8.00353    0.05149
     86.69000    2.87615    0.05019    8.37424    0.05024
     92.50000    3.06818    0.02141    8.81013    0.04694
     98.41000    3.00370    0.04390    9.50688    0.06508
    105.81000    3.31158    0.05811   10.16565    0.05389
    112.34000    3.23515    0.03798   10.33915    0.07824
    117.35000    3.33894    0.04016    9.34969    0.06756
    366.77000    5.00932    0.07681   12.26406    0.07564
    372.02000    5.12393    0.05355   13.55088    0.05499
    378.48000    4.09135    0.05861   12.60502    0.02812
    383.01000    4.14915    0.05293   13.31618    0.03318
    388.17000    3.94468    0.07683   16.48410    0.07469
    395.19000    3.55927    0.05910   16.76714    0.05593
    401.07000    3.30632    0.04709   15.95668    0.04540
    405.89000    3.27834    0.06781   14.72403    0.05615
    412.43000    3.48901    0.04155   13.52751    0.06639
    418.24000    3.53105    0.03276   14.00542    0.04350
    423.83000    3.90030    0.05488   11.55308    0.06560
    429.56000    3.81678    0.07320   11.84861    0.05527
    434.69000    4.17116    0.04294   11.11245    0.06555
    439.63000    3.95502    0.00142    9.78938    0.05128
    446.74000    4.12688    0.05992    9.40353    0.02106
    453.24000    3.75160    0.05077    8.53992    0.06647
    461.15000    3.91763    0.03718    9.28476    0.03246
    467.65000    4.18219    0.04861    9.84414    0.04540
    474.67000    4.55559    0.02814   10.18986    0.05125
    480.37000    4.96680    0.02942   10.84949    0.05951
    734.72000    1.73359    0.05344    6.29579    0.07252
    739.84000    1.79004    0.05587    6.33703    0.06461
    747.15000    1.71807    0.05749    5.84385    0.03485
    752.93000    1.64630    0.06294    6.08965    0.05154
    758.71000    1.96067    0.05724    5.32968    0.03095
    763.90000    1.97947    0.03032    5.03875    0.07492
    770.83000    2.06533    0.05504    5.29604    0.09662
    776.40000    2.06539    0.03361    4.88342    0.04576
    783.24000    2.19036    0.06779    4.90596    0.03104
    789.62000    2.03132    0.03082    4.82317    0.04252
    793.67000    2.06533    0.05333    4.81836    0.05068
    799.15000    1.82268    0.04642    4.79414    0.08184
    805.40000    1.81859    0.04447    5.22418    0.06445
    811.74000    1.70756    0.05113    5.59147    0.04498
    814.48000    1.57597    0.06402    5.18448    0.04731
    820.63000    1.62829    0.05139    5.71357    0.06079
    826.34000    1.68424    0.08286    6.19393    0.04491
    831.98000    1.65709    0.06915    6.02860    0.04905
    836.26000    1.46272    0.04862    5.73178    0.03177
    843.64000    1.67374    0.07854    5.46569    0.05927
   1095.71000    2.95800    0.08829    6.76509    0.03254
   1101.42000    2.72856    0.03670    7.15897    0.03737
   1108.61000    2.88715    0.05559    7.84809    0.05355
   1113.99000    2.65315    0.05074    8.67403    0.04855
   1121.15000    2.63653    0.05941    8.80120    0.05574
   1126.84000    2.59074    0.03859    9.61049    0.04513
   1134.77000    2.37754    0.03426   10.32204    0.06520
   1141.03000    2.45133    0.07123    9.20976    0.03610
   1149.27000    2.71182    0.04059    7.78279    0.07016
   1154.70000    2.54682    0.04108    8.27279    0.07762
   1161.32000    2.49437    0.05885    7.35024    0.04721
   1166.75000    2.28522    0.02781    7.59570    0.04100
   1173.35000    2.39307    0.06663    7.05096    0.06987
   1178.04000    2.35753    0.04523    7.20796    0.06066
   1182.51000    2.40087    0.06258    6.83726    0.03056
   1187.95000    2.55321    0.05694    6.84917    0.03221
   1192.61000    2.71205    0.06865    7.31964    0.05205
   1198.30000    2.64987    0.05606    7.76938    0.02759
   1204.05000    2.67001    0.02316    6.96156    0.04439
   1209.88000    2.45668    0.05999    7.02196    0.00910
   1464.92000    2.53502    0.06095    7.30674    0.07110
   1469.27000    2.38783    0.04617    7.23166    0.07785
   1476.42000    2.45961    0.05048    7.47435    0.07708
   1481.88000    2.28279    0.06373    7.46087    0.03845
   1486.02000    2.13383    0.07250    7.38345    0.06968
   1493.24000    2.50149    0.07275    7.64468    0.05729
   1498.77000    2.58683    0.04467    7.68022    0.07917
   1504.51000    2.52044    0.04850    7.29649    0.03522
   1508.75000    2.59679    0.06274    7.65818    0.04192
   1514.70000    2.38372    0.04715    7.26034    0.04367
   1519.91000    2.49413    0.05208    6.99016    0.05289
   1526.24000    2.66726    0.05549    7.24462    0.06682
   1532.07000    2.94116    0.06348    6.40368    0.05742
   1538.69000    2.96921    0.04367    7.16236    0.06452
   1545.82000    2.79834    0.03192    7.45535    0.03813
   1550.92000    2.93676    0.07399    7.21402    0.04651
   1558.63000    2.85201    0.06486    7.36635    0.06280
   1563.90000    2.87070    0.07042    7.00173    0.05249
   1572.23000    2.49207    0.08108    8.05932    0.07508
   1579.47000    2.79898    0.05652    8.69927    0.02572
   1829.65000    2.72898    0.05563    6.11294    0.04721
   1836.82000    2.94468    0.05031    6.34397    0.06532
   1845.55000    3.24886    0.05368    6.49986    0.04767
   1851.11000    3.37764    0.06046    6.90511    0.05039
   1858.11000    2.95250    0.05730    7.40188    0.05198
   1863.83000    3.48812    0.05075    7.58803    0.07170
   1869.66000    3.65717    0.07984    8.18504    0.05226
   1876.08000    3.24984    0.07287    8.24973    0.04215
   1884.50000    2.97809    0.07260    9.29654    0.04774
   1889.75000    2.87834    0.03412    9.11072    0.03772
   1894.82000    2.83505    0.05988    9.82092    0.04985
   1901.84000    2.92619    0.05315    9.58636    0.04795
   1907.02000    3.15282    0.03818    9.40776    0.03373
   1912.16000    3.03809    0.04132   11.05015    0.03876
   1918.41000    3.18297    0.07976   10.49906    0.06037
   1924.55000    3.24826    0.05087   10.01322    0.05306
   1929.49000    3.21596    0.06718    9.32889    0.06183
   1934.06000    3.00633    0.04177    8.87654    0.09275
   1940.58000    2.91140    0.05911    8.70395    0.04848
   2195.05000    1.91522    0.06289    8.68809    0.03983
   2202.57000    1.83597    0.07548    7.60540    0.06755
   2208.13000    1.67568    0.04642    7.86369    0.02894
   2214.96000    1.74873    0.03344    7.24226    0.02469
   2219.51000    1.74925    0.04786    7.07976    0.04430
   2224.89000    1.97538    0.06423    7.39297    0.05394
   2231.90000    1.67346    0.05436    6.87450    0.05313
   2237.30000    1.61303    0.05049    6.42906    0.02454
   2243.21000    1.57424    0.05807    6.26012    0.07617
   2248.92000    1.71483    0.05917    6.46263    0.07590
   2255.71000    1.72327    0.05256    5.85238    0.06189
   2261.64000    1.57741    0.07388    5.82518    0.07024
   2268.05000    1.84032    0.04250    6.07657    0.05048
   2273.76000    1.68006    0.07517    6.32857    0.05726
   2279.48000    1.70947    0.04950    5.62706    0.05610
   2285.42000    1.72938    0.05327    5.74106    0.09467
   2290.21000    1.65226    0.06490    5.19344    0.06439
   2294.54000    1.66022    0.07793    5.60521    0.04858
   2300.62000    1.33151    0.08746    5.87198    0.03458
   2306.89000    1.49313    0.03160    5.53076    0.07229
   2558.93000    2.80371    0.02555    9.58776    0.04624
   2564.06000    3.03638    0.03323    9.89438    0.07777
   2571.79000    2.83234    0.05923   10.38426    0.05080
   2578.59000    2.86941    0.03117    9.80523    0.06591
   2584.80000    2.74027    0.09051   10.56432    0.05716
   2591.54000    2.48807    0.06249   10.90222    0.02193
   2595.13000    2.45642    0.03895   11.03211    0.05481
   2600.13000    2.49853    0.06237   10.40948    0.05270
   2607.09000    2.34101    0.05432   10.49984    0.04928
   2613.92000    2.78104    0.09237   10.94444    0.05297
   2617.54000    2.69417    0.04507   11.57081    0.03383
   2623.34000    2.86926    0.05740   10.73566    0.02563
   2629.46000    2.74869    0.06531   10.12159    0.05833
   2634.33000    2.75717    0.04029    9.67734    0.04426
   2640.44000    2.69458    0.07282    9.71343    0.04278
   2645.90000    2.49267    0.06685    9.30900    0.06192
   2652.12000    2.44065    0.05180    8.78430    0.04973
   2657.46000    2.21758    0.05165    9.64424    0.07087
   2664.81000    2.33339    0.04856   10.46836    0.06331
   2671.04000    2.44631    0.06037   11.50588    0.06653
   2924.13000    1.55074    0.03625    6.24764    0.04162
   2931.66000    1.73547    0.04492    6.37066    0.05081
   2938.48000    1.67460    0.03879    6.19000    0.07335
   2945.03000    1.69681    0.06600    6.22392    0.05325
   2951.23000    1.80636    0.04270    6.78073    0.05220
   2956.76000    1.82673    0.06530    6.83706    0.08329
   2964.58000    1.74714    0.05493    6.74500    0.05013
   2968.97000    1.80578    0.03326    6.67849    0.04855
   2973.86000    1.78094    0.05903    7.01128    0.04072
   2979.78000    1.82982    0.02123    7.51136    0.05007
   2985.19000    1.99845    0.05371    7.31972    0.05160
   2991.14000    1.95372    0.03596    7.74520    0.03528
   2998.56000    1.94296    0.05269    8.28016    0.07497
   3003.87000    2.28261    0.05752    8.37026    0.03554
   3010.38000    2.17586    0.06316    8.24292    0.04344
   3016.64000    2.22912    0.06042    8.20343    0.03134
   3022.24000    2.15986    0.06273    8.16396    0.01890
   3029.80000    2.34558    0.00844    8.68116    0.06883
   3035.95000    2.21463    0.06378    9.05450    0.04095
   3290.75000    2.46979    0.06575    9.43229    0.02956
   3297.10000    2.50954    0.05657    8.39445    0.07218
   3304.59000    2.80594    0.04833    8.75918    0.03520
   3312.30000    2.59565    0.05996    9.08907    0.03480
   3318.69000    2.82174    0.07076   10.13329    0.07148
   3325.69000    2.42822    0.06059   11.07382    0.04538
   3331.41000    2.41400    0.05485   11.90634    0.05859
   3337.69000    2.63785    0.08282   12.82037    0.05481
   3344.26000    2.49921    0.07564   13.82635    0.05551
   3350.44000    2.64768    0.03566   13.89378    0.05532
   3353.37000    2.47777    0.06493   14.65712    0.05474
   3359.44000    2.58995    0.06220   13.96390    0.05745
   3366.65000    2.63972    0.09360   14.88671    0.04193
   3372.79000    2.49783    0.03635   13.89790    0.06740
   3378.59000    2.75735    0.07653   13.43510    0.08295
   3385.69000    2.75851    0.02396   14.65846    0.06354
   3392.51000    2.55223    0.07915   12.76911    0.02346
   3398.72000    2.44994    0.05717   14.10404    0.09012
