## Time Delay Challenge light curves
##
## [time]=days, [lc]=[err]=flux in nanomaggies
##
##       time       lc_A      err_A       lc_B      err_B
##-------------------------------------------------------
      3.33000    3.35665    0.06835    2.60749    0.04279
     10.26000    3.57156    0.07379    2.56267    0.06293
     18.29000    3.51235    0.04818    2.63253    0.03159
     23.19000    3.51057    0.04821    2.67037    0.05293
     29.45000    3.55747    0.04481    2.66995    0.03708
     33.55000    3.56730    0.03199    2.66405    0.05000
     40.35000    3.62323    0.06045    2.65138    0.04497
     46.45000    3.63707    0.03853    2.63065    0.07081
     50.95000    3.77202    0.05207    2.59891    0.04804
     56.01000    3.71561    0.04246    2.65317    0.08856
     62.59000    3.77832    0.08699    2.74861    0.04088
     67.47000    3.75483    0.06430    2.72662    0.05295
     73.44000    3.86562    0.07390    2.71136    0.04563
     79.45000    3.85264    0.04655    2.88909    0.05841
     85.92000    3.97764    0.05582    2.85813    0.06792
     92.18000    3.70571    0.06129    2.82034    0.02229
     98.15000    3.84735    0.08010    2.86771    0.07207
    103.69000    3.83249    0.06498    2.84872    0.05232
    109.80000    3.76443    0.07577    2.91989    0.07687
    115.72000    3.81800    0.02924    2.98253    0.05957
    367.94000    3.71567    0.05928    2.67060    0.08704
    375.15000    3.57424    0.02164    2.68474    0.05780
    382.48000    3.85047    0.04440    2.33485    0.06304
    386.90000    3.85718    0.05497    2.28791    0.05458
    393.26000    3.64767    0.05355    2.41804    0.05507
    400.38000    3.76296    0.04384    2.39307    0.05229
    405.63000    3.70314    0.07601    2.42518    0.06457
    410.58000    3.70040    0.04758    2.30684    0.04702
    415.16000    3.63286    0.05997    2.23286    0.06152
    421.02000    3.50535    0.07111    2.33884    0.07076
    427.05000    3.56557    0.07385    2.56128    0.07121
    434.10000    3.24609    0.05553    2.45326    0.02583
    440.24000    3.41728    0.06535    2.47671    0.04366
    444.41000    3.23070    0.07438    2.50989    0.04619
    452.76000    3.27019    0.04258    2.52417    0.03413
    458.99000    3.32758    0.07694    2.39929    0.06881
    464.83000    3.28719    0.02930    2.46826    0.05539
    471.55000    3.36586    0.05383    2.53554    0.04055
    478.87000    3.61265    0.07663    2.69531    0.06317
    484.52000    3.50260    0.06404    2.63614    0.04071
    731.15000    3.35273    0.06631    2.47435    0.05096
    737.78000    3.53773    0.04798    2.36224    0.06695
    744.30000    3.56801    0.02376    2.43065    0.07882
    749.24000    3.58068    0.01988    2.43089    0.03780
    754.97000    3.41977    0.05645    2.40795    0.02807
    761.53000    3.42760    0.03941    2.56075    0.04845
    767.27000    3.54762    0.06228    2.51647    0.07611
    773.48000    3.43077    0.06300    2.52537    0.06950
    779.94000    3.37682    0.08926    2.32190    0.06676
    785.53000    3.47475    0.05556    2.45269    0.05471
    793.43000    3.27025    0.08644    2.43303    0.04683
    800.03000    3.38495    0.04958    2.46987    0.08229
    806.04000    3.54797    0.04782    2.39713    0.03915
    812.96000    3.49253    0.03469    2.46033    0.05125
    818.90000    3.43665    0.05792    2.50974    0.01681
    824.74000    3.43523    0.07119    2.53932    0.05663
    829.97000    3.40576    0.05862    2.48900    0.05961
    835.67000    3.35773    0.01537    2.52485    0.03292
    841.49000    3.32156    0.10042    2.52240    0.04792
    847.75000    3.34102    0.07263    2.46440    0.04725
   1099.00000    3.66826    0.05665    2.34681    0.06304
   1104.47000    3.49349    0.06207    2.34501    0.04723
   1111.71000    3.41411    0.04272    2.38714    0.02748
   1119.33000    3.47527    0.02679    2.48693    0.03758
   1126.24000    3.49198    0.05300    2.41285    0.07955
   1131.88000    3.56239    0.06074    2.45960    0.04500
   1138.05000    3.46778    0.02321    2.39074    0.05930
   1145.02000    3.20305    0.06114    2.39262    0.05061
   1151.33000    3.39854    0.05541    2.49356    0.01328
   1155.86000    3.28533    0.05931    2.47900    0.02872
   1162.63000    3.47404    0.03926    2.35481    0.05335
   1170.21000    3.53099    0.07046    2.37967    0.06682
   1178.27000    3.37268    0.03152    2.34617    0.05636
   1184.85000    3.45508    0.07714    2.34588    0.03869
   1190.76000    3.41571    0.07896    2.39782    0.07729
   1197.03000    3.58744    0.06291    2.42280    0.03340
   1204.37000    3.39396    0.04932    2.38649    0.04120
   1209.84000    3.37002    0.01186    2.49443    0.06905
   1461.31000    3.88302    0.02945    2.67271    0.10051
   1466.92000    3.90097    0.04211    2.48061    0.04429
   1472.63000    3.74667    0.06951    2.68534    0.07448
   1478.39000    3.61212    0.04049    2.52349    0.05072
   1485.10000    3.76187    0.05676    2.47326    0.02769
   1491.57000    3.59435    0.03872    2.46127    0.05309
   1497.08000    3.58333    0.06025    2.37815    0.05836
   1503.72000    3.55185    0.05891    2.43172    0.06523
   1509.02000    3.55735    0.06909    2.55889    0.04789
   1514.30000    3.58257    0.00707    2.59816    0.06166
   1519.32000    3.65778    0.07349    2.56727    0.01156
   1524.18000    3.57640    0.04302    2.60184    0.03820
   1528.96000    3.52783    0.08566    2.56655    0.04102
   1533.89000    3.47378    0.05673    2.55769    0.04761
   1540.89000    3.35696    0.03459    2.41782    0.07210
   1547.06000    3.35145    0.04913    2.49942    0.05561
   1552.82000    3.40436    0.02943    2.39463    0.03977
   1560.76000    3.50989    0.05350    2.39716    0.06063
   1567.33000    3.66934    0.03397    2.39826    0.06901
   1573.77000    3.72784    0.05718    2.30933    0.01608
   1829.30000    3.92211    0.06909    2.41578    0.06011
   1836.96000    3.62818    0.05723    2.41156    0.08006
   1842.78000    3.75125    0.06154    2.42618    0.03145
   1849.54000    3.63793    0.04757    2.54030    0.05417
   1854.84000    3.63809    0.05154    2.60934    0.06025
   1862.96000    3.29733    0.05875    2.59830    0.07334
   1868.53000    3.37123    0.05438    2.63805    0.04446
   1875.69000    3.33819    0.04990    2.62353    0.04666
   1883.45000    3.32480    0.06062    2.55198    0.06884
   1890.83000    3.39986    0.06315    2.47862    0.02541
   1896.16000    3.42055    0.06930    2.62631    0.07895
   1901.88000    3.59340    0.03127    2.62867    0.07962
   1908.74000    3.65104    0.04673    2.54243    0.04326
   1914.88000    3.75265    0.06918    2.47759    0.06382
   1921.39000    3.57004    0.04294    2.57147    0.04736
   1928.13000    3.64308    0.06220    2.48808    0.05771
   1934.79000    3.53160    0.04883    2.34860    0.04873
   1939.86000    3.42393    0.06331    2.52576    0.06321
   2195.16000    3.55500    0.06783    2.55378    0.03010
   2202.04000    3.46570    0.06074    2.44896    0.05444
   2208.67000    3.43986    0.03454    2.50329    0.02138
   2215.05000    3.52989    0.08324    2.42658    0.04938
   2221.96000    3.47378    0.05618    2.36846    0.08943
   2227.76000    3.30600    0.06582    2.47824    0.04919
   2233.21000    3.42328    0.06905    2.56239    0.04104
   2239.79000    3.47354    0.07561    2.49036    0.03668
   2247.52000    3.66829    0.03833    2.44586    0.05010
   2252.34000    3.53874    0.07875    2.54610    0.02433
   2256.51000    3.56851    0.05688    2.52388    0.04089
   2262.71000    3.57831    0.04010    2.45062    0.05317
   2269.12000    3.64022    0.03405    2.42841    0.05337
   2274.13000    3.48495    0.04535    2.56177    0.06671
   2279.15000    3.42177    0.05584    2.39080    0.02941
   2286.66000    3.63731    0.06351    2.44371    0.06756
   2292.05000    3.52172    0.03791    2.47496    0.05617
   2296.78000    3.53047    0.05060    2.40067    0.03558
   2302.44000    3.65020    0.03009    2.41718    0.06393
   2308.23000    3.51878    0.03769    2.35367    0.04886
   2557.33000    3.28156    0.07136    2.25492    0.05215
   2564.97000    2.88916    0.06193    2.29006    0.03451
   2571.75000    3.15113    0.04644    2.40369    0.04788
   2577.25000    3.15419    0.08657    2.32929    0.05134
   2582.00000    3.05587    0.05111    2.33129    0.02406
   2588.98000    3.14437    0.04727    2.38848    0.06876
   2594.30000    3.11559    0.03877    2.32747    0.07173
   2599.47000    3.23328    0.08728    2.26488    0.09019
   2606.44000    3.14814    0.04305    2.38964    0.07881
   2612.57000    3.23919    0.04765    2.38219    0.05490
   2617.52000    3.27310    0.02914    2.67898    0.06247
   2624.66000    3.36745    0.05540    2.46489    0.04395
   2631.60000    3.38247    0.06611    2.36377    0.05686
   2638.42000    3.32195    0.04465    2.36119    0.05691
   2645.80000    3.38625    0.06014    2.21981    0.03591
   2649.37000    3.36336    0.06440    2.27318    0.03667
   2656.28000    3.42743    0.05529    2.12835    0.05299
   2660.90000    3.43855    0.06734    2.17613    0.07770
   2666.82000    3.45541    0.04798    2.21368    0.04581
   2674.42000    3.37622    0.04206    2.35978    0.09139
   2924.09000    3.12652    0.04374    2.21216    0.05079
   2932.69000    3.25529    0.05712    2.22914    0.01900
   2937.33000    3.23990    0.02384    2.23573    0.05801
   2944.78000    3.19500    0.05217    2.21059    0.04068
   2950.81000    3.25456    0.06676    2.24279    0.06742
   2957.39000    3.17068    0.04213    2.33934    0.04826
   2961.68000    3.27158    0.05349    2.13579    0.05162
   2967.75000    3.20688    0.05011    2.22509    0.03016
   2974.52000    3.04004    0.06709    2.25924    0.02911
   2979.39000    3.06931    0.07848    2.24347    0.04815
   2987.27000    3.21231    0.06353    2.30603    0.04980
   2993.01000    3.22849    0.05978    2.34573    0.07901
   2998.49000    3.23182    0.05621    2.14478    0.03443
   3006.14000    3.15473    0.05331    2.11364    0.05000
   3012.64000    3.16446    0.05200    2.17052    0.07926
   3020.80000    3.37814    0.05497    2.11976    0.05302
   3023.22000    3.24514    0.06662    2.17613    0.07278
   3028.42000    3.35793    0.02233    2.20297    0.05764
   3034.93000    3.27686    0.05162    2.15992    0.04412
   3286.77000    3.61948    0.05559    2.64515    0.07494
   3293.61000    3.59450    0.03422    2.53518    0.04120
   3299.66000    3.89106    0.05858    2.60692    0.06881
   3305.39000    3.70573    0.04212    2.42626    0.06455
   3310.26000    3.60314    0.07861    2.57905    0.05347
   3316.82000    3.74511    0.03920    2.54991    0.03861
   3323.55000    3.64517    0.03784    2.48581    0.05025
   3330.07000    3.52984    0.06041    2.52200    0.04978
   3335.83000    3.68906    0.05218    2.55864    0.00596
   3342.71000    3.62982    0.04969    2.48958    0.04806
   3349.95000    3.41694    0.03453    2.48415    0.07884
   3357.12000    3.67433    0.05030    2.39176    0.04048
   3362.09000    3.54146    0.05875    2.57448    0.04202
   3368.88000    3.48944    0.05479    2.39255    0.06726
   3374.32000    3.46522    0.04090    2.46821    0.01166
   3380.52000    3.64349    0.06212    2.68105    0.07771
   3386.91000    3.52220    0.06083    2.48343    0.06854
   3391.36000    3.48411    0.04653    2.46619    0.03772
   3399.63000    3.42648    0.05482    2.42816    0.03319
   3404.95000    3.41533    0.02504    2.38049    0.07233
