## Time Delay Challenge light curves
##
## [time]=days, [lc]=[err]=flux in nanomaggies
##
##       time       lc_A      err_A       lc_B      err_B
##-------------------------------------------------------
      6.31000    1.84496    0.03372    1.62531    0.06271
     12.31000    1.75471    0.06486    1.48211    0.07275
     17.55000    1.72227    0.04115    1.46223    0.04091
     25.16000    1.49407    0.04387    1.40351    0.06397
     30.52000    1.47905    0.03674    1.38091    0.07434
     35.43000    1.55670    0.05129    1.39067    0.06017
     39.85000    1.39015    0.04968    1.31960    0.06552
     44.53000    1.45182    0.07059    1.36464    0.06485
     50.91000    1.32818    0.03301    1.33637    0.03342
     57.09000    1.47599    0.05603    1.22543    0.02967
     62.46000    1.43157    0.02989    1.13253    0.03555
     69.73000    1.38879    0.06001    1.11431    0.04111
     73.73000    1.40099    0.03847    1.12629    0.07403
     79.79000    1.47836    0.06788    1.01476    0.06196
     85.11000    1.29387    0.07048    0.94985    0.09147
     91.32000    1.30754    0.04213    0.96560    0.05010
     97.22000    1.28706    0.03826    1.04066    0.03339
    101.96000    1.26923    0.05251    0.97190    0.04726
    108.83000    1.23957    0.05939    0.95876    0.05824
    117.11000    1.30661    0.04555    1.17591    0.07982
    366.12000    2.47680    0.06670    1.64817    0.05861
    372.79000    2.26018    0.03758    1.43773    0.05942
    377.28000    2.32588    0.07026    1.52471    0.04498
    383.14000    2.37643    0.05246    1.52029    0.02819
    387.78000    2.38868    0.02814    1.66129    0.04236
    394.45000    2.29291    0.04490    1.65617    0.07028
    400.21000    2.44547    0.04303    1.78379    0.06139
    407.56000    2.26423    0.06149    1.87780    0.04823
    413.26000    2.04083    0.03665    1.71964    0.02401
    419.81000    1.77757    0.05056    1.59455    0.03159
    425.22000    1.83292    0.04725    1.56613    0.05943
    430.23000    1.94461    0.05070    1.57893    0.04056
    437.97000    1.90219    0.04764    1.65590    0.04271
    445.76000    1.82580    0.05400    1.56794    0.05249
    452.98000    1.87691    0.05741    1.56248    0.05468
    459.55000    1.85156    0.04302    1.47944    0.05757
    464.99000    1.72949    0.03760    1.37329    0.05946
    471.27000    1.68881    0.03333    1.32677    0.03902
    477.03000    1.73470    0.08685    1.54462    0.07031
    484.63000    1.69924    0.05949    1.38684    0.04060
    735.33000    2.06389    0.06097    1.33693    0.05684
    741.83000    2.36133    0.04950    1.09252    0.04230
    746.88000    2.26379    0.06332    1.09557    0.03054
    753.99000    2.35458    0.03977    1.26752    0.05363
    761.11000    2.30266    0.04420    1.12154    0.05301
    767.88000    2.38710    0.06508    1.24324    0.05370
    773.61000    2.50613    0.09598    1.45729    0.04830
    779.07000    2.27945    0.04942    1.60599    0.04608
    784.15000    2.34689    0.05790    1.62696    0.06245
    790.70000    2.29554    0.05850    1.59498    0.03447
    797.77000    2.27537    0.04973    1.71611    0.02986
    804.31000    2.70370    0.08522    1.77600    0.04776
    811.04000    2.74318    0.06390    1.95523    0.05898
    816.81000    2.49747    0.05121    1.79219    0.05262
    821.97000    2.44600    0.02658    1.67594    0.06578
    828.05000    2.41626    0.05129    1.72153    0.03921
    834.54000    2.39256    0.05864    1.71865    0.03705
    841.17000    2.69748    0.06013    1.70719    0.06757
    847.14000    3.03359    0.04241    1.75110    0.05502
   1096.53000    3.37105    0.06031    2.05452    0.08919
   1102.54000    3.29530    0.05817    2.06844    0.04732
   1106.96000    3.06875    0.03728    2.23449    0.03833
   1114.49000    3.14194    0.07039    2.40835    0.07390
   1121.32000    3.16939    0.03642    2.17431    0.03536
   1127.02000    3.25980    0.06894    2.27463    0.04816
   1131.74000    3.33843    0.05370    2.30772    0.07299
   1137.78000    2.93020    0.05130    2.48457    0.04209
   1145.27000    3.13060    0.05299    2.26946    0.02445
   1151.39000    3.22801    0.03960    2.27693    0.07658
   1156.57000    2.66851    0.05143    2.31767    0.09163
   1161.45000    2.92486    0.04005    2.27361    0.05953
   1168.25000    2.58238    0.03775    2.23438    0.05356
   1173.53000    2.60770    0.05726    2.31533    0.06958
   1180.58000    2.52017    0.07260    2.09821    0.04779
   1185.84000    2.23581    0.06997    2.31813    0.04315
   1191.42000    2.62103    0.05999    2.19126    0.08627
   1197.69000    2.51562    0.05321    2.00700    0.05492
   1204.26000    2.60257    0.06717    1.97974    0.03137
   1208.83000    2.42302    0.03678    1.85146    0.04350
   1213.19000    2.31968    0.01821    1.89630    0.07325
   1460.14000    3.14944    0.05796    2.19575    0.07033
   1465.65000    3.15056    0.05868    2.18667    0.05670
   1471.81000    3.50625    0.04285    2.06169    0.09633
   1478.69000    3.51420    0.03886    2.11854    0.06225
   1484.12000    3.28975    0.05805    2.03640    0.04334
   1489.43000    3.24804    0.04176    2.18057    0.06885
   1495.72000    2.92176    0.06041    2.46689    0.05571
   1500.99000    3.17074    0.05372    2.08660    0.06485
   1508.14000    2.77546    0.07045    2.40301    0.07161
   1514.74000    2.87620    0.04713    2.52541    0.04492
   1520.40000    3.05112    0.02809    2.50538    0.05905
   1528.37000    3.44471    0.05554    2.29299    0.03698
   1533.99000    3.27888    0.07239    2.29247    0.07254
   1540.26000    3.32472    0.06951    2.09957    0.07738
   1546.89000    3.54421    0.05554    2.11920    0.05411
   1553.84000    3.60020    0.05635    2.00222    0.05463
   1561.20000    3.57032    0.06459    2.17353    0.03150
   1567.34000    3.46476    0.04836    2.39055    0.05194
   1574.22000    3.53134    0.04231    2.47299    0.03720
   1825.77000    2.68417    0.05086    1.62172    0.08523
   1832.09000    2.74522    0.04006    1.57474    0.04690
   1838.38000    2.74844    0.07784    1.49904    0.05145
   1844.26000    2.74705    0.05813    1.31786    0.09653
   1850.00000    3.08803    0.08157    1.46913    0.03872
   1855.81000    2.95068    0.06665    1.49802    0.01576
   1864.03000    2.76994    0.06851    1.83886    0.04080
   1870.37000    2.78250    0.05008    1.83830    0.04702
   1877.03000    3.12075    0.04135    2.04724    0.05704
   1885.54000    2.94448    0.02767    1.90923    0.06479
   1892.38000    3.10270    0.05545    1.98526    0.04823
   1898.76000    3.05354    0.06429    2.03132    0.05924
   1905.39000    3.37167    0.08479    2.01960    0.05169
   1911.72000    3.26446    0.02921    2.08360    0.06570
   1917.76000    3.37106    0.03604    2.22128    0.05423
   1922.23000    3.51273    0.06156    2.04935    0.05389
   1928.45000    3.51316    0.04726    2.28490    0.07491
   1935.09000    3.70199    0.08116    2.30632    0.04175
   1941.95000    3.59814    0.07010    2.24141    0.04738
   2191.55000    3.15467    0.05002    2.06233    0.02000
   2196.34000    3.02226    0.07022    2.11844    0.05583
   2202.25000    3.20131    0.04198    2.27648    0.03516
   2209.49000    3.31737    0.07945    2.45705    0.03787
   2216.01000    3.67401    0.06267    2.45672    0.08191
   2221.24000    3.61082    0.05495    2.19389    0.05656
   2226.55000    3.96887    0.04678    2.07995    0.05561
   2230.77000    3.69717    0.07903    2.20318    0.05297
   2235.85000    3.71344    0.06660    2.05071    0.05889
   2241.15000    3.63062    0.05141    2.11318    0.06892
   2247.69000    4.00145    0.10145    2.26917    0.07807
   2254.43000    3.63677    0.03864    2.35356    0.05464
   2259.50000    4.07375    0.09624    2.45992    0.04219
   2266.03000    3.98741    0.04191    2.77058    0.02256
   2272.27000    3.80699    0.04188    2.55321    0.07886
   2278.61000    3.27781    0.03554    2.52485    0.06480
   2284.76000    3.20866    0.07649    2.66582    0.07093
   2291.21000    3.19911    0.06346    2.51640    0.06438
   2295.80000    3.14246    0.07529    2.68285    0.06876
   2303.03000    3.63308    0.08815    2.59463    0.04511
   2308.12000    3.43886    0.03014    2.60988    0.04872
   2557.35000    2.00389    0.07188    1.15779    0.06112
   2564.27000    2.23398    0.05238    1.29789    0.04694
   2570.69000    2.00137    0.04176    1.34130    0.04639
   2577.50000    1.87603    0.07260    1.40165    0.06529
   2583.45000    1.87240    0.06499    1.42343    0.03043
   2588.36000    1.97132    0.02691    1.28159    0.04616
   2595.34000    1.79307    0.04513    1.52424    0.08142
   2599.28000    2.01207    0.04930    1.51985    0.06073
   2604.93000    1.87734    0.03341    1.49240    0.05843
   2613.20000    1.80326    0.05904    1.36017    0.02776
   2619.41000    1.86594    0.06817    1.32615    0.05411
   2626.19000    1.93236    0.05564    1.43164    0.04960
   2633.08000    1.95676    0.04783    1.32317    0.05935
   2640.24000    1.79568    0.03687    1.43577    0.05618
   2645.04000    2.00644    0.04153    1.25695    0.04234
   2650.39000    1.69210    0.06134    1.35546    0.05309
   2654.97000    1.69775    0.05107    1.15180    0.06093
   2661.20000    1.84142    0.03971    1.48914    0.05396
   2668.91000    1.81178    0.06962    1.44044    0.05306
   2921.66000    2.28993    0.05555    1.43841    0.08123
   2928.00000    2.31360    0.08083    1.47617    0.04876
   2933.07000    2.53706    0.06201    1.78911    0.07688
   2939.90000    2.84977    0.04653    1.62486    0.06970
   2945.14000    2.56972    0.05156    1.72505    0.06444
   2952.24000    2.47196    0.03792    1.72034    0.05585
   2956.71000    2.54095    0.04658    1.72903    0.09456
   2962.54000    2.86347    0.04050    1.53019    0.04870
   2968.17000    2.63213    0.05116    1.65021    0.04332
   2975.09000    2.33596    0.06202    1.75041    0.06749
   2981.80000    2.54239    0.04524    1.78025    0.06598
   2987.27000    2.55133    0.03543    1.71639    0.07233
   2993.82000    2.60304    0.05324    1.83153    0.04139
   2999.95000    2.32071    0.05142    1.95200    0.04792
   3005.22000    2.57982    0.06709    1.88421    0.04642
   3010.76000    2.68394    0.06746    1.90566    0.07397
   3016.29000    2.51856    0.07662    1.64562    0.04744
   3022.98000    2.48254    0.04555    1.70192    0.05163
   3029.19000    2.57211    0.05479    1.75578    0.05214
   3035.31000    2.55799    0.07655    1.71847    0.06445
   3287.38000    2.58019    0.04464    1.78008    0.05439
   3293.02000    2.71241    0.03439    1.78235    0.06797
   3298.74000    2.55838    0.05483    1.61023    0.04899
   3304.96000    2.25369    0.05758    1.33164    0.05821
   3310.78000    2.15241    0.06700    1.66753    0.05300
   3316.26000    2.25181    0.08508    1.56503    0.05914
   3321.55000    2.32781    0.03495    1.65886    0.03883
   3325.81000    2.29443    0.05550    1.74042    0.04584
   3332.07000    2.18395    0.05229    1.93597    0.08259
   3337.48000    2.34582    0.04517    1.91290    0.05566
   3342.63000    2.26925    0.04320    1.66221    0.06839
   3347.28000    2.09832    0.05029    1.69121    0.05116
   3353.11000    2.18573    0.01068    1.55564    0.03915
   3358.04000    2.26097    0.06511    1.64212    0.05644
   3365.37000    2.19245    0.04258    1.55563    0.06882
   3371.32000    2.12335    0.04020    1.50748    0.04659
   3376.96000    2.14659    0.06909    1.66586    0.05633
   3381.71000    2.29217    0.04904    1.60842    0.05939
   3388.68000    2.43447    0.06878    1.61699    0.08704
   3393.67000    2.37360    0.04059    1.51130    0.05618
   3398.09000    2.25829    0.05384    1.62856    0.04292
   3404.48000    2.24665    0.07510    1.67057    0.08502
