## Time Delay Challenge light curves
##
## [time]=days, [lc]=[err]=flux in nanomaggies
##
##       time       lc_A      err_A       lc_B      err_B
##-------------------------------------------------------
      6.43000    1.09537    0.03125    0.31657    0.05945
     11.09000    1.16582    0.05375    0.34350    0.07163
     16.41000    1.01737    0.05664    0.37748    0.07203
     22.39000    1.12959    0.06410    0.43510    0.06078
     29.34000    1.25101    0.06051    0.39464    0.02895
     34.62000    1.39644    0.03837    0.36526    0.04709
     39.86000    1.30833    0.05093    0.35699    0.05425
     45.95000    1.27916    0.05630    0.49044    0.05624
     50.56000    1.18277    0.05991    0.48643    0.04014
     57.09000    1.27848    0.06328    0.40444    0.03492
     63.96000    1.30901    0.03709    0.32678    0.04808
     69.63000    1.12323    0.07832    0.43806    0.07033
     75.07000    1.09037    0.06597    0.40068    0.04999
     82.21000    1.07980    0.07112    0.42440    0.04909
     88.48000    1.13127    0.06375    0.28048    0.07182
     93.72000    1.08536    0.02070    0.43716    0.04193
    100.21000    0.94667    0.06131    0.36261    0.08905
    107.39000    1.03741    0.04686    0.30429    0.02574
    112.63000    1.07751    0.02094    0.31167    0.04562
    118.52000    0.96123    0.06129    0.34142    0.05448
    365.31000    1.92134    0.05498    0.54087    0.04976
    371.51000    1.74393    0.04916    0.61793    0.04483
    377.80000    1.94866    0.05186    0.64531    0.06118
    383.17000    1.91506    0.04130    0.56480    0.06422
    388.39000    1.93098    0.04894    0.55964    0.05396
    393.16000    1.92173    0.01683    0.60951    0.05683
    397.75000    1.98918    0.03493    0.59178    0.06017
    403.94000    2.02866    0.04824    0.50929    0.05598
    411.17000    1.75318    0.06707    0.54590    0.05197
    416.19000    1.76836    0.04394    0.51209    0.06644
    421.57000    1.80380    0.02551    0.64481    0.07237
    427.78000    1.83866    0.04648    0.65835    0.02901
    433.25000    1.65526    0.09289    0.59454    0.03605
    440.08000    1.69886    0.07098    0.61504    0.05665
    447.19000    1.93631    0.05209    0.52879    0.05654
    452.34000    1.86841    0.05596    0.58422    0.05400
    458.23000    1.57466    0.05630    0.52835    0.03711
    463.90000    1.48146    0.05749    0.58270    0.04270
    467.89000    1.45951    0.05000    0.57690    0.03857
    474.06000    1.50274    0.06425    0.58696    0.06344
    480.89000    1.68144    0.03419    0.44462    0.05442
    732.78000    1.92661    0.05487    0.50373    0.02375
    737.97000    1.79222    0.04059    0.53278    0.06727
    742.97000    2.11502    0.01867    0.49158    0.06397
    750.55000    1.95675    0.02892    0.65819    0.05561
    757.80000    2.09178    0.02750    0.72352    0.06438
    765.77000    1.82773    0.05113    0.49849    0.07006
    772.31000    1.76652    0.07484    0.68240    0.03831
    777.61000    1.66764    0.06080    0.75692    0.04146
    784.08000    1.67170    0.03441    0.56989    0.02954
    789.46000    1.70634    0.05028    0.55489    0.04355
    794.76000    1.84610    0.06401    0.52471    0.03613
    800.51000    1.72657    0.05716    0.46958    0.03077
    807.25000    1.86275    0.04932    0.55976    0.05322
    813.93000    1.99287    0.04300    0.64074    0.06018
    819.51000    1.96053    0.07218    0.57966    0.05690
    825.09000    1.94870    0.06362    0.59504    0.03284
    830.97000    1.70588    0.07633    0.57905    0.06526
    838.54000    1.90029    0.07011    0.65181    0.05406
    843.80000    1.89780    0.06720    0.60318    0.06177
    849.39000    1.81008    0.01744    0.52618    0.06946
   1098.37000    2.04150    0.04624    0.62855    0.01882
   1103.99000    1.94667    0.05205    0.62599    0.04831
   1112.00000    1.91164    0.04393    0.62453    0.05639
   1118.65000    2.16003    0.02814    0.64078    0.06025
   1124.91000    1.79208    0.04903    0.70098    0.06843
   1130.72000    1.81835    0.06601    0.58162    0.01035
   1136.17000    1.80440    0.05869    0.59611    0.06655
   1142.38000    1.84987    0.06711    0.55093    0.04398
   1148.72000    1.75940    0.07030    0.48900    0.05393
   1155.28000    1.43652    0.05701    0.58953    0.04776
   1160.40000    1.61701    0.03582    0.56791    0.05065
   1167.99000    1.62091    0.06716    0.51336    0.03031
   1173.74000    1.66402    0.06804    0.54873    0.04427
   1179.05000    1.61768    0.07445    0.43121    0.03146
   1185.10000    1.76117    0.04957    0.51018    0.04135
   1190.29000    1.64374    0.09717    0.57288    0.07635
   1197.59000    1.80137    0.05709    0.45288    0.08055
   1203.66000    1.77848    0.06742    0.59728    0.05097
   1209.59000    1.77074    0.05054    0.53728    0.07944
   1462.81000    1.33923    0.05584    0.56382    0.04598
   1467.52000    1.26267    0.04531    0.56818    0.08171
   1472.58000    1.31305    0.06193    0.57297    0.06310
   1478.68000    1.53030    0.02927    0.48046    0.04298
   1484.25000    1.58586    0.05353    0.42357    0.05766
   1490.43000    1.57367    0.05726    0.46475    0.04923
   1496.40000    1.70761    0.06754    0.43447    0.03623
   1501.66000    1.48756    0.05839    0.58849    0.04913
   1506.98000    1.45736    0.07238    0.50494    0.04185
   1511.72000    1.47796    0.06764    0.47941    0.06599
   1518.90000    1.88932    0.06160    0.44277    0.06627
   1525.26000    1.71616    0.05925    0.56893    0.05797
   1531.42000    1.72538    0.06088    0.50268    0.05634
   1536.35000    1.45448    0.02490    0.56386    0.06327
   1541.39000    1.54648    0.05015    0.52287    0.04972
   1548.13000    1.51460    0.04554    0.56385    0.03987
   1556.17000    1.48403    0.03014    0.44198    0.01649
   1561.87000    1.56702    0.05984    0.42210    0.03722
   1566.76000    1.59236    0.03084    0.47758    0.05210
   1572.51000    1.62702    0.05891    0.45974    0.03708
   1577.66000    1.33340    0.03981    0.47384    0.05171
   1825.20000    1.80536    0.04618    0.51273    0.03890
   1830.51000    1.84376    0.05156    0.57973    0.02917
   1837.50000    1.89645    0.05097    0.61453    0.05455
   1844.77000    1.64743    0.06488    0.56594    0.06365
   1852.19000    1.78911    0.07599    0.55218    0.04451
   1859.26000    1.85919    0.03669    0.54385    0.04051
   1864.71000    1.97823    0.04830    0.57721    0.03318
   1870.45000    2.09018    0.03741    0.53490    0.07781
   1877.62000    1.86329    0.06792    0.50133    0.05820
   1882.99000    1.86645    0.03201    0.61000    0.04302
   1889.66000    1.66275    0.06144    0.59583    0.04990
   1893.94000    1.73386    0.07225    0.64792    0.07096
   1898.41000    1.83615    0.04393    0.60675    0.03777
   1905.25000    1.99271    0.07803    0.59633    0.03945
   1912.21000    1.88191    0.07043    0.62792    0.04657
   1917.58000    1.88338    0.04154    0.70102    0.07860
   1922.25000    1.58467    0.02158    0.72809    0.06383
   1928.07000    1.59487    0.03872    0.66661    0.03704
   1933.28000    1.36802    0.04631    0.53290    0.03576
   1938.55000    1.38129    0.07329    0.58735    0.06729
   1943.73000    1.55472    0.05985    0.53060    0.02385
   2191.12000    1.55880    0.02407    0.55931    0.02918
   2195.74000    1.60153    0.05645    0.50646    0.05599
   2201.18000    1.64193    0.05070    0.43850    0.05505
   2206.21000    1.80469    0.04478    0.59346    0.06481
   2211.46000    1.90450    0.05733    0.49299    0.01685
   2216.27000    1.75267    0.06954    0.36750    0.06571
   2223.00000    1.87450    0.06138    0.57326    0.04219
   2229.28000    1.78904    0.04399    0.53537    0.05956
   2235.82000    1.88364    0.06642    0.49604    0.05723
   2242.30000    1.68476    0.05283    0.52900    0.06321
   2248.99000    1.52059    0.05253    0.54950    0.03814
   2255.79000    1.46783    0.05764    0.52816    0.02267
   2264.31000    1.34385    0.05325    0.52276    0.05537
   2270.77000    1.33656    0.08657    0.43491    0.04814
   2277.17000    1.57631    0.03840    0.44643    0.03356
   2282.43000    1.50137    0.05819    0.48757    0.04335
   2287.62000    1.59464    0.05050    0.44403    0.02364
   2293.11000    1.68106    0.05659    0.41837    0.05894
   2298.53000    1.78081    0.06966    0.45273    0.06259
   2305.31000    1.45167    0.07573    0.54884    0.04524
   2556.10000    1.84823    0.04630    0.55280    0.03345
   2561.90000    1.96761    0.05844    0.37613    0.07319
   2566.28000    1.87210    0.04643    0.54159    0.07301
   2571.52000    1.63138    0.06886    0.63585    0.04850
   2579.98000    1.61273    0.05678    0.55807    0.05997
   2585.00000    1.46794    0.06253    0.64959    0.07417
   2591.74000    1.56048    0.06498    0.53071    0.04525
   2597.66000    1.52421    0.06619    0.39626    0.09062
   2604.04000    1.57945    0.03892    0.48727    0.03105
   2610.59000    1.40571    0.06480    0.42047    0.05404
   2616.15000    1.28681    0.03908    0.60282    0.06069
   2619.96000    1.18594    0.05167    0.47916    0.08741
   2626.41000    1.16724    0.03860    0.50071    0.04835
   2632.65000    1.13878    0.02573    0.39969    0.06570
   2638.63000    1.17209    0.04244    0.27003    0.06371
   2645.22000    1.27634    0.08149    0.44259    0.07926
   2651.19000    1.01292    0.03734    0.52338    0.06663
   2658.47000    1.11211    0.06938    0.27675    0.05160
   2664.49000    1.21496    0.07449    0.37694    0.07210
   2672.00000    1.27346    0.05853    0.36400    0.06588
   2923.14000    1.87327    0.07115    0.56139    0.04825
   2930.54000    1.62941    0.08524    0.42852    0.04881
   2936.22000    1.69939    0.04095    0.53104    0.05063
   2942.72000    1.70725    0.02852    0.55575    0.03618
   2949.14000    1.62980    0.03364    0.60391    0.05901
   2954.93000    1.77132    0.06285    0.50594    0.05134
   2960.73000    1.79239    0.02002    0.49141    0.06153
   2965.55000    1.81576    0.04274    0.44811    0.07990
   2972.04000    1.71261    0.04933    0.49801    0.04928
   2979.37000    1.61654    0.04499    0.45032    0.08712
   2984.55000    1.51636    0.05504    0.59389    0.06817
   2990.48000    1.57960    0.05835    0.61861    0.07090
   2998.37000    1.52022    0.05778    0.51639    0.02416
   3002.70000    1.56026    0.03499    0.56164    0.05281
   3008.34000    1.52541    0.06388    0.51931    0.05372
   3015.53000    1.60794    0.05515    0.48164    0.05094
   3023.12000    1.64530    0.06053    0.57979    0.05853
   3028.25000    1.75609    0.02807    0.47248    0.06480
   3034.41000    1.92590    0.05523    0.54817    0.06354
   3289.48000    1.26496    0.08222    0.60397    0.05130
   3296.47000    1.40120    0.04884    0.56912    0.02565
   3302.22000    1.53674    0.05551    0.46349    0.02556
   3306.53000    1.63241    0.09146    0.40217    0.04962
   3313.00000    1.47591    0.05531    0.49816    0.03820
   3317.89000    1.53672    0.03615    0.55884    0.07872
   3325.12000    1.39477    0.07195    0.46088    0.03188
   3331.82000    1.45203    0.06079    0.51125    0.04295
   3337.22000    1.50623    0.04178    0.48685    0.03719
   3340.93000    1.45018    0.06968    0.50209    0.05042
   3347.00000    1.47842    0.04408    0.36432    0.07079
   3354.17000    1.53637    0.05591    0.45307    0.04397
   3362.08000    1.31696    0.03631    0.55211    0.05515
   3367.40000    1.44145    0.05626    0.43772    0.05279
   3373.37000    1.39763    0.04553    0.46819    0.02743
   3378.44000    1.53384    0.07407    0.58029    0.04338
   3384.60000    1.47510    0.06481    0.42528    0.03990
   3389.81000    1.55605    0.06683    0.37396    0.05877
   3394.92000    1.48835    0.01587    0.46051    0.04513
   3399.03000    1.36769    0.03925    0.51881    0.07453
   3404.05000    1.34958    0.05925    0.42850    0.05697
